37.28290091082454
35.52122653461993
35.23151636123657
33.773205233737826
32.25324299186468
31.420129800215364
31.30261087976396
30.453847594559193
30.210323115810752
29.03929332830012
27.849405881017447
27.599570509046316
27.093319974839687
26.863192880526185
26.161590792238712
25.78548110462725
25.67249008268118
25.61672360636294
24.840308636426926
24.09574075601995
24.394498370587826
24.132681135088205
24.20943335816264
23.072797210887074
23.494529532268643
23.460712926462293
23.035498106852174
22.38934776932001
21.972407039254904
21.632741371169686
20.995244873687625
21.112682761624455
21.04567539319396
20.24585808441043
20.253239622339606
19.64631382189691
20.170561151579022
19.9497972112149
21.13941204175353
19.019927337765694
19.172115912660956
21.66730785369873
18.868676936253905
17.70479772426188
18.410580318421125
18.102607725188136
18.951039787381887
18.125402929261327
18.090656273066998
17.972564294934273
18.769200822338462
17.60326780937612
17.471044179983437
17.923650117591023
17.934759935364127
17.232534009963274
17.234854987822473
17.55812411569059
17.07872434705496
17.271770829334855
17.782294480130076
17.23125955183059
16.461857286281884
17.15147654339671
16.93874726165086
16.76234899275005
16.59986174106598
16.44294637069106
15.844735499471426
16.176074652932584
16.47249167598784
16.538319125771523
16.73590424284339
16.29416385293007
16.732915148139
15.891763950698078
16.998065010644495
15.852744276635349
15.92106275819242
16.124702041968703
16.12917274236679
15.277930147014558
15.540908134542406
16.39128005132079
15.603976152837276
15.150967275723815
16.42241103760898
15.224282485432923
15.74741358216852
16.03648649714887
15.556142437271774
15.399235495366156
15.360432068817317
14.52579706441611
14.506784418597817
14.266196752898395
14.838263729587197
14.510577324777842
14.861609515734017
14.985967017710209
14.937889875844121
14.994639505632222
14.95294950157404
14.327736688777804
14.983262745663524
14.514474163763225
14.886820333078504
14.335200485773385
14.922957127913833
13.93569917511195
15.359450640156865
15.348709709011018
16.2764379857108
15.095504893921316
17.009800045751035
14.898304538801312
14.050471126101911
16.434622117318213
14.609284433536232
16.862593688070774
16.00508570112288
14.086459454149008
14.865247771143913
13.782855716533959
14.946345615200698
14.049408924765885
14.050719123333693
14.465486492961645
13.97623650263995
14.545087775215507
14.065173968672752
13.64054420683533
14.236735663376749
14.583092582412064
14.153318422846496
14.302854707464576
14.197848244570196
13.949944139458239
14.049832224845886
14.69428414478898
14.009412611834705
14.496023507788777
14.67902266047895
14.703918121755123
14.642014631070197
14.452301132492721
14.83034900855273
14.26029517967254
14.511896988376975
15.063005450181663
14.249237762764096
14.487715479917824
14.044237890280783
14.057385818101466
13.715466096065938
14.349033359438181
14.41926696151495
14.202982244081795
14.186277032829821
13.951492151245475
14.550069583579898
13.65098612383008
13.794145167805254
13.93047631252557
13.60526332911104
14.08911901526153
13.667545665055513
13.241798233240843
14.361226925626397
13.285610069520772
13.333724143914878
13.68151141796261
13.437865991145372
14.302984273061156
13.458861029706895
13.397164778783917
14.05327817518264
13.829449255019426
14.19043016154319
13.657173035666347
14.320641692727804
14.559846908785403
14.084516821429133
14.033463314175606
13.839015064761043
14.453996154479682
13.824791480787098
13.739856041036546
13.641248324885964
13.64813349954784
14.267258556559682
13.854859065264463
16.249714417383075
15.017011283896863
13.668822237290442
14.540546708740294
13.28811562154442
13.472123203799129
14.10822984855622
14.923454449512064
13.597121271304786
15.841487544588745
14.958388473838568
15.325711484998465
15.591959369368851
13.940573796629906
16.704808936454356
14.257153096608818
17.371212150901556
17.92470333352685
18.85238437820226
12.889501356519759
17.4547986285761
18.114278114400804
18.31760430149734
19.21728120651096
18.98801100999117
18.38969893939793
13.80335437040776
15.670859372243285
18.04878598637879
18.550901320762932
17.286439968273044
16.386754729785025
17.99141788482666
16.62581880018115
16.48581430874765
16.291092733852565
16.89332944061607
13.04087721183896
16.010643551126122
15.081090743653476
13.227543016895652
14.517255201935768
14.067989374510944
13.728416816331446
16.230538594536483
14.34560164436698
12.844726516865194
13.278240437619388
14.746814995072782
13.87891296390444
12.930719871073961
15.57083785533905
15.47062785923481
15.443001738749444
14.983324313536286
14.531340289860964
14.776608200743794
14.644459397532046
14.6896349536255
14.256207031197846
15.347409628331661
15.120154433883727
14.571018492802978
14.765230382792652
14.731622311286628
14.668277444317937
13.557349864393473
16.894344799220562
14.30586513131857
17.162304581142962
14.86622465774417
16.279349165968597
14.281659183092415
14.543608523905277
14.177550510503352
15.681164436042309
14.574130749329925
15.61338319722563
13.901696167886257
15.59952815528959
15.26869638171047
15.227391319349408
15.194165377877653
14.5759008647874
15.305584887973964
14.765978490933776
14.704158316366374
14.84705559629947
17.10426185000688
14.148534799925983
13.85577221494168
13.391045523807406
13.344478727318347
13.010018860921264
13.048301980830729
13.933154547587037
13.257896879687905
12.993832661770284
13.729738706722856
14.210135616362095
14.070754911750555
14.643494803458452
14.047124657779932
14.38111521024257
12.918291088193655
14.012214060872793
14.04811966046691
13.277545442804694
13.031777035444975
13.19293799623847
12.811541638337076
12.49365331698209
13.418734555132687
13.800864744000137
13.272393366321921
14.093891841359437
13.646035020239651
13.41493274923414
13.660421828739345
13.56175475474447
13.217768017202616
13.849458686076105
13.351314048282802
13.88203136716038
12.593961062841117
12.846052307635546
13.443822771310806
13.634077987633646
13.431959060952067
14.160715158097446
14.068924779072404
13.078983202576637
13.09102462977171
12.869738300330937
12.84967425558716
13.686722247861326
14.18947288673371
13.66313988994807
12.962002982385457
12.970247516408563
12.441619452089071
13.059823081828654
12.841017388738692
13.030824130401015
13.885886985808611
14.347231426276267
13.806995467282832
14.238892911933362
13.879537495784461
13.902032474055886
14.250199535861611
13.976714711636305
13.866389961913228
14.106670273467898
13.787118777632713
13.897785598412156
14.404727225191891
14.764864367432892
13.770929250866175
12.930882189422846
13.324287325143814
14.160259030759335
13.776078172959387
12.911203576251864
13.241117562167346
14.97283900436014
14.185293161310256
14.019969139248133
14.274817150086164
14.08611339237541
14.713407666422427
13.142731007188559
13.180104160681367
14.091764034703374
15.093440547585487
14.415837383829057
15.111629370599985
14.151327243074775
14.198637783527374
14.349683985114098
14.370091890916228
14.368887698277831
14.464818513952196
14.541167602874339
14.885890004225075
14.472520956769586
14.44734369777143
14.324501844123006
14.369264856912196
14.210936698131263
15.099095248617232
14.684233124367893
15.326102601364255
14.428955018520355
14.391782604157925
14.546203015372157
15.419278712011874
13.796583094634116
13.68307582475245
13.902266676537693
13.067399275489151
14.253909420222044
15.041043003089726
15.54985054768622
14.748427726328373
14.591857044957578
14.840798949822783
13.296160714700818
13.325557135976851
12.99235515948385
13.57920310087502
13.73978671990335
13.990845276974142
14.604406025260687
14.130039043724537
14.035031398758292
14.74830611795187
14.01995787769556
13.76383951306343
14.062905067577958
14.069547629915178
14.029400979168713
13.873885835520923
14.058660134673119
15.32512341067195
14.214627807959914
13.962725667282939
13.068342081271112
13.886761300265789
13.126316413283348
13.963275781832635
13.599859926849604
14.449883644469082
14.905626279301941
14.480975797399879
13.033087101764977
14.378344521857798
15.387814250774682
14.419938324950635
14.770768915303051
14.268325180746615
13.896242612972856
14.227880687452853
14.325468767434359
12.86939368210733
14.527376968413591
14.03268093150109
14.468113791197538
14.083746966905892
12.821211993694305
15.098132059909403
13.718828892335296
13.74757341016084
13.287651448510587
13.79669298324734
13.750325146131217
13.725222780369222
13.825639382004738
13.557912966236472
13.764544772915542
13.58428091276437
13.51228450704366
13.832585246302187
12.761447138153017
13.533912752754986
14.204671706072986
13.645730765536427
13.857115060091019
13.39767090510577
12.981255396269262
12.15447797998786
13.026877731084824
13.729745945893228
13.195209953933954
12.376180526800454
12.528055230155587
13.703181954100728
12.5534194028005
14.217438814230263
13.30739857442677
12.502015802077949
11.902092667296529
12.051154640503228
13.757905369624496
13.319620264694095
12.331943090073764
12.857455563731492
13.92520643118769
12.29734658729285
13.599674469791353
12.739304276183248
13.466608264483511
12.254020376130939
13.004132904112339
12.341702556237578
12.361459088511765
11.979168178513646
12.17660687211901
11.89128183759749
12.556023638695478
13.42505388520658
13.101805513724685
13.529798378236592
12.90825620200485
13.701158420182765
14.303512222133577
13.352252373471856
12.798292314633727
13.346352471970022
12.86024572700262
13.030146480537951
13.492401270195842
13.411158692091703
12.663374445401132
13.52406795695424
12.835634617134929
13.374712803401053
13.717509217560291
14.009824173524976
13.872429471462965
13.460352457128465
13.905148100107908
12.932160328142345
12.008021245710552
12.769885862246156
12.958266444504261
13.349235154688358
12.624698073603213
12.828904985450208
12.868562469258904
12.965316075831652
13.172874588519335
12.832452315837145
12.235723937861621
12.410253669135273
12.11786094866693
11.689564527012408
12.062787637114525
12.039298261515796
12.492518306709826
12.942541376687586
12.344524720683694
12.729137167334557
12.178603763692081
13.96933130081743
12.308685147203505
14.318824387155473
14.660273527726531
14.539456794969738
14.32102784793824
14.650742262601852
14.53845451399684
14.435473187826574
12.472554513253272
11.698430005460978
12.187236677855253
12.985422452911735
12.663893605582416
13.917950858362019
12.765118489041924
13.075649271719158
12.425686900503933
14.366375186480582
14.766879867762327
15.982594241388142
15.164142672903836
16.578338130377233
15.016408286057413
14.667093239724636
15.794637226499617
12.594513284042478
14.815156792290509
14.678821527399123
15.701095096766949
16.191932345740497
16.09474152792245
16.509463276714087
14.461608663201332
15.294781407341361
13.03839946910739
16.743109822273254
16.14099812414497
16.30397173948586
17.100971553474665
15.933419794775546
17.616354119963944
17.873574709519744
16.54662572965026
16.16019141022116
16.200823126360774
15.629047638736665
15.621080971322954
16.282141148112714
15.170320833101869
14.843238055706024
15.997448607347906
13.788706728257239
13.913192284293473
12.832907057367265
13.563191505149007
13.775596177205443
13.069842119701207
12.873029614798725
13.783811277709901
13.86281557008624
13.031260102055967
12.022486350499094
13.174423323944211
13.772985648363829
13.565891768783331
13.415381429716945
13.637690688483417
13.009365965612233
12.752266155555844
14.030448575504124
14.369911205023527
14.352547229267657
13.41617151722312
13.186083303764462
13.341801946982741
12.626987451687455
12.681342472322285
13.309920638799667
11.748895678669214
13.174600979313254
13.14312801323831
13.651207212358713
13.492485210299492
13.243798724375665
13.880973796360195
13.694545395672321
13.862547654658556
13.824620854109526
13.654489189386368
13.900734069757164
13.278997904621065
13.280843380838633
12.518637479282916
12.914956289343536
12.737806359305978
13.00623133033514
12.885352242738008
13.934423045255244
12.858405902050436
11.72471088822931
12.296449968591332
12.150033466517925
12.27875503897667
12.96519345510751
12.997179098427296
12.42686075810343
13.481721380725503
13.55629955418408
12.32271692994982
12.703001892194152
13.909443380311131
13.601602134294808
14.213746038265526
13.6484683919698
13.307089742273092
13.380386817269027
14.102005247026682
14.171776973642409
13.230918276123703
13.742060698568821
13.164627591148019
13.47124376706779
13.763803444802761
13.772340776398778
14.275046473369002
13.637188303284347
13.025773304514587
13.222441611811519
12.742522883228958
12.559989505447447
13.175987407565117
12.796650434844196
12.653417957015336
12.562719410285354
13.76375351473689
13.441436436027288
13.512656797654927
12.153432778082788
13.66579423379153
13.35059414897114
13.4677167320624
11.928706270642579
12.778882777318358
12.109558154828846
12.271397605538368
12.990661328658462
12.13671612739563
13.992627682164311
11.97386665083468
14.705287711694837
11.214450910687447
14.471372495405376
14.288741671480238
13.242751351557672
13.5487567987293
13.630485257133842
13.741095433011651
15.488693755120039
13.339527086354792
13.23566204123199
12.64347876701504
15.435781743377447
13.167024988681078
13.929259925149381
14.08312173280865
13.331339813768864
11.942068892531097
13.7086016330868
13.222132561728358
14.090700491331518
14.092156977392733
12.39157878793776
14.176430696621537
15.205969730392098
15.406399552710354
15.326691423542798
15.315290459431708
15.60877819918096
12.607759882695973
14.417211724445224
12.911322969943285
12.62858270201832
13.257528589107096
12.08532883785665
12.813058908097446
13.085025121457875
13.487119033001363
12.160337978973985
11.745320865884423
13.002483646385372
12.46997562982142
11.642012198455632
12.080799283459783
12.073953988961875
12.59243386797607
12.190536987036467
13.164962789975107
12.749331517145038
11.926199724897742
11.393579971045256
10.983775434084237
11.397127353586257
12.008867626078427
11.77008474804461
11.99891955126077
12.131213514134288
12.925374987535179
12.60141484439373
14.363810706883669
13.196513761766255
12.843950046226382
12.657363166101277
11.974679695442319
12.039717542007565
12.275083330459893
11.28931481949985
11.466057539917529
12.36876131221652
11.859742959961295
12.158314989879727
11.758490040898323
11.916257138364017
11.87000573426485
12.42791466601193
12.532748943194747
12.226715338416398
12.710324425250292
11.983962977305055
12.272028841078281
11.678947888314724
11.740561206825078
12.122783889994025
11.330507995560765
12.01801358629018
11.607172059826553
13.042910600081086
13.475507249124348
12.061413210816681
13.337490710429847
12.360316553153098
13.892639657482505
13.977746873162687
13.677615172229707
13.630694629624486
13.83709434978664
13.453284756280482
14.860756738111377
13.471710380166769
12.33229324221611
12.029425517655909
11.717227050103247
12.7034706575796
13.099504861049354
13.407641502097249
13.323443445377052
12.587666136212647
12.582188665866852
12.93204640969634
13.60122670698911
13.180009342730045
13.445164031349123
12.776275769807398
12.007340162992477
11.518101394176483
12.476008594036102
12.119823059998453
12.115095772780478
12.252688183449209
12.412774568423629
13.761477312073112
12.819138393737376
12.523835586383939
11.874437486752868
13.520119860768318
13.938804213888943
12.389495868235826
14.483488697558641
13.222733791917562
12.993495300412178
13.281031586229801
13.973121928051114
14.613256148062646
12.423700170591474
11.959632642567158
11.851160400547087
12.686101445928216
13.760038942098618
12.344711490906775
12.837467017583549
12.434990496374667
12.803478140383959
12.811583830043674
12.985761462710798
13.007230134680867
13.180934278294444
13.346815697848797
12.89705905597657
13.745162324048579
13.65596228837967
12.163727170787752
12.950396849773824
12.786926865577698
12.68837111350149
12.115248084999621
12.353533450514078
12.61664854362607
12.95312143303454
13.866809042170644
13.249508634209633
13.794382921420038
13.393099264241755
13.305843953974545
14.142391831614077
12.22709587123245
12.781715831719339
13.160342395305634
11.842274067923427
12.912820619530976
13.281061680056155
13.2394784912467
13.797739807516336
14.173350435681641
12.793091114610434
12.806782769039273
12.283761644735932
12.209304632619023
12.265775541774929
12.454793697223067
12.826219961978495
13.002738551236689
12.538768568076193
13.373057195916772
12.100594737567008
12.986768833361566
12.81033691111952
12.95507431216538
12.941971332766116
12.843689817935228
12.121043533086777
12.206209477968514
13.281876129098237
13.560751196928322
14.112044383771718
13.765237153507769
13.668392952531576
13.280271155759692
12.760418036952615
13.349302143789828
12.67602498549968
13.480375871062279
13.763555730693042
12.809889546595514
14.070918784476817
12.539258264005184
13.001709345728159
13.601985891349614
13.335452458821237
14.550641804933548
13.035880494862795
12.625771412625909
13.499360288493335
13.384253970347345
13.094839101657271
12.923271012492478
11.971625205129385
12.659510288387537
12.611196207813919
12.731925941072404
13.549693237990141
12.829846074804664
11.916297893971205
12.824519337154925
11.969249143265188
13.57120363600552
13.77140774577856
11.817718282341957
12.898635395802557
12.813628798350692
13.789313724264503
14.750391125679016
14.669443435966969
14.442763600498438
14.146937713958323
14.677211103960872
14.909323387779295
14.661964675411582
15.005508437752724
14.286771031096578
16.742133669555187
15.426067305728793
14.970556449145079
13.27681862656027
17.221011893823743
12.873703605495393
18.90748520474881
16.762176083400846
17.21099047921598
17.555071817710996
17.153888729400933
16.952402705326676
13.918375773355365
14.24229395762086
13.988755096681416
12.52635994553566
14.312258874997497
13.75814213603735
14.96825394127518
13.873463517986238
14.106896352954209
13.131241942755878
12.60948033630848
12.812328830361366
13.064261812716722
13.47017881181091
12.36987931188196
13.418601110577583
13.464715827256441
12.930907551199198
13.761463644914329
13.238190349191427
13.886393738910556
14.068704093806446
13.208849974907935
14.3232595436275
13.0753931440413
12.207249289378524
12.635471377521753
13.237283133901656
12.853856371715665
12.198209066875279
12.118890451267362
12.585135160014033
12.04796251654625
14.926087171770632
15.813699543476105
16.461080772802234
14.988756224513054
14.243308995850384
15.347655369900167
14.856218254193664
15.00924645550549
13.554812097921968
15.500091452151537
15.215724016539752
15.37904275674373
15.842364255338907
15.037969650700688
14.709278363734484
15.776834380812943
15.093496059067547
15.187614197842777
14.519380290992558
15.184947226196527
14.134651108644903
14.53760775923729
13.875779335387051
12.759608183056116
12.791523025371134
13.420920167118311
13.038539678789675
13.584230387583375
13.518223855644464
14.495627198368311
13.658461810089648
12.69071729388088
13.412901660427451
13.286941779777408
12.934716052375734
11.774038525298238
12.643612071871758
12.281895304098725
12.327121932990849
12.777072766795754
13.564915973693132
13.688766159117222
12.8375733634457
14.053936139680445
14.836118716746569
12.513214972801507
14.987318621017039
15.151723884046078
14.953913361765444
16.547890443354845
15.295122029259801
15.322645340114832
14.507640394382179
15.620947234332561
15.810640849173069
13.376981860026717
15.462120255455375
12.049869697540998
15.758088694885373
15.766912501305342
13.039398128166795
13.534885462373495
14.197932698763907
12.772355124354362
12.379779431968927
15.381328240036964
14.306317170150578
15.206311022862792
15.033758434467018
14.725592465139925
14.009185683913529
15.020620540715754
14.81398385670036
15.170457099564373
15.01406220253557
15.273636376485229
13.773203874006867
13.426526215858757
12.968155588954687
12.889103589579463
13.141497236676514
14.113257301039994
13.563628563657403
14.336153585463762
13.80844796448946
12.999107265844941
14.348206571303308
12.727356826886535
12.509731261990964
12.96797308139503
12.708876656368375
12.06609992403537
12.129688178189099
12.620447410270572
12.012989816255867
12.31287233531475
12.326437106356025
12.363698951900005
12.041598022915423
13.395096029154956
12.083048762753606
12.655146130360663
12.857648694887757
14.160988885909319
13.693535584956408
13.935534824617207
13.52846796810627
13.922200921922922
13.481444428674877
13.819900898262858
12.749485014006495
13.091165540739894
12.928423451259732
13.654241029173136
13.563771897926927
12.445784178562462
13.2283068113029
13.055011318996549
13.501956755295396
12.871799156069756
13.47655998263508
13.294314311817288
12.864056469872594
14.303041663952172
12.173718147911131
13.444578401744366
11.881358190439641
11.95944791752845
12.312162700109184
11.621427872218192
11.939667759463191
12.710856281220913
12.561047797091305
11.690227687358856
11.9899458354339
11.549363676458597
11.740937135182321
12.286360306665301
11.657616327516735
12.014932877384126
11.952062211930752
12.295322601683438
12.74829355161637
11.662545781582594
11.88004924543202
12.261497324332595
12.288549706339836
12.525693098083138
12.898106403648853
12.931537356227636
12.225581280887127
12.065053915604949
12.27843102067709
12.305770676583052
12.038844598457217
13.541387206874788
13.388983748853207
13.227048529312015
13.75891042407602
13.834711897186935
13.194078715518117
12.576590456999838
14.062623474746943
13.51757252868265
13.299378318712115
13.926046520471573
13.984974153339863
13.250580518506467
13.055233916267753
12.319083687849343
13.160753482952714
13.67989594116807
13.209943591617048
12.486560020595789
12.035809012129903
13.259282045066357
12.968355184420943
13.317240688949823
13.843106725253165
12.620915618725121
11.749479891732335
12.646729134954512
13.088821666315198
12.853306422941387
13.214726804755628
13.07443608250469
13.004486447200179
13.023221123032272
12.122465833090246
13.058746692724526
13.487257775850594
13.077298910357058
13.347441168501973
13.212247014977038
14.365314406342804
14.064580858685076
13.765868744812906
14.974897556006908
14.141897013410926
13.701917637139559
14.069209886714816
14.92111236229539
13.49124919809401
14.232040411792696
13.809127348475158
12.499882475472987
13.330497669056058
13.863614600151777
14.44590409193188
13.338660631328821
14.469431509263813
14.081129156984389
14.270230315625668
13.860218524932861
12.68667131382972
13.180967670865357
12.427344132214785
13.253443468362093
12.830900414846838
14.422100537456572
14.268129417672753
13.871909970417619
16.05822056904435
16.021797539666295
14.043486569076777
15.438476108945906
15.524386099539697
15.967199449427426
15.79608740657568
15.611712168902159
14.833103811368346
13.9999038586393
15.246549116447568
15.46836457028985
14.159473646432161
14.044076560996473
13.90806048270315
13.933795563876629
16.88512916211039
15.12860379833728
17.400779518298805
14.095255637541413
12.720613175071776
14.235849780030549
13.280484828166664
13.057814927771688
12.417614766396582
12.854229647666216
12.563390981405973
13.173342956230044
13.576262077316642
13.720310995355248
13.32033499982208
12.924702564254403
13.88984069507569
13.753222119994462
13.628593441098928
14.244499186053872
14.185717580839992
13.571228973567486
14.75377341452986
13.563133979216218
14.829510206356645
13.967941999435425
14.781798330135643
15.010287387296557
13.83561208192259
13.253775131888688
14.121125005185604
12.234569422900677
12.182812199927866
12.407010098919272
12.128424025140703
12.365762336179614
12.003894020803273
13.946130381897092
13.356168016791344
13.814551101997495
14.293759639374912
14.159869858063757
13.91592241730541
14.179150677286088
13.342250285670161
14.649859013035893
13.797179062850773
13.35881376452744
12.417368748225272
12.869125840254128
12.89873403776437
13.922586328350008
12.395097058266401
12.210488731972873
13.458458660170436
12.221773480065167
13.082480236887932
12.938782135024667
13.249196354299784
13.43948027677834
14.016601367853582
13.166254561394453
12.733695587143302
13.675808385945857
13.514496670104563
13.227784680202603
14.203022481873631
14.10472899954766
13.343075199984014
13.542418229393661
13.668966263532639
12.8985864399001
12.530774367041886
12.860021428205073
12.829443648457527
12.20879297144711
11.389885763637722
11.015152883715928
11.517049197107553
11.637212761677802
12.028247414156795
12.26434008218348
12.012293194420636
12.545325856655836
12.62906632758677
12.546452092006803
12.812178643420339
12.15708090364933
11.568815939128399
11.754509788006544
12.16475264634937
12.116852060891688
13.142320833168924
12.261574959382415
12.690819084644318
11.31842986959964
11.681313686072826
11.908691480755806
11.729908654466271
12.515532341785729
12.161895036697388
12.654640359804034
12.38726122211665
11.88675054628402
13.90987351629883
13.820086324587464
12.795862252824008
13.851700050756335
14.867166995070875
13.997042505070567
13.239143858663738
12.97415840998292
11.697688583284616
12.504837663844228
12.929342984221876
12.607202938757837
13.243699809536338
12.61762878112495
11.929535479284823
11.939694771543145
14.026732451282442
11.976940898224711
11.85605197865516
13.113853978924453
12.876635553315282
12.000760692171752
12.965342929586768
11.922905676066875
12.958271382376552
12.972182385623455
12.322819841094315
14.205127919092774
13.610660222359002
14.204608101397753
13.133467599749565
13.361153982579708
12.497327716089785
12.5806431658566
13.716167899779975
12.424929258413613
13.094999237917364
12.816232050769031
12.227926271036267
12.650490827858448
12.475269707851112
12.957465999759734
12.587730090133846
12.238271247595549
13.089127127081156
13.440435073338449
11.364437437616289
12.649400913156569
12.944201664067805
13.253177853301167
12.956874179653823
12.991328934207559
13.763665520586073
12.245071885176003
13.037932937964797
13.257461063563824
11.562216391786933
11.380529329180717
12.414162135683
11.69104503467679
13.691582008264959
12.135190000757575
12.161497296765447
12.41075472254306
12.043715234845877
13.676392166875303
12.676353516057134
13.786732933484018
13.793237489648163
12.094407130032778
12.133219666779041
13.422572412528098
13.468507106415927
13.618891616351902
12.267542430199683
13.228076007217169
14.071993965655565
13.823328552767634
14.158572668209672
15.705100117251277
15.223656063899398
13.51202872209251
13.523289004340768
12.303112518973649
13.19476140383631
11.642063238658011
11.900457975454628
12.155301442369819
12.211442051455379
13.23912139609456
13.137912510894239
12.020353784784675
12.452538954094052
12.625535714440048
12.618733729235828
13.218051012605429
13.22860415186733
13.162285818718374
12.645118247717619
13.574452822096646
13.456677665002644
14.117518709041178
12.126595431938767
12.723506208509207
12.854717500507832
12.816845051012933
12.605099936947227
13.538938978686929
13.565491890534759
14.247462313622236
13.153972251340747
12.623080440796912
12.200538734905422
11.950785018503666
11.715352143160999
12.157109020277858
11.320823058485985
12.58855475205928
12.105811317451298
12.985823219642043
12.708865272812545
12.42517207749188
11.524921325966716
12.186420201323926
11.87493940629065
12.81880050431937
12.34633851237595
12.910719668492675
12.893628349527717
12.864734517410398
14.584556102752686
14.115807799622416
13.939365125261247
14.010422382503748
14.104276236146688
13.526635663583875
13.816994315944612
13.772239445708692
13.550075452774763
12.659409149549901
12.963847950100899
12.866598818451166
12.861762223765254
11.783035920932889
12.592417812906206
12.904428772628307
12.918120201677084
12.66076485067606
12.440811002627015
12.48441226221621
13.006329155527055
12.57447977270931
12.003356114029884
11.73182081989944
12.193493638187647
12.357229147106409
12.290766914375126
12.953806262463331
12.790750851854682
12.062590941786766
13.598334611393511
12.932461149990559
12.827235162258148
14.297857269644737
13.962491903454065
13.699263226240873
13.755382351577282
13.45847792364657
14.124737896956503
14.450412356294692
13.39774427190423
14.671908515505493
14.214597323909402
12.655926966108382
13.321502395905554
13.093426616862416
12.606119536794722
13.269988198764622
12.616639400832355
13.64423041138798
13.269514568150043
14.819934112019837
14.139516276307404
14.142484785057604
13.745566851459444
13.911754393950105
14.341181602329016
12.438546166755259
12.241445084102452
12.120181544683874
12.53505154978484
12.777140545658767
12.710036061704159
12.863450014963746
12.840348847210407
12.319176225923002
13.063217301853001
12.870614810846746
12.605799506418407
11.80810034647584
12.502540388144553
10.937900296412408
12.06756585277617
12.807189341634512
12.969757569022477
13.148517586290836
13.43651982024312
12.270266058854759
13.925660682842135
13.366243553347886
11.906392699107528
14.506145657971501
13.566665042191744
14.95151923596859
14.030919560231268
14.114763794466853
15.19781519472599
14.643884303048253
14.52868202328682
14.3931177938357
14.857392655685544
13.72278633993119
15.126432739198208
16.980130463838577
15.965497862547636
15.893647351302207
17.49554530531168
16.777569061145186
15.79948240891099
16.139561587944627
15.461995705962181
15.616222102195024
15.311866238713264
15.356766133569181
15.721732263453305
14.860978778451681
14.10716719739139
13.4169887797907
13.861365583725274
14.687107665464282
13.579403110779822
13.633803844451904
13.296860817819834
12.17265665344894
13.240999632515013
13.940720020793378
13.681633424945176
13.318584814667702
13.278043583035469
12.376525469124317
13.208339572884142
12.98226149007678
12.436791464686394
11.721081307157874
12.308040131814778
13.785485867410898
13.465288285166025
13.414040709845722
12.38572365231812
12.000469854101539
12.748776325024664
12.746814107522368
12.448882568627596
13.64694868400693
12.476185427047312
13.39162147976458
13.537091797217727
12.85356998629868
11.946767556481063
12.110497107729316
12.793566839769483
13.295349994674325
12.942043439485133
13.393390011042356
13.358710555359721
13.925254384055734
14.177397969178855
13.100682481192052
13.160386470146477
12.24988587666303
12.62675503641367
12.66455440595746
13.350327862426639
11.830564389005303
12.890218524262309
11.404865617863834
13.250105609185994
12.850368280895054
11.11626856867224
12.515532993711531
12.712494548410177
11.984517309814692
11.232776953838766
11.593934705480933
11.140458705835044
11.418078851886094
11.807106576859951
12.41988065186888
12.556117609143257
12.341512581333518
13.182049390859902
13.027075490914285
13.723217062652111
13.080815098248422
12.259442748501897
14.291454748250544
14.427034454420209
12.459397631697357
13.733617838472128
12.058995890431106
14.074328869581223
14.161766809411347
13.75428057461977
14.928221236914396
13.800873138010502
14.45279486849904
15.278721131384373
14.69729508087039
12.692837871611118
12.487318959087133
12.606549031101167
11.767314960248768
11.023023097775877
11.466747222468257
12.025240095332265
12.528726250864565
12.603909107856452
13.02566173672676
12.810977633111179
13.668805706314743
13.008966910652816
13.534626028500497
12.406333095394075
11.613863893784583
11.522874445654452
12.237636214122176
12.590663568116724
12.644544553942978
12.458795703947544
13.153443191200495
12.692997536621988
13.48575591482222
12.83035918045789
12.875696925446391
13.536267598159611
13.599628782831132
12.985812172293663
12.637786387465894
11.448106209747493
12.667325184680521
12.82460119202733
12.918750596232712
12.631130775436759
12.079121160320938
13.16426920518279
13.115815272554755
13.198540074750781
13.556509990245104
14.52366946823895
13.670631640590727
13.313259822316468
14.252689179964364
14.444976111873984
13.86219775956124
13.882173026911914
13.39346816856414
12.764615004882216
13.249152509495616
13.313101969659328
12.430422847159207
13.239912904798985
12.787437102757394
13.495183111168444
13.286349717527628
13.697754087857902
12.449088617227972
12.406292269937694
12.296053261496127
12.528367665596306
13.370594497770071
12.486356280744076
13.943963293917477
13.05943507514894
13.073520069010556
12.91706911008805
13.186964895576239
13.469587294384837
12.868857881985605
12.608318042941391
13.101629528217018
12.472640082240105
12.890306577086449
12.757331861183047
11.728753878735006
12.32139765843749
13.158858879469335
11.942976824007928
11.644352728500962
11.86800482030958
11.4688531877473
12.044939087703824
12.327205752953887
12.17422267794609
11.585682674311101
12.042747758328915
11.440081770531833
12.071767542511225
12.577086202800274
13.144916877150536
12.84533700440079
13.069786209613085
12.462751735001802
12.699059376493096
13.172609160654247
12.394671854563057
13.179934589192271
12.382605807855725
12.860825733281672
12.25750991422683
12.797307412140071
12.96526568196714
12.559287344105542
13.185048334300518
12.837406215257943
13.650807379744947
13.205184876918793
13.382226678542793
13.73160700686276
11.832783011719584
11.470283214002848
11.683564392849803
11.606641348451376
11.404153899289668
11.899796033278108
11.529527955688536
12.77912916149944
11.738705817610025
11.876428813673556
11.826623605564237
11.44337666593492
11.685532674193382
12.797856482677162
12.350421725772321
12.486041343770921
11.414389995858073
11.710962881334126
12.578724992461503
12.67980891186744
12.735039732418954
12.440867171622813
11.65420811995864
11.542126533575356
11.88176873140037
12.326511343941092
12.067254895344377
11.898322718217969
12.67057305201888
11.830915957689285
12.587325372733176
12.90686406288296
13.411569472402334
12.672959154471755
12.877816153690219
12.17739239986986
13.219395069405437
13.106283273547888
12.877233524806798
13.3754808511585
12.663660692982376
12.798363775014877
12.0019243452698
11.697096143849194
12.449178416281939
11.090596347115934
11.986844876781106
11.782198414206505
11.842201732099056
12.216583862900734
12.124043239280581
12.207462696358562
12.391050538048148
12.094955937936902
11.600293991155922
11.475324404425919
11.6497861770913
12.19386915769428
11.872320187278092
12.36672208737582
12.515184478834271
12.556494928896427
12.557020151987672
11.889934822916985
13.464823068119586
13.197716176509857
12.501272625289857
15.208626338280737
13.083899064920843
14.124449204653502
13.710941555909812
14.033945760689676
14.37142260093242
15.373848429881036
11.392017817124724
13.012012708000839
14.264372011646628
11.761843239888549
12.520656675100327
11.851222539320588
11.081479934044182
11.559951040893793
11.405119829811156
11.959874263964593
12.582775737158954
12.647854128852487
11.65884278062731
12.575633904896677
12.522290898486972
12.237988270819187
13.853031885810196
12.866618796251714
12.893272924236953
13.33936195448041
12.796845796518028
13.095879559405148
11.69553563091904
12.056131590157747
12.17778310738504
12.276480067521334
12.584343978203833
12.84573134034872
13.154043989256024
12.271751848980784
12.446870651096106
12.991680380888283
11.806406814604998
13.085890586487949
13.586132268421352
11.548173801973462
11.329234507866204
11.485141552053392
11.334449631161988
11.985796427354217
12.51770048122853
12.355826844461262
11.276941985823214
11.595875171944499
12.077191268093884
12.652394686825573
11.533016272820532
11.680625416338444
11.994394746609032
12.882928718812764
12.98963863775134
12.841386433690786
12.534028542228043
11.891995820216835
12.113583095371723
13.1470413422212
12.988138809800148
14.670406893827021
12.981530015356839
13.07766318693757
13.138192964717746
13.041238660924137
13.293567079119384
13.70812069810927
13.767280664294958
13.497925776056945
13.854604761116207
13.26850391831249
13.009062658064067
12.684570223093033
12.697416679933667
14.244484037160873
13.725513366051018
11.978819279931486
12.177944520488381
11.745412909425795
12.083309235982597
12.55438443645835
12.351171552203596
13.13802953530103
12.758349555544555
13.33391042612493
12.527547173202038
12.811026684008539
13.202630582265556
13.122956822626293
13.154620199464262
12.231308377347887
13.192793722264469
12.098909168504179
12.687629739753902
12.883444171398878
11.972986166365445
12.150021098554134
11.896615285426378
12.679089392535388
13.063163763843477
13.481803895905614
13.224404729902744
13.3868138641119
14.016053242608905
12.757988370023668
13.622622643597424
13.361322580836713
13.81775417085737
14.212371712550521
13.013659126125276
13.675307724624872
13.724812975153327
13.947312530130148
13.813910859636962
13.210991466417909
13.452368376776576
12.917256115935743
12.726393488235772
13.812444348819554
13.300042667426169
13.255368439480662
12.975967643782496
13.783138415776193
13.9821318089962
13.961522115394473
12.63562792353332
12.102597878314555
11.731542276218534
11.745053136721253
13.081854038871825
12.518893010914326
12.872111527249217
12.901888282969594
12.750590292736888
12.719686402007937
13.14468813687563
12.965352108702064
13.262114454060793
12.768233711831272
12.948788580484688
12.906005571596324
12.199456081725657
13.111998190172017
13.348902525380254
12.136455505155027
12.274886913597584
12.399543485604227
11.899381972849369
12.175339812412858
12.714394585229456
12.407553457655013
12.32013504114002
13.163383389823139
12.767741053365171
12.8245879849419
11.755362735129893
12.301733133383095
11.798436782322824
12.281674198806286
11.699956770986319
11.478492422029376
11.99955275375396
11.973203009925783
11.838265814818442
12.108695976436138
12.513768684118986
12.242633512243629
13.436437441967428
11.80669046100229
12.205165182240307
12.729823634959757
12.562617553398013
11.181346413679421
11.938052268698812
11.410432875156403
11.51232747733593
11.537541408091784
12.31899103615433
12.240975796245039
12.745474308729172
12.893235708586872
12.623220708221197
12.62566542159766
12.745611400343478
12.828652389347553
13.69972677435726
13.316659000702202
12.50539662502706
12.906511762179434
12.737288719974458
13.0308225620538
13.5329101504758
12.732242334634066
11.724046696908772
11.915751062333584
12.106606978923082
11.441360583528876
12.165867204777896
12.279041306115687
12.560890674591064
12.040390682406723
12.773699431680143
12.689918104559183
12.629130602814257
11.125684549100697
11.733562509529293
11.745236651040614
11.190025162883103
11.52735765837133
11.725560751743615
11.834247187711298
12.21144043840468
11.653931216336787
11.862826152704656
12.04310009535402
11.868537959642708
11.760122567415237
12.066270641982555
11.75399227719754
11.72281151264906
11.624485787935555
11.373007284477353
11.876854956150055
11.472129436209798
11.784620828926563
12.129786405712366
11.816584099084139
12.082198962569237
12.00870054308325
11.784714747220278
11.466435926035047
11.967006552498788
11.6625154344365
12.150140051729977
12.206713368184865
12.626726540736854
11.996422413736582
11.483060032129288
11.819472027011216
12.049983506090939
11.851506311446428
11.518809542991221
11.158467184752226
10.964556362945586
11.135242721065879
11.127637536264956
12.104911752976477
12.057011586613953
11.94844157807529
11.15999878756702
11.219075359404087
11.949527250602841
11.348653220571578
11.333496894687414
11.5322668235749
11.771243584342301
12.289461410604417
12.58553468156606
12.742875975556672
13.7248526038602
12.78406888898462
12.621772044338286
12.13722706027329
13.048542828299105
12.616051636636257
11.634334857575595
12.097382445819676
11.673484112136066
11.258828166872263
12.39043044950813
11.329877028241754
11.678298905491829
12.092979277484119
11.528136782348156
12.208661107346416
13.712194891180843
11.641299677081406
13.196670676581562
13.23780442867428
11.229488164186478
12.079255852848291
11.186953317373991
13.288436686620116
12.210492357611656
11.633873344399035
12.275954281911254
14.089308760128915
12.430768640711904
11.298549231141806
13.139183927327394
13.052354449871927
11.10026547126472
13.645763318054378
12.993995952419937
13.370394757017493
13.380457744002342
14.06964614149183
13.879829941317439
13.594905896112323
13.885038087144494
13.690819255076349
12.436950686387718
14.376386727206409
12.41072735004127
18.6056470265612
12.04066121391952
18.43317261338234
19.30277398135513
20.029804871417582
14.73946082405746
15.384963795542717
13.971811673603952
13.185650132596493
11.619395113550127
13.493788501247764
14.199917339719832
13.756730529479682
13.054651687853038
13.698982442729175
13.065352568402886
14.249100636690855
13.593534213490784
12.246142983436584
14.306016790680587
12.771404270082712
13.445881928317249
13.372563790529966
12.327618305571377
13.855652028694749
14.143435089848936
13.298184437677264
14.595418406650424
13.740263446234167
14.063837899826467
13.740675554610789
15.727868587709963
14.948599993251264
14.597149130888283
14.876052143983543
14.968260544352233
12.512929545715451
14.118722257204354
12.770075731910765
12.433875752612948
11.681664212606847
13.409964700229466
13.049251678399742
14.022547117434442
13.23354591242969
13.2987289596349
13.90999797731638
12.506178334355354
12.40274257492274
13.41358317900449
13.87313118390739
14.510248539038002
13.626834166236222
14.464106649160385
14.370925067923963
13.37751767039299
13.459412691183388
14.7699143756181
14.44756102282554
13.701761139556766
14.141784726642072
14.36909719184041
14.86542722210288
13.868340059183538
13.610720508731902
12.998597192578018
13.08088756352663
13.546554354019463
13.537288586609066
12.399075420573354
12.746515102684498
13.161468531936407
13.628579964861274
13.531692703254521
13.643750979565084
13.340948007069528
13.193959790281951
13.225023705512285
12.737836889922619
13.123899423517287
12.916774435900152
13.844033774919808
13.837566369213164
13.261029693298042
12.933497316204011
12.66274925135076
12.388041190803051
12.238336232490838
12.33276812452823
11.55600064061582
12.182839267887175
12.076653874479234
11.304221733473241
12.423055784776807
12.499417116865516
12.824795106425881
13.515226026065648
13.501663384027779
11.779258626513183
11.716976603493094
12.348390822298825
12.859671831130981
12.920795342884958
13.433453171513975
13.390839032828808
12.125865711830556
12.432392410933971
13.5861910097301
12.852663232944906
12.33306186273694
13.823079182766378
12.647850636392832
13.547211947850883
12.974047940224409
11.804477692581713
13.059083092026412
12.586602149531245
13.104738557711244
14.233633792959154
14.10926571674645
13.458675764501095
13.325519541278481
13.3699203832075
14.646180473268032
14.055657079443336
14.61660282779485
13.815072987228632
13.781778002157807
14.023017679341137
13.341412373818457
13.253290988504887
13.115761069580913
14.022901100106537
13.615100042894483
14.07944271992892
13.601810458116233
13.295550333335996
13.159106089733541
12.370937035419047
14.380506661720574
14.434184215031564
14.536719528958201
12.720665919594467
13.968294832855463
12.108385641127825
13.679909498430789
14.651656804606318
12.576243341900408
14.249124922789633
13.167612303048372
12.25266127847135
12.827363883145154
12.547445808537304
12.754295458085835
14.055877954699099
12.284597473219037
12.516107854433358
13.231019273400307
13.482562272809446
12.119993143714964
11.609563501551747
11.702763614244759
12.760947261936963
12.94227656815201
11.847955729812384
11.957041012123227
12.309328293427825
11.993715844117105
12.984738013707101
13.200923114083707
12.290317608043551
12.72039737738669
12.515388909727335
11.807322524487972
12.257031638175249
11.414791761897504
12.87936246022582
11.828142981044948
11.572289108298719
11.402246672660112
12.326140339486301
12.205024944618344
11.74375563673675
11.851501879282296
12.397149658761919
13.221533321775496
14.106925780884922
12.310101247392595
15.76099225319922
15.172515173442662
15.302704259753227
16.07329082582146
12.501783082261682
14.45749944075942
14.262023561634123
12.549886372871697
13.593806282617152
12.037667693570256
14.369132159277797
12.862444845028222
15.175899072550237
17.74028416350484
11.722668513655663
14.259833915159106
17.120267525315285
16.722514552995563
16.529457671567798
16.815912780351937
16.662831974215806
16.93647664040327
17.202413976192474
17.77219915483147
16.907117806375027
15.846008693799376
16.79396104067564
17.251215402036905
16.642344157211483
15.84610293339938
15.899309545755386
17.276241855695844
14.063172329217196
15.790371907874942
14.059731357730925
12.683902732096612
12.417159321717918
12.656339105218649
13.048241567797959
12.452723629772663
12.186920428648591
12.07356860395521
12.632318042218685
12.83751644846052
12.73123567737639
13.605942757800221
13.793536016717553
14.272628386504948
13.471446819603443
14.237973063252866
13.009316984564066
12.684706921689212
13.87624738086015
12.197957499884069
11.747020929120481
11.837674144655466
12.327672530896962
12.803484913893044
12.492607311345637
12.91532240435481
11.699546343646944
11.915268372744322
12.301492023281753
12.577981984242797
11.506871064193547
12.0543765258044
11.50690811034292
11.573628584854305
12.315733985975385
11.571666897274554
12.629372032359242
11.770428785122931
12.945183913223445
12.64751526620239
12.664935447275639
13.507689412683249
13.199846650473773
13.036501910537481
12.95849870890379
12.92047243192792
12.81198950484395
12.329316031187773
13.391160598024726
13.432142616249621
13.519862946122885
14.157201889902353
14.107883128337562
13.303912981413305
14.104926314204931
13.024430501274765
12.831526646390557
12.774131875485182
13.809165199287236
11.979634288698435
14.950505761429667
14.297477703541517
14.246459926478565
13.630811082199216
11.861281417310238
11.745858707465231
12.072670210152864
12.904110569506884
12.162961820140481
13.7944948207587
11.687659498304129
11.625719650648534
11.794449943117797
11.921192850917578
11.616288133896887
12.63582215551287
12.851597080007195
12.886758429929614
12.419077885337174
12.809037315659225
12.86352293472737
12.550039120949805
12.78882950078696
12.384273466654122
12.39148592762649
12.350486244075
12.758704633451998
11.855677541345358
12.128557079471648
11.930282733403146
12.150371246039867
12.744372704066336
11.4917725129053
12.890729065053165
13.515124635770917
13.482077171094716
13.768840088509023
14.614852281287313
14.489869615063071
15.367394317872822
14.088851346634328
14.774045885540545
13.583182398229837
14.80238411668688
13.46181477420032
12.974635268561542
12.093112270347774
12.144971513189375
12.036469013430178
13.264213878661394
11.722223806194961
12.233288039453328
12.972177675925195
12.725984684191644
12.78648283611983
13.207569577731192
13.351130276918411
12.870306333526969
12.095748422667384
11.95056077837944
11.837091842666268
12.127854372374713
12.790429496206343
12.42287278175354
13.579875719733536
12.132424090057611
13.035430601797998
13.754773455671966
12.454703642986715
12.809596500359476
14.085394531488419
13.188429957255721
12.909649554640055
12.810432700440288
12.997160470113158
13.491881954483688
13.118378078565001
13.769019809551537
12.461865663528442
13.92529161926359
12.91747550945729
12.606580545194447
13.933064937591553
14.195788726210594
13.572090012021363
14.101578883826733
12.47431238181889
13.264428669586778
12.703097608871758
12.425695159472525
12.748095603659749
12.699277357198298
12.74762587621808
12.907120831310749
11.500934329815209
13.48995878174901
12.602137328125536
14.16377289686352
12.470298700965941
11.262873139232397
11.700348750688136
11.762525177560747
11.71329783461988
12.309245146811008
12.12847609166056
11.962344632484019
11.577300331555307
12.716623895801604
12.630798288621008
13.180990203283727
12.445630755275488
11.969174060970545
12.704128172248602
12.026838100515306
12.237302798777819
12.326227226294577
12.964767126366496
12.85910386685282
13.406812037341297
13.13342159613967
13.33865316864103
13.597355931065977
13.285208067856729
14.046146865002811
13.199669591151178
13.445938316173851
12.177505890838802
13.05083595123142
12.763686421327293
12.680849770084023
13.302376884035766
12.027690635062754
13.435600534081459
13.985295767895877
13.588243343867362
13.892142140306532
13.423974808305502
12.935863617807627
13.775258980691433
14.02828608173877
15.034770598635077
13.989172697998583
15.323418703861535
13.013222048059106
13.34225856140256
12.929305003024638
12.526922326534986
12.470195108093321
13.053719493560493
12.674613256938756
11.785105883143842
12.102585307322443
12.71322875842452
12.119556851685047
12.371918460354209
12.317840995267034
12.893167428672314
13.38995210453868
12.608928656205535
12.381995001807809
12.676506435498595
12.797984566539526
11.882743214257061
13.173481923528016
12.754342808388174
12.095953571610153
13.24520963523537
13.378555725328624
11.481309558264911
13.712988859042525
11.463050325401127
13.419724670238793
12.955903653986752
15.46862396132201
13.894541813991964
14.852012981660664
12.526266704313457
12.992824074812233
12.77340468391776
12.294317327439785
11.941516123712063
11.398240570910275
12.89243677444756
12.589013944379985
13.362352770753205
13.552166585810483
13.735597709193826
13.806484741158783
13.213244153186679
14.343868598341942
14.217791794799268
14.525164855644107
14.712902085855603
14.952756876125932
14.061254548840225
13.305030656978488
12.953533021733165
13.260319892317057
12.78600401058793
12.312647915445268
11.594519780017436
12.92552627529949
12.728133379481733
13.829548785462976
13.581006599590182
13.008693842217326
14.060526190325618
13.188122797757387
14.337205256335437
14.076916876249015
14.64706852287054
14.049803187139332
14.149541343562305
13.845764358527958
14.210935244336724
14.692704503424466
15.218840752728283
13.177709220908582
13.313717560842633
13.645631726831198
14.097653767094016
13.976572471670806
12.559738927520812
12.965300532989204
12.987160224467516
13.21375790797174
12.677707564085722
12.094309356063604
11.613177226856351
11.52926542982459
11.828947992064059
11.891653270460665
12.275717353448272
11.883459567092359
12.454677603207529
12.897396188229322
12.322582579217851
12.596155389212072
12.599494353868067
12.471181565895677
12.727037387900054
12.542916216887534
12.293794315308332
12.308292909525335
12.640056611970067
12.047226020134985
12.261814909055829
12.424094802699983
13.050964945927262
12.964534883387387
13.636357568204403
12.700548022054136
12.796679253689945
12.477014569565654
12.624816332012415
12.465236636810005
11.48089079465717
11.510483790189028
11.156727318651974
11.679116019047797
12.183241999708116
12.253091263584793
12.270808719098568
12.172186000272632
11.760209790430963
11.491129090078175
11.783512585796416
12.16543366573751
12.760958745144308
13.330918644554913
12.622598136775196
12.420812248252332
11.766195714473724
11.682096901349723
12.355688838288188
12.8158148098737
12.524753725156188
11.710856189019978
12.63670766633004
13.345876649022102
14.315150955691934
12.874559155665338
13.73765223287046
13.678089439868927
14.415916084311903
14.018156755715609
14.539722952991724
13.865919728763402
13.763779064640403
12.906369642354548
12.089599303901196
12.47629916202277
12.618011428974569
13.887213288806379
13.340439293533564
14.20447142701596
13.324805080890656
13.787652057595551
13.132533078081906
13.049604621715844
12.781884056515992
11.891750581562519
12.681359015405178
12.223005660809577
12.375308099202812
12.687997286207974
12.441099283285439
12.527191159315407
12.956607073545456
11.701994495466352
12.198688391596079
12.506654384545982
13.358955548144877
13.451127245090902
13.306612026877701
13.578609384596348
14.114552848041058
12.517517369240522
13.518174014985561
13.560402439907193
14.067756838165224
14.0971351955086
14.163576919585466
13.84831528365612
13.036780851893127
15.045611928217113
12.764600874856114
16.887595563195646
16.064621972851455
16.606431521475315
16.492251379415393
16.90935834683478
12.160561248660088
12.095910183154047
11.934069036506116
11.508669037371874
12.214645314961672
12.073466871865094
11.844414970837533
12.070888543501496
11.192418885417283
11.746322057209909
11.837505262345076
12.614986690692604
12.82778231985867
12.429976961575449
12.734854997135699
12.51597733516246
12.984237141907215
12.89195222593844
12.807745573110878
13.002121140249074
13.436530550941825
13.896258689463139
13.880549181252718
14.301994701847434
13.085092138499022
12.219873831607401
11.707697098143399
12.376391353085637
11.754398024640977
12.507904197089374
12.839407905004919
12.70278050005436
12.710215917788446
13.351207400672138
13.796397498808801
14.209179717116058
12.37535270769149
13.153803325258195
12.334820293821394
13.344187672249973
12.702092808671296
12.673442734405398
12.790439060889184
12.851893009617925
12.083675117231905
12.280765474773943
12.086200786754489
12.720652072690427
13.280627814121544
12.626089047640562
13.003132880665362
13.02400769945234
13.092323996126652
13.109031944535673
13.1062185568735
13.735728269442916
14.144798980094492
14.160423080436885
14.60250030644238
14.659181761555374
14.523967276327312
13.98697049356997
13.527834167703986
13.554056940600276
13.857114004902542
13.458215860649943
13.373847857117653
14.836718908511102
14.582934072241187
14.403188255615532
15.033085557632148
14.445302428677678
15.06675483006984
14.5018244786188
15.490005576983094
14.688672069460154
14.672470173798501
12.874784748069942
13.38369595259428
12.196842066012323
12.570281679742038
12.664072084240615
13.54676854237914
12.321813679300249
14.161648694425821
12.112534441053867
12.478624404408038
13.444057838059962
12.457138690166175
12.793977147899568
12.87841681111604
13.457851889543235
12.250727353617549
13.382691762410104
12.893516764044762
12.300957373343408
12.10635572578758
12.312723155133426
12.698415053077042
13.401887860149145
12.90417554974556
13.318256062455475
13.060026942752302
12.411396285519004
13.92907308973372
13.310882362537086
13.603779510594904
13.318689561448991
13.604612729512155
12.62743465602398
13.528867143206298
12.635100385174155
11.57975193625316
12.822692410089076
12.82877722941339
12.700853165239096
12.605021182447672
11.975096167996526
12.912692120298743
14.315181656740606
13.374270361848176
13.380875400267541
13.949383977800608
13.44458693265915
13.529816792346537
12.395547475665808
13.144180385395885
12.663458347320557
12.594616146758199
12.169714909978211
12.990090758539736
12.892653217539191
12.96687777992338
13.153175440616906
13.428809562698007
13.607450279407203
13.104954421520233
13.54613762255758
14.139157678000629
13.539396449923515
13.522582869976759
12.312849051319063
13.464816791005433
12.662038059905171
13.161772382445633
13.39283655397594
13.260645113885403
13.625912782736123
14.242860221304
14.109721018001437
13.428558156825602
14.176685429178178
13.44780891854316
14.726178688928485
13.474729994311929
12.87817448284477
13.230432573705912
13.189367652870715
13.516083459369838
13.708038984797895
14.421345577575266
13.390619331039488
13.539519131183624
14.086620735935867
14.023308608680964
14.33482919447124
14.580505590885878
14.021297523751855
15.356335259974003
15.479324108920991
14.112592140212655
14.125471560284495
13.789057678543031
13.312494314275682
13.25688124448061
12.934217175468802
12.379017523489892
12.8237777762115
12.57095219194889
13.068946287967265
13.401824889704585
14.556133745238185
14.257493934594095
14.341202821582556
14.5299873938784
12.782753488048911
14.202451469376683
13.134294644929469
13.825567979365587
15.499059471301734
13.93894066195935
13.576584745198488
13.059472878463566
11.821392215788364
12.378704917617142
12.931165348738432
12.182871446944773
13.470784264616668
13.996177013032138
12.025251482613385
13.705688651651144
11.617791649885476
13.210336155258119
14.352425840683281
13.188150722533464
12.413082885555923
12.531686186790466
12.721041534096003
13.798180003650486
13.765262547880411
14.245706726796925
14.329570779576898
13.949815097264946
14.611639866605401
15.274609932675958
13.810935822315514
13.479911159723997
14.601253377273679
14.610124252736568
13.975232371129096
12.907786219380796
14.32873631361872
12.692689763382077
15.37883269134909
14.119937354698777
15.221460768021643
12.569769653491676
13.682988850399852
14.551081344485283
11.950648378580809
13.60194918885827
15.211878815665841
14.46141589526087
15.011487311683595
12.20207385905087
16.01272156648338
14.490851285867393
15.011646055616438
15.958844136446714
15.542813721112907
15.68110837507993
15.433670932427049
16.074373822659254
15.845852993428707
15.369534994475543
15.886049661785364
16.390762736089528
16.17009924724698
15.417197622358799
13.832490858621895
13.79544682893902
13.29057457856834
13.383976977318525
12.889631639234722
13.136611055582762
12.858368688262999
12.952556771226227
13.23930795211345
13.487536923959851
13.163763330318034
13.626755211502314
13.875738008879125
12.875321325846016
13.660882278345525
13.11885781865567
13.067703141830862
14.032962202094495
12.743859481997788
13.388693038374186
13.404130208306015
13.711591214872897
13.273670628666878
11.956589246168733
12.344800013117492
13.392648846842349
12.551284545101225
12.641572264954448
11.663214939646423
13.665087536908686
11.793507888913155
12.678811583667994
13.872246919199824
13.877645491622388
13.469181455671787
13.938766438513994
14.721592464484274
15.009364834055305
14.209830258972943
14.812686624005437
16.42626047041267
15.328163025900722
14.767778954468668
14.760468107648194
14.996431120671332
15.329303569160402
15.28610919509083
15.345671429298818
15.022215048782527
14.40580640360713
15.733474025502801
14.471914118155837
16.353622785769403
16.945889216847718
16.680682144127786
14.752785655669868
20.443125686608255
19.43852461129427
18.481310171075165
14.925231703557074
14.282344898208976
14.062637404538691
13.985310685820878
12.790023548528552
13.143666804768145
13.709278537891805
14.760109568014741
13.479655892588198
13.860281541012228
13.894679633900523
14.311934364028275
14.690454222261906
15.0211515519768
14.517692794092
14.682718788273633
14.856907725334167
14.880295432172716
16.251802386716008
15.729437815025449
16.46176102850586
15.425145188346505
16.16262989398092
15.334575132466853
15.727145786397159
15.099246125668287
15.53170336317271
16.07207129150629
16.331102926284075
16.04989633243531
15.306482816115022
15.993167528882623
14.984298033639789
16.092964524403214
15.329857742413878
14.638432164676487
15.241100046783686
14.942265182733536
14.901951553300023
15.121580104343593
14.084544390439987
13.214775901287794
13.926588043570518
14.059770190156996
13.647752568125725
13.801936333999038
14.15341538283974
14.556572939269245
15.149142615497112
15.468615615740418
14.551929811947048
14.934927925467491
15.000885386951268
15.147748624905944
14.864107618108392
13.1384252384305
13.23285554163158
13.644671798683703
14.019530260004103
14.300778712145984
13.870668748393655
14.182885910384357
15.45326185785234
14.049906097352505
14.336160397157073
13.998074288479984
14.574475266970694
13.41997392103076
13.169617857784033
12.837419074960053
13.299166893586516
13.506802102550864
12.789056482724845
13.333369942381978
13.679662740789354
13.623522811569273
14.317599143832922
13.52522622141987
12.15374751854688
13.431634720414877
12.174392177723348
12.824253527447581
13.782599579542875
12.497909625060856
12.512291766703129
12.386726868338883
12.081602131016552
12.241204588674009
12.040860038250685
12.374814925715327
12.490769259631634
11.973519683815539
12.132922168821096
12.14272600505501
11.747987640090287
12.291099589318037
12.331220883876085
12.377499792724848
11.976572367362678
11.754067186266184
12.515440847724676
12.630865547806025
12.507497093640268
12.863795783370733
12.290305506438017
13.170388248749077
13.39529569633305
13.62173152435571
14.00295156892389
12.083271536976099
13.551565219648182
12.885443377308547
12.39271626714617
13.416789601556957
12.005480388179421
11.610113366506994
11.518546608276665
11.555332173127681
11.87147490028292
12.151327116414905
12.370935649611056
11.390631939284503
12.22196093853563
12.1476980894804
12.514772398397326
12.145240378566086
12.927607081830502
12.49759660847485
13.638964688405395
14.183984615374357
13.25478744879365
14.262929756194353
14.391625124029815
14.284996824339032
13.310003806836903
13.66626080032438
12.832465757615864
12.787223383784294
12.606647655367851
13.476740668527782
13.3163993190974
13.636401455849409
13.628544912673533
13.473885639570653
12.59527765121311
12.15792147628963
12.856264303438365
13.928835827857256
12.622075958177447
12.941888246685266
13.31100042629987
13.103591900318861
13.483543446287513
13.686342601664364
13.2420266373083
14.53102389164269
13.405507697723806
14.25466563180089
13.282680661417544
13.77028603758663
14.049888106063008
13.045896925963461
13.114283425733447
13.595518633723259
13.326430293731391
13.067664100788534
13.52047731820494
13.809706051833928
14.383961437270045
13.485767607577145
13.711768854409456
14.241312191821635
14.589943289756775
14.072254858911037
14.01812934782356
13.929379117675126
14.596264564432204
13.266984352841973
13.841213021427393
13.473805635236204
13.166736538521945
14.075920755043626
13.9213672215119
13.41685767751187
14.718115881085396
13.77837235853076
14.318525144830346
13.329562581144273
13.28815223928541
13.365068186074495
12.485169204883277
12.356264697387815
12.476241283118725
12.866737586446106
13.044342401437461
11.775701115839183
12.131473030429333
12.333789345808327
12.494246942922473
12.125525975599885
10.933730790391564
12.038492460735142
12.00031974632293
12.30695562902838
12.38596009183675
13.530909527093172
13.486818461678922
12.251677330583334
12.279158363118768
12.953888550400734
12.95959987770766
13.131511371582747
13.432090196758509
14.785994184203446
13.543901020660996
13.165204031392932
14.14017473347485
13.75255874171853
13.946638708002865
13.140718176960945
12.470421214587986
12.71891793422401
12.51787605136633
12.553942383266985
12.85677803400904
13.625823100097477
11.710799284279346
13.02391983103007
13.080829012207687
12.757836016826332
13.280930640175939
12.250176847912371
12.727140757255256
14.304926743730903
11.960151810199022
13.3429023809731
13.605075530707836
12.45023845974356
13.460566154681146
12.56293361634016
13.643607811070979
11.60330639127642
13.927650371566415
14.767431578598917
12.038881077431142
15.556539559736848
15.076134115457535
16.22790733911097
16.40196639392525
16.39683317951858
14.713919847272336
12.397183805704117
11.679576021619141
11.683302552439272
11.750521036796272
11.781208260916173
12.220719088800251
11.79201347567141
11.775244751945138
11.733841347042471
12.315696699544787
11.827577666379511
11.656270113773644
10.991307715885341
11.003570244647563
11.734359440393746
11.503759684972465
11.923067160882056
12.003015073947608
12.634544854983687
12.781069427728653
13.699064805172384
11.91329924762249
12.08371206279844
13.094811834394932
12.403621254488826
11.9390979250893
12.627188241109252
13.99727694876492
13.83785511367023
13.70838939677924
13.83644650876522
13.907384843565524
12.754313477315009
12.44564263522625
13.040874648839235
12.886993968859315
13.388823832385242
12.995286387391388
12.560761299915612
12.033347715623677
12.223705378361046
12.971984365954995
13.145199302583933
13.018894988112152
12.787333698011935
13.181184461340308
13.259521124884486
13.079245615750551
14.099446600303054
13.703669982030988
13.792111146263778
13.964114040136337
13.593588313087821
13.461899669840932
13.926258441992104
14.364535449072719
14.082611684687436
13.793652470223606
14.493374412879348
14.141750917769969
13.664754598401487
14.074652535840869
13.316061570309103
14.452390599995852
13.370136681944132
13.262028876692057
13.577698284760118
13.230087873525918
12.11923616193235
12.693997144699097
12.745515508577228
13.055038310587406
13.033639601431787
13.30630798265338
13.07183227315545
12.545918497256935
13.321604176424444
12.870453469455242
13.017262411303818
12.370324005372822
14.047347452491522
12.623119129799306
12.695379818789661
12.583980396389961
13.83312232606113
13.782745237462223
14.188956114463508
14.46114114113152
12.205180801451206
12.714580620639026
13.279848909005523
13.579703009687364
13.663976955227554
14.421864232048392
13.706997486762702
12.901574555784464
12.281146698631346
13.04949636477977
13.768524621613324
14.540751096792519
13.585342282429338
13.283183350227773
14.970764236524701
14.701478096656501
15.002098026685417
15.00929179880768
13.023682876490057
14.02990927733481
13.735772701911628
13.241564027033746
12.683571361936629
14.33772509265691
11.659682406112552
14.527856689877808
14.951962780207396
14.646353997290134
15.134438035078347
15.367717887274921
12.286237008869648
14.41926553286612
12.980681926943362
12.82353431545198
13.629980826750398
13.210985788144171
13.573583764024079
14.504780573770404
13.853227359242737
12.976804587058723
12.970275050960481
13.494952629320323
14.064859812147915
15.183180230669677
14.873718558810651
15.199749290011823
14.67057113070041
15.290040108375251
15.303876036778092
15.039417570456862
12.559846148826182
14.72966412268579
13.873901411890984
13.524638443253934
12.439953146502376
14.987772217020392
14.748542230576277
14.884345258586109
12.792942140251398
16.709906513802707
15.489170932210982
16.381645631976426
15.404912676662207
16.80390847288072
13.525297150015831
12.546851435676217
12.236908802762628
13.581405906006694
12.199623712338507
11.86833279300481
12.097632409073412
12.88550487998873
13.02412477415055
13.333487925119698
13.958901918493211
12.665330263786018
12.937923719640821
12.428953973576427
12.97807936836034
11.397447322495282
12.182634730823338
12.85837867576629
13.099637551233172
13.66487100161612
13.128271773457527
13.238777426071465
13.806869577616453
13.063010952435434
13.438286359421909
14.020550908520818
13.60223101824522
13.942997691221535
13.897085695527494
14.1651640413329
14.447070098482072
14.387455024756491
14.600508823990822
15.37672377564013
14.927720453590155
15.359135508537292
15.008374655619264
15.921058957464993
15.149511934258044
15.07189912442118
15.003476483747363
13.768851954489946
13.084366522729397
12.882141350768507
13.357666535302997
12.449034549295902
12.959166062995791
13.223063189536333
13.338349322788417
12.678630386479199
13.759582793340087
13.814771686680615
12.471035793423653
12.418587570078671
12.919711221009493
13.604815433733165
12.522546716965735
12.955526190809906
12.301987886428833
13.232039116322994
13.639439185149968
12.499253450892866
13.435241195373237
12.235263773240149
13.329762085340917
12.8840860594064
13.428227417171001
14.142477472312748
14.028923507779837
12.57601116783917
12.070559727028012
11.636226353235543
12.393753650132567
13.12445301283151
13.029324068687856
13.305367619730532
13.092307957820594
14.227844370529056
12.07106664404273
13.96817378140986
11.776066682301462
14.400176608934999
13.569342321716249
14.291733471676707
14.007669294252992
15.069944334216416
12.085897679440677
13.929585736244917
13.651545171625912
12.316294410265982
13.695635207928717
14.66056973207742
13.729005670174956
15.693154446780682
14.262788842432201
15.034930983558297
15.086932274512947
12.668843923136592
12.209052604623139
12.311307816766202
12.442681051790714
12.386377955786884
12.599883692339063
12.437941005453467
12.246151126921177
13.042390602640808
12.79680607561022
13.051394732668996
13.117007601074874
13.887201878242195
14.01685866061598
12.964877580292523
13.967635763809085
13.381161345168948
13.926249553449452
13.64448403287679
13.250079006887972
13.51074197050184
13.111804882995784
13.949583502486348
14.015683152712882
14.031739993952215
14.431346443481743
13.585749913938344
14.12656039185822
14.86353776883334
12.982178654521704
12.516178466379642
13.151818483136594
13.006389377638698
13.815320260822773
13.096861011348665
13.189100659452379
13.026257565245032
12.280839662998915
12.97450475860387
12.012631507590413
13.412682421505451
13.106151488609612
13.388199345674366
14.618334801867604
13.567888743244112
14.41840965487063
14.777600950561464
14.679660716094077
14.039427019655704
12.739103112369776
13.647441729903221
12.514340373687446
12.716630589216948
13.354536748491228
13.251638279296458
13.111612705513835
12.980485656298697
13.507392027415335
13.258928610011935
13.134193774312735
12.072060914710164
12.292122915387154
12.536776502616704
12.502917516045272
11.583257221616805
13.269958985969424
12.95923561649397
11.272847476415336
12.981899660080671
12.638493279926479
12.744916134048253
13.545804101973772
13.0974974129349
13.201544919982553
12.688120173290372
13.104761469177902
13.450858405791223
13.480935835279524
14.398684347979724
13.433358132839203
13.975111177191138
13.628748727962375
14.275982173159719
14.254452797584236
13.639323513954878
14.71042344160378
12.985291711054742
13.979355617426336
14.195424934849143
14.205538734793663
15.275557889603078
14.133708495646715
14.456572882831097
14.752244169823825
12.844850718043745
12.836311472579837
11.870281456038356
11.915929574519396
13.410318311303854
12.670452482067049
12.157037481665611
12.89347417280078
13.983967645093799
12.809185212478042
13.932895888574421
13.405449906364083
12.905961896292865
12.900003066286445
12.71589547302574
13.073736288584769
13.990676878020167
14.585631985217333
14.20528559293598
13.820832952857018
13.856258170679212
15.190603536553681
14.774936019442976
13.631802667863667
12.210180878639221
13.208632188849151
13.149319911375642
12.97241807449609
13.521388416178524
12.63664205931127
12.77803492732346
12.120789675973356
12.950160719454288
13.125671927817166
12.146712475456297
12.82802302017808
13.036168205551803
12.545040905475616
13.062288030982018
13.26179207675159
12.943218388594687
12.198117912746966
12.523238590918481
13.281365572474897
13.69467041734606
12.855433555319905
13.628572086803615
13.299321567639709
14.054550965316594
13.329411684535444
13.15571141242981
14.336053595878184
13.917806899175048
13.834012215025723
14.863069597631693
14.897831847891212
14.440809641033411
14.09604121092707
15.500223094597459
15.327609978616238
14.67598356679082
14.97660377342254
15.292767954058945
14.916418930515647
13.656885720789433
14.509273086674511
13.932889421470463
14.031820044852793
14.103099359199405
13.939333393238485
13.30524323694408
13.417416375130415
13.324759951792657
13.48212391231209
12.719794227741659
14.046082665212452
13.540580705739558
13.07832498755306
13.516199693083763
13.283951354213059
12.793591616675258
13.72995538637042
12.006565450690687
14.33910381887108
13.358720309101045
13.98760590981692
13.855944481678307
12.559232535772026
13.020248936489224
13.314367212355137
13.174901726655662
13.031177319586277
13.515975492075086
12.965480134822428
13.157201351597905
13.160568314604461
12.857119837775826
12.366051921620965
13.049696908332407
12.82135071605444
13.771363608539104
13.609761814586818
13.490776863880455
12.673570203594863
12.186844488140196
13.588717297650874
12.256632544100285
13.821904045529664
12.69159050192684
12.659330834634602
13.43081970512867
11.40506114717573
13.31318050948903
13.646175832487643
13.290186336264014
13.30024198628962
14.69601919874549
13.661166930571198
12.542872541584074
13.110791077837348
13.942881773225963
11.837889786809683
13.562690447084606
13.582546808756888
12.96890911925584
14.160985719412565
14.195348613895476
14.590873954817653
13.398432082496583
15.07415589503944
14.914561320096254
13.406782169826329
14.270259234122932
12.745901326648891
12.605087904259562
13.52551500312984
14.293795659206808
14.592119110748172
14.937511232681572
13.975548599846661
14.08136186003685
15.5578039791435
14.511043989099562
14.93229059688747
14.524178051389754
14.572381992824376
14.28456161916256
17.675442308187485
14.499808593653142
14.65324536524713
15.529910316690803
15.292714261449873
16.35068725515157
13.365246958099306
15.66740963049233
15.257453151978552
12.28247139416635
14.117643747478724
12.13258557394147
13.973452079109848
14.91803790256381
14.086049061268568
15.95619704015553
13.090263064019382
15.48139975219965
15.012162896804512
14.799773457460105
15.035235909745097
12.933874893933535
11.867138213478029
13.007496697828174
12.614156580530107
12.447970619425178
13.611420691013336
13.095500954426825
12.76138076838106
13.747671328485012
13.260346409864724
13.315505422651768
13.602850780822337
14.135727005079389
13.909364273771644
13.691522070206702
14.232133330777287
16.784218885935843
15.702630755491555
20.238061044365168
18.536687269806862
22.023191823624074
20.603047966957092
17.20979450736195
13.973177163861692
14.906678413972259
13.937550723552704
14.281307150609791
14.005272428505123
13.441910083405674
12.955494415946305
14.327539539895952
13.017710898071527
11.790771301835775
13.098857630044222
12.236408180557191
14.857316575013101
13.53205883782357
13.985551531426609
13.9649604158476
14.4740193458274
13.368077903054655
14.181386779993773
13.388130220584571
11.803723252378404
12.593706138432026
12.844752731733024
12.880507992580533
12.964080116711557
12.79151323903352
13.453390889801085
13.398932179436088
13.544539688155055
13.739243261516094
13.471150043420494
13.718582918867469
13.528701183386147
14.418956412002444
14.697733473964036
14.437838395126164
13.400153522379696
14.608439387753606
12.406626823358238
16.1749979685992
12.738959278911352
14.795623361133039
13.85633394215256
13.696835307404399
11.826285600662231
13.841821068897843
14.558506960980594
14.299367225728929
14.420413833111525
14.719975250773132
15.137103887274861
15.531131265684962
15.990574049763381
14.662861753255129
12.888686836697161
14.414578640833497
12.746733299456537
13.414217592217028
13.931050647050142
14.29550143238157
14.735353547148407
12.781845919322222
13.392988365143538
14.78914454113692
13.863498247228563
14.23987781535834
12.528405437245965
13.331751815974712
15.245745479129255
14.956272843293846
15.456255389377475
12.954774773679674
13.997512428089976
13.394052580930293
12.652749101631343
12.958530024625361
12.764684915542603
13.397827156819403
13.212476565502584
13.837502922862768
13.577130146324635
13.976060412824154
12.716231264173985
12.367915832437575
12.365809869021177
12.81955597922206
12.154039319604635
13.126475533936173
13.272311446256936
13.131574958562851
13.671986537985504
15.7266306290403
14.210547435097396
16.386320401914418
14.825900070369244
14.635054841637611
14.129416895098984
14.759932055138052
15.761801829561591
15.835041048936546
14.984020071104169
13.81302492506802
13.119679565541446
12.642333773896098
13.957087201066315
13.281096822582185
11.773995856754482
13.066728916019201
12.297947413288057
13.465550023131073
11.269036245066673
12.032013775780797
12.656755598261952
13.160996602848172
13.17472030967474
13.08775910269469
12.536525052506477
12.084219692274928
12.67689354158938
12.113713971339166
12.374843204393983
11.884035762399435
12.416647058911622
11.411975281313062
12.32490267418325
13.157123022712767
13.001511974260211
13.361721582710743
13.354808100499213
13.389841136522591
12.487733440473676
13.276245336979628
12.961049920879304
13.921683134511113
13.148991053923965
14.65599534008652
14.179937726818025
13.61201005615294
14.517295643687248
13.673468991182745
13.931884309276938
14.6636474551633
14.739028395153582
14.707188182510436
13.61370333749801
13.290150369517505
13.256734638474882
13.4404739132151
12.04836579784751
13.758438372053206
12.544927810318768
13.59279502183199
13.366751502268016
13.698419734835625
13.19167208764702
13.644654518924654
14.284778292290866
14.475735609419644
14.310580426827073
14.286070439964533
14.627598864026368
15.039042761549354
13.984843093901873
14.490707707591355
14.659515290521085
14.775669293478131
14.697876583784819
13.209487341344357
14.04101689811796
14.192852851003408
13.76939444616437
15.03732768446207
14.402003513649106
14.011555315926671
14.432143345475197
12.882113095372915
13.768183685839176
14.250846337527037
13.106180084869266
13.677743782289326
13.454858916811645
12.484504426829517
12.656798758544028
12.80044210050255
13.927393878810108
13.67417870182544
14.019955098628998
13.918508861213923
13.992543075233698
13.819996105507016
15.09542618971318
13.757360640913248
13.992832940071821
15.237249753437936
14.029154010117054
15.077901635318995
14.768502056598663
13.604877163656056
13.997948803938925
14.52612426970154
13.277326039038599
13.974233642220497
13.248166279867291
15.943968282081187
14.480974521487951
15.197638290002942
14.390522681176662
15.611240088008344
15.16551271174103
14.46570522338152
15.579938135109842
15.498655647039413
14.83933338522911
15.796318867243826
15.442288216203451
14.965750977396965
15.574674937874079
14.953933735378087
15.478252557106316
15.198319666087627
14.905607343651354
15.62370733730495
14.149388638325036
14.276724693365395
13.746536983177066
13.506140729412436
13.685531852766871
13.035091197118163
13.721035133115947
13.6865723291412
13.4765768321231
13.93773191422224
13.941681114025414
14.183454169891775
13.326017665676773
15.375324510969222
13.820045545697212
13.561298351734877
14.344012774527073
13.965574473142624
13.529478436335921
15.1725291935727
14.257103427313268
14.979300933890045
15.086691187694669
13.632122337818146
13.136681471019983
13.767334167845547
15.063473214395344
13.40907143894583
13.726361303590238
14.76192416716367
15.744928054511547
12.878777476027608
14.049438124522567
15.120150995440781
15.80192538164556
12.596166493371129
13.807209870778024
14.757812011986971
14.80957298539579
12.281682501547039
13.437459392473102
15.199047635309398
14.942883785814047
15.178424518555403
12.67243917658925
14.609138906002045
12.748055505566299
14.492283009923995
14.033208645880222
14.64625790528953
14.777537225745618
14.567996749654412
16.205060346983373
16.082609829492867
15.354833434335887
15.697576845996082
14.017453376203775
14.587669267319143
16.0984361236915
15.36109570786357
13.736195053905249
13.119467567652464
13.803775370121002
13.814333288930357
12.272481068968773
13.921778124757111
13.143287201412022
13.77473258972168
13.069415913894773
12.11887372052297
13.578820816241205
13.397298908792436
13.191826994530857
14.06387248262763
13.693331566639245
13.514943069778383
14.054303019773215
12.817644704133272
11.836379077285528
11.858191508799791
12.5170832965523
11.695463201031089
11.454164531547576
11.577097847126424
12.40827390179038
12.06396312918514
13.252992627210915
12.5821543186903
13.031034601852298
11.676788320299238
11.976077270694077
12.619191581383348
12.529905708506703
11.823242877144367
12.215072753839195
11.492268537636846
12.392058257944882
12.259010942652822
13.61343762371689
11.487260381691158
13.047989337239414
14.259546179324389
14.135744444094598
13.757412507198751
13.65622266754508
13.95474508870393
13.231955202296376
13.960347755812109
14.95621554274112
14.266265603713691
12.494493211619556
12.801597692072392
12.766140428371727
13.314246729947627
13.42194472067058
13.452920459210873
14.685981438495219
12.329889270476997
14.782140040770173
13.670349474065006
14.44021456502378
12.286235506646335
11.891586773097515
12.565554479137063
12.649981854483485
12.953535626176745
13.648417667485774
13.040883356705308
13.218876560218632
13.142784376628697
14.167644216679037
12.683896075002849
14.682051842100918
13.224708369001746
14.317188629880548
14.09931237436831
13.844489200040698
14.572693820111454
14.166774971410632
14.178094665519893
12.820966233499348
13.953438772819936
13.15026512183249
13.191311375238001
13.081032407470047
12.382096631452441
13.053637190721929
11.929568085819483
12.379341148771346
12.3039620956406
11.949901639483869
12.215619176626205
12.620139954145998
12.321963992901146
12.719262215308845
13.229775328189135
12.251515322364867
11.674886002670974
11.818668141961098
11.663967300206423
12.342374771367759
12.656122998334467
13.780751417391002
12.673981949687004
12.754034110344946
12.672904013190418
13.737607860937715
13.17600796930492
13.236928197555244
13.088268217630684
13.260780905373394
12.972934924066067
12.489309660159051
12.741255469620228
13.3406618013978
12.982366160489619
13.2192441271618
13.280957934446633
12.995406896807253
13.630837138742208
13.515164067037404
13.26869242079556
13.629994864575565
13.715471267700195
13.73054083995521
13.6976537425071
13.126706514507532
14.423482716083527
13.654861345887184
12.976490422151983
12.989220314659178
13.609597821719944
13.444239812903106
13.344217523001134
14.228842753916979
13.21434203069657
13.67976597789675
15.072530917823315
14.458109218627214
13.559584418311715
14.006305510178208
14.114224853925407
13.673078409396112
13.416425606235862
12.87671700399369
13.210270616225898
12.3989650439471
12.142311402596533
12.434083665721118
12.566372836008668
12.218684583902359
13.004069254733622
13.750033018179238
12.981803180649877
13.180483283475041
13.169208250008523
13.538919541053474
13.604127337224782
13.957374959252775
12.921387076377869
12.66639088280499
13.569965675473213
13.47891622968018
13.7051260760054
13.407084062695503
13.00899097789079
14.137328101322055
14.072845158167183
13.595247771590948
13.585387961007655
14.500202371738851
13.867758233100176
15.60217319522053
12.099483615718782
14.947911722585559
14.618574131280184
13.421491120010614
14.376552369445562
14.157864166423678
13.81206686515361
14.869782362133265
14.646142375655472
14.648740882985294
15.743893809616566
12.81588249001652
15.617758367210627
13.574630973860621
12.306263187900186
12.321931030601263
12.65058683604002
12.986676203086972
12.717027869075537
14.005977775901556
12.26158044859767
13.312321958132088
12.678101102821529
11.678886543028057
13.6861433070153
11.918479388579726
12.553621834143996
12.974348650313914
12.173118437640369
12.86660239752382
12.761379771865904
13.682854767888784
12.596515886485577
14.582101203501225
11.369853846728802
13.778254376724362
15.348221357911825
13.285518852993846
15.639719695784152
14.373874207027256
12.00758719118312
15.896602565422654
14.574685708619654
15.20878329128027
15.69016403798014
14.320112474262714
11.791296129580587
12.480382844340056
11.962974035181105
12.611193370074034
11.947280600667
12.419033058919013
11.842422710731626
12.658525086939335
12.754302457440645
13.335054757073522
12.413625122979283
13.302079253830016
13.5634587360546
12.63901965226978
14.07010545860976
13.744962316937745
14.262622962705791
13.877854080870748
12.831820704974234
12.622185985557735
14.30585509352386
13.606756906956434
14.857618470676243
12.536226205527782
14.627567659132183
14.250972769223154
13.824757926166058
13.650249630212784
14.461026723496616
15.627077635377645
14.524467545561492
15.132856514304876
14.91650206502527
13.32385354116559
14.45584615971893
13.86529025901109
13.682503255084157
14.268012708984315
13.916236752644181
15.151600492186844
14.500540652312338
14.050725739449263
15.044178798794746
14.896501737646759
14.935790070332587
14.979178059846163
13.682381443679333
14.740975993685424
14.307540508918464
14.532870389521122
14.095602684654295
15.053178261965513
13.957734170369804
15.366106323897839
15.976427279412746
16.3023728299886
13.167229376733303
13.849604052491486
13.78869891166687
14.235405850224197
14.1550313225016
14.35141169000417
13.885977165773511
13.869030087254941
14.757648534141481
13.530308313667774
13.379720497876406
13.786239978857338
14.13510087504983
14.585614105686545
15.417415915057063
15.929381002672017
14.109042409807444
14.353822418488562
13.670178677886724
13.499260394833982
14.121863409876823
13.814110541716218
12.401500393636525
14.578479677438736
15.267271838150918
16.45640936587006
15.653077483177185
16.877775019034743
16.02494955714792
15.18729094043374
16.127653275616467
14.150073766708374
13.768858910538256
13.129498913884163
13.996616078540683
14.118280815891922
12.188716911710799
12.097916167229414
11.887156261131167
11.700396157801151
11.628146898932755
13.365394967608154
12.672753061167896
12.495165309403092
12.567700805142522
13.039463613182306
13.07600677665323
13.695005906745791
11.442513001151383
12.345341156236827
12.601709315553308
13.340791516937315
12.116901136003435
12.094221882522106
11.519745700992644
12.659740395843983
13.274742851033807
12.903461445122957
12.92621314805001
13.079074297100306
13.593632290139794
14.017894365824759
12.852845727466047
12.136174075305462
11.800727200694382
11.900264346972108
12.083396547008306
13.103037423454225
12.793443756178021
11.66042567184195
13.339115547947586
13.188124066218734
12.675934229046106
13.809680698439479
13.362856602296233
13.880536602810025
14.024756552651525
14.026600406505167
14.22900559939444
14.08617795445025
14.182394361123443
14.113481580279768
12.806334166787565
13.183739277534187
12.191744005307555
12.587938287295401
12.84311052504927
12.587893501855433
12.650044048205018
13.389637852087617
12.78090272564441
13.762163961306214
13.950910792686045
13.951980219222605
13.79833029024303
13.690428611356765
14.108754192478955
13.678446155972779
13.423302289098501
15.344659640453756
13.151700334623456
13.355638644658029
12.77170732896775
12.53673907276243
12.874870559200644
12.315496960654855
12.985330402851105
12.846016596071422
13.897281570360065
13.122586364857852
12.8531084517017
12.492780714295805
12.782254805788398
12.128713897429407
12.68415439967066
12.2924450840801
13.627981698140502
13.502749293111265
13.044733202084899
12.381624382920563
12.649543285369873
11.291269157081842
11.711932980455458
12.546607124153525
11.584875146858394
11.647009217180312
12.762950908392668
13.385862371884286
13.30556770414114
11.56632121372968
12.402800211682916
12.170482018962502
12.542280825786293
12.636131157167256
13.250864719040692
13.517624432221055
13.39253788581118
13.83600636292249
13.79644804354757
14.646382397040725
13.814747502095997
13.744236130267382
14.433399148285389
13.540357640944421
12.583944024518132
12.074057252146304
13.024795449338853
12.550364039838314
12.985102934762836
12.74986363016069
11.97501252219081
12.42717158049345
12.54069825913757
11.490373830311
12.422927387058735
11.768607451580465
12.047154610976577
12.371519908308983
12.462155433371663
13.057160951197147
13.135686829686165
13.291863237507641
12.75767470523715
13.385345022194088
14.389533750712872
14.355977919884026
13.927341856993735
13.98534228745848
13.408103941008449
13.752720267511904
13.110878514125943
13.320003141649067
12.691200155764818
13.160489464178681
13.719130553305149
13.628854351118207
13.010797776281834
13.347680650651455
13.73665832541883
14.00816009286791
12.86834947578609
13.356800214387476
12.616119848564267
13.115283754654229
13.532912847585976
13.241221745498478
13.164806232787669
13.417645191773772
13.629732098430395
12.880790315568447
13.108381021767855
14.026686385273933
14.073964063078165
13.830646947026253
13.870599990710616
14.585328449495137
15.02408704534173
13.551769095472991
12.934300443157554
13.260841471143067
13.672907000407577
12.496538240462542
13.428098431788385
13.165275127626956
13.890762519091368
14.476764536462724
14.107908859848976
14.6053104409948
14.152554733678699
14.490149540826678
13.29679710790515
13.381266513839364
12.877691853791475
13.077910750173032
12.984705408103764
12.85549916792661
11.767079423181713
13.020101295784116
12.67440901370719
12.168349642306566
12.575431243516505
11.81888421997428
11.692168993409723
12.929260491393507
12.505926775746047
12.96206043381244
13.197682273574173
13.211073815822601
13.234355459921062
13.459645668044686
12.83347734902054
12.750539944972843
13.59956075809896
14.475114511325955
12.646719051524997
12.99683926999569
11.646516975946724
14.35809169569984
12.43324067723006
14.738782420754433
11.12288364302367
14.522025139071047
14.077303043566644
13.526750596240163
14.16896711383015
12.210310804657638
17.427224196493626
16.713816390372813
15.190387905575335
15.857083301991224
16.5265719499439
15.3987339977175
12.44321905542165
13.864127246662974
12.174157267436385
13.0139193944633
13.52039102371782
14.040831874124706
13.565431882627308
13.682971522212029
13.687279800884426
15.488765646703541
12.957559667527676
15.498400142416358
15.559305720031261
12.7482157824561
14.633689456619322
11.183343457058072
12.006849651224911
12.0526271648705
12.007445544935763
11.94048820529133
12.426126041449606
12.87878118827939
12.975151874125004
13.456019032746553
12.67017907788977
12.840498104225844
11.930951153859496
13.176944341510534
12.359993217512965
13.646726954728365
12.947862056083977
11.972969342023134
13.237069685012102
12.589285390917212
12.425895146559924
11.91285044979304
12.724224483594298
12.39784953230992
12.385387564077973
12.611116110347211
12.16851921333
13.815649352036417
13.002059426158667
13.66849604062736
13.749360964633524
14.37070592213422
14.540156874805689
12.957084220834076
12.924116709269583
12.117420194670558
12.680986728519201
13.536812058649957
12.236301762983203
12.943771888501942
13.813202688470483
13.887638726271689
13.133882531896234
12.344859084114432
13.08861576858908
12.900054114870727
13.644932937808335
12.506221919320524
12.275901367887855
11.580419221892953
12.257910544984043
12.599656504113227
12.877444949932396
13.175067340955138
13.02783757634461
12.824801928829402
13.700204625725746
13.022670895792544
13.745472762733698
14.05876402836293
13.653428439050913
12.905183685943484
13.571089473553002
12.021407021209598
12.85659082653001
13.023240958340466
12.933014023117721
12.225316111929715
12.65106934029609
12.954602398909628
12.714637093245983
12.818810838274658
12.448143040761352
13.67019818071276
13.596119282767177
12.605116053950042
13.162653519771993
11.969110703095794
12.17570830322802
12.845698052085936
13.139076012652367
13.799408280290663
13.859954034909606
13.732429472729564
13.635887425392866
13.60935297049582
14.219269477762282
14.612153548747301
14.834845813922584
14.910696259699762
13.387412212789059
13.190404392778873
14.745534513145685
14.299604644998908
14.51027455367148
15.380457782186568
15.337962134741247
15.198320190422237
14.896692940033972
14.876401121728122
13.094097409397364
14.071475878357887
14.619534146040678
14.312594649381936
13.963840407319367
14.37780339550227
14.444288475904614
14.741760964505374
14.390839310362935
15.30250311549753
13.383284429088235
13.800221743993461
12.944785404019058
12.939635454677045
13.654214014299214
13.114430318586528
12.94313932210207
12.986468239687383
13.548479221761227
12.89531115628779
11.996412998065352
13.262870078906417
12.674366615712643
12.144956034608185
11.929798180703074
12.253001212142408
12.26603936124593
12.413770742714405
12.696759348735213
12.585400884971023
12.457898602820933
12.206409837584943
13.056098628789186
12.465502579696476
11.786565937101841
12.422743258066475
12.475605132989585
13.613985921256244
12.442394229117781
13.068531549535692
13.732638874091208
12.431661535054445
12.407773748971522
12.042070420458913
12.465520331636071
12.890373206231743
12.850631655193865
12.728182284161448
13.440797198563814
13.239351998083293
13.752050190232694
13.768960663117468
13.347552387043834
12.6674270266667
12.387249696068466
12.338692339137197
11.695729136001319
12.650715257041156
12.473482468165457
12.784241547808051
12.370406827889383
11.900988517329097
12.23084897454828
12.971371561288834
11.7889240575023
12.329148647841066
12.755790852941573
12.073444331530482
11.48648357577622
12.081763898953795
12.314600175712258
13.149926109239459
11.600908525753766
12.318053014576435
12.71804793830961
13.270745573565364
12.74914591666311
13.666046096011996
13.646281942725182
14.137846271507442
12.674255594611168
12.689646103419363
12.96495403163135
13.736801752820611
14.074207548052073
12.566479872912169
12.81433062069118
12.15556432120502
13.304954964667559
12.725500520318747
11.260098721832037
11.555380358826369
11.80016636569053
11.835599567741156
11.764276244677603
11.543810159433633
11.824043613858521
12.090391886420548
12.505525899585336
12.601209900341928
12.65025408565998
12.676433205604553
12.500742980279028
12.13668420817703
14.17131899856031
12.941752908751369
12.750352162867785
13.851545415818691
13.196080219000578
13.46843483299017
13.525944578461349
13.703175659291446
13.372139134444296
13.784371891990304
13.475659338757396
12.960250843316317
13.22623186931014
13.8589729340747
13.657863155938685
14.394052592106164
14.285209440626204
13.556891424581409
13.758161672390997
13.642313544638455
13.269460189156234
13.429912075400352
13.495151224546134
13.599500641226768
13.462090468034148
13.046220427379012
13.282866016030312
13.536018572747707
13.208119177259505
13.670500803738832
13.21703276783228
14.960868927650154
14.023662018589675
12.066274219658226
13.317187851294875
11.913181222975254
13.289286652579904
12.679503233172
13.277513200417161
13.440200162120163
13.286180810071528
13.245632285252213
13.376531242392957
12.357780200894922
12.328991181217134
12.914482170715928
14.002724766731262
13.480320453643799
13.540387983433902
13.617742707021534
13.771573459729552
14.017636176198721
14.268513605929911
12.756651642732322
12.809152781032026
12.34101335145533
11.518228991888463
12.392075806856155
12.543211668729782
13.938177611678839
11.997238113544881
13.334118156693876
13.305376573465765
13.820034542120993
13.30221753474325
13.155234769918025
12.483086618594825
12.81301020924002
13.978463185019791
12.947737155482173
13.538062599487603
12.94951390195638
12.4017941406928
11.905325678177178
11.922714590094984
11.459230471402407
11.575503519270569
12.593660173937678
12.490673758089542
12.814040306024253
13.011193226091564
12.609883326105773
12.58108936343342
14.096512511372566
13.138624580577016
13.509157160297036
14.767802727408707
12.137452954426408
13.317730151116848
13.837932568974793
14.523068045265973
14.524639999493957
13.31334510538727
12.550210993736982
12.892145808786154
11.393038946669549
11.796699167694896
12.247720497660339
12.205669678747654
12.84452369948849
12.88852650905028
13.823455918580294
13.707631615921855
13.57855222094804
14.816876573488116
13.845582380890846
14.825009616091847
14.285335793159902
14.277292197570205
14.32725396193564
15.217594961635768
15.128213847987354
15.46287993248552
15.937548749148846
15.57461548037827
15.392931764945388
14.950804650783539
13.708026730455458
13.457461698912084
14.271564761176705
14.031729005277157
14.168547815643251
13.857929325662553
14.619015926495194
15.010856943204999
15.841545516625047
15.952686166390777
14.037163216620684
14.216569773852825
14.418979773297906
14.261171543039382
13.540970398113132
12.453641653992236
12.564624884165823
13.280917007476091
12.337513192556798
12.179705804679543
12.383081481792033
13.36202812101692
12.857741211540997
13.06851752474904
13.839709600433707
12.944867303594947
13.74889646563679
13.244862196967006
13.412736822851002
14.596977258101106
14.372643105685711
13.697393158450723
14.645242266356945
14.256053761579096
