38.960344668477774
33.92982208169997
31.629188660532236
29.94785236567259
26.488874780014157
24.526491321623325
22.40314948745072
19.820993220433593
18.67738134972751
17.639601225033402
16.350350668653846
15.467816050164402
19.76033694576472
17.736622842028737
18.07039526849985
38.194581309333444
12.848948136903346
20.94158017076552
11.131868591532111
25.137989979237318
10.89295896794647
13.63153972197324
10.877397697418928
12.508380615152419
17.752237272448838
13.631815666332841
26.309100835584104
11.73079446516931
25.51722090691328
9.381464691832662
30.029128063470125
8.128644994925708
30.1210501473397
46.07741164416075
33.493038235232234
18.262521692551672
36.54849853552878
10.132022998295724
42.93085666000843
27.14053240045905
8.250950301066041
20.977771377190948
34.10629992187023
12.93247615173459
39.680766481906176
9.652571834158152
39.346404522657394
8.766093750018626
41.24678261950612
37.554443372413516
32.8625129815191
52.09458112716675
25.42634935863316
56.72431689873338
24.573923831805587
167.51593212783337
42.72330874577165
48.59487944468856
13.969689919613302
30.649039519019425
16.883536906912923
15.02529326081276
36.09143181145191
13.086931283585727
12.832471926696599
46.99572945013642
9.851514930836856
13.263735570944846
16.396524116396904
16.881253998726606
10.444674065336585
13.67455183994025
10.271375635638833
47.40262245386839
11.62308831512928
58.387479957193136
6.511345063336194
6.414100669324398
5.898890134878457
11.406210447661579
11.792783374432474
11.937745444476604
11.29437582893297
22.35511466022581
9.755630534142256
18.174751273356378
27.362606073729694
12.199806054122746
11.697116299066693
11.688953537493944
9.059324455447495
16.17381959222257
10.828075798228383
17.928144351113588
17.1805438590236
23.89362355414778
12.005986756645143
11.149807549547404
19.24773742351681
12.327348112128675
14.288526086136699
20.36364006344229
22.857063041068614
32.0410336330533
23.994540510699153
35.63777266070247
28.211582792922854
20.918339089490473
23.657311413437128
28.679130613803864
31.986395997926593
36.821273647248745
29.880326995626092
22.184542762115598
22.772643238306046
24.112954504787922
45.14816810004413
30.833981059491634
15.723987387493253
16.7660767538473
25.230076452717185
38.45860403869301
27.29551937058568
26.608554331585765
13.464148846454918
17.846832809969783
15.830745123326778
11.245231091976166
16.47575663588941
10.92959301918745
8.799952120985836
12.627128257416189
11.24224854260683
8.93969650613144
13.457944012247026
11.915233045816422
15.399318300187588
15.262496143579483
7.559379999525845
6.597682367544621
8.377137830015272
12.612247647717595
8.009342649020255
14.028980240225792
24.62283675558865
5.539371396880597
7.966229195706546
5.2257337246555835
5.681113461498171
6.056296748574823
8.248849650844932
8.639419121202081
5.320860378444195
9.52778396429494
9.897098682820797
7.167169181630015
10.95471098087728
7.34498437307775
10.629524283111095
9.727922641672194
8.773844676557928
5.530806275084615
5.264110961463302
5.401969128288329
4.635620604734868
8.317730490583926
7.788337544072419
6.465794989839196
5.31489416398108
11.647032508160919
7.103454959113151
6.315907770302147
5.266022398602217
6.47779902536422
7.686830863822252
8.045059566386044
7.427626503631473
5.957603050395846
7.108297912403941
7.605200185440481
6.145572534762323
7.843903529923409
4.6465672517661005
9.445880178362131
8.332344905473292
8.101019802503288
4.828470046166331
6.177127377828583
6.429459504317492
6.979659806936979
4.60505001200363
6.5014006197452545
7.240847290493548
5.466183667536825
8.469979807268828
7.0921487072482705
8.554006602149457
10.142479167319834
7.346854571718723
7.80429243016988
5.968570648226887
4.813357164617628
5.163486215285957
5.03295479202643
4.437581168953329
16.453165002167225
9.194666288327426
6.42460134672001
5.980222422629595
6.432727235369384
6.304296350106597
9.07895943056792
8.835460462607443
7.9330675709061325
5.387429101858288
11.261703385040164
8.030779791530222
6.131308984011412
5.5362117467448115
7.743929842021316
6.118403752334416
13.24512349255383
7.768263424281031
8.74208143632859
13.0879219872877
7.9189012800343335
6.292559469584376
7.869021255057305
9.951088492758572
5.698452034033835
7.538699003867805
5.056888554710895
7.754257583990693
9.411183997057378
9.064920594450086
7.782611570786685
7.852491172961891
10.968645364046097
11.538898536935449
9.268266913481057
13.843149206601083
7.873842102475464
14.159618126228452
9.145777935162187
11.5917490394786
14.729470755904913
7.150477922521532
18.384497105143964
5.776268139947206
16.384021206758916
11.88941869046539
8.364994443021715
4.618608479620889
9.268217791803181
8.583781819790602
7.941261655651033
5.800196946132928
3.9502744434867054
7.855140123516321
5.424619185272604
7.959268238861114
6.8779739029705524
7.426625716034323
9.553869284689426
5.602712645195425
4.9232606566511095
9.041451218072325
5.775482833851129
16.80605641193688
4.820050854701549
16.33183803781867
18.049820888787508
11.55252411775291
30.37836592644453
22.28500398620963
16.0094480747357
13.266275053378195
9.839028315618634
7.3666877672076225
11.162412726320326
7.7107159504666924
7.108746561221778
12.270245736464858
6.435950838960707
7.08342179376632
9.687020104378462
7.634022203274071
10.095911314710975
13.412922538816929
13.273918073624372
10.885569974780083
12.815843339078128
10.081023964099586
11.024049565196037
25.01468983106315
39.099042588844895
10.309107737615705
10.429520233534276
49.3923752643168
7.99856613855809
5.7971401661634445
10.525584695395082
8.788991400040686
11.57563538197428
12.361062336713076
7.036314893048257
11.534507470205426
13.097878586500883
8.300960616208613
11.097925199661404
24.82940086349845
16.99938758276403
7.236689573153853
70.22631533443928
7.069189484696835
72.78659937530756
28.087774159386754
68.42662653326988
10.190005561336875
83.82627284526825
69.74587772041559
9.642646485939622
5.109530908521265
4.581593601964414
5.962536602513865
9.747929274104536
6.795001422520727
6.65263846796006
7.941399571485817
10.052214453462511
9.875794098712504
8.944528457708657
8.13598739169538
92.78398405015469
8.051078664138913
106.48537600040436
48.401639740914106
112.42346404492855
54.819139428436756
8.801015852950513
43.86314940080047
55.97564373910427
43.769476532936096
39.04355267435312
40.48444228991866
83.56680446863174
51.49217086285353
38.98166859522462
10.245774309150875
44.633091278374195
20.61325386352837
20.12690413184464
17.398324605077505
28.781228929758072
38.47961940616369
110.95636772364378
9.322036027442664
17.494201304391026
13.224870522506535
24.029661456122994
28.001039712689817
50.08270924538374
6.327726830728352
8.29266528179869
6.096541771199554
8.370917451102287
7.9779558796435595
6.797227071132511
9.130819932557642
8.439337385818362
9.076448671519756
7.988511850126088
11.400646907277405
6.848708578851074
6.2613221309147775
8.108143989928067
9.529468034859747
6.630695299245417
15.215053346939385
40.514762330800295
13.537730356678367
6.623139369301498
9.988283389713615
11.888567495159805
10.243737803772092
10.518927582539618
4.352054185932502
5.65943197067827
5.054668007418513
8.145474245306104
6.1974783022888005
7.862334870733321
7.207510264590383
8.242029848042876
6.628792881034315
5.51445495383814
6.33745402097702
10.630294683389366
7.449042227119207
5.853104301262647
11.9613714562729
8.037394167855382
6.570779931265861
9.2417455711402
4.630403637886047
9.98505249246955
7.455619538668543
8.990609595086426
8.076032527722418
7.442104340996593
10.711202886886895
5.808068389073014
5.7396358258556575
4.548750924412161
7.35541972797364
5.996253411285579
6.57186972303316
5.715340595925227
4.348258378449827
6.669376724399626
8.011038282420486
4.113145919283852
7.385834830347449
6.255625396035612
6.2276436348911375
4.349245974328369
3.5763873390387744
4.4337673876434565
7.167420994490385
4.985702626872808
5.113539633341134
4.128692860947922
5.66682167397812
4.733944892883301
6.70211812434718
9.640598490368575
5.294363941531628
7.043108910787851
7.0349063775502145
7.129530623555183
6.2942698071710765
9.977208447642624
4.36933232168667
7.4114664434455335
9.58776372205466
3.977820059750229
7.392245284281671
8.174167720135301
9.11619583889842
7.262465012259781
8.661429294385016
5.7199911354109645
9.777731304056942
11.608300398103893
8.468304357025772
4.464690385386348
4.049250367097557
6.7019505482167006
5.578026853501797
6.727225061506033
6.9516389346681535
7.098263175226748
7.810676953289658
10.410393053665757
8.98492996674031
5.840400526300073
5.966471439227462
5.603669557720423
6.385783527279273
8.216648067347705
6.349822609685361
4.375022581778467
8.58709182869643
6.8427966819144785
3.9707813006825745
8.863792612683028
4.924428412457928
20.816737230867147
5.913873267825693
5.649909703992307
4.986094533931464
5.3873745342716575
4.673065627925098
5.272339174058288
5.197943141218275
5.313666238449514
5.214640432270244
4.644139940384775
4.4528885304462165
4.115037641604431
4.754001508001238
5.162130834069103
5.8902219934388995
6.422528286697343
5.482277345843613
4.754383826861158
4.588764479150996
6.563969230512157
4.9178593850228935
5.194485589163378
5.196298810420558
5.27094382350333
4.6145343005191535
5.112644384615123
4.165740785887465
5.159632057417184
3.553512418176979
6.167038910090923
4.759064876707271
4.0412341428454965
3.5362289492040873
6.379305585520342
6.090952145168558
6.678945465479046
6.202810342423618
9.160150449955836
8.625313724391162
5.409135113935918
3.809944109991193
5.972116357879713
5.433312528533861
7.026941319461912
6.490197031293064
5.919160537654534
6.300420550163835
7.839322526473552
5.785679223248735
3.987561935791746
6.742161861853674
5.986861911369488
6.418099360540509
3.5498494948260486
5.10481796390377
4.192061521811411
3.194120464846492
5.7021748116239905
4.5894778647925705
5.921042585046962
3.326423567952588
6.2812886838801205
4.829366581747308
3.3637568950653076
5.373699132585898
3.2164248474873602
4.56297283899039
5.12026650714688
5.092526457039639
4.830787017708644
5.635726587846875
4.338550959015265
6.37596371723339
3.7286319185514003
3.8806451719719917
3.1898988815955818
3.4828076381236315
2.92852950328961
4.032107350882143
3.305070038419217
8.051715263864025
3.210854509146884
5.034748874139041
4.727747122524306
3.436404881766066
6.767103135352954
3.327528374735266
6.989581044763327
3.8819677266292274
6.618882565526292
4.3664941561874
5.921499997843057
7.247826951090246
4.362421637866646
7.200814132578671
7.924923187121749
7.670406658668071
3.679068829747848
6.604445936623961
8.804770799353719
3.951873864978552
10.408750317059457
3.6132321609184146
3.3171100558247417
3.258812705054879
3.150007677730173
3.0032467388082296
3.2442820919677615
3.262909532757476
3.685710971709341
3.7572969370521605
3.6026636527385563
3.788025819696486
4.5710360812954605
3.5776924225501716
2.9026636374183
5.614375109318644
3.6995756360702217
5.203791209030896
4.14755575498566
6.116777998860925
3.8411995521746576
6.548895561601967
3.7964058369398117
4.706359361531213
4.661989924497902
4.329232470598072
4.553881515515968
4.138231188990176
4.31279480503872
3.9065593788400292
3.1213975430000573
3.6519643226638436
4.154989130795002
4.40366440708749
3.345249969046563
3.771515875356272
3.4347890459466726
3.761809455230832
4.850462411297485
3.242784714559093
5.272648151963949
4.393591453321278
4.844281614059582
3.2814078668598086
4.831957349320874
5.144700885284692
4.466573749668896
4.818382007302716
4.565123812761158
4.840637614019215
5.209760753670707
6.060033508576453
4.523795822635293
7.763036798685789
3.6406087449286133
8.453453726135194
7.336922161048278
3.037912863539532
6.9355414235033095
7.291974413674325
6.986766440793872
6.982661763438955
7.396620161365718
6.246876526856795
7.513546927366406
7.220667767338455
7.34275162871927
4.9555566359777
9.133153470698744
4.793203813256696
9.221674871165305
6.502692300826311
12.67227335460484
4.423979341052473
13.469302149489522
10.018076356500387
18.98165852855891
8.40518641192466
5.601457769982517
7.323654804844409
8.55704820016399
3.099100416060537
9.483218861743808
8.374554106965661
8.272640462499112
3.010112757794559
7.3162709509488195
8.859691948629916
3.8219604333862662
6.922659850679338
10.364086175803095
3.8319179280661047
9.925059455446899
8.745076946914196
8.902978566940874
3.9671420152299106
7.2400639350526035
9.798524735495448
6.092283905018121
3.1555246291682124
3.3937990681733936
3.491016093408689
3.719693484250456
3.8347536814399064
3.3482941915281117
3.350701430812478
4.198289453051984
3.756876749219373
4.95146961370483
3.1001634437125176
3.001396246952936
3.9314745627343655
3.595683737192303
3.9393091266974807
4.214120731223375
4.0789373074658215
3.555105443112552
2.8868439374491572
3.335719762602821
3.3007158373948187
3.7553893399890512
4.187769942451268
3.5128159755840898
4.297953776549548
3.9687495287507772
4.428982547484338
3.5365848187357187
6.434856536798179
2.9885928253643215
4.914637407753617
6.98909721756354
5.08037349069491
5.873747031670064
5.798736380413175
6.329294086433947
5.61365557089448
5.497333547566086
4.464377726893872
6.632693869527429
4.795071450062096
3.8508967445231974
5.395910676568747
5.395847272127867
5.679130915086716
3.760681302752346
6.325889760162681
2.9115875887218863
6.915175212547183
6.2090369602665305
3.985234463820234
6.866327135358006
4.8079883903265
6.566097928676754
5.2367243291810155
3.9843557230196893
5.747752651106566
3.207535364665091
5.6673135191667825
3.7846273919567466
3.1588962653186172
3.638003900181502
3.1998199622612447
3.728687998605892
3.834945503156632
4.001447100192308
3.4469554065726697
3.6413489857222885
4.234361411072314
4.1063830316998065
4.144774007145315
4.714320576749742
5.247265435755253
4.526075870264322
3.395036235684529
3.0256899886298925
4.11092944117263
3.742433320498094
2.990534138865769
4.468610930489376
4.275131498929113
4.362364664673805
4.386753842467442
4.6588632659986615
4.2669782573357224
5.629143408965319
3.9699384635314345
3.8671285370364785
3.991825196193531
4.713028068188578
3.4722555687185377
4.530602179933339
3.912529599154368
3.96262927679345
3.6778562508989125
5.021211116109043
3.7419172807130963
4.410030492115766
4.482290632557124
4.453355562407523
4.924429005943239
4.406170087400824
3.5751963562797755
5.533747615292668
4.245430746115744
3.374382123351097
5.255259190686047
4.463472097180784
4.338532317662612
4.422878280282021
3.5101965297944844
4.491089047398418
3.08809991623275
3.6588992027100176
3.163612349657342
4.327249724883586
3.5420907102525234
3.723849929869175
3.533038199413568
3.633846099022776
3.5098800326231867
3.821406934875995
4.31271120114252
3.54111010953784
3.6473452234640718
4.002082394436002
3.9217511627357453
4.326322854496539
3.6127700125798583
5.160558749455959
5.05934611428529
5.339261089451611
4.351417686091736
4.318442763760686
4.969848844222724
3.850385598372668
3.2369965685065836
4.313866623677313
4.235651845112443
4.22399472258985
3.683159804902971
3.6044977633282542
5.046931168530136
4.013982797507197
4.293503527995199
4.173955780919641
4.295963262207806
4.180200736969709
4.158298800699413
5.156229679007083
4.392245037481189
3.589558142935857
3.869656611699611
4.194933688733727
5.024930898565799
2.970979478210211
3.495024279691279
3.7879509809426963
3.2662407481111586
4.131978757213801
3.692026329226792
4.801619698293507
3.592852470697835
5.186987076420337
3.307748306542635
5.824635025113821
4.561925551621243
6.237498887814581
4.108498580986634
5.138142054900527
5.2724614285398275
4.89785411185585
3.9268010300584137
3.2633654745295644
4.212071309797466
4.049290989525616
5.103985167108476
3.3517431085929275
4.778300098143518
4.565577135421336
4.496656648349017
4.854019061662257
5.149069565348327
5.050781837198883
3.7060212255455554
4.444618000416085
3.998000985942781
4.52952422411181
3.1086295479908586
4.6018152283504605
4.891676793806255
5.991292272694409
4.713820183649659
4.995957373641431
4.430226124357432
3.4784662320744246
5.100660586263984
4.4204638078808784
3.7754450102802366
4.052926139906049
4.786169603466988
5.017299750354141
4.460928215412423
4.32809302280657
4.937866716645658
4.212236171821132
4.557086207903922
4.6965854479931295
4.783190118614584
4.304128473624587
5.645172456745058
4.447324764449149
4.3118202614132315
5.829022174701095
5.346926118712872
4.089811818674207
5.311347054783255
4.358048774302006
5.498987678904086
4.634758624713868
7.229259610176086
5.371089268475771
6.776011956855655
6.9867030354216695
6.176078525837511
4.757532550487667
6.593157937284559
3.3718309374526143
4.348861156497151
4.753712253179401
3.3948853104375303
5.131828713230789
5.062273999676108
6.081729565281421
4.032262133434415
6.148686752654612
6.758793807588518
7.423655528575182
6.166513490490615
6.357989669311792
4.017662554048002
5.641813015565276
5.305643156636506
5.643829753622413
5.050893568433821
3.7625989904627204
6.515888022258878
5.297337218653411
6.731942201964557
5.39470594516024
5.899629388470203
3.988531894981861
6.106335363350809
6.308414104394615
6.1756822457537055
4.797021159902215
5.991907566785812
5.8997750068083405
5.397170240059495
3.148020076099783
6.430026457644999
3.4958166731521487
7.52252608910203
7.824954811483622
7.960306038148701
8.399468721821904
6.3475177353248
7.675253354944289
3.7173866950906813
7.757678158581257
7.1402188604697585
7.914435803890228
7.731596125289798
8.601318660192192
6.522471365518868
7.862833385355771
3.967816955409944
4.582816373556852
4.459145455155522
3.48516598274
4.337822805158794
3.905143211595714
4.249918251764029
3.426765668205917
4.16759119508788
3.711771046742797
4.394934333395213
4.548977678641677
4.215366055257618
4.8693584855645895
3.6048377761617303
4.88382223714143
3.6640661023557186
4.791375164873898
5.459878050722182
4.523842203896493
3.5177000402472913
4.465427173767239
5.606819775886834
5.218183984979987
3.821292015723884
4.288109384011477
4.079845562111586
4.92007076414302
5.164633447770029
4.385833110660315
4.461688078474253
3.795644073281437
4.96956525510177
4.302510577253997
4.128691004123539
3.9420643695630133
3.643903862684965
3.794651689240709
4.832109126728028
3.9025188693776727
4.220124864485115
3.7514611179940403
4.301856002304703
4.660356117878109
5.054868356324732
4.9097984549589455
4.601310750469565
6.2216910077258945
5.07345187664032
4.457514232955873
5.1179512231610715
5.183516247197986
5.4502265471965075
4.296022339724004
5.3973126648925245
4.684281971305609
4.598535214550793
4.400416923686862
4.062903893645853
4.658263649791479
5.704981881193817
4.33093108329922
4.7702279053628445
4.575583934318274
3.6593362279236317
4.812038701958954
4.1828578733839095
4.227419039234519
4.29451576853171
4.1213857140392065
4.228261173237115
4.215572881046683
5.138439896516502
3.606045914813876
4.563114837743342
3.9181175492703915
4.493767138570547
4.2974922973662615
4.414517001248896
4.231597839388996
4.185671692714095
5.132666916120797
4.7764652580954134
3.847602155059576
4.6601837780326605
4.2391151040792465
4.146618288941681
3.8091938639990985
5.161529055330902
4.405933971051127
3.237819998525083
3.7914824690669775
4.7608711095526814
4.120506965555251
3.331305273808539
4.229266471695155
4.430548963602632
3.267660395242274
4.328068740665913
3.272257406730205
4.203863976057619
4.059123936574906
3.1481897570192814
4.310714960563928
3.3323360048234463
4.581854339689016
3.3798063525464386
5.000024510547519
4.0045998566783965
5.29023452848196
5.004456115886569
4.887074140366167
5.2945203660055995
4.85649409564212
4.847078763879836
5.09228509478271
6.351024225819856
4.776981585193425
5.220236931461841
4.807131492998451
6.158038646914065
4.576328807976097
5.475283028557897
3.785322011448443
4.016428933013231
4.582814279012382
4.450664757285267
4.415488892234862
4.91702273581177
3.845259512308985
4.286197883076966
3.8856209779623896
4.389963738620281
3.9015447213314474
3.8800410726107657
4.060745271388441
4.12120370240882
3.4671949890907854
3.433012619614601
3.165971678448841
4.355596178211272
3.9231691116001457
3.773193361936137
3.524584383238107
3.682816565502435
4.255125423427671
4.062423961237073
3.614219780312851
4.39252295345068
3.637936621904373
3.2063592278864235
4.3247931932564825
3.3139518827665597
3.6057867682538927
4.1794268016237766
4.101078664651141
4.505959621164948
3.6945627541281283
4.164792356314138
4.016244218451902
4.38157949433662
4.5176160344854
4.4902639370411634
4.9372893357649446
4.764405206311494
3.802871084306389
4.089517088141292
4.247076194733381
3.412950756261125
3.8187406631186604
3.940744137391448
3.566694465931505
3.8933636406436563
3.4792420398443937
3.7997027030214667
4.305547508876771
4.291329353116453
3.3791999625973403
4.37700551841408
3.1897835053969175
4.915472652297467
3.116638229927048
5.969374294858426
4.6885912551078945
5.128739099949598
6.660637010354549
3.6078668327536434
3.5483588168863207
4.014018218964338
3.7684389159549028
4.213939412031323
4.534978373441845
4.0948954918421805
3.465080913156271
3.618440280202776
3.1389481076039374
3.7349979244172573
3.29908829042688
3.8949411842040718
3.854603693820536
4.31192466430366
3.6202636985108256
4.050840818090364
4.529217801522464
3.863891578745097
4.293744834605604
4.537841297220439
5.055497279856354
4.557528537232429
4.416251415852457
3.523340584244579
4.313765874132514
3.477198915556073
3.3104576193727553
3.733925114152953
3.328130072914064
3.632770957890898
3.960132242180407
3.2350616108160466
4.075353343505412
3.690810467582196
3.060665463330224
3.304170811548829
3.2537228604778647
3.560573633760214
3.1209949450567365
3.230856514070183
3.6475075664930046
3.2836853289045393
3.817140281898901
3.355992095079273
3.356245747068897
3.67395761446096
3.812239839695394
4.0335759609006345
3.6686725676991045
3.2743650223128498
3.709678642451763
3.738898505922407
3.242128032958135
3.8231490748003125
3.81028911517933
3.337736555142328
3.415097344201058
4.409080247860402
3.5835544478613883
3.999610765837133
3.38683290197514
4.194596162065864
2.9853394718375057
4.409618045203388
3.152459906414151
3.649061811855063
4.318213546648622
4.749658751767129
4.396348672918975
4.329225015360862
3.214115678332746
4.684777967631817
5.181479092221707
4.875828285235912
3.3371975859627128
4.438911706209183
4.080381435807794
4.611587197519839
5.035572379361838
4.6594186699949205
4.289246784988791
4.491171244997531
4.381761804688722
4.9105014889501035
4.573277999646962
4.22250764304772
6.982611034996808
4.147001734934747
5.885078163351864
5.584471998736262
3.5007806322537363
5.107234484050423
5.421294576488435
6.280892168171704
5.720719515811652
3.5900430134497583
6.302617317065597
5.411181989125907
3.7401061272248626
4.574819838162512
6.268856759183109
5.916346552781761
5.193898610770702
5.881899446249008
5.8430028622969985
5.198390282690525
5.962078085169196
4.2658866085112095
4.4282336239703
4.742355529218912
4.980349344201386
6.429088233970106
3.605365331284702
7.538851177319884
7.362124149687588
3.2667522435076535
7.370303316041827
3.6425230600871146
3.959756938740611
3.8636764497496188
3.4969606907106936
3.391422221902758
3.129517290741205
3.618369534611702
4.439872491173446
4.09339527413249
3.2437851796858013
3.9887360790744424
3.4346587548498064
3.780955772381276
3.1547004703897983
4.800667157396674
3.333200084976852
5.309197204187512
5.69855291210115
5.728251882828772
5.1759072272107005
5.35494486335665
3.9681743257679045
4.517436577938497
4.124817851930857
4.240418204572052
4.443075051065534
4.724809236358851
4.76477498235181
3.9891257993876934
5.0545110534876585
4.075200834311545
4.919598063919693
4.87376538105309
3.9986070482991636
4.490580846555531
3.507546422537416
4.456466779578477
3.8417217968963087
4.582244829274714
2.9817908697295934
5.587035991251469
4.4731537932530046
4.7441801289096475
4.369312790222466
5.789452606346458
3.9278498543426394
3.433632079511881
5.301047269254923
4.831401097588241
3.559975828975439
3.64028824493289
4.130582359619439
4.056303552817553
6.027253586798906
5.217259557917714
3.384403706062585
6.1004667626693845
6.2047559302300215
2.982342620845884
3.405961784068495
3.405663259793073
3.793887452222407
3.884458460379392
3.9106312193907797
3.585887957829982
3.995972775388509
3.6418986273929477
3.558398668654263
3.89188650297001
3.5918875094503164
4.420390103477985
3.4492172091268003
4.29770844290033
4.410465253982693
3.964023890439421
3.8473379355855286
3.809865369927138
4.364013729617
4.435086814220995
4.191333284601569
4.365028818137944
4.064155216794461
3.6649865503422916
3.367003935854882
4.72909586597234
3.350527169648558
3.7785345376469195
3.5813336735591292
3.7590238510165364
2.967777711339295
3.3481459822505713
3.0738063962198794
3.3413569626864046
3.007145617622882
3.571912294719368
3.2058743685483932
3.3342556953430176
2.9372594468295574
3.962822019122541
3.343182996381074
3.493362939916551
3.3047328693792224
3.486312489490956
3.3684975509531796
3.3576152375899255
3.5825647432357073
3.315411405172199
3.379839542787522
4.025735402479768
3.8324341531842947
3.6943517979234457
3.944025296717882
3.5812710309401155
3.649666576180607
3.4842214826494455
3.7633299552835524
3.834603381343186
3.704273099079728
3.500884491018951
3.4937468911521137
3.4630959562491626
2.9794728397391737
3.9457919192500412
4.330003085080534
3.7173206456936896
3.765286604873836
3.6156629496254027
4.2262022639624774
3.337389675201848
3.823029177263379
3.7706185993738472
3.581459793029353
3.670511326752603
3.9192677377723157
4.046521855052561
3.5325186657719314
3.671280322596431
3.6790287801995873
3.9644118938595057
3.5200504092499614
2.8609763423446566
3.7771706972271204
3.361852672416717
3.8709860467351973
3.8024260993115604
4.15267273504287
4.036388022825122
4.225415031425655
3.888238346669823
3.912928142119199
3.982129781972617
4.003579854499549
3.955775272101164
4.251810738816857
3.4170242762193084
3.9672014373354614
3.306555144255981
3.2664284927304834
3.3990630018524826
3.510775570292026
3.311929191928357
3.769441715441644
3.9397562337107956
4.163889789488167
4.104311265517026
3.9856589450500906
3.6011599292978644
3.581896787509322
2.789052535779774
3.904858285561204
3.9742988543584943
3.806535626295954
3.707603408023715
3.578445005696267
4.041577499359846
3.937054959125817
4.055116875562817
3.37274614488706
3.295982529874891
4.055406449828297
3.2984272523317486
3.5120079619809985
3.5524648488499224
3.588525607250631
3.312788295093924
3.486862836871296
3.5495446817949414
3.484853387111798
3.664028948172927
3.5789346643723547
3.5140398694202304
3.514303183183074
3.9780590552836657
3.3155671185813844
3.259379758965224
3.6794450683519244
3.8552695806138217
3.243008774705231
3.6600394677370787
3.7893855865113437
3.8914548875764012
3.657678230199963
4.210416205227375
3.8679488198831677
4.405392927117646
3.5960129727609456
4.642217124346644
4.567861024290323
5.014588215854019
5.123018220998347
5.041596514172852
3.576130449771881
4.6225882531143725
5.762776719406247
3.2512885415926576
3.1447015390731394
3.1979336733929813
3.9817450400441885
3.5816364218480885
3.605746445246041
3.8371868669055402
4.168985512573272
4.101030287332833
4.016562680248171
4.049281016923487
4.132209134288132
4.147609111387283
4.825752715114504
4.4281300264410675
5.002558612264693
3.332353831268847
3.4102084790356457
3.4828900676220655
4.1901234947144985
3.5374330887570977
3.452444955240935
3.763952902518213
3.281916315900162
3.170188836287707
3.602326565887779
4.0426144558005035
3.483223658055067
3.163442015880719
3.480950191617012
3.576790578197688
3.8781861076131463
3.309614477911964
3.375292577315122
3.7511427477002144
4.549189330078661
3.772937541361898
3.713582953903824
3.655060663819313
3.563144313171506
3.8797935657203197
3.3857040144503117
3.2718113027513027
3.7250572638586164
4.167017722968012
4.350530532654375
4.716063877567649
4.096043374855071
3.833453619852662
3.8593215229921043
3.452170800883323
3.4918037834577262
4.2225504401139915
4.247535913717002
4.533065146300942
4.431879493873566
4.330994260497391
4.309959378093481
4.0299392766319215
5.161583099048585
4.650571059901267
4.893510561902076
3.7055801856331527
4.056433413177729
4.024103770032525
4.636484552640468
3.878500852268189
5.106356899719685
4.707388227339834
4.954570744652301
4.934324921108782
3.992920612450689
4.216520452406257
3.7212571683339775
4.177651036530733
3.6456912383437157
3.8140284814871848
3.7830982343293726
3.6029488663189113
3.604275362100452
3.8622261388227344
3.4933404130861163
3.6258232286199927
3.786576363723725
4.126791988499463
4.179190586786717
4.062094336841255
3.578447420615703
3.4454485224559903
4.317616370040923
3.808866619132459
3.7257786369882524
3.8847107961773872
3.8981162258423865
4.17929812381044
4.078159431926906
3.5926992250606418
4.393038621172309
4.417405641172081
3.9299627663567662
4.4373645186424255
3.6885511772707105
4.698344880249351
4.468935349024832
4.855082944501191
4.235121594276279
4.705973936710507
4.1481054103933275
5.124216971453279
4.9969824138097465
4.3506647082977
4.295144734438509
4.725101238582283
4.023074770811945
4.602615976706147
5.100610508583486
3.8733008545823395
4.878778423182666
4.206000851467252
4.757304554339498
4.369063813239336
4.071664954070002
4.373566241003573
4.18753931298852
4.506590178702027
4.952046574559063
4.021254918538034
5.522487977519631
5.145234662573785
4.205983765888959
5.15857763774693
3.8935344950295985
4.931178397033364
4.961966034490615
6.113159496337175
5.816334303468466
5.31390725215897
4.028292634990066
5.271272518672049
4.84363543568179
4.731696920469403
4.948452646378428
5.330505120567977
5.096511650364846
4.222903575282544
4.402139637619257
4.0838831420987844
4.43753273319453
4.148579249624163
4.650178900919855
4.401235335506499
4.951787591911852
4.92133533814922
4.195285065565258
4.115299153141677
5.337474471889436
4.855109442491084
5.262657258659601
5.226154061965644
5.182156622409821
4.347163382917643
4.287023179233074
5.449700936675072
4.694428912363946
3.7079117922112346
4.780463510658592
5.268565964885056
5.052277956157923
4.417159477248788
5.053689545951784
5.260164647363126
5.06496947305277
4.598713657353073
4.754985169507563
5.32739186193794
4.295783467590809
4.0343171008862555
4.285223558545113
5.130128091201186
5.690691675059497
5.010928322561085
4.8551864651963115
4.785895338281989
4.5960190910845995
4.930251308716834
4.634316704235971
4.423459455836564
4.15729670599103
5.1526337917894125
5.084290221799165
3.8874223646707833
4.033329977188259
4.0310725923627615
4.981332064606249
4.486976858228445
4.584517627954483
4.407722815871239
4.6496536820195615
4.525470248423517
4.436898333020508
4.856267800554633
4.676216878462583
5.107613045722246
4.781333581544459
4.648283511400223
3.596043766476214
4.35849089268595
4.477568989153951
4.1223148121498525
3.6976652746088803
4.631725802086294
4.148472091183066
4.274361567571759
4.390315839089453
4.275611469056457
4.367097253911197
3.930670788511634
4.42875350266695
5.752639561891556
3.7607124485075474
4.170514799654484
4.597962470259517
4.484238161705434
3.9114200831390917
3.8014214443974197
4.924928033724427
4.251957402098924
4.717341898940504
4.410458509344608
4.368657439015806
4.4234773167409
4.729674938134849
4.148235436528921
4.9335409491322935
4.756465572863817
4.657081928104162
4.306007297709584
4.474297631997615
4.1523023983463645
4.168709795922041
4.734846420120448
4.393296263646334
4.992644881829619
4.6393479919061065
4.76806892035529
4.946861763484776
4.186552247963846
5.108867495320737
4.528873261064291
5.070407363586128
4.994082232005894
4.551970980130136
4.948768897913396
4.21642395388335
4.6132872248999774
3.5595452077686787
4.7566520143300295
4.731764409691095
4.5742113455198705
5.165053493343294
5.075278591364622
4.467966354917735
5.09218530729413
4.823410207871348
4.425935050006956
4.739061223343015
4.643951926380396
4.57186693418771
4.625839318148792
3.805322414729744
3.946774567011744
4.553659536875784
4.428415359463543
5.215878346003592
3.948254051618278
4.084823951590806
3.870061648078263
4.888403827790171
3.6550667355768383
3.6143086925148964
4.059581897221506
3.6722869127988815
4.1121624880470335
4.205298370216042
4.7017372054979205
4.347733431495726
3.9309866526164114
3.998997673857957
3.789112664759159
4.256968295201659
3.8052733689546585
4.345942618325353
4.098295942880213
4.375201328191906
4.316504660062492
4.623126174323261
4.264030437450856
4.544852572493255
4.473002081271261
4.6970622395165265
4.250485400203615
4.598288909997791
3.6171815167181194
3.8741428814828396
4.025369394104928
3.7428242787718773
4.158858186099678
3.641372594051063
3.81555303465575
4.343904931563884
3.6133186337538064
3.4930965276435018
4.98790782969445
4.206166531890631
3.9699690411798656
3.7635764903388917
4.115716777741909
4.382901872508228
4.263785293325782
4.205539971590042
4.858249511569738
3.8868962954729795
4.224623097572476
4.117247161455452
5.261052415706217
4.488587964326143
4.547224131412804
4.477386363316327
5.160539981443435
4.500326176639646
4.618734674528241
3.66021249582991
3.767899978440255
4.162652689032257
3.521039392799139
3.9918478108011186
3.370205736719072
3.6966029345057905
4.180761321913451
4.151645863894373
4.032598563469946
4.4845073581673205
4.08585549518466
3.6920535643585026
3.9651151411235332
4.247250586282462
4.635009712539613
4.620784630533308
5.270485082641244
5.13401223346591
4.524138416629285
4.058364564552903
4.006305307615548
4.3965389165095985
4.690883249975741
4.582202764227986
4.395996920298785
4.3116933004930615
4.122135054320097
4.866204391699284
4.34553345059976
4.605244423728436
4.438190301414579
5.095968837849796
4.668479106854647
4.699566806200892
5.2835076646879315
4.546363820787519
4.623986838851124
4.304034428671002
5.004652383737266
4.635544162709266
5.095334656070918
4.89325563237071
4.3951858771033585
4.525174004025757
4.980270462110639
4.842500317841768
4.042157597839832
5.341705597471446
4.780650734435767
4.863063040189445
4.900348893832415
4.272630848921835
5.264423902146518
5.460275043733418
5.545916851609945
4.946842026896775
4.715405590366572
6.0732369208708405
5.07044115755707
5.049550379626453
4.988832192029804
5.514736466109753
4.462621581740677
4.875066546257585
4.762082011438906
4.951191756408662
4.8381917625665665
5.1779818227514625
4.336494221817702
5.140879123471677
4.208670738618821
4.829537706915289
4.56476128147915
5.058228776790202
5.0621340605430305
4.43290578853339
4.190773484297097
4.2797981053590775
5.906177329830825
5.275340589694679
5.1739321341738105
4.97982209129259
5.104063952807337
5.0050911996513605
4.894028349779546
4.970326842740178
4.216778840404004
4.260325531940907
4.691233483608812
4.600359575357288
4.950089345686138
4.452846311498433
4.317568786907941
4.012992559932172
4.389776164200157
4.904773596674204
4.246001781895757
4.0551355155184865
4.784442452248186
4.516077785752714
4.029122039675713
4.643010734114796
4.790755555033684
4.856264409143478
5.446049436926842
5.038438372313976
5.552210941910744
4.57088235905394
4.849402696359903
5.08008723706007
4.57308005169034
5.073434887453914
3.935864435043186
4.692089814692736
4.201011976227164
4.216731579508632
4.6561455354094505
3.914620649535209
4.2463461039587855
4.405899837613106
4.301385602913797
4.563183245714754
4.317040672060102
3.9227215191349387
3.948522550519556
4.617768750991672
4.410099814180285
4.273848311044276
4.216996708884835
4.320770860649645
4.4902667216956615
4.944699821062386
4.618326940108091
4.51887543965131
4.681460794061422
4.870742945931852
3.8877711198292673
4.425150057300925
4.693691683933139
4.60571295209229
5.167834245599806
4.718586691655219
5.102755309548229
4.534477029461414
4.038006237242371
4.502923572901636
5.169913663063198
4.554643575102091
4.7572176065295935
4.684066284447908
4.431722740177065
4.455329434946179
4.318086254410446
3.6313511095941067
4.178723950870335
3.6371587179601192
4.545465019997209
4.220002882182598
4.213755834382027
4.205117886886001
3.9412409090436995
4.264518193900585
4.104026569053531
4.539252936374396
4.448410544544458
4.39119056193158
4.339464098215103
4.584183426573873
4.529208227992058
4.701708610635251
4.7695525055751204
4.813433391042054
4.136276970151812
4.667473495006561
4.973809391725808
4.590448575094342
5.236988072283566
4.839704687707126
5.128726546186954
5.039073958527297
4.962376940064132
5.5958965346217155
5.413585708476603
4.285752856172621
4.217166856862605
4.5284974947571754
4.8678210261277854
4.133670849259943
3.8776371935382485
3.9057350922375917
4.0630364045500755
4.159456797875464
4.296893953811377
4.8845827570185065
4.5704241641797125
3.7691946728155017
4.615269490052015
4.542763311881572
4.974285668693483
4.42443535476923
4.017971289344132
4.77696370286867
3.996040950063616
4.288160269614309
4.395036299247295
4.10439044656232
4.22981647355482
4.509660859592259
4.198923904914409
4.105315099935979
4.573661003261805
3.7514693485572934
4.344206532929093
3.5821846961043775
4.47746350383386
4.642563845962286
4.496108459774405
4.929484244436026
4.29039893578738
4.6650048373267055
3.952022553421557
3.905392235144973
4.066868532914668
4.008229174185544
3.9423970570787787
4.550540060736239
4.314475928898901
4.5078430459834635
3.92737156804651
4.116539437323809
4.780886824242771
4.230834048241377
4.493466398213059
4.32377014355734
4.291557777673006
4.915633908007294
4.990805199369788
4.78294608136639
4.72090100357309
4.422514914534986
4.627545582596213
4.420828159432858
4.509046355262399
4.668933244422078
4.312850852962583
4.1110670464113355
4.24751904187724
4.238478917628527
4.418773754499853
4.486903285607696
4.545356375630945
4.634568032808602
4.5090735508129
4.561204684898257
4.165688847657293
4.43230216903612
4.162112366873771
4.7764191487804055
4.922696566674858
4.753279957920313
4.57967031467706
4.692952586803585
4.58858543401584
4.500728148967028
4.799065226688981
4.7737857066094875
4.675332874525338
4.227035969495773
4.248369360342622
4.621989411301911
3.9532753308303654
4.896178975235671
4.923507610801607
4.375690403860062
4.632229326758534
5.027558372355998
4.979449956677854
4.543683448340744
4.485507793258876
4.341643507126719
5.32457617809996
5.313298827037215
4.852158538997173
4.7122555477544665
4.646425801794976
5.370064685121179
4.988578669726849
4.48591047199443
4.69464902440086
4.287146456539631
4.47002617130056
4.978322514798492
4.936525377444923
4.573135834187269
4.746012622490525
5.224099361803383
4.384967751801014
4.982393495272845
4.234337397385389
3.981081364210695
4.643381325993687
4.625538897700608
4.5246901656500995
4.535626740194857
4.708567755296826
4.376298459246755
4.7560619954019785
4.882634858135134
4.531506483908743
4.3122141170315444
4.087622052524239
4.658379828091711
4.545636860188097
4.362173374276608
4.102365070022643
4.744836114346981
4.846246345434338
4.582138765603304
4.578603338915855
4.689862160012126
4.420502545777708
4.355737518984824
5.158492315560579
4.985024269670248
4.753898146562278
4.595847475808114
4.774969058576971
5.721796464174986
5.5109196761623025
5.206248706206679
5.480274709872901
5.730579131282866
4.991107437759638
4.632380815688521
5.039348844904453
4.517452543135732
5.245940646156669
4.611836802214384
4.356358482502401
4.660272002220154
5.647308534011245
5.739490174688399
4.410337110050023
4.4336868221871555
5.323506605811417
5.4927883381024
5.391793039627373
5.341038635931909
4.848478953819722
5.264260235242546
5.5730538116768
4.751938702072948
4.393854666966945
4.464521677233279
4.595991323702037
4.3872496373951435
5.085530204698443
4.630486322101206
4.856492615304887
5.16569885564968
3.9569883635267615
4.063675513025373
4.639813341200352
4.865820169914514
4.243432684335858
4.324108273722231
4.7183054042980075
4.2914441409520805
4.324303740635514
4.7744160471484065
4.627756936941296
4.980595880653709
5.265062496997416
5.138470062520355
5.2924118507653475
5.1250008111819625
5.476442042738199
4.796939573250711
5.294303582981229
4.9415278267115355
5.524025249294937
5.235480693168938
4.993299371097237
5.118696465622634
5.194953346159309
4.894993515685201
4.270619469229132
4.705282805021852
4.644185304641724
4.634750181809068
4.995708700735122
4.836195586249232
4.710799657739699
4.936290583573282
4.955040350556374
4.802621295209974
4.803273958619684
5.657124697230756
5.275582077912986
5.0461387522518635
5.382065501064062
5.039081654977053
4.965642682276666
4.723880855366588
4.93793754093349
4.465796067379415
5.34155657608062
5.39119926886633
5.586093948222697
5.922700623981655
4.48229624517262
5.032036335207522
5.481621975079179
5.6985996179282665
5.907615732401609
6.3082223972305655
6.697188623249531
6.148884125053883
5.989111194387078
6.058493617922068
5.6124457605183125
5.794640496373177
4.817678032442927
4.617495318874717
5.585978824645281
5.273549782112241
6.27109750919044
6.0689081298187375
6.4885011008009315
6.38849407620728
6.48661773186177
6.028172998689115
6.253243215382099
4.783779106568545
5.327838657423854
5.225864260457456
5.786890545394272
5.1586092272773385
5.615476658567786
5.080108964815736
5.367712285369635
5.337406260892749
5.011885641142726
5.422642900142819
5.7370470110327005
6.054312175139785
5.834820888005197
4.9148315279744565
5.000135708600283
6.0635553654283285
4.840660045389086
5.714503046125174
5.050185195170343
5.432576957158744
5.5837666522711515
5.604018441401422
5.354705727659166
4.952237001154572
5.441336452029645
5.337707746773958
5.435390930622816
5.2867166344076395
6.2051127487793565
5.9386156322434545
5.0972631885670125
5.822646460495889
6.583251181989908
5.572028684429824
5.464851222001016
4.361364293843508
4.867841612547636
5.2455394910648465
4.730746333487332
4.8602115996181965
5.6514638643711805
4.833747723605484
4.758201216813177
5.2676854357123375
4.658658121712506
4.814306932501495
5.105749688576907
5.204735124483705
5.464254728518426
5.00682018045336
5.120112934149802
5.231378646567464
5.410351729020476
4.799183903262019
5.002201158553362
4.479779878165573
5.174101009499282
4.430792299564928
5.122433095239103
4.987779856659472
4.984723809175193
4.509408389683813
4.8176545817404985
4.495007325429469
4.973384590819478
4.25492928782478
4.471007315441966
4.360629593487829
4.695294018369168
5.112264106981456
5.410288550425321
5.0454199919477105
5.250553946942091
5.30275020794943
5.397215869277716
5.312977430410683
4.855070861056447
5.2519214525818825
4.7637427700683475
4.654448772314936
5.45067946286872
5.337583491578698
4.984326123725623
5.051092939451337
4.659852813463658
4.959282375406474
5.239696953445673
5.023643173743039
5.481310363858938
5.282473988365382
5.355254443362355
5.300730851013213
5.002978418022394
4.690695047844201
4.62818341050297
4.9673116793856025
4.989547674544156
4.659636149182916
4.728807175066322
4.753583440557122
4.796144510619342
5.408741742838174
4.805880594998598
4.514653597958386
5.040088031440973
3.991348567418754
4.271146976388991
4.334015287924558
4.385936928447336
4.041587219107896
4.182634366676211
4.198790885973722
4.203056192025542
4.22353117633611
4.025284037925303
4.671455500647426
4.28769930684939
3.990745462011546
4.102854631375521
3.892488543409854
3.8127852268517017
4.046619196888059
4.784234279766679
4.47678087092936
4.503832252230495
4.371663335710764
5.3373061921447515
4.411527615040541
4.957858765963465
4.56563161034137
4.7326338780112565
4.264308949001133
4.717798490542918
4.282290834933519
4.438614058308303
4.357539142481983
4.697127448394895
3.9229763112962246
4.8288557175546885
3.850648204330355
4.404099100269377
3.9500111220404506
4.209213132970035
3.764540296047926
3.818188389763236
4.06839652126655
4.99581071222201
3.9479206199757755
3.943728351034224
3.9010820258408785
4.147964700125158
3.9018793366849422
4.185349006205797
4.181461231317371
3.931063937023282
3.9453450702130795
4.3629258698783815
4.888655670918524
5.713286181911826
4.032283215317875
4.219352327287197
4.141773509327322
4.309177407063544
4.627781996503472
4.3379805139265954
5.187246039509773
5.491082835011184
5.5381784569472075
4.902871762868017
4.9404065273702145
4.757123583927751
5.207229229621589
5.140438137575984
5.335250910371542
4.798222024925053
4.218395561911166
5.09352749818936
4.6040157079696655
4.738366060890257
4.539638783782721
4.571854264009744
4.49149432266131
4.638421933166683
4.405891883652657
4.3738272013142705
4.983992890454829
4.34585247002542
4.212714919354767
4.132760355249047
5.062979051843286
4.379792300518602
3.965112851932645
4.7098703579977155
4.264089836273342
4.461379300802946
4.20420737657696
4.08659074595198
4.603017424698919
4.749085243791342
4.695783167146146
4.393751517403871
4.386780956294388
4.1083169570192695
4.379479182418436
4.4433214967139065
4.88406481128186
4.580199393443763
4.682474717497826
4.2219419702887535
4.077548027038574
4.149536876473576
4.272322196979076
4.389632208272815
4.295525500550866
4.123310850933194
4.6115963673219085
5.137593236751854
4.904395584017038
4.883815845474601
4.864273865707219
4.380663312971592
4.476935564540327
4.481973524205387
4.694618681445718
4.2801418970339
4.514386314433068
4.305464675184339
4.5388229582458735
4.3909980254247785
4.407051097601652
4.823268922511488
4.6470648907125
4.8908213772811
4.302040699403733
4.112952044699341
4.297118993010372
4.564364235382527
4.087547626812011
4.70599471218884
4.680733195506036
4.151008492335677
4.511894626542926
4.539538417011499
3.9143324801698327
4.0236166110262275
4.3388379430398345
4.557279051281512
4.508084673434496
3.876032701227814
4.019499984569848
4.177118978463113
4.163353427313268
3.958678108640015
4.590847223997116
4.132379971444607
4.218544344883412
4.167813893407583
4.612280867993832
4.286776918452233
4.395802277140319
4.475335532333702
4.904461547732353
4.729046736843884
4.086150613147765
4.322366799227893
5.25832792557776
4.476521494332701
4.796402361243963
4.301876390352845
4.688619138672948
4.117411786224693
5.033296265639365
4.709750911220908
5.101830072700977
5.210402772761881
5.544311153702438
5.449483319185674
5.357846962288022
4.478996322024614
5.305761232506484
4.86892010550946
5.144800097681582
5.320978379808366
4.439236089587212
5.263938745949417
5.397834865376353
5.505175330676138
5.669077263213694
5.663328836672008
5.529545198194683
5.668997533619404
5.104490858502686
4.522861912380904
4.712947643361986
5.133498738985509
4.008243548218161
4.92360263178125
4.4075785665772855
4.305794931482524
4.127737920265645
4.359903380740434
4.285310100764036
4.681305048055947
4.726096572820097
4.90639793407172
4.9639254049398005
5.089540443383157
5.645312687382102
5.21589463762939
5.083847917616367
4.619538414757699
4.604971076827496
4.36100867157802
4.161352864466608
4.679278962314129
4.839594434946775
4.879061374347657
4.908715643454343
4.974924519658089
4.3820287408307195
5.346308624371886
4.975303763058037
5.483651674352586
5.722092030569911
5.759220156818628
6.423652450554073
5.899453424848616
5.5624912939965725
5.348552716895938
5.572051563300192
5.108767808414996
4.934297081083059
4.230458397418261
4.697903124149889
4.318809275981039
4.13863033708185
4.768057023175061
4.458851245697588
4.71398647967726
5.025873692240566
4.565587978810072
4.47222048509866
4.543028068728745
4.56583627127111
4.803582582157105
5.139529574662447
4.669708698987961
4.475205525755882
4.609603053890169
4.687891238369048
4.725581519771367
4.434374034404755
4.6459945435635746
3.9919261881150305
4.632421521935612
4.577517043799162
5.040651887655258
4.284293277654797
4.736014017835259
4.37416537059471
5.154709013178945
5.100620281882584
4.54268127027899
4.618363261688501
4.9012002078816295
4.838288185186684
5.343083668500185
4.653722112998366
4.955677364952862
4.437006070278585
4.386623321566731
4.692165520973504
4.753268287051469
4.704520787112415
4.3485725983045995
4.827658399473876
4.652581586968154
4.531384599395096
4.591347214765847
4.219169704709202
4.537484805565327
4.672338537871838
4.455916511360556
4.43341722805053
4.326873088255525
4.440226471051574
4.085359096061438
4.0655401749536395
4.364915395155549
4.149268733803183
4.19167888443917
4.589404545724392
4.64373966306448
4.798120331019163
4.4887706730514765
4.707780520431697
4.672276678029448
4.5519693391397595
4.583249491173774
4.87568519776687
4.667588968295604
4.975799012929201
4.660089556127787
4.676310841925442
4.753398888278753
4.449667451437563
4.850368179380894
4.5490273321047425
4.843172268476337
4.377489031292498
4.656074985396117
4.0296441884711385
4.832944150082767
4.596808084752411
4.778066596016288
4.0700876750051975
4.454172584693879
4.375076306052506
4.6480609299615026
4.6058353912085295
4.646613550838083
5.125348137691617
5.386721812188625
4.7042370387353
4.867800109088421
5.11381633207202
5.2272172421216965
4.1294113784097135
4.959462029859424
5.8741516107693315
5.07015513908118
5.9995725797489285
5.728474313393235
5.107514258474112
5.702429076656699
5.5186425293795764
5.0676213866099715
4.994092220440507
5.730216888710856
5.0691438228823245
5.189252495765686
4.558732479345053
5.0469940174371
4.301138171926141
5.011592409573495
4.580545352771878
5.509573474992067
4.870481283403933
4.841476469766349
4.9107457138597965
5.268345155753195
5.013258357532322
5.585246871225536
5.275068266317248
4.95352259837091
5.3142055189237
4.5303868358023465
5.157904834486544
5.069102227687836
4.795395333319902
4.578108300454915
4.651905598118901
4.743157339747995
4.5701310047879815
5.177939503453672
5.396442110650241
4.495504314079881
5.083259344100952
4.576552362181246
4.7325537810102105
5.297649078071117
5.070059449411929
4.92422919627279
4.722377232275903
5.6538713136687875
5.275163201149553
5.122006024233997
4.412189472001046
4.641836287453771
5.268325764220208
5.500493797939271
4.3870431943796575
4.613128600176424
4.884256376884878
4.547423805575818
4.097327896859497
4.147258382756263
3.9363586213439703
4.336897079367191
4.543640059884638
3.9625622336752713
4.453868625219911
4.864439920522273
4.195930628105998
4.4028924545273185
4.215788547415286
4.058154965285212
4.140104962978512
4.560930498410016
4.374797448050231
4.760994058568031
4.622157427016646
4.40936725679785
4.460066936444491
4.4191705216653645
4.3861865173093975
4.259414284024388
4.586065032053739
4.640978493727744
4.447598529513925
4.2170109818689525
4.692085939925164
4.310337731149048
4.707394497934729
4.316863307729363
3.949666488915682
4.73798203933984
4.177859365008771
4.749124504625797
4.3156748418696225
4.689048105850816
4.7866304577328265
4.606412583496422
5.228758658282459
5.363628796301782
5.505336254835129
5.190853948704898
4.844415872823447
5.337379985488951
5.646537968888879
5.272759752348065
4.686179322190583
4.151107305195183
4.0949774738401175
4.3130610762164
4.114232495892793
4.038854181300849
4.675771504640579
4.380165123380721
4.507207382470369
4.753007437102497
4.627540782094002
4.840618953574449
4.90664142742753
4.884032947476953
5.225563138723373
4.90375766530633
4.864714553579688
5.2306969366036355
5.18769072368741
5.264760348945856
4.641296993475407
4.857703120447695
4.984634189866483
4.9055032739415765
5.155869677662849
5.013113882392645
4.839075976982713
5.122281388379633
4.721628096885979
5.004894648678601
5.08448530966416
4.6605252949520946
5.041731690987945
4.567890463862568
4.2037528664804995
4.61736629717052
4.359734260011464
4.645385743118823
4.738648145925254
4.202834913972765
5.457907592877746
5.084778062067926
4.707981331739575
4.946623228490353
4.806752094998956
4.787043216638267
4.938179166987538
4.51128640724346
5.3385456232354045
4.238636429421604
4.205322215333581
4.218602587934583
4.9597066403366625
4.6207554950378835
5.062963450327516
5.352717354893684
4.83332522213459
4.897992642596364
4.5671443729661405
4.601022808346897
3.973449284210801
4.900079347193241
4.444626422598958
4.595828596968204
4.188426872249693
4.271758519578725
4.744696302339435
4.535099245142192
4.368343874812126
4.4562487551011145
4.290268154814839
4.342377704102546
4.696029332932085
4.422890950459987
4.765814763493836
4.744547218549997
4.2331281076185405
4.721512028947473
4.59029414691031
4.644055563490838
4.337411742191762
4.04233982693404
4.331997879315168
4.608415432740003
4.786677668336779
4.778409648220986
4.218593880534172
4.433011299930513
4.513372582383454
4.8279759688302875
4.864506110548973
4.799996993504465
4.324440122116357
4.400221134535968
4.720181412994862
4.178753783926368
4.213979388587177
4.530596053227782
4.533357722684741
4.32961263647303
4.326917446684092
4.13524672575295
4.531899411231279
4.601534880232066
4.021215153858066
4.488153255544603
4.44748278753832
5.1685208436101675
4.755075579509139
4.916227532550693
5.040090432390571
5.283532491885126
4.952227568253875
5.162236779928207
4.748825738206506
4.585970955900848
4.545725812204182
4.381744070909917
4.421242251992226
4.5376760475337505
4.17644499335438
4.7877753507345915
4.361559171695262
4.554853613488376
5.0048208478838205
4.328053392004222
4.741543678101152
5.208080714568496
5.2587055610492826
4.8283228315413
5.457133392803371
5.040261500980705
5.254689562134445
5.023591340053827
5.272615590132773
4.9700857838615775
4.913488615304232
5.345895198173821
5.410735107958317
5.496527066454291
4.513050959445536
5.342144685797393
5.116734130308032
5.690432416275144
6.0082777459174395
5.929902167059481
6.431961013935506
5.839491709135473
5.628330803476274
6.079882527701557
6.486909634433687
5.261781873181462
5.949353316798806
4.825099668931216
4.945695001631975
4.81803946942091
4.73675381578505
6.040715020149946
5.516335301101208
5.630650215782225
5.786735066212714
5.752820969559252
5.962379633449018
5.326911197975278
5.132719908840954
4.78884541708976
4.464276684913784
5.222169975750148
4.659930887632072
4.576340204104781
4.243847964797169
4.664880413096398
4.756443502381444
4.781236872076988
4.880656458437443
5.1045000199228525
4.955786420963705
4.439065331593156
5.344721739180386
4.262879779562354
4.515123462304473
4.88051497656852
4.8679952174425125
5.090982874855399
5.146466002799571
5.013540528714657
5.461548268795013
5.085351274348795
5.1187106762081385
4.9552301578223705
4.7752465307712555
4.563219315838069
4.490192702040076
4.6900139902718365
4.5462731490843
4.746582218911499
4.806524229701608
4.625749169848859
4.725675098598003
4.789103014860302
4.757962968200445
4.845353088341653
4.728642017580569
4.61586073692888
4.5052065015770495
4.601996938697994
4.847401007078588
4.327898123301566
4.406166435685009
4.722179696895182
4.328269061166793
4.200679806992412
4.501309784594923
4.457516866736114
4.47720166714862
3.8390927528962493
4.065925859846175
4.29968633595854
4.090518368408084
4.314750452060252
4.985369038768113
4.7844630889594555
4.677260638214648
4.723739316686988
4.634291866328567
4.499093724414706
4.513856514822692
4.341030401177704
4.42482388811186
4.3818466565571725
4.497824817895889
4.629904746077955
4.233963803388178
4.979826065711677
4.854431705549359
4.890843106433749
4.628290919587016
4.452760860323906
4.740736980456859
4.602928161621094
4.891843327321112
4.935895730741322
4.843940960709006
4.366606916300952
5.130076469387859
4.850460321642458
4.837482374161482
5.257264888845384
4.7340116910636425
4.631561086513102
4.436195034533739
4.543789199087769
4.894553067162633
4.960674714297056
5.438507856801152
5.035819036886096
5.995522839017212
5.567859739996493
5.044521268457174
5.3364238273352385
4.449644763022661
4.884205091279
5.708607854321599
6.148682305589318
5.462120734155178
4.40451293066144
5.13125161267817
5.188617365434766
5.1111398679204285
5.160750880371779
5.3319581765681505
4.8932541171088815
4.917320232372731
4.520251628011465
4.715280724689364
4.804825285915285
5.035233790054917
4.889279691502452
4.981354405172169
4.849816839210689
4.777755854651332
5.339936690405011
5.400235688313842
5.384691725485027
4.451413427945226
4.812804671935737
4.705825639422983
5.1188733000308275
4.52843003673479
4.651409559417516
4.395890888292342
4.559806011617184
5.209677235223353
4.57247920287773
4.692124764434993
4.285247872117907
4.446164544671774
4.650122641120106
4.357164934743196
5.118398143909872
4.460346072446555
5.208207716234028
4.258699605241418
4.546093656215817
5.0498624397441745
5.402013912796974
4.818318027071655
4.699679694138467
5.210148575715721
4.832587682642043
4.036314574070275
5.284182864706963
4.610305129550397
4.636352229397744
5.013680510222912
4.721406080760062
5.340425373986363
5.5639611361548305
5.0300163757056
4.699683197773993
5.130076360423118
4.439808861352503
4.5471904799342155
4.409365735016763
5.255414344836026
4.8770271353423595
4.718922127969563
5.576299195177853
4.684467755258083
5.254533251747489
5.581447566393763
4.84290605969727
5.363122086040676
5.41768248938024
5.881522802636027
5.374628991819918
5.597143323160708
5.515421899035573
5.102879373822361
5.545837565325201
5.6957731591537595
5.682959852740169
4.992311503738165
5.590289797633886
5.273911737836897
5.282642434351146
4.967054566368461
5.903851858340204
5.105072352103889
4.895935277920216
4.787222507409751
6.049703560769558
4.891927040182054
7.3215544344857335
6.740789918228984
6.341504541225731
6.461052847094834
5.077698742970824
5.167323230300099
4.492073045577854
4.790283013135195
4.73960675438866
4.159742369316518
5.192398054525256
4.969157405663282
4.2395485593006015
4.86833134200424
5.520074211061001
4.34893631702289
4.888954486232251
4.658702513203025
4.61262030294165
4.319973280187696
4.509050493594259
4.676961978431791
4.838196953292936
4.619446319062263
4.949814826715738
4.434750641230494
5.136755330488086
5.208183563314378
5.084490889683366
5.03971175244078
4.831307488493621
5.148946028202772
4.933634555898607
5.421730298548937
5.558831657283008
5.291094020940363
4.636008307803422
4.930317033082247
4.561698549892753
4.700241459533572
4.525950118899345
5.086072348989546
5.420991690829396
5.387029482983053
5.062035313807428
5.5235909037292
5.882303340360522
5.429664738010615
5.388951325789094
5.403994653373957
4.685514067299664
5.342024449259043
5.566846559755504
4.7832636521197855
5.098254929296672
6.414461092092097
5.901056169532239
5.305828291457146
5.552512526977807
5.052315371576697
5.9178283819928765
4.590463123749942
4.892200567293912
6.688431914895773
5.877483978867531
6.629289731383324
4.600841547362506
5.460104409605265
5.752569904085249
6.5638792384415865
5.026387401856482
5.429655345156789
6.054869658313692
6.627109750173986
5.711444970220327
6.127849596552551
4.987157022580504
5.29240922536701
6.098509367089719
4.892594565171748
4.982692197430879
4.9208578653633595
4.795813490636647
4.955078148283064
5.004579718224704
5.408495250158012
4.863758302293718
5.2012178571894765
5.288529159501195
4.925843697972596
4.891126004979014
5.08535803668201
4.801859208382666
5.155757726635784
4.606951002497226
4.87972947396338
5.15714023867622
4.785601947456598
5.06546116899699
4.8650903408415616
5.332777908071876
5.325069677084684
5.663142851553857
4.909052334725857
4.951795392669737
4.831748459022492
4.6956934542395175
5.2211442440748215
4.641025446355343
5.1887508276849985
5.262257244437933
4.9205274558626115
4.716058447025716
4.745486554689705
4.699999215081334
4.430811398662627
4.268778679892421
4.5357601698488
4.941827823407948
4.670121724251658
4.419630200136453
4.798132276162505
4.669506834354252
5.9275484243407845
4.510783828794956
4.544555616565049
5.368283995427191
4.506703013088554
4.705232066567987
4.812108772341162
4.859784299507737
5.093365254811943
5.354188338853419
5.73978157620877
5.288549220189452
5.218339624814689
5.306308372877538
4.9470707373693585
5.600096378475428
4.918893991038203
4.599184468388557
4.475205101072788
4.656853288412094
4.395071180537343
5.276312819682062
5.437240781262517
4.964898921083659
4.552396138664335
4.951510670594871
4.539415895473212
5.337507180869579
4.238148233387619
4.998647287487984
5.386649641208351
5.472290514968336
5.84379506111145
5.453091891482472
5.3123909858986735
5.630482153967023
5.334715999662876
5.40568407997489
4.754059910774231
4.834439504425973
4.903852577786893
4.854131766594946
5.167898677289486
5.430722353979945
4.894188576377928
4.71174906892702
4.905337035655975
5.343612166121602
5.778373529203236
5.0542730474844575
5.178448805585504
5.4799121953547
5.4321912275627255
5.804094818420708
6.026987083256245
5.342005917802453
5.82721615023911
5.727352882735431
5.738544546067715
4.97937389370054
4.802123275585473
5.261998292058706
4.645203360822052
5.028154548723251
4.81234731990844
5.133222913369536
5.561194142326713
5.477899535559118
4.923367432318628
5.3566913437098265
5.079845797270536
5.244422812014818
5.267071953043342
4.663148553110659
5.279870940838009
5.250191133469343
4.642513036727905
4.363786985166371
4.730320982635021
4.9528118362650275
4.632342024240643
4.852370894048363
4.693229740485549
4.543867592699826
4.428131393156946
5.087045544758439
4.579599442426115
4.93518419470638
5.098779359832406
4.280045937281102
4.512108546681702
4.8882357105612755
4.480624441523105
4.451518903486431
4.4161470788531005
4.335494806990027
4.292805791366845
4.929298791103065
4.445626440923661
4.951898263767362
4.669188166037202
4.7257485669106245
4.624545013997704
4.443363368976861
4.455425347201526
4.716254624538124
4.455913641024381
4.658531358931214
4.696931228972971
4.638581796083599
4.323942979797721
4.566959704272449
4.4316419078968465
4.828606560826302
5.2705403277650476
4.468479779083282
4.364023025147617
4.468093840871006
4.922734139021486
5.349091142416
4.587313789408654
5.161732406355441
6.214543799869716
4.263121964875609
5.384718083776534
5.61741029843688
5.726171667221934
6.172282480634749
6.232612680643797
5.3511040369048715
5.738493179902434
5.979543700814247
5.591875623911619
4.890942791476846
5.9331945944577456
5.325896820053458
5.205410494003445
5.110155763104558
4.938478410243988
5.5127072390168905
5.693747881334275
5.841076837852597
6.2689004158601165
6.020286340266466
6.272637616842985
5.828717238269746
6.070948861539364
6.174394353292882
5.687918884679675
6.199323857203126
5.54959986358881
5.171790727414191
5.526977659203112
5.145806977525353
4.710357695352286
4.761729030869901
5.118655967991799
5.067192006390542
4.745294938329607
4.688512871041894
5.188659024424851
5.183457570150495
4.82733181072399
5.334527911618352
4.623888798058033
4.884392217732966
5.215368220116943
5.117540578357875
5.154128739144653
5.880387083627284
5.806530721485615
5.3196850679814816
5.381107215769589
5.197437253780663
5.8302891328930855
5.306050407700241
4.898110981564969
4.589129825588316
4.897607481107116
5.522874522022903
4.436451037414372
4.858345158398151
5.460181876085699
5.78333883639425
5.2801611591130495
5.398040197789669
4.814689818769693
5.267050703987479
4.773191092070192
4.582662304397672
5.104315483942628
5.2111503765918314
4.878691295161843
5.324828953482211
5.04798490088433
5.684975759126246
5.166526908054948
4.534050354734063
4.77375005884096
4.8706783931702375
4.657959779724479
5.368546730838716
5.400210694409907
4.951203767210245
4.873432348482311
4.860242523718625
5.368046594783664
5.186895482242107
4.982110448181629
5.123173129744828
4.4999610357917845
4.811892096884549
4.756233918014914
4.65642850799486
5.070496246218681
5.160306555218995
5.303714111447334
5.201326820999384
5.440420254133642
5.571429372765124
4.738576431758702
4.552936473861337
5.575193339027464
4.6300421939231455
4.664879854768515
4.512943485286087
4.2760825380682945
4.381502791773528
5.208389361388981
5.251258726231754
4.970226309262216
5.2117998553439975
4.461192104499787
5.079099919181317
4.612615445163101
4.509319163393229
4.693521129898727
4.600783282890916
5.33583621494472
5.009710391052067
4.92231236025691
5.051644303835928
5.04163055960089
4.874948609620333
4.690329825971276
4.695658779703081
4.798923411872238
5.058624049182981
4.72202253062278
4.683545106090605
4.390412305947393
4.79291315888986
4.7899554069153965
4.247089454904199
4.534800932742655
4.681564936880022
4.688295649364591
4.530230423435569
4.540472918655723
4.917372312862426
4.6937690381892025
4.775196023285389
4.587795048486441
4.823513993062079
4.987320159561932
4.6307832594029605
4.616492378059775
4.84782384801656
4.529228013474494
4.512477126438171
4.712312949355692
4.84740410046652
4.657448653131723
4.329730411060154
5.160731571726501
5.233704601414502
4.817220517899841
4.680198862217367
4.652476607821882
5.225279015954584
5.211400559172034
5.062253288924694
5.307512062601745
5.2665288634598255
5.43512296397239
5.233949596062303
5.606832664925605
5.1626665238291025
5.010572198778391
5.131036967970431
5.101225154474378
5.339100578799844
4.491518691647798
5.046468820422888
4.423513660207391
4.408479567617178
4.749660016037524
5.158711035735905
4.159537946339697
4.519092564005405
4.436347054317594
4.672950518317521
4.515844781883061
5.085651328787208
4.229151253588498
4.796720750629902
4.567964288406074
4.57101173652336
4.665667234454304
4.697396302130073
4.293869232293218
5.177095553372055
5.820386538747698
5.439977252855897
5.255938749760389
5.170630818232894
5.527172241359949
5.487046609632671
5.713601116091013
5.698652345687151
5.570666474755853
5.315522963646799
5.611771518364549
5.632483354769647
5.107739353086799
5.370790800079703
5.301387640181929
5.505214607343078
5.173158823512495
5.168370913248509
5.7784575847908854
6.221825475804508
5.4446572521701455
5.46625847928226
5.553834406659007
5.361083610914648
5.338507100008428
5.055307036731392
5.048311467282474
5.619619865901768
4.923930941149592
5.021722726523876
4.823211214039475
4.722001132555306
5.240383663214743
5.1607427056878805
4.755514421965927
5.463829246349633
5.074494423344731
4.848480907268822
4.688128681387752
4.9517519464716315
4.871173664927483
5.024482178501785
4.925945980474353
4.970768698491156
4.625074382405728
4.8192342622205615
4.9769929908216
5.129115138202906
5.128639633767307
4.794506271369755
5.170141384936869
5.061552683822811
4.4435329884290695
4.7552680391818285
4.7763254484161735
5.189703523181379
4.544115415774286
4.67613939801231
4.491047172807157
4.6733083804138005
4.847020957618952
4.866430995054543
4.557457127608359
5.010336792562157
4.763610286172479
4.8604776076972485
4.848223214969039
5.158426028676331
5.811972942203283
5.206031832844019
5.430491368286312
5.4198575951159
5.127962389960885
5.011894542723894
5.035672479309142
4.40184824494645
4.593701436184347
5.182360899634659
4.786502183414996
4.969941917806864
4.603057970292866
5.098133873194456
5.262506909668446
5.054396358318627
5.16221295343712
5.038653233088553
4.921394070144743
5.224012051708996
5.511058118194342
6.139669525437057
4.944232110865414
5.294060391839594
5.0824717856012285
5.371509594842792
5.073095401749015
5.1167740151286125
4.7468795771710575
4.620160636026412
4.961247089784592
5.183076374232769
4.7778868936002254
5.485151170752943
4.584910248406231
6.032519140280783
4.872660925146192
4.924187894444913
5.115944584831595
5.072573292069137
5.867796536069363
5.836963873822242
5.040950461290777
4.583839534316212
5.136614524759352
4.746218440122902
4.463154793251306
4.719278085511178
4.732865808531642
4.9764835918322206
4.3248824421316385
4.579441812820733
4.7331792721524835
4.928066121414304
4.659469956066459
4.875895257573575
4.439336283132434
4.853732987772673
4.577781064901501
5.037587648257613
5.107890601269901
4.995485886000097
4.602455683983862
5.282361330464482
4.656894292682409
4.614208991173655
5.238219405990094
4.933199719525874
4.705839657690376
4.5351016209460795
4.677729056682438
4.467893554829061
4.221460679080337
4.781973612960428
5.198719840031117
4.969110713340342
4.8488270016387105
5.359547575935721
4.831894210074097
4.730723414570093
5.089945446699858
4.455450953915715
4.801733057480305
4.419080367311835
4.250480189919472
4.9897090583108366
4.4305300405249
5.37499436410144
5.429530608002096
5.883848932571709
4.485255624167621
5.113903092220426
5.716061416082084
5.674288444686681
5.5141360107809305
5.779042049311101
4.613691357895732
4.962067909538746
4.51593080163002
4.376842993777245
4.394651227630675
5.1025881776586175
4.981436244212091
4.875464093871415
4.813658405561
4.881124097853899
5.366041728761047
5.050540436524898
4.156362930778414
4.906626597512513
4.623924450017512
6.56176242697984
5.437455579638481
5.102814153768122
6.372255246154964
5.714578631334007
5.442009716760367
4.928467724472284
5.826810805592686
5.2366415350697935
7.000078747048974
6.520975439809263
4.937911299988627
6.095011506229639
6.268475075252354
5.528591871261597
5.683881038799882
7.034588668495417
5.04508214443922
5.725079107098281
5.716541470959783
6.038497591391206
4.400857957545668
5.163875950500369
6.727135674096644
5.801441014744341
6.866263436153531
4.5579077447764575
5.330276060849428
6.4992998549714684
5.760286657139659
5.819741730578244
4.562882500700653
5.4988644849509
5.618359128013253
5.186968088150024
5.002605476416647
5.635000358335674
5.373835127335042
5.430346648208797
5.749081212095916
5.33526561781764
5.782783867791295
6.010867860168219
5.899218616075814
4.290345018263906
5.680754196830094
5.7871041083708405
6.044187568128109
4.894962110556662
4.844142592977732
5.533139520324767
5.293955675326288
5.7441980969160795
4.745449954178184
4.462697446346283
4.518203877378255
4.6572700487449765
5.1152338134124875
4.40491028688848
4.4080537599511445
4.5902376477606595
4.4950396521016955
4.960789415985346
5.593283850699663
4.518625330645591
4.712555188219994
4.579411595594138
4.689786123577505
5.574214215390384
4.7539104307070374
4.5817749560810626
4.386795760132372
4.5572404926642776
5.277157470583916
4.702480636537075
4.843074789270759
5.185399241745472
5.609957979992032
5.059794394299388
5.3763686483725905
5.156725613866001
4.7992382906377316
5.572906322777271
4.783256200142205
4.995061035268009
6.218845659866929
5.20521820243448
5.43795469449833
4.429511269554496
4.870621064212173
5.192993441596627
5.53278299048543
4.628709332086146
5.433467049151659
5.170654533430934
5.212781120091677
5.087271022144705
5.691621079109609
5.291642181575298
4.699894918128848
5.581686480902135
5.287992604076862
5.2512087021023035
5.674032177776098
6.085495456121862
5.614769354462624
5.885734208859503
6.118520771153271
6.076757488772273
5.647523838095367
5.7734421426430345
5.729279204271734
5.486834488809109
5.35114348679781
5.444502028636634
5.9526789309456944
5.384285440668464
4.807503016665578
4.915073476731777
4.968861687928438
4.62555939797312
4.75594130391255
4.576096628792584
4.587967338971794
4.971248073037714
5.135483111254871
5.61935511790216
5.148569897282869
4.851881681010127
4.847982964944094
4.669825305696577
5.014050774276257
5.010301034897566
5.320689695887268
4.748243673238903
5.006908563431352
5.231830825097859
4.409284807275981
5.340949172154069
4.984159945510328
5.313588016666472
5.310099294409156
5.796818586997688
5.351779056712985
5.524659264832735
5.576568105723709
5.159740608651191
5.470887743867934
5.016301514580846
5.499017108697444
4.934395140502602
5.939400692470372
5.702320455573499
5.792394483461976
5.796837802045047
5.6627411330118775
5.085839770268649
5.991940418258309
6.08111160248518
5.023216851986945
4.953098264057189
5.2975134598091245
5.067010292317718
4.698308519553393
5.052833754569292
4.7434158911928535
4.525806671474129
4.548183018807322
4.582839434966445
4.810434330254793
4.921666751615703
4.949190777726471
5.46626421622932
4.7488376009278
5.302526069339365
4.961260705254972
5.106457530520856
4.559524273965508
4.905505842063576
4.875201684422791
4.8697339300997555
4.7362805949524045
4.954428873024881
4.764674616977572
5.0424950029700994
4.756673525087535
5.157862332183868
5.083491719327867
5.0847961362451315
4.972859385423362
4.751721258275211
4.855943186208606
5.164809720590711
4.569471488241106
4.57236535102129
4.71964701032266
4.698369568679482
4.413721914868802
4.612669483758509
4.809823808260262
4.918079509399831
4.838042696937919
4.899876145180315
5.687497660052031
4.614063498098403
4.519568240270019
5.416866192594171
4.693586161825806
4.6472162385471165
4.49602882983163
4.9202533033676445
4.3819789448753
4.634220272768289
4.119388295337558
4.421543667092919
4.996557195205241
4.90085535030812
4.527808930724859
4.69165006512776
4.641879032831639
5.008612126111984
6.019945536740124
5.415890775620937
5.073139145504683
5.2934343265369534
5.374687537085265
5.690719057805836
5.313596895895898
5.365228282753378
4.560144676361233
4.974876928143203
4.42250202735886
4.787419879809022
4.445212384685874
4.877781888004392
4.859817227348685
5.077371269930154
5.54759581387043
4.795747720170766
4.919060499873012
5.744406809099019
5.161146925762296
5.4901717021130025
5.22352153621614
5.021704962011427
5.328472136985511
5.502614924684167
4.958950654603541
5.097902171313763
5.239428424742073
5.191776259802282
5.304985920432955
5.766298221424222
5.521532034967095
5.521483706310391
5.1799183543771505
5.401085780002177
5.455759096890688
5.8708134377375245
6.115594377741218
4.9574401788413525
5.848502893932164
5.051494418177754
5.51150002097711
5.565509435720742
5.264250822830945
5.40610529249534
5.7483155922964215
4.520558265969157
4.868140950798988
4.453457044903189
4.843328905757517
5.158402342814952
4.838270711712539
4.961319101974368
4.873621260281652
5.168761998880655
6.551826580893248
4.172182377893478
4.958413371350616
5.073908921331167
4.363999360240996
5.364641149062663
4.657793747261167
5.2436413471587
5.399983974173665
4.931629179045558
4.414554019924253
5.664637264795601
5.05095632141456
4.30825754487887
4.387745516374707
4.519096193835139
4.974664899054915
5.254911874420941
4.761146771255881
4.354143432341516
4.373109858483076
4.319770956877619
4.2972139972262084
5.358685839455575
4.32637308165431
4.322554165497422
4.91518187103793
4.725536041427404
5.741433140821755
5.002035094425082
5.594346798025072
4.757443396374583
4.958853763062507
5.233966450672597
4.902788714505732
5.412392573431134
5.43184557557106
6.196726479567587
6.127964347600937
5.5485720075666904
5.075829985551536
5.021496571600437
5.151112117804587
5.2170234909281135
4.77892885543406
4.7891061822883785
4.547060364391655
4.578107834327966
4.63802910130471
4.8795778304338455
4.579994515050203
4.936728501692414
4.906821146141738
4.844934375490993
5.022967926226556
4.873977986164391
4.812466665636748
4.615422329399735
4.297502540051937
4.644613090902567
4.233264887239784
4.910092975944281
5.698195357806981
4.827723579946905
5.107339503243566
4.840029730461538
4.4088563225232065
4.631077544763684
4.397579809650779
4.96420312859118
4.830481858924031
5.242917902767658
4.2555663348175585
4.9710112805478275
5.196565754711628
4.668517615646124
4.705224067438394
5.128044300712645
4.876224177889526
5.328158464282751
4.735472555272281
5.420446523465216
4.618148003239185
5.031744383275509
4.886470842640847
5.32602474372834
4.886076148133725
5.741010422818363
4.7006520833820105
5.194949549157172
5.24135225545615
4.699088271707296
4.896992636844516
5.079312676098198
4.6066674697212875
4.296794509049505
4.8424206571653485
5.021979067008942
4.4408067162148654
4.9073591199703515
5.215570674277842
5.373628430068493
4.915355360135436
4.868917308282107
4.857405336108059
4.73459695558995
6.1199348308146
4.997370257973671
5.038687214255333
5.105596708133817
5.3329569241032
4.875019777100533
4.804550452623516
5.751262387260795
4.595118430908769
4.947882177308202
4.8568021156825125
5.272990839090198
4.532760211266577
5.970192602835596
5.793607994914055
5.543834519572556
5.804487854242325
5.4344328651204705
5.527495950460434
5.902472768444568
5.645697858184576
5.231016767211258
5.729916701093316
5.305146439000964
6.087756445631385
4.743747592438012
4.459180829580873
4.792910750489682
4.579782029148191
5.0745619921945035
4.890201914124191
4.659746343269944
4.7303711622953415
4.695371055975556
4.312076514121145
4.905790081247687
4.6060800002887845
5.018053929321468
5.090721700806171
4.374411150813103
5.184680082369596
5.420598198194057
5.773391928523779
5.161876176018268
5.793944398872554
4.769116530194879
5.37991896783933
4.8329821061342955
5.533338454551995
5.670988497324288
6.545711345039308
5.420368172228336
5.399019207805395
5.097354345023632
4.708368230611086
4.793397526722401
5.015980849508196
4.919048140756786
5.064654267858714
4.86728117801249
4.740096399094909
4.70545129943639
4.342131318990141
4.607820147182792
4.771847306750715
5.155962074175477
4.828214091714472
4.531251040287316
5.1024730750359595
5.085549210198224
4.864449305459857
5.075442206114531
5.135309626813978
5.072251471690834
5.765780563466251
5.273053942248225
5.417656126432121
4.76882310397923
5.029094942845404
5.2916957242414355
5.499984477646649
5.136373215354979
4.8548875651322305
5.01196501404047
4.4541407553479075
4.750722079537809
4.605699401348829
5.036965963896364
4.92076556943357
5.122031474485993
4.970022943336517
4.768156306352466
4.865671656560153
4.969094598200172
4.528443363960832
4.964462355710566
4.825296954251826
4.476718139834702
4.778392651583999
4.5870812283828855
4.983491053804755
4.919229888822883
4.689783407840878
5.29627136932686
5.151671494357288
5.057577940635383
5.206310739275068
4.822710993234068
4.760193478316069
5.278944727033377
5.373053892981261
5.464701258577406
5.210960371419787
5.419368944596499
5.11408951273188
4.743998805060983
5.450420331209898
5.152599373366684
5.015477435197681
5.496538824401796
5.977372977882624
5.575909000821412
5.067405437119305
5.6268887729384005
4.941999923903495
5.111375641543418
5.608858638443053
4.872131082229316
5.593653249554336
5.666984604205936
5.332927361130714
4.99735237006098
5.0091887465678155
4.876099852845073
4.464217351283878
4.872860652394593
4.699048833921552
4.863729703705758
5.278121628332883
5.399541326332837
5.279590725898743
5.36740592867136
4.883577024098486
4.474070117808878
4.852944232523441
5.25403908547014
5.356903464533389
4.935286902356893
5.432611379772425
4.705587152391672
5.043605379294604
5.2234816760756075
5.404770252294838
5.7389273922890425
5.300914833322167
6.15904479753226
5.108011250849813
6.270549889653921
6.179843778721988
5.913944937288761
6.73047892190516
5.963032684288919
6.102812354452908
4.781952233985066
5.6757669830694795
5.410813926719129
5.966369150672108
6.011529020033777
5.662070936523378
4.726963953115046
4.642763987183571
5.058476945385337
5.045577693264931
5.035838290583342
4.548079096712172
5.3611487820744514
4.9712109924294055
5.0571101838722825
4.747458844445646
5.212416589260101
4.984310028608888
5.251016916707158
5.087418905459344
4.964751477353275
5.205068327020854
4.800943730864674
5.465365907177329
4.665941457729787
5.433258092030883
5.121625715866685
4.930450608488172
4.837776189669967
5.088601374533027
4.8554372251965106
4.972416562959552
4.744779416359961
4.774164389818907
4.867623974103481
4.808960344642401
5.150799426715821
5.000883692409843
5.1684697908349335
4.895008216612041
4.446608486585319
4.971017461270094
4.890817270614207
4.692678878549486
5.053432139568031
4.751690526027232
6.015135493129492
5.096030557528138
5.265156008303165
4.958529940340668
4.668420046102256
5.309698803350329
5.296694330871105
4.568208621349186
4.422132667154074
4.859686003066599
4.605936320964247
4.136664972174913
4.5446069007739425
4.381304086651653
4.361547415610403
4.223289485089481
4.752227375749499
4.6397472796961665
4.7036792719736695
5.13766095135361
4.773345134686679
4.928846467286348
4.381832119543105
5.056294145528227
4.952539962250739
4.492565973196179
4.744410615880042
4.67062851972878
5.267622767947614
5.019397725816816
4.598013854119927
4.749259729869664
4.811354215722531
4.7647656495682895
5.7166209276765585
4.4808416473679245
6.142727109603584
5.228353218641132
5.613377144094557
6.173961182124913
6.167153775226325
5.8286303845234215
6.311037201434374
4.736287956126034
5.810278428252786
5.99265568703413
6.3289331225678325
4.474791870918125
5.696097729261965
5.841580825392157
4.96025573881343
6.042899402789772
5.746492969803512
6.243079523090273
4.796640096697956
4.7082306309603155
5.134080902673304
4.799295310396701
5.0653220834210515
4.820891598239541
5.591232166159898
6.069459923077375
5.813057536724955
5.75853841053322
5.730972066987306
6.071558537427336
5.509801224805415
6.0273541691713035
4.536688808817416
5.714985564351082
5.516940972302109
4.93244413100183
5.066643244586885
5.370051288977265
6.051713244523853
6.021360028535128
5.877044214401394
6.520765640307218
6.254325403366238
5.123715268447995
6.054100739303976
5.7750628320500255
5.986309438478202
4.6280726455152035
5.495129594579339
5.59955237666145
5.9794060261920094
4.856118055060506
7.093521248083562
6.607262283563614
6.3408359084278345
7.126576694659889
8.00186587125063
8.020239712670445
5.47032153327018
6.243452882394195
7.484763500280678
8.55526333861053
7.84682977758348
7.759468471631408
7.51841233856976
7.4211480570957065
5.297089627478272
4.859800985548645
5.207515103276819
4.8383133062161505
4.97923642816022
4.61667988402769
4.449911763891578
5.055363004561514
4.9500325890257955
5.053440413437784
4.9824865609407425
4.6329476004466414
4.492696330882609
4.4707963997498155
4.49914661096409
4.508541449904442
4.4681812836788595
4.642370524816215
5.1475512105971575
4.866216708905995
4.907456174958497
5.460473265964538
5.045894596260041
5.724606091156602
5.4308559210039675
5.708415281958878
5.255336484406143
5.552491587586701
4.938409651629627
4.761552072595805
5.195078563410789
4.7234361711889505
5.046132421121001
5.008514352142811
4.991126054897904
4.586847650818527
4.353284162003547
4.67115756124258
4.318578673526645
4.526344938669354
4.802908234298229
5.241076298058033
4.7473238236270845
5.553812886588275
4.892285498790443
4.644124537706375
5.1098287855274975
5.171137696597725
5.322028129827231
5.370308915153146
4.837242608889937
5.4502994120121
5.0350882527418435
4.9293974307365716
5.4375107190571725
5.40314013697207
5.1034437087364495
5.158813617192209
5.419069824740291
4.910255117807537
5.177822463680059
5.003740893211216
5.451702329330146
5.7292501158080995
4.914774311706424
5.087369198445231
4.5730728870257735
4.708868052344769
5.658652866259217
4.560361824464053
4.712345411069691
4.222608095034957
4.583890406880528
4.453839413356036
4.895093350671232
4.678919101133943
4.896097175311297
4.71864078938961
5.25304393004626
5.286588639952242
5.418783037457615
5.119727294892073
5.59776957007125
5.146142087876797
5.39423265401274
5.823523368686438
5.325448121409863
5.694522935431451
5.424726653844118
4.911092463415116
4.772786038462073
5.052770854905248
4.706801349762827
5.069494091439992
5.2113255159929395
5.157460557762533
4.801997140981257
5.132038738578558
5.214643967803568
5.541166928131133
5.981959899887443
5.529086123686284
5.7856485126540065
5.7677589217200875
4.781187025364488
4.917750967666507
5.470101204235107
5.78896242659539
5.470872367732227
5.268494661897421
5.348078090697527
5.481350728776306
4.913987848907709
5.2950190948322415
5.3586833332665265
4.803067094646394
5.320086564403027
4.870249084662646
4.863944659940898
5.094655872322619
5.108725781552494
5.481782850809395
5.263384606689215
4.948307468555868
6.083520654588938
5.487443623133004
5.271197587251663
5.3112370846793056
5.283768980763853
5.410090745426714
5.192733603995293
5.152287055272609
4.717869338113815
5.025830908212811
4.669921094086021
5.067626016680151
5.1186540448106825
4.636835505720228
5.243236510548741
5.235437431838363
6.088822393678129
5.291021811775863
4.7316025933250785
5.359158140141517
5.349880426656455
4.876991483848542
5.367065525613725
5.286096070893109
5.9808660126291215
5.618101749569178
4.869218110572547
4.772107553202659
4.940815278328955
5.054756689816713
5.570939846336842
5.35548571171239
5.126131311524659
5.1136271129362285
5.092866481747478
4.612869831733406
4.884784549474716
4.5111555815674365
5.011996888089925
5.124259233940393
5.375805843621492
5.1347877024672925
5.43179397424683
5.182573082856834
4.877508130855858
4.815087808296084
4.563340041786432
4.8247885829769075
4.851712319999933
5.748894955031574
5.2521066213957965
4.86282034823671
4.838018927257508
4.903874710667878
5.212623050902039
5.830404085107148
4.324107503052801
6.017105000559241
4.88450748892501
5.301486993674189
5.1631562053225935
5.558326936792582
4.463499913457781
4.74801735393703
4.513444960583001
5.175491735804826
5.54003690648824
5.105872085317969
4.870686154812574
5.542981353122741
4.681475901976228
4.916895322035998
4.991205176338553
4.824414712842554
4.572828766424209
4.734170633368194
5.183905323036015
4.752731260843575
5.576882798690349
5.341369322966784
5.631100856233388
4.809494658373296
4.858444039709866
5.0202939310111105
5.4641147358343005
4.99567054072395
5.601624788716435
5.596319640055299
5.535094705410302
5.819625151343644
5.08371508307755
5.014274905435741
4.95346992649138
5.050929777789861
5.005985174328089
5.138672448694706
5.300900866743177
6.025707712396979
5.143228550907224
5.256647540722042
5.6989354020915926
5.669880978297442
5.109674730338156
5.413526509422809
5.1330313347280025
5.2535250671207905
4.866190556436777
4.699228897225112
4.799594584386796
5.303226641379297
4.800642295740545
5.175224155653268
5.678293017670512
4.929581448901445
5.595811164472252
5.008706707507372
5.479908510111272
5.32236140081659
5.72427432006225
5.437115286011249
5.793428332079202
5.240803526248783
5.199381776619703
5.010412375908345
4.800431064330041
5.022367678582668
5.1659824987873435
5.192204347811639
5.223909553140402
5.454231394454837
5.37613701634109
4.948154852725565
5.631368095986545
5.112118173856288
5.136974034830928
4.828273333143443
5.206368149723858
5.781446380540729
5.349479541648179
5.203082663472742
5.401841843500733
5.6192853772081435
5.469551055226475
5.1127188741229475
5.735652577131987
5.552925694268197
5.089395429939032
5.681716900318861
5.101495574694127
4.788801001384854
4.936743763741106
4.889347730670124
4.8470414923503995
5.169549270067364
5.01661629229784
4.641860108356923
4.927084805443883
4.946567439939827
4.681005342397839
5.086655639577657
4.6677971091121435
4.546335250604898
4.787648951169103
5.261353040114045
4.8909469824284315
4.767540231347084
4.654481098521501
4.656414653174579
4.996399217750877
4.9175593657419086
5.051303249783814
4.904156177770346
4.765000981744379
5.130740876775235
5.856803848873824
5.673709145747125
5.1976370313204825
6.0077687203884125
4.915054606739432
5.177015496883541
4.893343806266785
4.6954832803457975
5.2279579932801425
4.933628521859646
5.165576420724392
4.709312809165567
5.182544178329408
5.596201669424772
5.302419601939619
5.407158471643925
5.135142889805138
5.086285898461938
5.2931566634215415
5.460974385030568
5.2628263393417
5.599125311244279
5.41240517469123
5.610221544280648
5.570763078518212
5.306548953987658
5.553395274095237
5.110116479918361
5.889661629684269
5.667348795104772
5.531744162552059
5.636355431750417
5.79271244071424
5.062265805900097
4.9212632100097835
4.779686794150621
5.044313311576843
5.046711260918528
5.289293141104281
4.842065446544439
4.928804765921086
4.944969019852579
4.805228368379176
4.736411314923316
4.968328030779958
4.832360802683979
4.67027494404465
4.644849070813507
5.015612974297255
4.642804921139032
5.469626884907484
5.081609241198748
5.674746963661164
5.519247704651207
5.847872879356146
5.391338643617928
5.608576220925897
5.365787947084755
5.572482157964259
6.483869349118322
6.359673660248518
6.107966999989003
6.37939809076488
5.543955946806818
5.459331970196217
6.4601505366154015
6.383370823226869
6.243971372954547
6.200130145065486
6.236671376042068
6.35261631058529
6.314753884449601
5.45825804816559
5.052057805005461
4.851194811984897
5.195074635092169
5.189845524262637
4.969248455483466
5.08931649196893
5.109949285164475
4.9968099454417825
5.170606058090925
5.629107696004212
5.5605162042193115
4.93464910145849
5.613613459747285
5.367936327587813
5.275191373191774
5.9547985452227294
5.830901647452265
5.43169021839276
5.708425023127347
5.429581969976425
6.020356592256576
5.228044092655182
5.1522541316226125
5.15168593544513
4.987375618889928
4.831045276951045
5.02816584194079
4.7934505003504455
5.245781320147216
5.3300487152300775
5.678408927284181
5.182425395585597
5.125918592326343
4.847212372813374
4.667634533718228
5.133921600878239
4.793595367576927
4.928430560976267
4.87834874773398
5.33184041082859
5.245202521793544
5.216469747014344
5.478136231657118
5.431707687675953
5.483937336597592
4.899525806773454
4.726125291548669
5.007430591620505
5.100836498197168
4.814455323386937
5.620361962355673
5.837058127392083
5.049242481123656
5.342483481392264
4.987432829570025
5.179987829644233
5.142535749822855
4.890950879547745
4.7368587530218065
5.013025278691202
5.112537522800267
4.88048304989934
5.078014428727329
5.202584724407643
5.36939881183207
5.397703058086336
5.126846918370575
5.398059573024511
5.0200104378163815
5.575828254688531
5.174306464847177
5.338980914093554
4.7526811845600605
5.157969766762108
4.487063986249268
5.524602216668427
5.314858095254749
5.484734042081982
5.130115275736898
5.491594118066132
4.947431066073477
5.206456404644996
5.213599463459104
5.372550765052438
5.095046756323427
5.210448071360588
5.434098303318024
4.882687656674534
5.588921275921166
4.841150552965701
5.483578489627689
4.898240400943905
4.9291335148736835
4.9638386950828135
5.347715441137552
5.196159596089274
5.004077582154423
5.280084264464676
5.140095234848559
5.185090615879744
4.711751577444375
5.312357889488339
4.860690733417869
5.1627442999742925
5.373093917034566
4.655255708377808
5.359426275361329
5.653446835465729
5.520553335547447
5.597705183085054
5.788890733849257
5.970573475584388
5.482243790756911
5.77884542522952
6.278345102444291
6.01977526396513
5.403646972961724
5.868718880228698
6.1332623162306845
5.388276299461722
5.910283633507788
5.821125314570963
5.25532515021041
4.958928721956909
5.123144356999546
5.243999718688428
4.816273826174438
4.78714571101591
4.869294256903231
5.368681780062616
4.929900545626879
5.5861947438679636
4.945396226365119
5.750634776894003
5.430972802452743
5.8959117121994495
5.749185839667916
5.644302246160805
5.571430778130889
5.889466394670308
6.043592820875347
5.459427544847131
5.355089544784278
5.724447779357433
4.990409797057509
5.309094945900142
5.097650928422809
5.028750663623214
5.28714165231213
4.877269925083965
5.200051300693303
5.352014446631074
4.827724672388285
5.116506852209568
4.5893674828112125
5.617818032391369
5.020509977824986
5.234666466712952
5.584916698746383
5.504118258133531
5.121759966481477
5.374748926609755
5.221070856321603
5.782676724717021
5.9686519941315055
5.390420235693455
5.305117996409535
5.180329250637442
5.5895447307266295
5.279270770959556
6.116627836599946
5.639508269261569
5.938676203601062
5.714454973116517
5.86748178396374
5.499685468152165
5.367101034615189
5.328779023140669
5.232450484763831
4.955973888747394
5.566527740098536
4.689866711851209
5.298173659481108
5.466409081593156
5.157681435346603
5.019119255710393
4.984974049497396
4.81866292282939
4.780472096521407
5.188255157787353
4.944976473227143
4.69783276040107
5.5796539625152946
5.859407689422369
5.55352699290961
5.092134596314281
4.970649728551507
4.6188980233855546
4.664261264260858
