36.56635036505759
33.06951505690813
32.17634763009846
29.850423516705632
27.827129980549216
25.844775013625622
24.157102394849062
22.82423024997115
21.574912920594215
20.17813728004694
24.03943502344191
17.889461134560406
18.818228859454393
16.64397794753313
27.76917296089232
16.889246221631765
25.915513455867767
15.47389346640557
14.575350263155997
15.475982187315822
14.288241343572736
14.232609478756785
13.411960567347705
13.49238231498748
12.901855357922614
14.579112126491964
12.655578324571252
17.88479640427977
12.412856343202293
12.024401444941759
17.640617417171597
12.701772507280111
12.887806235812604
16.41079766303301
12.411407352425158
12.551041341386735
14.491291760466993
11.061789012514055
21.69284623954445
11.007244592532516
10.148116633296013
17.15620778966695
10.85150390630588
13.779622755944729
22.034891532734036
12.536635980010033
9.8995977868326
10.143082096241415
9.220413248054683
10.87096091825515
10.429782632738352
13.898127780295908
9.695988582912832
9.785762126557529
14.864295540377498
11.537030264735222
9.839944755658507
10.993964428082108
10.292089489288628
11.92474520765245
10.640820919536054
10.40758228674531
10.0214310484007
10.391710048541427
9.723687534220517
10.322167305275798
10.659260539337993
10.176519758068025
9.606334598734975
9.337833115831017
13.672482280991971
10.886285381391644
10.209752092137933
9.639539116062224
8.849703827872872
9.19091940484941
12.55428366875276
13.270356285385787
12.995004808530211
10.53972557745874
16.199750009924173
10.18835825752467
16.292343420907855
29.680750938132405
16.51762397773564
15.804410882294178
17.69139359332621
12.868277243338525
16.90466216392815
22.534996962174773
12.036993212997913
12.057865953072906
10.576481895521283
11.850646881386638
17.563037680462003
12.562685177661479
11.124433006159961
14.837090382352471
13.653361847624183
10.513142713345587
16.46695540845394
12.597264134325087
20.541755134239793
13.403543158434331
13.391314809210598
14.55403306800872
16.261748512275517
11.411489647813141
17.972378386184573
13.814552087336779
17.087436225265265
15.393278968520463
20.172680309042335
13.918197604827583
26.14953981153667
21.87154042068869
19.260426752269268
9.651351630687714
20.047633356414735
22.317569850943983
9.73151060193777
19.667751546017826
23.20859362371266
8.759921373799443
23.618396498262882
19.905431862920523
26.35823928564787
15.551552280783653
24.27197578176856
8.996746766380966
29.655473992228508
18.028839262202382
30.029484372586012
14.648095595650375
21.761773718521
10.84751722496003
21.884482365101576
21.983731511980295
27.67650182917714
8.552062225528061
7.81088477326557
12.325643210671842
10.206795524805784
11.755307937972248
9.564294715411961
14.320212619379163
11.855376677587628
9.097057772800326
11.426099857315421
9.951667579822242
11.375488406047225
11.16859257221222
10.305484220385551
8.550141549203545
9.724841973744333
16.149535885080695
9.175791943445802
20.03916645422578
14.669835204258561
8.003024858422577
20.79076466150582
14.265714082866907
11.642031263560057
15.435384707525373
17.939150878228247
10.286792609840631
25.160301407799125
17.40707323513925
12.727496691048145
14.53734187502414
18.098129119724035
15.064723066985607
15.120294837281108
14.782806580886245
13.562010591849685
20.724014900624752
18.299012264236808
30.173469107598066
11.630972454324365
29.984590001404285
8.10599209740758
38.06802290678024
7.659842830616981
36.043636813759804
7.6617083409801126
37.94430745020509
7.599184526596218
8.41593826096505
10.063982770778239
8.031106595881283
10.622090163640678
10.12864007987082
7.413153459317982
12.335276662372053
8.14228939730674
7.86951738409698
8.729675352573395
9.276300284080207
9.416045257356018
10.29417072981596
10.401541018858552
8.138094120193273
10.409087179228663
10.81116267759353
9.244118113070726
23.022290392778814
9.584736914373934
11.009658761322498
11.830655324272811
9.537790518254042
9.13648974057287
12.662859294563532
13.45940434280783
16.404967694543302
11.121373554691672
16.027442755177617
25.399342600256205
22.19902162067592
15.644751166924834
26.436621700413525
33.463159961625934
18.49046619515866
29.320262296125293
16.730405994690955
19.68442679569125
26.39033269509673
13.314250431023538
12.276325880549848
11.431366622447968
10.275876046158373
11.102554996497929
10.593629096634686
10.623848999850452
9.643121475353837
12.075091351754963
9.233833306469023
10.766761811450124
13.456597999669611
10.959376806393266
14.615769336000085
9.718021388165653
8.914747506380081
12.776392293162644
10.392888744361699
10.230827998369932
9.208386030979455
9.620121536776423
8.338051883503795
11.0687105813995
6.796890285331756
7.749276299960911
9.611660872586071
8.792383975349367
11.490822820924222
6.967923999298364
10.187786500900984
10.215460192412138
7.4410581812262535
11.059119089506567
7.127697086427361
11.421864004805684
12.85305545385927
11.586502842605114
13.308254210278392
11.092046353034675
8.77939891256392
9.997327586635947
12.662924876436591
10.955012582242489
9.4903520392254
9.889834741130471
9.793586768209934
9.235222797840834
10.045665717683733
11.018421423621476
10.185292072594166
12.925327986478806
10.431413140147924
12.69124234560877
9.665202331729233
14.489388812333345
14.16577674727887
13.425348996184766
12.866270534694195
17.966858535073698
10.346403646282852
12.301192331127822
9.230772809125483
14.661955183371902
8.5019850442186
15.364206610247493
9.177068979479373
7.6654094364494085
9.990467637777328
14.053937526419759
8.919745462015271
17.05010122153908
12.215604827739298
22.586626768112183
10.84534833393991
16.433209280483425
10.835291866213083
21.54152474552393
8.049672996159643
18.304795660078526
10.966133267618716
9.491999394260347
8.781146196648479
8.100011852104217
10.188318605534732
7.979202022776008
8.177234436385334
7.768900839611888
9.23512467648834
10.944811065681279
8.999621165916324
9.135188694112003
8.637163790874183
9.027237474918365
10.093006247654557
7.805487211793661
9.697033756412566
8.544505570083857
7.597677170764655
7.031373950652778
9.449969362933189
8.3546251822263
11.861293873749673
8.923339842818677
8.509037109091878
8.431183704175055
9.990797833539546
9.196524715982378
8.045819347258657
6.940250996500254
8.947133199311793
9.685697872191668
8.441719880327582
8.130870594643056
9.121323469094932
9.946715958882123
10.186936741694808
8.421012948267162
10.481802279129624
11.753799105994403
8.884165446273983
11.225124007090926
10.906717166304588
8.676199348643422
10.134854294359684
10.339540558867157
9.890687884762883
11.190806046128273
8.473658156115562
12.19968475215137
10.976909916847944
15.040775140747428
11.430660296231508
8.564827651716769
15.183269991073757
9.22626703325659
10.538162058219314
9.117788786999881
27.202481471002102
8.866553227417171
9.053756062407047
9.867027694359422
11.030133322346956
9.603523193858564
9.795917144045234
8.535314346197993
8.470492311287671
7.942559450399131
7.41695915767923
7.042530344799161
7.858560683205724
8.163812542334199
7.585606874898076
9.46856368239969
9.409001555293798
7.950438969768584
8.183905063197017
9.246379774063826
8.599563745316118
7.140743407420814
8.341928528621793
7.44473497569561
8.237523577641696
7.844933558721095
6.88793234154582
7.622411507181823
8.456340108532459
9.767105414997786
8.559804471209645
7.753485722001642
10.133178023155779
9.558690479956567
8.986481612548232
8.872681999579072
8.942059024237096
9.648047042544931
11.48593781888485
10.090365286916494
7.642113194335252
6.769487083423883
9.067036347463727
7.283086547628045
8.345096436329186
8.207626997493207
8.268986036069691
8.948338510934263
9.8935136962682
9.60225438605994
8.252470367122442
8.521783449687064
7.441434466280043
8.249643914867193
7.14721913356334
7.98895678576082
7.5016252300702035
8.12620317330584
8.742285388056189
7.745401408988982
8.477568021975458
9.250389505177736
9.905487751122564
9.030829810071737
9.799504223279655
8.252613361924887
8.258001568727195
8.419333618599921
8.485041202511638
8.928117561154068
7.91072788182646
7.803701504133642
7.91470184084028
8.4607362607494
7.621050477959216
7.621351509355009
8.168028799816966
8.010905020870268
7.526344089768827
8.423308962956071
8.937443970702589
8.333885245025158
8.096007512882352
8.096700366586447
8.26923831179738
8.279620897956192
7.6640187269076705
7.459089118987322
7.155513720586896
8.21656296029687
8.115899148397148
9.767834325321019
9.017159298993647
10.720581288449466
8.62891055084765
9.78289186116308
8.230313732288778
8.899166937917471
9.502910690382123
8.345146334730089
8.54514157678932
7.600706833414733
7.536589535884559
9.083170961588621
8.91181518137455
7.1219474617391825
10.878964062780142
7.87299195304513
9.931321241892874
7.652195313945413
8.505996791645885
8.682880641892552
8.227395279332995
8.527496930211782
7.521176937036216
8.454517779871821
7.944770771078765
9.922676152549684
7.393170292489231
7.9983154204674065
8.533732367213815
8.72528918646276
9.656487337313592
10.017924338113517
8.108825997449458
11.575644896365702
8.275890388060361
10.354821352288127
8.628751412034035
9.059199062176049
10.052983954548836
8.371507462114096
9.880596606992185
8.754984601400793
8.40952565241605
7.172944564837962
12.09897333290428
7.017619013786316
12.547544952481985
13.551370947621763
11.94882955122739
8.183948209974915
9.862309067510068
6.807517190929502
11.632290279492736
10.605235295370221
11.031341633759439
10.741077872924507
10.650906176306307
8.3987344391644
12.979825048707426
11.539069556631148
5.996273036580533
11.549783318303525
12.90654380992055
8.447636847384274
10.55065428931266
7.426705703139305
12.998399555683136
12.38006067276001
10.773787571117282
11.098734954372048
11.32875654194504
11.233607639558613
11.131182863377035
10.0730602433905
10.628645457327366
8.349602735135704
8.633444203063846
7.019640258513391
10.373721992596984
9.262558177113533
9.664198345504701
10.153175553306937
11.512736984528601
7.306787871289998
10.077113398350775
8.997369506862015
11.19521005358547
12.02595903351903
11.04518610984087
9.528677835129201
10.15969136916101
9.488063984550536
8.733246591873467
11.833680685609579
9.153011729940772
9.551875356584787
10.707135940901935
10.940686223097146
10.487901289947331
10.608893313910812
11.0082842069678
11.043347477912903
12.486990348435938
8.609664304181933
10.760394543409348
9.476898799650371
11.667853030376136
9.349876353517175
10.43654503673315
11.190659012645483
10.811226181685925
9.57924774941057
10.828925493638963
7.439653039909899
9.553539374377578
9.617521945852786
8.434945152141154
8.454853439703584
8.314320650417358
8.937580917961895
11.350164557807148
11.21650195075199
8.21262797806412
9.433582840487361
10.94580470956862
16.949091769754887
11.127019592095166
10.545979310758412
26.796262574382126
10.72955499496311
28.00583848170936
12.534330637194216
12.305465117096901
9.636599140241742
11.522318607196212
9.586849361658096
9.471120941452682
7.734034140594304
9.17905949614942
7.780298721976578
9.87441938277334
8.605945913121104
8.301835235208273
8.848096701782197
9.90043865609914
7.820793808437884
9.197744469624013
9.655483674257994
8.159736518748105
11.199193427339196
8.959982400294393
10.222171709872782
8.967423288151622
9.01137618161738
9.62156671192497
9.103907255455852
8.059481318108737
11.674111829139292
10.799681270495057
9.474807896651328
9.79688018746674
10.879765921272337
10.471883776597679
10.07670486252755
10.23116971179843
11.127119904384017
10.898595904931426
11.659721419215202
9.787363928742707
11.556384356692433
10.034594872035086
11.473164121620357
9.37466798350215
13.835005834698677
10.23248890042305
10.23261770606041
9.665920987725258
12.732878775335848
9.638333425857127
21.074239920824766
10.77757418435067
11.207693208940327
8.417898653075099
12.102973663248122
10.13820079062134
15.025005300529301
14.901152038015425
9.4856958091259
13.372249589301646
12.217648549936712
20.41265503130853
12.329605695791543
9.880064638331532
10.507200655527413
10.120789007283747
10.613679757341743
9.92134489491582
10.996108464896679
10.263852595351636
10.230963362380862
10.667951483279467
11.697783447802067
8.727604825980961
10.653074690140784
12.348494783975184
12.713886345736682
10.883221584372222
9.43587532825768
10.727798256091774
12.96041928511113
10.454170607030392
8.696398585569113
9.917029398493469
9.421161169651896
9.218417641706765
9.40082973614335
8.651276453398168
10.572295850142837
10.465348036028445
10.016827274113894
13.855631439946592
11.674080029129982
10.650915728881955
8.868697251193225
9.988941634073853
9.025806110352278
11.703258675523102
10.056618105620146
9.135715987533331
11.660368833690882
7.785155979916453
8.216015722602606
8.554434468969703
11.571018610149622
9.62893976084888
9.463357265572995
9.943239775951952
8.883423266001046
7.670895613729954
8.689875615760684
9.02503271587193
9.230483518447727
9.056246912106872
9.218291061930358
10.274858714081347
10.420746241696179
9.52731399051845
10.92556716967374
10.06899343803525
8.215638868045062
9.992193861864507
9.372001158073545
9.805352669209242
12.016185810789466
10.044598766136914
9.730021352414042
10.0596237545833
10.422990495339036
8.995392737910151
8.939345262944698
8.530301915481687
9.678114016074687
11.044356713071465
10.07722542900592
18.78371820040047
8.820131588261575
9.814168291166425
8.311042371671647
7.512736672535539
11.38183722551912
7.9719329490326345
10.768806027248502
9.78513165190816
8.825646912679076
12.090957526117563
8.44917208654806
11.75487224990502
11.202469156589359
12.509560219943523
15.564733802340925
16.06056771427393
16.537015054374933
8.327455860096961
12.977584513369948
8.873355749063194
9.19648060016334
19.343442341312766
19.728188678622246
10.339652898721397
57.506288373842835
15.78530502691865
15.752438102848828
21.082455709576607
11.055437955074012
17.66497872956097
12.034871814772487
11.852948686107993
11.821271122433245
8.359829522203654
7.704787549562752
6.621833584737033
9.398544336669147
8.352758228778839
12.941808828152716
7.9790097693912685
7.957952070981264
8.13266928633675
10.182959358673543
9.304223153740168
7.507748614065349
8.30445298133418
8.10133142536506
7.095471614971757
9.256474546156824
13.160698127001524
12.820715978741646
11.148050382733345
6.822822724934667
8.826091763097793
11.96927545312792
9.88596337288618
6.97257390152663
6.519144156947732
9.526135858613998
12.228796931914985
9.343047227244824
9.50516829546541
14.62038361467421
13.162804163061082
8.414241549093276
7.454846024978906
9.393684192560613
7.442662348039448
8.929717052727938
8.367302074097097
8.45265201618895
12.59000514447689
6.927918367087841
9.94119611941278
11.424088058061898
10.451694894582033
11.159655417315662
13.510697185061872
10.428796854801476
8.669267397373915
9.790471747517586
9.775876116938889
10.799653022550046
9.339081052225083
9.407605022657663
7.010587238706648
10.179001653566957
9.355289028957486
13.287568078376353
10.299585272558033
9.330192564520985
9.649859820492566
7.902368435636163
13.804369175806642
9.19446715619415
12.483284708112478
9.468009155243635
8.975491936318576
12.238897064700723
8.978515607304871
11.367108382284641
10.130104753188789
13.046378361061215
9.734586633741856
9.23060895036906
9.898926544934511
11.819713901728392
11.805153689347208
12.880180050618947
11.380179226398468
19.028275990858674
9.501576723530889
16.00860417727381
22.3449002020061
9.079376113601029
15.903563506901264
26.18349440395832
11.924699765630066
15.227601629681885
34.87898832838982
13.129832225851715
11.57987610436976
10.959852460771799
10.356161148287356
11.799323879182339
10.296698023565114
11.458615149371326
10.799435198307037
9.758480021730065
8.741631141863763
9.378838363103569
9.52833883324638
13.265859429724514
12.952719124034047
14.322327238507569
11.08996585663408
20.232317220419645
12.429708627052605
14.969096791930497
11.1526841185987
35.39109607972205
10.786757616326213
12.494938678108156
12.646642494946718
13.336188223212957
11.215185526758432
24.455801907926798
18.021728428080678
12.190274026244879
15.922849725931883
12.581849268637598
12.70551364775747
11.8573425905779
8.927347612567246
9.633868728764355
9.242356876842678
18.092192298732698
15.9856530232355
70.55020425841212
13.368835394270718
11.087874256074429
9.805054153315723
24.292222000658512
19.749186824075878
36.10870842449367
10.364636060781777
12.453312074765563
11.859640235081315
11.11588083487004
12.073331530205905
10.376094806008041
10.111784780398011
10.752291196025908
11.744984358549118
11.957766000181437
9.81003191601485
11.61557274311781
12.95560515113175
17.368755547329783
29.17909338697791
9.049491024576128
6.626226617954671
6.123239289969206
6.389496363699436
8.260702500119805
7.391233869828284
22.94215176254511
6.980231055058539
10.465992217883468
6.914049411192536
14.561088083311915
9.301611756905913
17.69934517890215
8.266571798361838
19.429067939519882
6.292149563785642
17.509379386901855
21.490680884569883
17.015809815376997
19.71469729579985
6.975761412642896
6.2583739697001874
6.001885036937892
7.841689717024565
7.024496963713318
7.779586157761514
7.394171373452991
8.64736801199615
9.002048690803349
9.250233333557844
8.951633525080979
10.975456389598548
10.62984742037952
9.098274785093963
8.905438537709415
6.470170218497515
8.075692959595472
8.371475375257432
8.024950951337814
6.049116228707135
5.825399925466627
6.531064260285348
6.648871421348304
6.573023842647672
6.734650150872767
6.914855660870671
6.238718989305198
6.690979859326035
6.178880097344518
6.1895543383434415
7.109748897142708
5.854819263331592
6.976080652792007
8.415922972373664
6.647322895936668
8.465387988835573
8.99993313010782
8.583187646232545
6.834272867999971
6.869616216979921
8.317988173104823
8.072536564432085
9.32378866802901
9.179295639507473
7.602451092097908
8.986625971272588
9.24267540127039
8.990416372194886
8.364116027019918
10.165313045494258
8.105012566782534
9.554414610378444
13.53668055869639
8.697554195299745
7.860789583995938
8.665221437811852
7.889011515304446
8.593070563860238
9.202758681960404
8.161431109532714
8.095704464241862
10.502615166828036
8.687369399704039
6.986533308401704
8.632967158220708
10.297406925819814
9.442894032225013
6.729935257695615
12.497734433040023
8.942184261977673
10.04102132935077
9.439077370800078
11.5006060032174
9.37020606547594
9.414546604268253
9.185320212505758
8.208754275925457
8.086356203071773
8.583334283903241
9.024149484932423
8.20508358348161
10.203113342635334
8.104086306877434
13.848712146282196
7.759868085384369
9.08021967113018
8.620844401419163
10.470233323052526
8.435509796254337
6.2606054791249335
7.057187414728105
7.571494807489216
9.04962137248367
7.553153486922383
8.832921357825398
6.606172090861946
8.113198436796665
8.86839109286666
8.395412925630808
8.93975648470223
10.759609745815396
8.236956455744803
8.24695644993335
6.033922256436199
7.418252470903099
8.217364937067032
7.712755732703954
7.445088696200401
7.159747801255435
8.651909600943327
7.86251716921106
7.573139389511198
6.89992699213326
8.04020863212645
6.6320271557196975
8.212401513010263
8.099882331676781
7.727794071659446
7.844931556843221
7.323357610031962
9.007007752545178
8.106131899170578
9.15762101020664
7.872215036302805
7.5050023859366775
6.093866840470582
6.402803714387119
7.47990517038852
8.300592752173543
6.948267511557788
7.00082252593711
7.3807113245129585
6.376776765100658
6.792140956502408
6.806113746017218
7.002620720304549
6.502916309982538
7.128576846327633
8.610899272374809
7.797688975930214
8.31731421686709
7.850955232977867
7.776276788674295
7.805576597340405
6.501502193510532
8.2152003608644
7.431055379100144
7.600891930051148
8.586139638908207
8.009494740515947
8.29767501540482
7.820366301573813
7.673599813133478
8.141653004102409
8.181035629473627
8.996690349653363
6.240512020885944
8.979476886801422
9.027197365649045
9.371575926430523
9.821297768503428
10.57829132862389
9.48858718574047
8.991315214894712
9.314784180372953
9.17497968673706
7.899676865898073
8.38162016775459
11.635182716883719
9.497010730206966
10.040508272126317
8.422337960917503
9.608577266335487
9.432609253562987
9.224545093253255
8.758965782821178
8.550614975392818
9.317825437523425
9.007654284592718
9.104821134358644
7.586561538744718
9.600652477703989
8.051986383739859
9.231736148707569
8.560788346454501
7.645136290229857
11.357257751747966
8.425212681293488
9.381105301901698
8.541827748529613
10.626455905847251
7.6583664659410715
7.770695337560028
8.829357892274857
7.431291024200618
6.806005093734711
8.331581695005298
5.991936768870801
5.672380280215293
6.56412880634889
6.797080279327929
6.555110990535468
6.867034893948585
7.20294403610751
6.343503463547677
7.412876767106354
6.783722980413586
7.779931468423456
6.352873128838837
6.821668324526399
6.226870134938508
6.2903024782426655
6.933398999273777
7.448756612837315
6.173390789423138
5.8411901062354445
6.994102836120874
5.885602529160678
6.417414293624461
6.699501105584204
7.18607428111136
6.657603797968477
6.606814919505268
6.3417040216736495
7.3012146833352745
6.362280861474574
7.601681382395327
6.506277525797486
9.57776373019442
6.905669800005853
10.168196894228458
9.274270753376186
6.9245894039049745
9.716090397443622
7.226552161388099
9.370038756169379
7.33790628798306
11.86841924674809
6.480149547103792
6.153701791539788
6.899853433482349
5.52885783277452
6.908960257656872
7.393745802342892
6.904761787503958
5.566573759075254
6.918650412466377
7.543634915724397
6.760143421124667
8.463677456602454
6.35196846164763
6.575889336876571
7.158559062518179
6.504985331557691
5.565614049788564
7.478364489041269
7.281674955971539
7.875839146785438
7.824804550502449
7.876916219480336
6.055613346863538
9.115797452628613
8.205053009092808
7.513325032778084
12.694049704819918
6.668690684251487
6.412795937620103
6.632446906995028
7.083413914311677
6.724334719125181
8.695053503848612
5.88699654629454
6.66940738260746
6.190301185939461
6.106549507007003
6.779051156248897
6.263077342417091
6.9204498920589685
7.645163853187114
5.749673075973988
6.678530376870185
9.187880212441087
9.526930486783385
5.983457594178617
6.392948713153601
7.644326567649841
7.803058361168951
8.149610795546323
7.772430306300521
7.488974740728736
7.785439851228148
7.474034219514579
8.762357134371996
7.460954109672457
6.888028151821345
7.733385466039181
6.2129693403840065
6.422834874596447
6.601222830824554
6.962496121879667
7.1982811111956835
9.055012372788042
8.553786145988852
6.263152302708477
7.0737218339927495
7.369989651720971
6.502521415706724
6.628180971369147
6.525826553814113
6.544604835100472
6.463088569696993
6.879832576960325
9.298920032568276
9.414027939084917
10.8758364636451
7.521415071096271
8.86193600576371
7.783342912327498
7.108888126909733
8.582816074602306
7.181941760703921
8.285107569303364
6.923899818211794
7.771502478979528
7.93702380778268
8.182579146698117
7.330819315742701
7.980548170860857
5.404034921433777
5.474095256533474
6.802507575601339
8.134276932571083
7.7103167232126
8.174636772833765
6.498212756589055
7.351709152571857
6.3746333247981966
8.80997818801552
6.240580684505403
7.074320005718619
8.882261335849762
7.169543672353029
8.359425827860832
9.431849065236747
9.906539009884
8.54186870669946
7.181905478704721
8.201353753451258
9.828230806160718
9.407913831062615
7.3864922830834985
7.977605873718858
6.883873695041984
8.064878606237471
6.5522017711773515
6.438657792750746
6.245854360982776
7.195817261002958
7.748581513762474
8.353625303134322
9.885554845444858
7.503774832002819
7.1067383494228125
6.985161044634879
7.730083150789142
6.226078472100198
7.236738167703152
7.7209756057709455
6.062404950149357
5.7827332857996225
6.4200823698192835
6.390734798740596
7.2441709148697555
9.51278209965676
11.059820940718055
8.172301801852882
7.112979759462178
7.31887116516009
8.825331393629313
7.933138725813478
8.392985666170716
11.371163710020483
7.355525227729231
8.974262145347893
15.318180383183062
10.09661825094372
7.190550487022847
6.2037022593431175
6.911314850207418
6.522771288175136
7.411691180896014
7.065327945165336
8.599622990004718
6.65309649053961
7.65191826922819
6.996028225403279
7.192932862788439
10.29430374596268
8.738991666585207
6.541655847802758
6.369599277153611
7.919381899759173
6.59415942337364
6.112327653449029
8.72127641364932
6.1263087769038975
6.799888210836798
5.980888872873038
6.745339673943818
6.509958046954125
5.483757948502898
6.191882581915706
6.883556773886085
7.1350316209718585
5.4148511830717325
6.740825482644141
6.903994314838201
6.745045255403966
6.7473391480743885
7.31499375635758
5.416349829174578
6.611738407518715
7.137979009188712
7.079596149735153
8.622731603682041
6.003120390232652
6.408286723308265
6.329217103309929
6.622306970413774
6.624600235838443
6.419918652623892
6.138790882192552
6.2014987035654485
7.130873982794583
6.45199398836121
9.807654210366309
6.796088485978544
7.2875511343590915
7.265093785710633
6.974525143858045
6.060990469530225
6.4982490935362875
6.0592781328596175
5.847635196056217
5.75031109387055
5.9790600701235235
7.1435210686177015
6.243290615733713
8.095739073120058
7.012192611582577
8.227227724157274
6.475707244127989
5.90089326351881
6.134624145459384
7.735532676335424
6.678869109600782
7.101756409741938
6.466491917613894
5.924406659789383
6.5469357231631875
6.544771612621844
6.889679380692542
5.217789475340396
5.743758551776409
5.52461176039651
6.0648893802426755
6.112583727575839
5.992877340409905
7.558687810786068
7.825123033020645
6.600771352183074
7.397334606852382
7.362975054420531
8.258486688137054
8.576804601121694
7.311042406130582
7.672438739333302
9.96586187183857
7.591168258804828
6.4452515579760075
6.7222727639600635
6.433248856570572
6.2324800826609135
6.503791997674853
6.757642133161426
6.033674143720418
7.306158586405218
5.918916939757764
6.505363580305129
11.185795759782195
7.5938147231936455
6.454016959760338
7.534923584666103
26.574834476225078
13.517009824514389
7.679636492393911
47.01583105325699
8.829384299460799
9.450049248989671
7.922754235565662
5.88472834136337
5.918283877428621
6.38652162021026
9.192132854834199
6.942141328006983
7.315837034955621
7.559528793673962
7.424987778067589
6.990510491188616
10.7484872052446
8.185044415295124
7.644050328992307
6.309881690423936
8.469941696152091
9.155451897531748
10.164074443280697
6.962663722224534
6.326319511514157
7.267996407579631
6.741388428490609
9.01498940680176
6.9137624111026525
8.84708921983838
6.6991230132989585
10.068035965785384
6.425083023495972
7.789915394503623
6.731136905029416
8.066130542661995
6.107114189304411
7.189600827172399
6.821756119374186
6.220822006929666
6.063127159606665
7.614430963527411
6.490776504855603
6.815138983540237
7.270055538509041
8.085533370729536
7.658906877972186
6.725525971967727
7.341374553274363
7.870972118340433
5.3148387325927615
8.100006679538637
6.456288231536746
6.20513081131503
6.24715189775452
6.844014883972704
6.93975424580276
6.895162377040833
6.347058753017336
5.881053752265871
6.310542392078787
8.496622221544385
6.616003894712776
7.341118335258216
5.741818901151419
6.458095598965883
7.041870881803334
6.4822282353416085
6.254670032300055
6.279039886780083
6.808142531197518
6.82035851245746
6.700317764654756
6.759151895996183
6.052103282883763
6.843549713026732
6.399846996180713
6.442838336806744
6.403302397578955
6.820219241082668
5.691029319074005
5.028241276741028
6.516936045140028
6.017706632614136
5.614802283700556
5.644806372001767
5.85637516900897
5.550829848274589
5.174874618183821
6.439477418083698
6.100457416381687
5.959792897105217
5.828370738308877
7.140776567161083
7.167317234911025
6.872969894204289
7.779641352593899
7.0777196190319955
7.2697555320337415
7.161166490521282
7.736524963285774
7.53151979111135
6.983083866070956
6.519532737322152
6.533231875859201
5.831544200889766
6.606409566476941
5.915879995096475
6.226805917918682
7.488646709825844
6.15959433093667
7.3132036635652184
6.885902515612543
6.019860387779772
7.544732465874404
8.498573451302946
5.991646426729858
8.67913273256272
6.654990836512297
9.445239158347249
6.460033803246915
8.627060753293335
8.014985426329076
6.949940836522728
9.386920480057597
6.757003345061094
8.354036597069353
6.59616439556703
7.164817391894758
7.2909945785067976
7.447350193746388
7.591614670585841
6.203944178298116
7.197676827665418
5.871621449477971
9.443682285957038
6.41416623769328
6.267216568812728
6.976263573393226
7.80047552799806
8.826040489133447
7.656967919319868
5.576342397835106
7.148654450662434
14.007119870278984
8.665201781783253
5.628701449837536
5.866601204033941
6.649703989736736
6.195123303681612
6.366027402225882
8.398252985440195
5.918813177384436
9.812926059123129
6.404002989176661
7.147033318411559
5.38470476353541
6.580959791317582
6.677992012351751
5.778849213384092
5.830170640721917
5.9251865884289145
6.351657804567367
5.694877761416137
6.023942954372615
6.612725169863552
8.408907319419086
8.412831201218069
6.235514406580478
7.81281611463055
7.494824889115989
6.393517159856856
7.082484106998891
7.205862730741501
7.3736922442913055
8.895532561466098
7.901862185914069
7.573566211387515
9.00724645005539
11.526176533661783
8.605022752191871
9.140419118572026
8.279879839159548
7.91800123732537
8.612668197136372
8.884876308962703
7.866281538736075
8.16271908627823
8.74980173399672
7.411930022295564
7.783843932673335
7.235275980550796
6.97899612551555
6.300023754592985
7.224835287313908
7.236419789958745
7.542265672236681
6.832689822185785
6.3102509984746575
6.197950372472405
6.802802428603172
6.369152604602277
6.748756859451532
6.9336808691732585
6.097940082196146
6.660855149384588
5.9224901758134365
6.354427122976631
5.948370649013668
6.271047054324299
6.742515750229359
7.229368428699672
6.971837868448347
7.200863451231271
6.852755170315504
6.346903586294502
6.261231460142881
6.385550855193287
6.151814892888069
6.157180346082896
6.311619032174349
6.429272261913866
6.248903673142195
7.014536141417921
6.417064629960805
6.819934509228915
6.401782516390085
6.000129650812596
7.21682305354625
6.945941916201264
6.885775176342577
5.848827642388642
5.458309848792851
6.393063944298774
6.2306681093759835
6.339800727553666
5.903132151346654
7.077420580666512
6.467276280280203
5.992795565631241
6.367410090751946
5.992955330293626
5.546110266353935
6.276854171883315
6.086018419824541
6.367770536337048
6.3979942705482244
6.909557202830911
7.06339593231678
6.764531334862113
6.280095395632088
7.11691069137305
6.9303898378275335
7.728786608204246
6.559106497094035
6.496376500930637
6.362437376752496
6.112358563113958
6.059007442556322
6.156138536985964
6.647074345964938
6.595987136010081
6.233972862362862
6.055277812294662
6.12269416404888
5.966393465176225
6.303364907391369
6.9006995880045
6.2583046574145555
7.038951999042183
7.871542075648904
6.713521293364465
7.746705322992057
7.136961712036282
7.574668963439763
6.632540185470134
6.481631197966635
7.459527137689292
6.484235279262066
7.307471041101962
7.521721398923546
5.992703932803124
6.965336411260068
6.403287328314036
6.540818753652275
7.0195496724918485
5.759975070599467
7.12781150592491
6.1641078856773674
7.12087542982772
7.778812024276704
6.827864919323474
6.491561227012426
6.244293694384396
6.657205806579441
6.607225271407515
5.820433343295008
7.9315780606120825
7.746944194659591
19.69996614009142
7.339974116068333
5.990456250030547
6.2364508979953825
6.8196079605259
5.625842007808387
6.98393320851028
6.714643398765475
7.694873207714409
6.2509266645647585
7.292053561657667
6.339078160002828
6.377846013288945
7.759379087481648
9.595771976280957
6.736142203211784
10.101466170046479
7.704556419979781
9.778016954660416
8.160164639819413
6.9588796817697585
7.404948233626783
9.72138923453167
7.918701455462724
7.636570482049137
8.403360188473016
7.693725812248886
7.113113537430763
7.5673120194114745
6.893412499222904
6.696179478894919
6.3021160662174225
6.7044576038606465
6.828477242030203
7.566054753027856
8.70867873961106
9.445741338655353
7.242790242657065
7.305497199762613
9.126900837756693
24.456741066649556
26.123468943871558
6.59466003626585
6.598080690950155
6.395871235057712
6.213067607488483
5.661627830006182
6.796249125618488
6.2746371305547655
5.750214092899114
6.288093151990324
6.7079054662026465
6.196620876900852
6.102758148219436
6.5059639872051775
9.60217770980671
6.636476963292807
9.073722614906728
6.417675365228206
6.389498570468277
6.343270355369896
6.971220365725458
6.864753700327128
6.583280840422958
7.921571590937674
7.703952651936561
6.855238551739603
6.465227079112083
6.907219707034528
8.519055053126067
8.186725999228656
6.1976396925747395
6.470182230230421
18.03203819412738
8.350730117876083
7.258920883294195
8.817692006006837
7.934149685315788
6.825637052766979
7.6123789814300835
9.046054764650762
6.182036962360144
6.925896602682769
5.763209498487413
6.779783443082124
6.054678757674992
6.560143101960421
6.170182156376541
5.844619972165674
6.001212001778185
5.296931399032474
5.870963497087359
5.729184673167765
5.4111094060353935
5.6351491888053715
5.715900699608028
6.260643762536347
6.074515303131193
5.9311343701556325
5.729853656608611
6.088167841080576
6.203830298501998
6.8062308435328305
5.822675631381571
6.222014870028943
5.7241965951398015
6.08231929782778
5.987445835955441
6.125682142563164
6.020018414594233
6.449592354241759
6.569142646621913
6.189246026799083
6.568048435728997
7.011363817378879
6.698219359386712
6.3390647592023015
5.874366367701441
7.025014879647642
6.683866859413683
7.585204551462084
7.523023157380521
7.070990196429193
6.422337498050183
7.334767241496593
6.4108204380609095
7.158101779874414
7.81827778974548
6.8724826434627175
6.924389883410186
6.157646897714585
6.548279030248523
6.197792148217559
6.281437386292964
6.896701623219997
6.804776801262051
6.680677599273622
6.666931321378797
6.647664350923151
6.967780061531812
6.1307382374070585
6.8896913873031735
6.274637576658279
6.064625589642674
5.563635477330536
6.303557122591883
6.55031616659835
6.738773631863296
6.993026053067297
6.499372869264334
6.858659424819052
6.780829602386802
7.151749929878861
5.6349037336185575
6.574868218041956
7.6960710026323795
6.309186578728259
6.6524123274721205
7.068850643932819
7.355951147619635
6.010439701844007
6.589125288184732
6.00609849113971
6.9656714629381895
7.0174650605767965
6.861445336136967
8.028869632165879
6.8338404269889
7.736302642617375
7.400179509073496
7.136372338980436
7.6667002690956
7.069373961538076
7.272107406053692
7.265968876425177
6.806875097099692
8.931560405064374
6.863820997066796
14.727808769792318
6.817234007641673
6.99304630048573
7.633650257717818
7.58513980358839
6.8906317707151175
6.617677436210215
7.584562679287046
7.113603874109685
6.498143314849585
6.89192007901147
6.3735613925382495
7.407106985338032
7.4975562314502895
8.983255289960653
7.051639154087752
8.164347134064883
7.486600738484412
7.525972175877541
5.7112186988815665
7.014936903491616
6.576221293769777
6.177920777350664
5.928606277797371
7.551037945318967
6.136132108047605
6.551588027738035
6.078483311925083
6.609580171760172
6.451025338843465
6.727575154975057
6.645628169644624
6.4454980017617345
6.201613083481789
6.250549431424588
7.01110342470929
6.42595592001453
6.509448342956603
6.312370616942644
6.245543826837093
6.369805310852826
6.605914894957095
6.034708562772721
6.276295667979866
5.544339323416352
7.014160301536322
5.992246000561863
5.614832267165184
5.579359414521605
5.2936955890618265
6.268330777995288
6.473569540306926
7.472453134134412
6.758815702516586
7.080825502052903
6.91471747495234
6.401825220324099
6.071756198536605
6.145879951771349
5.846709856763482
5.824188429862261
6.237340163439512
7.1054255166091025
7.246094447560608
6.077598507516086
6.225169526878744
6.300423578359187
7.020379635505378
7.16213937709108
6.888036613818258
7.391633819788694
6.887051303870976
7.42791841365397
6.619924132712185
6.560473780147731
6.885505059733987
7.409821778535843
6.997880660928786
7.57904341025278
7.16782553633675
7.521084672305733
6.4591891169548035
6.678531064186245
6.775549376849085
6.4055567546747625
6.07830690825358
7.3867395874112844
6.359621194191277
6.563639200758189
6.7370085208676755
5.988879348617047
6.096482180058956
6.375092187896371
6.371559927240014
6.68028149055317
6.136065308004618
6.817644338589162
6.466044423636049
6.121154927182943
6.750380556564778
7.18605650216341
6.2227734019979835
6.5566867692396045
6.2484466643072665
7.205981058534235
6.812553722877055
8.393557825591415
6.49839846836403
8.343617480713874
10.490348857361823
8.953189698513597
8.668349118437618
9.028321657329798
9.133569125086069
9.310602499637753
7.656614843290299
10.096393951680511
7.775586970150471
8.549874822143465
8.406963374465704
8.779355599079281
11.67843483760953
8.036810018122196
7.986791918519884
7.452791937626898
10.216291924007237
7.7964178319089115
7.135314148850739
8.311875417362899
7.3432549885474145
8.860109614674002
9.030044666491449
8.024589055683464
8.956608586013317
8.5940582905896
9.608392531983554
8.795143641997129
7.480664289090782
7.02241980843246
6.462486129254103
6.588379276916385
7.538646481465548
7.591790903825313
6.817692897748202
6.151565576903522
8.025072860065848
7.513333216775209
6.746172982268035
6.326749972533435
6.366322848480195
6.3249225514009595
6.462795726023614
6.87990972911939
6.921483191661537
6.064156454987824
6.890723626129329
5.777568860910833
6.102787217125297
6.566189667209983
6.475858793128282
6.693498500622809
6.879353802185506
7.0137040838599205
7.150490409228951
6.529501692391932
6.6262842966243625
6.507176123559475
6.91864547599107
6.6252083871513605
6.677318668924272
7.965021827723831
7.974051786586642
7.448775537312031
7.2729793968610466
7.312029903754592
7.383670670446008
7.19093299889937
7.163402151782066
8.032423838973045
7.641546513419598
7.0242837173864245
7.31534942612052
8.53943077288568
7.1192587348632514
6.694543041754514
7.75153569271788
8.512454830110073
7.549393840599805
7.793262475635856
7.786835407838225
6.7396172266453505
7.200384401250631
6.555472385138273
6.659445106051862
7.019292591139674
7.016627833712846
6.339889252092689
6.554422922898084
7.281717624049634
6.510913958773017
6.387973280623555
7.508614973165095
6.352197054773569
6.86037719110027
7.19614044111222
6.64461044408381
7.600078321062028
6.9725021799094975
5.712642238941044
6.837507428135723
6.615027402993292
6.762909637764096
6.786026007030159
7.229966894257814
6.83077710820362
5.962608551606536
6.4677804773673415
6.516392327379435
6.501460301224142
6.159740863367915
6.225194626953453
7.01880903262645
6.811581830494106
6.99082383653149
7.076792836654931
8.210732378065586
6.770736172795296
8.132713664788753
7.112343920394778
6.53155105561018
6.766219741664827
9.219781144987792
6.226399900857359
6.8251295033842325
6.5494210328906775
8.037098633591086
6.945080004632473
10.375885926187038
6.774652441497892
6.120513368863612
6.5984394126571715
6.864956321660429
7.382271870505065
8.231580304913223
7.059989902190864
7.175084892194718
6.871031983289868
11.538097044453025
6.767862380016595
6.294252256862819
6.569992435630411
6.968587138690054
8.079944157972932
9.41340851271525
8.794716362375766
7.3858263627626
8.871372365858406
8.099538541864604
8.32327600196004
7.856325106229633
8.637727810069919
12.155887785367668
9.297404625453055
11.78886676300317
7.00910570891574
6.64657536521554
7.959426010493189
8.424938137177378
7.756789863109589
10.136663308832794
9.947536726947874
7.898988273460418
7.0745540373027325
6.54958374844864
7.384952010586858
7.028358218260109
6.790742791257799
6.32736277487129
6.911328313406557
6.5684413481503725
6.956806481815875
7.575204878114164
6.220125135965645
8.717843571677804
7.667027431540191
6.931444065645337
9.57202086551115
9.587461123242974
7.1241884105838835
6.583946011029184
6.593790678773075
6.510433032177389
7.385629849508405
7.085432889871299
7.670199024956673
8.042100116610527
7.096048014704138
7.971317874733359
7.052962205838412
6.5546144363470376
7.211451701819897
6.367044438607991
5.790463989600539
6.995558438822627
8.288481588009745
6.755808242596686
6.598863293882459
8.849671293981373
6.538474554196
7.231139446143061
6.289070835802704
6.708775675855577
6.837808880023658
6.903420048765838
6.955500263720751
6.714752298314124
7.562261700630188
7.332145984750241
6.481265566311777
6.8340355874970555
6.179783460684121
6.7622862118296325
6.6802973668091
6.440995852462947
6.00930437957868
5.515599736943841
5.8281215201132
5.527022228110582
6.342476771213114
5.566660178825259
5.733272150624543
6.06844885693863
6.03335418831557
6.636461985763162
6.222281536087394
6.527233160566539
6.399594958405942
6.27229070616886
5.945955311879516
5.832924175541848
6.737774029839784
6.7071484248153865
7.330182246398181
7.002234417013824
6.761134222149849
7.62719815922901
7.049649092834443
7.046904525253922
6.989086446817964
6.916686669457704
7.21867689024657
6.781448958907276
5.9363570674322546
5.925401286687702
6.084942800458521
6.270566653460264
6.088146913331002
6.113585209008306
5.662458749022335
6.270211670547724
5.858548745978624
6.145158869680017
6.529478506650776
6.750522478949279
6.298306403681636
6.423709237482399
6.200528277549893
6.90527061233297
7.007407445926219
6.533074101898819
6.282069675624371
6.446847198531032
6.585055080708116
6.4270531558431685
5.900936009828001
7.005492192693055
5.976434138137847
5.917151044588536
5.7311353092081845
6.14089326094836
6.336384231690317
6.405368431471288
6.1408051061443985
6.3072152198292315
6.096087399870157
6.305825479328632
6.27806890476495
7.426786166150123
6.688751281239092
7.040802790317684
6.209741799626499
6.449897365178913
6.19421854428947
5.60973127791658
7.00896922359243
5.749878455884755
6.117909966036677
6.086431025061756
6.544538620393723
6.724358323961496
6.449290645308793
6.008868726436049
6.212983418721706
6.283361800946295
6.203534824308008
5.66086120205
6.038604931905866
6.535541183780879
6.9022916704416275
6.802890695165843
6.218740693293512
6.151668084785342
7.054566213861108
5.875173184089363
6.529555373359472
7.602181509602815
6.040938848163933
6.90174107812345
6.2280667051672935
6.773470915388316
7.311591506469995
7.553420997690409
7.525908309966326
6.97105065966025
6.0706096545327455
7.086352675687522
6.545653305016458
6.886466865427792
6.412792154122144
6.520621084142476
7.6606452614068985
6.821575080044568
7.565452410373837
7.426451857667416
6.0262159230187535
6.855983978603035
7.032890419475734
7.196255110669881
7.474096127320081
8.808151351287961
6.137260214425623
7.090654098894447
7.378665522672236
7.466893960721791
7.435158695094287
8.003618265502155
7.701667784247547
9.480500074569136
7.790460262913257
7.3364205323159695
7.819641940295696
7.419660419691354
8.786334111820906
8.209062525536865
7.092480399180204
7.406622651964426
7.818632180802524
6.698879262898117
7.187258068937808
7.047356124501675
6.871403235476464
7.097420771140605
7.66067912010476
6.236882308498025
7.570545404218137
7.3171730493195355
6.67143041593954
6.572842093650252
7.210676383692771
6.895916424226016
6.535160914529115
7.431280579417944
7.020842413417995
6.074290309799835
6.444652124773711
6.2232928038574755
6.04345475602895
5.959686033893377
6.544307977426797
7.246239156927913
6.441499478649348
6.9192264578305185
6.763882908038795
6.616253902669996
6.941170972771943
6.897007057908922
7.252696710173041
7.024855269584805
6.925285237375647
8.003170389682055
6.698511662892997
7.666623195167631
6.506345074158162
7.26775166625157
6.297949866391718
7.809257729444653
6.119186796247959
6.6688625598326325
6.80759765766561
7.174602860584855
6.86712989397347
7.610475829336792
6.892326261848211
6.681692130398005
7.153680489398539
6.943330629263073
7.081297203432769
8.098695900291204
6.703062673565
7.834410628769547
6.155205522663891
6.07833301089704
7.181251557543874
7.089875954203308
6.0622585117816925
6.271781963761896
6.383940065745264
6.671543065458536
6.177941617090255
7.580453353002667
7.067971212789416
7.755936634261161
7.165989460423589
7.862358975689858
7.044591379351914
7.484541569836438
7.249183895532042
7.139243642333895
6.590881060808897
6.8653123918920755
6.9371188739314675
7.095736783929169
7.958309364505112
6.472550809383392
8.593567474279553
6.442484368570149
6.987172466237098
6.638136001303792
6.803288207855076
6.4649304510094225
7.321042177733034
7.000582093838602
6.5617626695893705
6.495524751022458
6.098333708010614
6.239064751658589
6.156056619249284
6.436878348700702
6.57710294611752
6.727741064038128
6.618118913844228
7.112505537457764
8.173640836961567
6.860076975543052
6.3363639218732715
6.822540602646768
6.952444899361581
7.00054966006428
6.685613004490733
6.390395444817841
7.259162106085569
7.392425254452974
7.217512639705092
6.9198244865983725
6.45363346952945
6.987738604657352
7.766481782775372
6.990672715939581
7.222376494202763
7.160664154216647
6.726806188002229
7.2516442271880805
6.5947180381044745
7.27623389614746
6.84842642955482
6.837775968480855
7.822415583766997
9.127511866390705
6.440799554344267
6.628761798143387
5.95374079560861
6.574966235551983
6.146049314644188
6.178489740937948
5.765984378289431
6.719164219684899
6.487112501170486
6.789197334088385
6.410172174219042
6.770259771961719
7.255692097824067
6.56716096168384
7.144640205428004
6.147772059775889
6.973919995129108
6.88489591749385
7.505960032343864
7.949169285595417
7.760624384041876
7.024889877066016
7.911497133318335
7.077865297906101
7.6714331693947315
7.189070262014866
7.964703877456486
8.17710146959871
7.846826797351241
7.909106011502445
8.711626630276442
8.27108869003132
11.049434218090028
8.370375854428858
9.287774750497192
9.186642917338759
7.22646558098495
7.94294144725427
8.27945688739419
7.027620694600046
6.506794297602028
6.92663452308625
6.615647410508245
6.460313217248768
6.26188031071797
6.8692151685245335
5.834387389477342
7.615418141242117
6.9156216233968735
6.480052296072245
8.351310259196907
6.240364393685013
7.173702623229474
6.808411263860762
6.58442618791014
6.654302024748176
6.58114031329751
6.726822029799223
7.0199112868867815
8.216859768144786
6.916748877614737
6.443819017615169
7.517901677638292
6.7469646646641195
7.371141166891903
6.915322660468519
6.828498803079128
7.6524353311397135
8.040772846899927
7.094255441334099
6.525124764535576
7.5938228303566575
6.872768060769886
8.007056954316795
7.984839234035462
7.5172539060004056
8.839895663317293
6.731085618026555
6.869841379579157
6.768859668169171
6.510686218738556
6.995088376570493
6.657456208020449
6.420469051692635
6.513460762798786
6.670626697596163
6.439008424524218
7.877016799058765
7.031097119674087
6.965996882878244
6.866836842615157
7.228067379444838
7.550959589425474
8.344526141416281
8.253018470015377
7.94369975104928
7.913431514054537
7.659183278214186
6.542794388253242
7.8577411491423845
7.046688342932612
7.580559180583805
7.564880954567343
7.181878364644945
7.758059032727033
7.303673018235713
7.241469090338796
6.946626130957156
9.164626268669963
8.089364172890782
6.983293201774359
7.3615727899596095
7.050018523354083
6.998621040955186
6.380929688923061
6.817283533513546
7.011705690994859
7.9685148303397
7.3236645217984915
7.171595294028521
6.726234109606594
7.327003086451441
6.4090989343822
6.603865918703377
7.019669690635055
6.593941775150597
6.909636616241187
6.6732757040299475
6.440556285902858
6.265960283577442
6.627766186837107
6.160065827425569
5.907203429378569
6.528514037840068
6.842466410715133
6.705273535568267
6.984379682224244
7.5785554545000196
6.52159137558192
7.514345775358379
6.355118610430509
6.651445630006492
7.0455190390348434
6.92658877838403
7.325505666900426
6.523980644065887
7.245822471100837
7.529680717270821
6.910145841073245
6.869066399522126
6.425149261020124
7.176940632984042
6.9284361666068435
8.03820202499628
6.617844476364553
7.794135857373476
7.453191541600972
8.056452434044331
7.300979538355023
7.2024354063905776
7.707744035869837
7.227410968858749
7.220205088611692
7.338273738976568
7.324521208647639
7.52378472359851
7.585212859790772
7.527450828347355
6.892860571388155
6.761082088109106
7.715800187084824
6.941668113227934
7.078631947282702
7.56635252898559
6.736372418235987
7.224231767468154
6.757546511013061
6.8428795337677
6.691225405782461
6.305997607763857
7.396242534741759
7.289107497781515
6.359267705120146
7.170171116478741
7.421692889649421
9.284030850045383
8.085366742219776
7.661104002967477
8.4203941533342
7.482515660114586
7.855364874470979
6.885275472421199
6.474226725753397
6.394019657745957
6.44163095485419
7.082449296023697
7.390633528120816
7.12235350208357
6.732909995131195
7.208089343737811
6.716278184205294
7.1121653178706765
6.334331078454852
7.329437809064984
6.749716849066317
7.0535534005612135
6.522094243671745
7.479496012441814
6.961417264305055
6.124227743130177
12.228061546571553
6.504253422375768
6.449394150171429
6.985452568158507
7.9772161366418
6.311997410375625
7.40936382021755
7.456497930921614
6.665943583473563
7.775196136906743
6.3875027489848435
7.453735325019807
7.064266417641193
7.029344990849495
7.731620469596237
8.144691063091159
7.674350111745298
7.441075219772756
7.695054903626442
10.22220047749579
9.582355732563883
8.482324244920164
9.690593992825598
7.139661931898445
7.248737764544785
7.193528920412064
8.201838425826281
7.9625623491592705
6.9508812334388494
7.470148995518684
6.765792727936059
7.463915963191539
8.998786314856261
6.321056578774005
8.752383477520198
8.627485807053745
10.427324978169054
9.784211011603475
7.339630354195833
7.933120198082179
9.258632060140371
7.438609798438847
7.867499738931656
8.721562793944031
7.959861507173628
6.613336139824241
7.799285805318505
8.676394330337644
9.153069950640202
9.573255982249975
9.349249202292413
7.704302018973976
7.7386179361492395
7.3413046156056225
7.651178174186498
8.34519953187555
7.2394325118511915
6.682813664898276
6.795609216671437
7.725851488299668
7.478261441458017
9.297296870034188
7.420896275900304
7.9043847396969795
7.203116063028574
7.884134263731539
8.182384877000004
8.353133543860167
7.239068460185081
8.838336813263595
7.205201921984553
6.8323742295615375
6.35462956270203
7.01687816856429
7.271457018330693
6.416664010845125
7.329792096745223
7.347729282453656
6.682659027166665
7.2271481938660145
7.2096803286112845
8.070392091292888
7.236737847328186
7.343841309659183
7.434492943342775
7.425744970329106
21.543729566037655
8.813702179584652
8.170624257531017
8.615049827378243
7.683978277724236
7.6190053266473114
8.487604386173189
7.059299494605511
7.05869289720431
7.403208243660629
7.040837129112333
8.0498770698905
7.65762995230034
7.439644793979824
8.199033448006958
7.2769201206974685
8.055721226613969
7.400288735050708
7.933202559128404
7.994446017313749
8.140278577804565
7.42270449642092
6.845920293126255
6.436997562181205
7.133758476935327
7.0581928179599345
6.660360715351999
6.844363665673882
7.040061322040856
7.103690633084625
6.1469536470249295
7.123280168976635
6.953051440883428
6.5986397485248744
7.539684215094894
7.67140710959211
8.131555420346558
7.2527137086726725
9.109966580290347
7.738619000185281
7.902026304975152
10.059930227696896
6.759003617335111
7.905183583498001
9.808935736771673
7.982137402985245
8.959012567531317
8.48245709668845
8.06984834279865
8.78764155274257
8.603271890431643
9.39434310561046
9.556746451184154
9.897004699800164
8.36138266324997
10.136364272795618
7.965226495172828
9.372068097814918
7.0021818447858095
9.433789778500795
8.785959070082754
8.249748922884464
8.428866081405431
8.599714707117528
9.837993085384369
8.349698146339506
9.473959232214838
8.460384737700224
8.64463469106704
8.502769433893263
8.246103325393051
7.227982254698873
7.693652953021228
7.87746141012758
7.593298871535808
7.739371370989829
7.654083080589771
7.317079674452543
7.611123571638018
6.5205894014798105
6.768334723077714
7.162897940259427
7.4830825086683035
7.369761755689979
7.657958204392344
8.346286178100854
11.934448201209307
6.485284774098545
6.576968845445663
6.582186967134476
6.708079094532877
7.048194226343185
7.293404909782112
6.737419676035643
6.51046260073781
7.394648848567158
7.146686029620469
7.957927403971553
7.395903427153826
7.968904087785631
7.9993032035417855
7.392022325657308
7.951359028927982
7.8271958492696285
7.901148726698011
8.288185613695532
6.83987033367157
6.708081893157214
7.150200365576893
7.844773517921567
7.421556457411498
7.872587986290455
6.965233714319766
7.647663096897304
8.772461052518338
7.915245601441711
7.1182866166345775
7.778865958563983
8.281236844602972
7.508993096649647
7.690955615136772
8.202200784813613
7.577484795823693
7.9071499751880765
9.730303320568055
17.45168092381209
8.873445715755224
8.418171710334718
7.91707559209317
7.552889293991029
6.8594168103300035
6.857588402926922
6.839268620125949
7.377997898496687
6.506091887131333
6.444891482591629
7.056786329485476
6.671427551656961
6.873310119844973
7.3056750735268
7.230276100803167
7.068543363828212
6.756723146419972
6.832563630305231
6.602087618783116
7.451401665341109
7.951988577377051
7.601585861295462
7.668643782380968
7.525861747562885
7.931053347419947
7.2099552527070045
6.955825007520616
8.142529795877635
6.800864114426076
7.093904960900545
6.355185073800385
7.1807841011323035
6.387456317432225
7.478339751716703
7.149586232379079
7.173673592042178
7.7604068974033
7.81934594316408
7.505013250280172
7.023945003282279
8.102330591063946
9.302055524196476
7.503065258264542
7.177719559986144
8.086832357570529
7.400983848143369
6.896365929860622
7.456320445984602
7.029324986040592
7.695964633021504
8.751658176537603
8.545604134444147
8.08594382647425
8.033322446513921
7.917465660255402
7.3181775151751935
8.775956164114177
8.070337475743145
7.046556832734495
7.4339249692857265
6.898607896640897
7.974785194732249
7.002692278008908
7.363617774564773
7.485792817547917
7.531954938545823
7.257060697302222
6.848160541150719
7.570567358285189
8.261929218191653
7.776600822340697
8.662565506529063
6.645038432441652
6.711756724398583
7.339798913802952
7.6754996557720006
7.445418978109956
6.794121813494712
7.146338836289942
7.077197301667184
7.393153980374336
6.731759184040129
6.648753791116178
6.41609242092818
6.857959559652954
6.411073652096093
6.223426471929997
7.099469215609133
6.492082247044891
6.344658694695681
7.157160879578441
6.432027515023947
6.785326933953911
6.978147141635418
7.895623316988349
7.146460784133524
8.22157449554652
8.03448920790106
7.38070393493399
7.5139103680849075
7.730071590747684
7.946267804130912
7.989778176415712
6.751401630230248
6.928361437749118
7.056815021671355
6.722784786950797
7.0095630353316665
7.132130567915738
7.063495168462396
6.340529898181558
6.901039930060506
6.913263065740466
6.852158529683948
7.462856972124428
7.315980535000563
7.2127025267109275
7.684195280075073
7.930801454000175
7.562202347908169
7.3996234545484185
7.155999383889139
8.278878048993647
6.330978245474398
7.814663494704291
8.112267099320889
9.089673700276762
8.306371138896793
9.256596207618713
8.723018961492926
8.9093579784967
8.340577019844204
8.490380571223795
8.676695678383112
7.737194160930812
8.165894941892475
8.404360198415816
8.781419274397194
9.13079972518608
7.903271621558815
8.34849552437663
8.174721705261618
7.764031241182238
8.158481365535408
7.387546039652079
7.243741335347295
7.508464185521007
6.872301805764437
7.6842798087745905
7.4425450107082725
7.196147095412016
7.295551093760878
8.209182800725102
7.610854619648308
7.200088775251061
7.779354989528656
7.411585915833712
8.01209411257878
8.140628055203706
7.461785007733852
8.567369591910392
7.365311800036579
7.794986228924245
7.904354173690081
7.775524361990392
8.109095142222941
7.03390798298642
7.4924590066075325
7.326827834825963
7.138924877624959
8.518818254116923
6.490127147641033
7.253219963051379
7.29063287563622
7.314731146208942
6.597230212762952
7.326054958626628
7.16794498404488
5.8553272327408195
6.768736285623163
6.197895239572972
6.724932008422911
6.39977290481329
6.703721847385168
7.146703951060772
6.784214976243675
6.73708829190582
7.721413953229785
7.165831288788468
6.474168660584837
6.481934086419642
6.201954759424552
7.261887853965163
6.908203404862434
6.519595494959503
6.974377239588648
8.762156962417066
8.14559236774221
8.011521394830197
7.855497372336686
8.097720118705183
9.161287980619818
7.412767246365547
6.826600863132626
7.131939622107893
8.05234213732183
7.811512702144682
8.119651842396706
7.421513502020389
8.543057084083557
7.23012232221663
6.583746440242976
8.140642054844648
7.008783656638116
6.593769062310457
6.936694615054876
6.877067239023745
6.44015241926536
6.733418967574835
6.879969858564436
7.112342946231365
7.34874928323552
6.076555034611374
9.903264469001442
7.921766528626904
8.146559780929238
7.100906548090279
7.607251740526408
6.791872815228999
7.121560086030513
7.417377732228488
7.285375576931983
8.467998411506414
6.738326146733016
7.265262408182025
7.436371163930744
7.184271048754454
7.141725836787373
7.749404781498015
7.233473397325724
8.005143537186086
7.909938948228955
7.94977778242901
6.356009135022759
8.467335334513336
7.837572393938899
6.683743117377162
7.195147139485925
7.587593325879425
7.247699137311429
7.4907614276744425
8.073310848325491
7.786538883578032
9.115424437448382
8.057579240296036
7.953816766384989
7.563932879827917
7.414500480517745
9.288915193174034
7.557169943116605
9.193001920823008
7.943524902220815
6.552417475730181
6.958048763219267
7.371595944277942
7.041087138000876
7.749011046718806
6.842722326982766
7.304703269619495
6.590600206982344
7.6695778225548565
7.593476016074419
8.322395253926516
10.630851467140019
9.960784825962037
7.104302959050983
7.69937907345593
7.544276371132582
16.38816554285586
6.681079128757119
6.955800898838788
7.1196263949386775
7.44480280065909
8.057388645131141
8.190957163926214
8.636477483436465
7.81808919692412
8.462632385548204
7.823449929244816
7.551447265315801
8.055924910586327
7.279733272269368
7.797791555058211
7.48470208235085
6.853612158913165
7.6258273692801595
7.001099138054997
7.504555959254503
7.02301942743361
6.96761239413172
7.398414294235408
7.3525894517079
6.875619188416749
6.822390264831483
7.242511410731822
7.443029253743589
7.568250437267125
7.2046455619856715
7.849855761509389
7.512204797938466
7.170883587561548
6.943540156818926
7.383623091969639
7.333493112586439
6.547805250156671
7.1419809851795435
7.31896658660844
6.840782839804888
6.899165957700461
6.69414826342836
6.736855662427843
6.732900251634419
6.8608336742036045
6.816080320626497
7.562704402953386
7.1521520633250475
7.1135648703202605
7.786890001967549
6.459924963768572
7.228118204511702
8.162906425539404
7.144606845919043
6.0779541046358645
6.661391927860677
7.371801794506609
7.035543519072235
7.420031533110887
6.966890012379736
6.907595132943243
7.373416850809008
7.355509906541556
7.338711311575025
7.082950797863305
7.328790627419949
6.711958839558065
6.640570629853755
6.616199997253716
6.354387504979968
6.774780464824289
6.590026801452041
6.527541073970497
6.631986463908106
6.4724942105822265
6.630678462330252
6.990100417286158
6.538215656764805
6.287482802756131
7.028556921519339
6.959321024827659
6.453257673885673
7.265672171954066
6.615625555161387
6.657630889676511
6.283450466580689
6.39101542532444
6.363929472863674
7.300692847929895
7.3784760273993015
6.978901862166822
8.256547373253852
7.19782245112583
6.961132346652448
6.860527985263616
7.659920956473798
7.025201975833625
6.904558802489191
7.120844145771116
6.360686526168138
7.23410482192412
6.714029939845204
7.124116956721991
6.808578595984727
6.775497631169856
6.821261573582888
7.268674300517887
6.982583707198501
7.16143236681819
6.791706155985594
6.776024544145912
7.803926628548652
7.6999070243909955
7.867455383297056
7.9053706349805
7.817936096806079
7.354754808358848
8.084181122947484
7.8599457908421755
7.278828748036176
6.689968223683536
7.210205805487931
7.021194091532379
6.932598526123911
7.35085194837302
6.955094181466848
7.017291033174843
7.216724645812064
6.672578427940607
6.690952113829553
7.071463382337242
6.886820645537227
6.810508735943586
6.511249158065766
7.083733505103737
7.282581141684204
6.579377215355635
7.128092231228948
7.119613982737064
7.236009286250919
6.651102867908776
7.257737152744085
7.26263778982684
6.884100504685193
7.9322491264902055
7.511090720072389
7.680905645247549
7.310721208807081
7.8935925969854
7.787855139467865
7.485948202200234
8.576558072585613
7.785834853537381
8.428995591588318
8.401956774760038
8.215742881409824
8.34239499969408
7.802473509218544
8.099117884412408
8.606538432184607
6.8189950082451105
7.33557099243626
7.022475666832179
7.718701414298266
6.9887140155769885
7.457666242029518
7.235826707445085
7.04157565580681
7.2443858701735735
8.414110264275223
6.770986731164157
7.198252757079899
6.803935554809868
6.246271525975317
7.105429359711707
6.8176992065273225
6.996504888404161
6.921168962493539
6.949282227549702
7.3176979017443955
7.09556949371472
7.710447520483285
7.291890642140061
8.215652354992926
8.149709965102375
7.77884023450315
8.389345240779221
6.7889436087571084
8.220156435389072
8.101134746801108
7.044303377624601
8.13895850488916
7.092859654221684
8.801582847721875
8.166016151197255
7.217955763917416
7.926458369940519
6.828044174704701
8.968904772307724
9.427060594316572
6.84297383017838
6.801231485791504
6.288277038373053
7.228483684826642
6.61399083212018
6.998102678917348
6.682577501516789
6.5549086020328104
6.4391674138605595
6.976068127434701
7.022285072598606
7.705731987953186
7.670955941081047
7.324537668842822
7.233740253839642
7.896218307316303
8.704737313557416
8.254643775057048
7.048658784944564
9.01029245601967
8.767635208554566
9.102863661479205
8.234961195848882
8.305716849397868
9.4663699506782
7.483471986837685
7.189439688809216
7.93695521960035
7.569817073177546
8.436487307306379
7.020562196150422
7.507499621715397
7.536103012505919
7.169974708463997
7.8427620138973
7.5168743915855885
7.148882959969342
7.6802897192537785
7.0395540851168334
7.055663934443146
7.179979482199997
7.307975554838777
7.285862959455699
7.0542824431322515
8.111376837361604
7.324066360015422
7.602380283176899
7.727702405303717
7.415963902603835
7.863388244993985
7.540552608203143
8.576712116599083
8.105412629898638
9.090447920374572
7.927663155831397
7.964519772678614
8.035672607831657
7.419163025915623
8.907323899678886
7.166930975858122
7.534616824705154
7.239718108437955
6.820148905273527
7.034516328480095
7.211643539369106
6.687117173802108
6.835917629301548
7.055306193418801
6.883267008233815
7.547032951377332
6.830356479156762
7.348256131168455
7.449900534935296
7.491001250222325
7.555885159876198
7.478043192066252
7.570929663255811
7.971691168379039
7.122108418028802
7.015912748873234
6.441405864898115
7.088926704600453
6.92313588084653
7.680606150999665
7.565124404616654
7.3108634990639985
7.30824074242264
7.184021864552051
7.535751136485487
7.2904522605240345
7.484372030477971
7.736221836879849
7.7700924086384475
6.773116040974855
6.9817516463808715
7.806237586308271
7.6117794224992394
7.415349678136408
6.995216209907085
6.862701498437673
7.128393543418497
7.179292460903525
7.093795606400818
7.615749673452228
7.309664779342711
7.355490437243134
7.567121859174222
6.778372512198985
7.660836969036609
6.468106125015765
7.2128222906030715
6.98922278964892
8.466071624308825
7.271434048190713
7.8391026384197176
6.501578362192959
6.581932296976447
6.529061415698379
6.8374577895738184
7.493289275560528
7.909419586881995
7.1797358780168
7.377336778678
7.471548457629979
8.167178003583103
6.945912084076554
7.58382963296026
6.9232018743641675
6.848609642125666
7.032611541450024
7.318545245099813
7.006148741114885
8.322697774972767
7.165724127087742
7.9808369553647935
7.062692068982869
8.149750566110015
6.657411457970738
6.7239811341278255
6.892894393298775
6.5964013314805925
7.288072339259088
7.394452731590718
7.937572912778705
7.504476451780647
7.493390227202326
7.2377530676312745
7.777063426561654
7.6001247693784535
7.40011040167883
7.384008620399982
6.633752073859796
7.786522368434817
7.271276364568621
7.5439963773824275
7.662891025654972
7.45019767107442
7.038867626339197
7.466936904471368
7.686377017293125
8.161550065502524
7.858024757355452
7.016352971084416
7.705311930272728
7.75498032849282
7.908405147027224
6.806286214850843
9.12408554367721
7.69303769711405
8.371154244989157
7.612361996434629
8.674443753901869
8.613215671852231
8.983284936286509
7.782820881344378
7.394103252794594
7.486169641371816
8.139712856151164
8.375473775435239
8.691107342485338
7.672781788278371
7.98693401645869
8.579586448613554
8.190428691450506
6.903321608901024
8.143859564326704
8.585014543496072
8.92341809347272
7.322868005838245
8.183384624775499
8.411177416797727
7.394998649135232
8.246250996831805
8.30116121750325
8.650624558329582
8.699700040277094
7.780290784779936
8.140423271339387
7.351567781530321
8.46236184798181
7.466855371836573
9.079083528835326
8.55602971976623
8.156747126951814
8.931205541361123
7.962742431554943
7.789905385114253
8.407298034988344
8.314385371282697
8.04356943629682
7.924439003225416
7.647126198280603
7.733446290716529
7.185102763120085
7.352464348077774
7.121991177555174
7.165070908609778
7.001923802308738
7.582592815160751
7.452329429332167
7.263082387391478
7.112201185431331
7.41010632365942
7.356903032399714
8.447258368134499
7.560532827861607
8.230833772104234
7.773151713889092
7.701361529529095
7.67702708998695
7.566407399252057
7.24294771021232
6.450212475378066
7.266051611397415
7.200783995445818
6.8997646272182465
7.338426391128451
7.414105948526412
7.482657950371504
7.4298474485985935
8.06488924799487
8.278048984706402
8.743565978482366
8.637844065669924
9.54711220227182
8.990109941456467
8.296249684877694
7.580122984480113
7.414609727915376
7.258347561582923
7.583594959229231
7.015665273647755
7.273229909595102
8.456684341654181
7.294679952785373
7.029616185463965
7.420047303661704
7.174674063920975
7.906048194505274
7.996907453984022
7.839487271383405
8.559993389528245
8.21977911470458
8.776064109057188
8.66804783931002
9.231985577847809
8.149128420744091
7.683828662615269
7.350436987821013
8.363440827466547
7.239192394539714
8.10164816165343
7.463538887444884
8.140289880800992
7.9157715630717576
7.111148257739842
7.797676375601441
7.601540002971888
7.9738601627759635
7.612913484219462
8.14318152749911
8.315275073051453
8.435465249232948
7.447275034151971
7.5396929224953055
7.353099997155368
7.395989712560549
7.652500858530402
7.163543388713151
7.763734451495111
7.710664047859609
8.442798709031194
7.762930017430335
8.026733056642115
7.922560831997544
6.97000342560932
7.630134699866176
7.447220231872052
7.168441287707537
8.016745433211327
7.159740063827485
7.003259807359427
8.639382866211236
8.45552502386272
8.569669044576585
8.28882117010653
8.525417605880648
8.221656622365117
8.506151638925076
6.68871028162539
7.196354393381625
6.759014978073537
7.267825069371611
7.778860884252936
7.346636736299843
8.855660910718143
7.139590436592698
7.014411509502679
7.297042242716998
7.050160829909146
6.974710543639958
7.520528230816126
7.432251652237028
7.41143172653392
7.672854125499725
8.132487438153476
8.376424573827535
7.079864128492773
8.011892756447196
6.717314487323165
7.621586684137583
7.493529806379229
7.359050027094781
7.630532775539905
7.020899374037981
16.06213387288153
7.438419871032238
7.941844014916569
8.456852548755705
8.104119095951319
8.07923697354272
8.241132203955203
7.92342072352767
8.549555058125407
8.08339055813849
7.304058511275798
8.325705130584538
7.512276483699679
7.1499780574813485
7.079422287642956
7.128198316320777
7.12287320336327
7.586591743864119
7.670469762291759
6.751478017773479
7.155631394125521
7.316029571928084
6.969275279901922
7.900202856399119
8.1036497480236
8.01711142854765
7.912308283150196
8.241391441784799
8.095530303195119
7.994657282251865
8.66245205886662
7.712503808550537
8.224079146049917
7.669875110965222
8.304001952521503
8.301109174732119
8.729747888632119
9.636263940948993
8.801343565341085
8.73822755087167
9.27582708094269
9.132640001829714
8.094349879771471
8.285260160453618
8.851384999230504
8.926629780326039
9.468415626790375
9.225875537842512
9.109074980951846
9.321943807415664
8.791609262116253
9.734068777412176
9.422090363223106
9.453144629020244
9.301056267693639
8.063034457620233
8.282986040692776
9.161429982632399
8.207918546162546
8.585417437832803
8.359427160117775
8.559091201517731
8.70517236739397
8.873612117487937
8.487203773576766
8.609672953840345
8.059563404880464
7.5218873037956655
7.718030001968145
8.442101476714015
7.060021103359759
7.782801394816488
7.7217636671848595
7.326883542817086
8.03469213983044
7.363030065316707
7.728109549731016
6.8920151656493545
7.096902126912028
7.402682719286531
7.604867196641862
8.04763998836279
7.88486700411886
7.802213355898857
7.79004075890407
7.080996423959732
7.7423414462246
7.034108141437173
7.386828044429421
7.606638661585748
7.167940037325025
7.275178506504744
7.709722513332963
8.446412205696106
8.119081668555737
7.976376058068126
7.298051644582301
7.076327698305249
6.915251450613141
6.819560384377837
7.417737654410303
7.901905120816082
7.594439681619406
7.318660436198115
7.128211183473468
7.2125799069181085
6.693915115203708
6.890464237891138
7.076661979779601
7.35712898010388
7.326255429536104
7.442404955625534
7.202032067812979
7.11431325180456
7.088407208677381
6.877075631637126
7.014537883922458
6.9502922762185335
7.535573769826442
7.688526018988341
6.947627274785191
6.702268276363611
6.993117809295654
7.108600900042802
7.908660443965346
7.3890187232755125
7.9662368257995695
7.514510561246425
7.423153765965253
7.743663584347814
7.524106816854328
7.012877746485174
6.813527794089168
6.987203614786267
7.889292058069259
7.5292653469368815
8.10252469824627
8.069812526926398
7.742847158573568
7.811639504507184
7.784145707730204
7.44948275340721
7.462790851481259
8.968464059289545
8.406374951358885
8.662552235648036
7.646175515837967
8.128986720461398
7.680388155393302
7.386003027204424
7.981655511073768
7.2346417983062565
7.593135063536465
7.011081168428063
7.7203120668418705
6.685369194019586
7.312481481116265
6.479500871151686
6.752866616006941
7.2280097785405815
6.87451035855338
6.486599864903837
6.893653431441635
7.7241232809610665
6.9898569928482175
7.342805041465908
6.6050569750368595
6.71872236719355
6.6362782791256905
6.501646579243243
7.090665231924504
6.923092333134264
6.745493430877104
6.5932286023162305
7.030594346579164
6.352952558547258
7.7489100699312985
7.272781515028328
6.563898924272507
6.671335523016751
6.602701047901064
6.45460106106475
6.318651895504445
6.5940040443092585
6.872789884917438
7.368415269069374
6.811542629729956
6.879028684459627
6.599030379205942
6.873114584945142
6.476330628152937
7.61293596541509
7.434609429910779
7.514564691577107
7.228414631448686
7.4212739346548915
8.416735163424164
7.656803289428353
7.169958666432649
7.653895983938128
7.618872796185315
7.880871461704373
7.743396747857332
7.127604850102216
6.694533727597445
6.920838797930628
6.7772899880073965
6.156047779135406
6.6572907799854875
7.129849620629102
6.399325463920832
6.713367089163512
6.847341492772102
6.887202065903693
6.857882817275822
7.023663097992539
7.09669349854812
7.326693461276591
7.98457447020337
7.870369570795447
7.151330403983593
7.229674356523901
7.652273673098534
7.817519582808018
8.007635950110853
7.81079528760165
7.967334094457328
8.117273108568043
8.865187850315124
9.245163207873702
8.030741557013243
9.027843590360135
8.822526650968939
8.965332098305225
9.108868496958166
7.0945824244990945
8.046963165514171
9.209541224408895
7.487040473148227
9.427335317712277
8.85239873919636
8.084378017112613
8.705665783956647
10.392951370216906
7.445337299257517
6.258386524859816
6.981958250515163
6.381732696201652
6.53777742665261
7.048826278652996
7.014615066349506
7.095422419253737
7.114994082599878
6.877723212353885
8.35463983565569
7.015352802816778
8.279479811433703
7.485675920732319
6.946255772840232
7.512219618074596
6.9144447348080575
7.315969364251941
7.20800525508821
8.258350713644177
8.09849525615573
8.056045926176012
7.728561898693442
7.039266909472644
6.658172738738358
7.171932525932789
7.274696841370314
7.350154007319361
7.0780747551470995
6.872109199874103
6.66699055954814
6.774526769295335
6.739746956620365
6.392106594052166
6.4896932085976005
6.760846217162907
7.192997924983501
6.504067247733474
7.729159603826702
7.924603798426688
6.666508310008794
8.475656049791723
10.776009876746684
7.666854466311634
9.145211793482304
10.864857226610184
6.820615586359054
6.916238545440137
6.891255590133369
7.451388922519982
7.1988139995373785
7.32514010136947
6.717190721537918
7.067318008746952
6.894146997947246
7.658443134278059
7.6969527010805905
7.813220264855772
8.621421881951392
8.165041856467724
8.51608755486086
8.607138402760029
8.408926255069673
7.90868190350011
7.760197923518717
8.775857827160507
8.182225668802857
8.079740752931684
8.890203575138003
8.642591500654817
8.068612318951637
9.71027417993173
7.063183142803609
8.80529672279954
8.085395798552781
6.932867511641234
7.924702616874129
7.480018673464656
8.36665016785264
7.982436212245375
7.737950789742172
9.961716176010668
7.330576789565384
6.964431599248201
6.971722336951643
7.515951437409967
7.0709129655733705
6.540582336485386
7.309126236941665
8.40149616356939
7.734492120798677
7.865005781408399
7.32006387738511
7.917311667930335
7.904405589215457
8.703971446491778
8.055833164136857
7.682517706416547
8.659547437913716
8.6615328094922
8.191366414539516
8.268607188481838
7.919461599551141
8.925269446335733
8.88267740001902
8.57287820102647
9.503684205003083
8.4798051873222
10.206742795184255
7.429982201196253
8.480173752177507
7.397082768846303
8.22502122959122
7.555163708049804
7.790936395991594
7.167300791013986
7.054679367225617
7.17475650832057
7.18039417359978
7.775819434784353
6.695177067071199
7.646306090056896
7.349447043612599
7.432693892158568
7.5583597077056766
7.169123367872089
7.636515537742525
7.274129083380103
7.282888962421566
7.399477825965732
7.482718180166557
8.492865762673318
7.618148033041507
8.235686092171818
7.1091561717912555
7.280950173735619
6.937274056486785
6.910810077097267
7.855010450351983
7.528638275805861
7.842230090871453
7.7801056476309896
6.920447116252035
8.06654695700854
6.915241516660899
8.103855073451996
7.304384098388255
7.351156965829432
7.910086737014353
7.793407583609223
8.011803999077529
7.699276770930737
8.024403826333582
7.6873217057436705
7.405827756971121
7.521260743029416
7.94530660752207
7.936357720755041
6.834140176419169
8.20422781072557
8.512489649001509
7.253236253745854
10.48438012925908
8.507039660122246
9.75995158450678
8.918242378160357
8.901387860998511
9.239680151920766
9.960923606529832
9.82428937125951
9.69810647610575
7.967797595541924
7.775057513732463
7.857679330278188
7.294138279277831
7.913261167239398
7.534674388822168
7.586243756581098
7.427367738448083
8.643585858866572
6.773619673214853
7.114127021282911
7.245382474735379
7.031948949676007
7.15389796346426
7.649146459065378
6.858301168307662
7.364671814255416
8.062779014930129
7.232495927251875
7.132289509288967
6.662721013650298
7.010114932898432
7.388781869318336
7.142104434315115
7.0870047877542675
7.354174584150314
7.0146681177429855
7.759182692039758
7.610776002053171
7.378610064741224
7.048617668449879
7.39643731713295
7.406869272701442
6.875855687074363
7.5756948394700885
7.495459881611168
6.263747869525105
6.643118674401194
6.819488092791289
7.6983518078923225
7.138995291199535
7.682180725969374
7.336098848842084
7.6393004530109465
7.522575665730983
7.434716726653278
7.604953829199076
8.19404614996165
7.524349352344871
7.8431560206227005
7.192547256127
7.406546028330922
7.307850680779666
7.042849843390286
7.381374288816005
7.376562346704304
7.659612372983247
6.777294627390802
7.075385241769254
6.854245408438146
7.888649953529239
7.910731404554099
7.481460479553789
7.866377144586295
7.97390355868265
7.635986992157996
8.127885170280933
7.264225566294044
8.154995855409652
7.619458424393088
8.144012063741684
7.748708804138005
8.136423935182393
8.529285148251802
7.983562512788922
8.131772567052394
7.941610216163099
7.703330693766475
7.759680403396487
7.330811478663236
7.43693590676412
7.2686797101050615
8.192260771989822
7.743220782838762
7.728445298504084
7.639063508249819
7.516600497998297
8.567961848340929
9.16391838900745
7.766351699829102
8.3371528275311
8.23700829828158
7.774147728458047
9.10679398663342
7.441180359572172
8.10688841715455
6.904602934606373
9.275359737686813
7.069657531566918
7.223772469907999
7.3113713301718235
7.295408117119223
8.223919954616576
6.889410305768251
8.156412434531376
8.45029561733827
8.709125789348036
8.6214944049716
9.365901799406856
7.00524478405714
7.360594369936734
7.992588896304369
8.765651673544198
7.408963571768254
7.942532646469772
8.257282952778041
8.087858083192259
8.766061612870544
8.043002439662814
7.920163156464696
8.581947629339993
8.203589139971882
8.576944689266384
7.477796462364495
7.869163698516786
8.048982541076839
8.24968740483746
7.869732521474361
8.790557036641985
7.662065513432026
7.96497795637697
8.070354758296162
8.953406130429357
7.6923480946570635
9.170080356299877
7.44650026364252
8.88407293241471
8.454181684181094
9.236828869208694
8.500440794043243
8.888228901661932
8.328957928344607
8.080038000829518
8.672041647601873
7.331182342022657
9.780305410269648
8.039919385220855
9.10836751293391
8.792291672900319
9.586562868673354
8.411337269004434
8.411389456130564
8.451974088791758
9.806732106488198
9.799857271835208
9.052259140182287
9.910980411805212
9.97616355214268
8.618405344896019
8.530855028424412
8.858166344463825
11.517670749686658
7.800626154523343
8.811868885997683
7.347661303821951
7.597808552905917
7.18074906244874
7.144870379939675
7.308454183395952
8.10086872568354
7.342880437616259
7.669418239500374
7.151072357781231
7.818769416771829
7.125037357676774
7.918505399953574
7.073760861065239
8.288774019107223
7.675470999907702
6.833443642128259
6.6543327728286386
6.4746822053566575
7.32945281593129
6.745539903640747
8.046385403256863
6.981266383081675
8.154693243093789
9.942940127570182
9.2279212330468
9.232468635775149
8.684239680413157
8.813364717178047
9.548616407439113
9.058692577760667
8.972017091233283
8.774932614061981
8.460565102752298
7.81605968112126
7.778526712674648
6.912572576664388
7.224672983866185
7.291963085066527
7.028150665573776
6.8876547841355205
7.652616464532912
7.598125642165542
7.041761324275285
6.7366305841133
7.598707326687872
6.552762624807656
6.969854896888137
7.46175397420302
7.3286988120526075
7.500938138924539
7.537701530382037
7.613831338938326
7.620100319385529
7.617038222029805
7.587709560990334
7.67876231437549
7.663953283801675
8.184024127200246
7.4240949410013855
7.4689985369332135
6.968388912267983
6.8454995676875114
6.825428694952279
7.388381179887801
7.309357070829719
7.312085896264762
7.655260806437582
7.020756990648806
8.493496768642217
7.449440284632146
7.083813909906894
6.524691007100046
6.608452470507473
7.324309238232672
7.006284878589213
7.735287364572287
7.453194783534855
6.909897605422884
7.504372315015644
7.93568517640233
6.881094270385802
7.665963361039758
7.53799237171188
7.075647701509297
7.580126923508942
6.783705022186041
6.605775052215904
7.105424620676786
7.30865763919428
7.322501861024648
8.192793888505548
7.580242318566889
7.888401610776782
8.28958949726075
8.07536856085062
7.958636526018381
8.074629675131291
8.99325934657827
8.74012853205204
8.350133519154042
8.474783144891262
7.240302389021963
7.3967866017483175
7.529985682107508
7.144753927364945
7.331191757693887
6.986331368796527
6.943388357758522
7.258975294418633
7.713905580807477
7.156586007215083
7.5091258911415935
7.522198754362762
7.437652281019837
6.80150698358193
6.858454259578139
6.948352479375899
7.546086170710623
6.802608156576753
6.941922246012837
6.884845683351159
7.309942722320557
8.003539713099599
6.868956004735082
7.46952386572957
7.298307784833014
7.128175580874085
6.343487969832495
8.163293739780784
7.344137022271752
7.120559622999281
8.410207328386605
7.251959116663784
7.281229383777827
7.753053707070649
8.0779894227162
7.509675181470811
7.185452952049673
7.03917177952826
7.737249799538404
8.912520410027355
7.938495795242488
8.172184584662318
7.936733132228255
7.785047583747655
8.262625572271645
8.855134216602892
8.161107114050537
8.430637971963733
8.312458587344736
8.016947763040662
8.856144718825817
8.472013461403549
15.195771085098386
7.195309516508132
7.922854643780738
9.718927204143256
7.0233145179226995
7.112305329646915
7.427063367795199
7.501966768410057
7.512470826506615
7.5077446307986975
7.390966870822012
7.941035467199981
7.839964505750686
7.927567894104868
7.615525492001325
9.390794040169567
7.400282096117735
7.767528384458274
7.1091165551915765
7.3994989190250635
7.255511173978448
7.141875764820725
7.006143482401967
7.667832064442337
7.80789058143273
7.847043676767498
7.462045221589506
7.623715377878398
8.551939874421805
8.034756492823362
10.486659657210112
8.98000385100022
9.728622676339
9.486103601753712
10.028138258494437
9.249016807414591
8.156587001401931
7.392039465717971
7.210482839960605
7.597533102147281
7.318707587895915
7.167307932861149
7.634982898365706
7.898406417109072
7.985865192487836
7.1075695301406085
6.855717104393989
7.634667654987425
7.133229416329414
7.374551904853433
7.223337274510413
7.215276258997619
6.880564444232732
7.465602191630751
7.256447019521147
7.864266885444522
7.802326710894704
8.000637364108115
7.962262446060777
7.255143150221556
7.291940764524043
8.413643145933747
8.742281923536211
9.073275997769088
7.627563035581261
7.561414712574333
7.7240004488267004
9.18396755028516
8.972929675132036
7.761827831622213
7.687392534222454
7.135176692157984
7.1314557627774775
7.403209498152137
7.30235742777586
8.30050274869427
6.847106327768415
7.062338181771338
7.055145383812487
7.45818143337965
7.688648217357695
7.2166674812324345
8.133473083842546
7.4699154598638415
7.770567130297422
7.257056352682412
7.826391136739403
7.6584931830875576
7.294444411061704
7.613999123219401
6.818460684735328
17.571714323945343
6.863349178805947
6.825862432364374
7.755313772242516
8.191303848754615
8.416062053758651
8.138253071345389
8.7852692916058
8.075733837205917
8.058479770086706
8.679256686009467
8.790973073337227
8.677755889017135
7.961669249460101
7.624572366476059
8.168899708427489
7.436852707527578
7.777840684633702
8.061654305551201
7.857008623890579
7.473902015481144
7.415215226821601
7.298669847194105
7.955481609329581
8.206454147584736
7.3331671273335814
8.4037144780159
7.950894839596003
7.9331682631745934
8.535555619746447
8.746787698473781
8.206568277906626
8.503013801760972
8.340315002482384
8.750533681362867
9.105531950481236
8.94543360779062
8.52996496250853
9.268795584328473
9.008773916400969
8.28393771359697
8.504148490726948
7.5915502961725
8.77526850765571
8.44815452490002
8.111299701035023
8.237824029754847
8.552249510306865
8.052146017551422
7.645093004684895
7.464513082522899
7.121071869973093
7.49339943844825
7.696482200641185
8.087853369303048
7.461996324826032
7.597856379579753
8.570874817669392
8.56669862382114
7.880303921177983
8.817692060489208
8.324849545489997
8.599651565775275
8.729640339966863
8.140339867211878
8.953207859303802
8.457091010175645
8.12581885792315
7.6986045385710895
9.151599386241287
8.32399882748723
8.04310425883159
8.10844027204439
8.289690683130175
7.357716219499707
7.72638704162091
8.372549574822187
7.954897204879671
8.201380221173167
8.562082835007459
8.478819881565869
8.678948401473463
9.466307581402361
8.905905298888683
8.137855304405093
7.530707119032741
7.509449549019337
7.998455299064517
7.742016637232155
7.545553001109511
8.475998155772686
7.625533882994205
8.257745305541903
7.592621004208922
7.812665726058185
7.949084923602641
7.869222198612988
7.95789870293811
8.621183938812464
8.205695521086454
8.526298364624381
8.45108287082985
7.982141085434705
8.224866507574916
8.889956357423216
8.435474125668406
8.071764601394534
8.199207342695445
7.571593110915273
9.041443754453212
8.547737943939865
8.033668737392873
7.891452390234917
8.005078691989183
7.601525812409818
7.40234573604539
8.058717353269458
7.899722391273826
7.176355387084186
7.022985481657088
7.290339335799217
7.570498954039067
6.935522705316544
6.977249211166054
6.8309085527434945
7.878556276671588
7.505206000991166
7.187750470358878
8.625040243845433
6.912298545241356
8.013768293894827
6.689747783821076
6.6907810093835
7.541297546122223
7.92115676170215
6.662995347287506
7.500480271875858
7.421656698454171
8.132464825175703
7.630832549650222
6.897616874426603
7.5373814343474805
8.0526256239973
6.841739085037261
7.7105546849779785
7.999716836027801
8.227574046701193
7.974642185028642
7.4785710773430765
7.745140107348561
7.696511964779347
7.356187941972166
7.528462591115385
7.58589542331174
7.218865418806672
7.425764409825206
6.730927866883576
7.8384172124788165
7.974854849744588
7.043829153291881
7.481967736035585
6.858335095690563
8.856307498645037
8.513901260215789
8.45487508457154
8.623808889184147
8.413885430898517
8.235741726122797
7.588788806926459
7.054073364473879
7.028584208572283
6.783875834662467
6.942518884316087
7.404188750311732
7.537300116382539
7.5291633666493
7.553252007812262
7.440722989849746
7.506776568014175
7.867218418978155
7.584233240224421
6.940615441650152
7.382349499501288
6.765095022041351
7.4872469692490995
6.868646077811718
7.4151494689285755
7.740615440532565
8.067391203250736
8.772274557966739
8.532596410717815
8.60696115437895
8.55508202407509
8.310492410324514
9.006389825604856
8.060338659677655
7.371220292057842
8.440261115785688
8.178646551910788
7.949518087785691
7.558360042981803
7.532307651359588
7.853847798425704
8.618630204815418
7.409736603498459
8.336644608993083
8.261355824768543
7.7649249457754195
8.344011825043708
7.433069929014891
7.687995380256325
7.5164161110296845
8.080449994187802
8.217785144224763
8.380528108682483
7.744363870471716
8.142787526361644
8.428570189978927
8.515019959304482
7.449926589615643
8.566981159616262
7.774074708111584
8.108712412882596
8.531521511264145
8.577021620236337
9.710942681878805
8.938575139269233
9.202689689584076
8.283884974662215
8.481221766676754
8.934277726337314
9.811488984618336
8.34213210362941
8.541805788408965
8.23189543792978
8.879324404522777
8.357888019643724
8.96990109141916
9.32289847265929
8.326309938449413
8.28900761762634
9.016317953821272
9.060259149875492
7.778074765112251
8.566037914715707
7.633779598399997
7.9739878685213625
7.182280201464891
7.709482214879245
7.358739749994129
7.339736509602517
8.388104132842273
8.096065092366189
7.370559906121343
7.377335647586733
7.776092146988958
7.159343948122114
7.412813491653651
7.330844179261476
8.09503142023459
8.040743002668023
9.010905626695603
8.75834885565564
8.327887537423521
7.388581068255007
7.961520794313401
6.8966237511485815
7.869618325959891
8.650121181737632
7.2123068338260055
8.334136426448822
7.072860987391323
8.837379534263164
8.275112924631685
7.868672984652221
8.374243412632495
9.692065104842186
8.34336196212098
7.046701078303158
10.515260076150298
8.434073180425912
8.188675234327093
9.442941318266094
7.436742687597871
11.941818051971495
9.314229774754494
6.267510769888759
10.003833666909486
8.985175410285592
9.41336622228846
9.711488240864128
10.21503274468705
10.039096080698073
10.635776183567941
9.514203281141818
7.921226246282458
10.838388379197568
8.763640269637108
9.187048501800746
9.333152544219047
10.148311048746109
10.403348432388157
9.300786414183676
9.823534495197237
9.74746234761551
10.094538460951298
10.349493030458689
9.432599956635386
8.19120777817443
9.778172959573567
8.756089298985898
9.500099942553788
9.174387648236006
8.318362468853593
8.070017053745687
10.119022889994085
8.198738660197705
8.94358489336446
8.541799512226135
7.483581303153187
7.028753152582794
6.894844328518957
7.275511112064123
7.480173339135945
7.060846528504044
6.966231611557305
7.264500746503472
7.168584308587015
7.599080776330084
7.188181254081428
7.371337274555117
7.191290332470089
7.884277508128434
8.281768813729286
7.060680143535137
7.9892484727315605
6.614447344560176
7.703963303938508
7.794642438180745
7.392871810123324
7.475070135202259
8.06874921824783
7.533897500950843
6.744691409636289
6.816613052971661
7.826118513941765
7.227762173395604
8.230073019862175
6.972911027725786
8.095514126121998
7.6889899810776114
8.06740975053981
7.732148913200945
7.270790106151253
7.6260900986380875
7.876851650420576
7.3226721892133355
7.6087076351977885
7.791757314000279
8.220048147719353
8.328456561081111
8.660169885493815
8.998153827153146
8.159056977368891
8.40595220727846
8.015578651800752
7.41693166596815
7.953512984327972
7.505101806949824
8.024550080765039
7.368315399158746
7.282341411337256
6.805223062168807
7.395292123313993
7.181919830851257
6.906341398600489
8.280535964295268
8.74393866257742
6.8591560535132885
8.186625407543033
8.653519669082016
7.377203946467489
8.153788777533919
8.232095439452678
8.176769306883216
7.710184814874083
8.581541273742914
8.806950561702251
8.523809355217963
8.50751525349915
8.923764686565846
8.791758756153286
9.474549628794193
8.789601921569556
9.618140074890107
8.300314472522587
8.040086894761771
7.951949765440077
8.131463506259024
7.7789661064744
7.395878142211586
8.125975999981165
7.1998635795898736
8.718622143846005
7.852571822237223
7.8406199919991195
7.909072577487677
8.46205841191113
9.331194061320275
7.007104374002665
7.247113777790219
7.788343055173755
7.475574764423072
7.76006038999185
7.434742348268628
7.912582274060696
7.812978746369481
7.814784804359078
8.27324816538021
7.733750308863819
7.500234734732658
7.282351358328015
7.778844678774476
7.6961347558535635
7.610047373920679
8.3764692931436
8.682303096633404
8.33063021209091
7.992454842664301
7.1942790830507874
8.716686125844717
7.691938802134246
7.641404477879405
7.86431540409103
7.449036572361365
7.319895250257105
7.790100421290845
9.293762980028987
9.089631664566696
8.91915851039812
8.813148056622595
7.577359628863633
8.68175491830334
9.053447118960321
7.217760753817856
8.057832399383187
8.50086145522073
8.980690921191126
7.894452021457255
7.798229152336717
8.178890488576144
8.010228887200356
7.70574569189921
8.472373963333666
9.18420329131186
8.654899273067713
7.850507967174053
9.018561736214906
8.355260582640767
8.104978650109842
7.9699618448503315
7.227623177226633
6.813732558162883
7.115395330823958
7.419059210922569
6.720638793893158
6.929782346589491
7.705778112169355
6.691764382645488
7.972686211112887
7.949651862028986
7.883892193902284
8.021033108700067
7.905349855311215
