0.05215206911088899
0.05160927473480115
0.052145582707453286
0.053059245847180136
0.052631176808063174
0.052069804069105885
0.053434842729984666
0.0525624891561165
0.05263313401519554
0.052940186509658815
0.05195566115799011
0.052587706049962435
0.05273941838458995
0.052160439065119135
0.052037350193131715
0.052698279774631374
0.052041085953533184
0.0517824966700573
0.053115249142138055
0.05323700873123016
0.05302405772454222
0.052671311279482325
0.052282631118941936
0.05457848520745756
0.053025486928163446
0.05428743460288388
0.05098890154295077
0.05385337104598875
0.053896697543677874
0.051992955965033616
0.05229210961442732
0.051874555290851276
0.05240860384765256
0.05426980039192131
0.05251464654611482
0.05246302601699426
0.053012295116786845
0.05252961685255286
0.051962402403660235
0.05299979208939476
0.052863289305605576
0.053134406327444594
0.054005574967959546
0.05291984565155872
0.052701443042678875
0.05169201860553585
0.052668304702820024
0.05152165987783519
0.052727576288816635
0.05258407314977376
0.05262560625124024
0.0522747284558136
0.052149556953736464
0.053118353192985523
0.05239375217388442
0.05229578296348336
0.052777791150219855
0.05351684309789562
0.05219826414031559
0.052282611539339996
0.05309963213039737
0.051971912804219755
0.05302936464067898
0.05302612585910538
0.05224891411489807
0.05233347166540625
0.05309650163871993
0.05247108517869492
0.05287504968327994
0.05187304367245815
0.05323796115408186
0.05238824748812476
0.05227393078166642
0.05268851328037272
0.0522764272227505
0.05261391272142646
0.05333075841554091
0.05281510408531176
0.053396948245790554
0.052939890383640886
0.05257332182918617
0.052408462257517385
0.05116433629154926
0.052780687790800584
0.05342352242769266
0.051563736433308804
0.05237849673903838
0.05322831217017665
0.05227668245424866
0.05230637179010955
0.052228346874471754
0.05094914806250017
0.052568618548320956
0.053398093366922694
0.053219273871945916
0.052302138534287224
0.05295380741881672
0.0525647811628005
0.053047717208755785
0.05172327600848803
0.05310170953271154
0.0511364168523869
0.05317221662517113
0.05329099304435658
0.05282644755789079
0.052856365395200555
0.05134262397587008
0.05273234139713168
0.05302243715050281
0.052960728731704876
0.052556231183189084
0.052836519995253184
0.05369593158138741
0.052524761676977505
0.05260328326585295
0.052637916522144224
0.05374956108425977
0.05385450876565301
0.051718046956011676
0.0535665106272063
0.0524049327323155
0.05248030720213137
0.0528634041420446
0.052364471624969156
0.0532080469893117
0.05235660106882278
0.05329001548307133
0.05237993698756327
0.052247612684368505
0.05235982986778254
0.051689237505343044
0.05169200669115526
0.051212643387771095
0.05347228821301542
0.05308879528820398
0.05260220023228612
0.05292166190702119
0.05335797604857362
0.051881964895073907
0.051935402898379834
0.05253939239446481
0.05198374442625209
0.052375929026311496
0.05226254111221351
0.05291923783624952
0.053664366707380395
0.05243171270558378
0.05286227973738278
0.052490121403025114
0.053103130967429024
0.05228376118429878
0.0521617605973006
0.05230930316974991
0.05164927648547746
0.052938357923267176
0.052508805065372144
0.05352685577236116
0.051928830118413316
0.05272300044634903
0.05175228264852194
0.051711872014493565
0.052926731179468334
0.052864932415104704
0.053212559960229555
0.052302455271274084
0.05222273125218635
0.05245092036420829
0.05235833171172999
0.05240038732335961
0.052268809615270584
0.05286862813591142
0.05250814077044197
0.05361611812986666
0.0530785572827881
0.05169069590920117
0.05246981459094968
0.05136156622575072
0.0517121550419688
0.05289499730497482
0.05044047658884665
0.05184758590075944
0.051954150203528116
0.052464741422227235
0.0524691430364328
0.05313982878396928
0.053580565447191475
0.053105256069102325
0.052811149009357905
0.05305631778173847
0.053886100446106866
0.05265225661605655
0.053113664407646866
0.05226614278399211
0.05187307555570442
0.051923979859566316
0.052820901679297094
0.05251053017491358
0.053004658864665544
0.053148290409808396
0.051991479806019925
0.05188747722786502
0.05282071595684101
0.05261333391172229
0.05197716106158623
0.05271366505076003
0.05242903984071745
0.051029366708462476
0.05334122526619467
0.053254217256835545
0.051707813332541264
0.05189487688039662
0.05312509763643902
0.05161570090240275
0.05229671983215667
0.052794206067119376
0.05263923234815593
0.05188504513716907
0.05284884653701738
0.052469735013801255
0.05178069029352628
0.052896395842253696
0.052408308800295345
0.05206392390027759
0.05315808977684355
0.053533811265879194
0.05264124562017969
0.05180002350061841
0.05268400186105282
0.052645139790911344
0.052975873131799744
0.05283209728077054
0.05275582032300008
0.053371138137663365
0.05301757625784376
0.05198143066081684
0.05170774090947816
0.053110499853573856
0.052306845089333365
0.051694326280994574
0.0533150892752019
0.05300533645822725
0.05243913612684992
0.052456584886385826
0.052452832298513385
0.0535001656426175
0.05206316980547854
0.052492340611934196
0.052056770808121655
0.052510404184431536
0.05193290251372673
0.054004513538529864
0.052905470874975435
0.05326944568878389
0.05247464832063997
0.05210678934963653
0.052913885716407094
0.051978048501041485
0.0522646113531664
0.05222864864299481
0.05187726778603974
0.0515727278925624
0.052800644718445255
0.05213391397956002
0.05189821058775124
0.05288021787055186
0.05209978349557787
0.05168030597633333
0.052590781127946684
0.053026631165266735
0.05245079097767302
0.05240704313291644
0.05255066473000625
0.053545487027804484
0.05168555856653256
0.052084542861848604
0.05220135874515108
0.05376795894335373
0.05148878294494352
0.05333928049185488
0.05299235979327932
0.05292477516559302
0.05156830061059736
0.051837469089150545
0.05279152857110603
0.052735153476533014
0.05246876904857345
0.05292205345540424
0.0524875109003915
0.052794244436881854
0.0520290751956054
0.05252285225287778
0.052019083173945546
0.05330685686931247
0.05203155228809919
0.05328632010059664
0.052965962911912357
0.05218884396526846
0.05306762301552226
0.05270334534725407
0.05267705498954456
0.05253526207161485
0.052388517158760806
0.052347237993672024
0.05146361700280977
0.05269589257295593
0.05275810825696681
0.05261105533463706
0.05316482450507465
0.05386188200645847
0.05098315846589685
0.05112351479328936
0.05213661040943407
0.052978869467551704
0.05302395273611182
0.052239407790693804
0.05240971613966394
0.05206076552894956
0.05284278733597603
0.05259606564504793
0.052959474622184644
0.05293762063047325
0.051890929649744066
0.05212648939959763
0.05338785725325579
0.052732688885953394
0.05342335145905963
0.05305956662232347
0.05245942540932447
0.05222257687637466
0.052763965253689094
0.05229999004768615
0.052575618796254275
0.05244004809355829
0.052815640445260215
0.05143959532506415
0.0526922493299935
0.052992858367360895
0.052250717097194865
0.05192818457726389
0.05177928262310161
0.05318842545420921
0.05281956347607775
0.052103613645158475
0.052709521993165254
0.053479876838537166
0.05215888237944455
0.053329516918893205
0.05315448250985355
0.05287346395198256
0.0513564164921263
0.052999348135926994
0.05263734122127062
0.05346317334260675
0.052833130590443034
0.05239058903498517
0.05300079676453606
0.052921441822036286
0.05281568125792546
0.05180083815503167
0.05119324160659744
0.05183726152063173
0.05254863611844485
0.052031901745067444
0.051869645047190716
0.05087059423021856
0.05102243441797327
0.051874858154405956
0.05136943989236897
0.053803604325366905
0.052494083854981
0.050384396765366546
0.05192891556725954
0.0524998778328154
0.05180769045546185
0.05213154527518782
0.05219578775722766
0.05196095022256486
0.05253883492514433
0.05235694301518379
0.05253537887620041
0.05318484994677419
0.05165817222223268
0.05179991865770717
0.051511067254978116
0.051788746861348045
0.052949818047636654
0.053341214392276015
0.052747303401702084
0.0520864494574198
0.051789807441309677
0.051710370415094076
0.05173126379304449
0.05272628384591371
0.05148620116960956
0.05277221086544159
0.05312386517289269
0.05362201855496096
0.05193463420437183
0.05351176230760757
0.05195571390686382
0.05253123350121314
0.05176150089209841
0.053221662898067734
0.05309283571295964
0.05270664177260187
0.052904869788108044
0.05152387672205805
0.05243131950737734
0.053589670422297786
0.05196242679630814
0.05242172490034136
0.05177861580341414
0.054173909342353
0.05226666997805296
0.053184963968305965
0.05239702098151611
0.051807727837513085
0.05163952957263973
0.052441020618061884
0.05176918018514698
0.05332704224565532
0.05179607299032796
0.05220615367215942
0.05294608206531848
0.05206221190201177
0.0520599683841283
0.052034696369446465
0.05194290796498535
0.05074714429065352
0.051757508277660236
0.05259140338603174
0.05287925050834019
0.052012515739988885
0.05268349966536334
0.052196319000358926
0.05206240012012131
0.05254488019272685
0.05294013926322805
0.0533342225207889
0.052473063151410315
0.05361808569432469
0.05201891740762221
0.05300969848758541
0.052444785465922905
0.053365850342743215
0.05117833442091069
0.052341190246806946
0.05172002501603856
0.05186706324093393
0.05251968990341993
0.05204451553981926
0.051702784232475096
0.051984736979648005
0.051118937370119966
0.052225818877559504
0.05181884714511398
0.05325097024979186
0.05311609325326572
0.05219037323513476
0.0529304188748938
0.05212887995185156
0.05240044662969012
0.05257535968121374
0.05166619660485594
0.05239142170466948
0.05261017497650755
0.05258726550164283
0.05133914606994949
0.05096377986410516
0.05221955990600691
0.052539279331540456
0.05271247537712043
0.05216624788590707
0.05228134974640852
0.053076115324074635
0.05300950534547155
0.05265601489372784
0.05203235411499918
0.052015762141309096
0.05236813258670736
0.05317030522201094
0.05132247327492223
0.05319134808087256
0.05201103182480438
0.052662321913885535
0.052210531264790916
0.05324558373649779
0.05195884488057345
0.05343193680892
0.05238564493811282
0.05219189973468019
0.05171979976876173
0.051074097345917835
0.05202419324450602
0.052192538390954724
0.0514473002149316
0.051994493158417754
0.05254402942773595
0.05221954895023373
0.05206474099031766
0.05071463095191575
0.05024358555965591
0.051801549350784626
0.0521667994071322
0.052493208764644805
0.052566225409464096
0.0527362366028683
0.052348789269672125
0.05267183182149893
0.05273915086945635
0.052294520904979436
0.05204097665955487
0.05242016364718438
0.05171766156490776
0.053931443060719175
0.052893481335559045
0.05249877830465266
0.05167342246204498
0.05242349282707437
0.052943994483939605
0.05182663282175781
0.05214264357528009
0.05206598412223684
0.05245602050854359
0.05210861960586044
0.052620939180997084
0.05183062414289452
0.052244678225179086
0.05187864293111488
0.05222621230313962
0.05341462192336621
0.05341595653044351
0.05260814009307069
0.05235069324589858
0.05165197160204116
0.05246086542501871
0.051572445772762876
0.05310976840337389
0.0523860787088779
0.05178462361982383
0.052080110281167435
0.052425876494453405
0.05249050081874884
0.05188427046778088
0.05217390125289967
0.05082717799268721
0.05196563456229342
0.05202986482072447
0.05246428050122631
0.0516428248356533
0.05269200010661734
0.05241663729430002
0.05264802097917709
0.05189151487138588
0.05243379424609884
0.05237634553304815
0.053286945050786017
0.05197797148866812
0.051917311662691645
0.05229035656520864
0.05280904536266462
0.05344244871412229
0.0514338357043016
0.05225612139656732
0.053237605847243685
0.05253412574529648
0.053070648213179084
0.05225848556983692
0.05212746066899854
0.05261129493192129
0.05248759302412509
0.0528883228689665
0.05252786648088659
0.051903466428484535
0.05179131963632244
0.05206873731731321
0.05253363383053511
0.0517701532371575
0.05228853320295457
0.05239752988018154
0.05252017755083216
0.05249711143915192
0.052885214647176326
0.05228387280658353
0.05279036933097814
0.05097289944933436
0.05130535409625736
0.052899970733051305
0.0532505954743101
0.052226729660105775
0.052830614333288395
0.05150366358247993
0.05268413657177007
0.05253029296545719
0.05208060615404975
0.052491329195618164
0.05165069622125884
0.05107976108774892
0.051036834442129475
0.05239796655041573
0.05217752833777922
0.051119171375830774
0.05210879829064652
0.05229584189146408
0.05340000777505338
0.05260289776379068
0.05255337719063391
0.05280391350243008
0.0525030131375388
0.05233567317372945
0.05225744169911195
0.05326996721851174
0.05189951276588545
0.05103464402054669
0.05305367886830936
0.05270063652096724
0.05263599767204141
0.05242540152721631
0.05204284141836979
0.051898228863137774
0.05256718377677316
0.052154979417537106
0.05234912447667739
0.053215680687571876
0.051549565765526495
0.05254393464747409
0.052465962509813835
0.05264528061343299
0.05265560608859232
0.05312419232359389
0.052227982980184606
0.052316049517685315
0.05303245900904585
0.05148619688952749
0.05286681608049548
0.05184808797275764
0.05241626288079715
0.05188241805990401
0.05245110583200585
0.05281377103165141
0.052114807405814645
0.051949563681773725
0.05281438207748579
0.052183273726768675
0.05113367684316472
0.051587243362519075
0.05169689427384583
0.0525668177051557
0.05104233042766282
0.05295709803067439
0.05230255760397995
0.05236019642870815
0.05241042047418887
0.05313719179321197
0.05170726412688964
0.05248692423265311
0.05290212092768343
0.05234303075121716
0.05143537569711043
0.05113321007229388
0.05289715590515698
0.05237974335432227
0.05215012325606949
0.05224082834320143
0.05155405043478822
0.05259650535299443
0.05225875088581233
0.05209205104074499
0.05187715158353967
0.051597851434053155
0.05144962293343269
0.05165183569806686
0.05126500571896031
0.0521269250439218
0.051051384441962
0.05251177997706691
0.0512607269010914
0.05154772651439998
0.0518452476899256
0.05259290783396864
0.052301846459158696
0.05303157043090323
0.052910850310581736
0.05207202975907421
0.052882103767842636
0.052564863855877775
0.05230036712055153
0.0519748033311771
0.05178846350827371
0.05146676551703422
0.05278512201766716
0.05179887776466785
0.05318920309582609
0.05082871534432343
0.05230210243644251
0.05139715318910021
0.05241306688367331
0.05276355541900557
0.052011249703355134
0.05162122796718904
0.05196570599946426
0.05196554138274223
0.05115176502295071
0.05239572108439461
0.05182449903077213
0.053054165191497304
0.052929461182429804
0.052145931011182256
0.05282091976914671
0.052024808848727844
0.05211120623789611
0.052776437429201906
0.05246545003683423
0.052488576042378554
0.05287002108161687
0.052095146873398335
0.05276622613382642
0.051290174071255024
0.05278806768001232
0.052395168588191154
0.052794304026974714
0.05103119549494295
0.051751893806795124
0.05318446663841314
0.05196985147995292
0.05223355450107192
0.05307946016910137
0.05045950667044963
0.05113933241045743
0.05312048831910943
0.05294057273749786
0.05175937817693921
0.05232177544166916
0.05193235094338888
0.05345090534501651
0.05144326083427586
0.05101075189486437
0.05187120828668412
0.05348407079145545
0.0521961615922919
0.05222882186899369
0.05262309353929595
0.05340641767179477
0.05182815557964204
0.051719080160182784
0.05202773129167326
0.05178732470267278
0.05139155088363623
0.05205098159603949
0.05124320790855563
0.05184442599420436
0.05240455890998419
0.05291564617800759
0.050910538653624826
0.051631235521199415
0.05250929717840336
0.05177960416585847
0.051288253884195
0.052483835384919075
0.05238665223623684
0.05210632061425713
0.05211193090508459
0.052608161147873034
0.051803710499370936
0.051696714413992595
0.052870183884806465
0.05091959338824381
0.05239616509243206
0.051149866352716344
0.051106360644553206
0.051298865146236494
0.051911494654632406
0.052115796475845855
0.05239468238869449
0.05296916931911255
0.051677186753295246
0.05331540107545152
0.05311933995290019
0.05254875830723904
0.05237972295253712
0.052241525601857575
0.05168800292085507
0.05293386276025558
0.05180765066506865
0.051368516813454335
0.05218436127688619
0.05244905661493249
0.05202386111341184
0.05174805242313596
0.05306498418394767
0.05254138292366406
0.05198825926527206
0.05182343885462615
0.052438720129430294
0.051067347145362874
0.052609402971938835
0.052325689708595746
0.0508734784743865
0.0526025198669231
0.05153743065420713
0.05289730398908432
0.05124338893801905
0.051894259220716776
0.05297724125011882
0.052906809500200325
0.05140097152434464
0.05204849158144498
0.05199884751527861
0.0520345475506474
0.052245468556066044
0.05186295264320506
0.05202033563000441
0.052726141235325485
0.052186963983331225
0.05250560247441172
0.05216040621235152
0.05220962284329289
0.052314732030936284
0.05149563928898715
0.052188127034241916
0.05163435645226855
0.05200927963232971
0.05197264620073838
0.05266748301255575
0.05281219991775288
0.05244818665960338
0.0519038781276322
0.05181733712925052
0.05245679741710774
0.05179654424318869
0.052223071241314756
0.05147711904828611
0.053124076046515256
0.05148952978925081
0.05083448183722794
0.052374433011209476
0.053027043973997934
0.051356533795114956
0.05117391580279218
0.0529298183228093
0.05186398294790706
0.052492383672870346
0.052227717113055405
0.05253181991247402
0.051799273904180154
0.05200627256454027
0.05126788775305613
0.05184007813659264
0.05286670217901701
0.052448943117269664
0.052624134377765586
0.05220523576645064
0.052236870003980584
0.0513303958450706
0.05234581661352422
0.051420608684566105
0.05103409859111707
0.052890245637172484
0.052762426174012944
0.052700188500239165
0.0532624376937747
0.052273348832386546
0.05131907566646987
0.05218283913200139
0.051816013547067996
0.05198885746722226
0.05154977608981426
0.05150893964855641
0.05173888485842326
0.052575309107851353
0.05135782669094624
0.05266182088962523
0.053396738030642155
0.051333066416191286
0.051646208557940554
0.05182327655165864
0.052731749643498915
0.05200981231610058
0.05205797593953321
0.05118056308674568
0.051467300652802805
0.05098813315998996
0.05246475516287319
0.052311482972072554
0.05292687078326708
0.05131959692153032
0.05228074123078841
0.05171923918896937
0.05173815971829754
0.05230353133993049
0.05241030062461505
0.05196344205614878
0.0515475189222343
0.052884229025949026
0.052257419180023135
0.051866223468095995
0.052040343174667214
0.05243055876053404
0.05157429179780593
0.05278278886908083
0.05163562382222153
0.0525861633796012
0.05306663202463824
0.05187398589623626
0.052149437346088234
0.052713554678121
0.05184392236697022
0.05110719759068161
0.05220679510421178
0.051614457137475256
0.05181199468643172
0.05193592998512031
0.0521753267657914
0.052376961404661415
0.052936832729756134
0.05164121347479522
0.052469782314801705
0.0515511602479819
0.052452645049925195
0.05242294968047645
0.05233748136743088
0.05249550823828031
0.05224257042937097
0.051633915083584725
0.05176909835608967
0.05206117766829266
0.05178349964080553
0.051372279714996694
0.0517321751867712
0.05098513050506881
0.05261528007213201
0.052091228162680636
0.05266155765639269
0.05167585528033669
0.05243703696942248
0.051575899678937276
0.052847663519060006
0.05246924988750834
0.05253643589458079
0.05130726745846914
0.05259955715337128
0.05139468075503828
0.052004503186253714
0.051929818429925945
0.05242845442444377
0.05103716455960239
0.05317672674937057
0.05185732485551853
0.05172651201974077
0.052455091528827325
0.05280133095220663
0.050770994794220314
0.05329592107773351
0.05282179899950279
0.0527049822085246
0.05256868446122098
0.051638211587487604
0.05274352432388696
0.05249811557223438
0.05204681305622216
0.05238759907297208
0.052867117230562144
0.0517643567363848
0.052052876131710946
0.05170241932864883
0.0515027815981739
0.0517315790111752
0.052246423128963215
0.052131473525150795
0.05198537541582482
0.05220139310040395
0.052163382179060136
0.05256763972101908
0.051538106863517896
0.05288468161779747
0.05143987430164998
0.05150775874972169
0.051731253595789894
0.05258427482476691
0.052062248292713775
0.05320455964101711
0.05180341714731185
0.05147978214517934
0.05245528098384966
0.05180845909308118
0.05239887425705092
0.051902674369557644
0.05116593243656098
0.05107655670508393
0.0520456517169805
0.051803739203023724
0.0521799459002068
0.052460168746620184
0.0511843777676404
0.05122026541357627
0.05163421601901064
0.051391868455539225
0.05156334224193415
0.05116737900607404
0.05104147024030681
0.05301622945262352
0.052765002352316515
0.05137411537725711
0.05178891705145361
0.05180084758831072
0.05209256317175459
0.05150590180346626
0.05193224388312956
0.05218376793709467
0.052224406757886754
0.05270848609507084
0.051814228638249915
0.05180676947020402
0.051613567855383735
0.05089278598825331
0.05160724819324969
0.052094951361141284
0.05194568868682836
0.05226554446744558
0.05206159174667846
0.051239986642031
0.05101970030227676
0.052530270761053544
0.05178494027313718
0.05228412409815064
0.05145869909574685
0.05305669819426839
0.05253750349402253
0.05140143238349992
0.05056811516624293
0.052165678247547476
0.051927210253779776
0.05221182836066873
0.050803085790903424
0.05246888102010416
0.05243881020578556
0.051339338646357646
0.05213321453084063
0.05189669968240196
0.0522719233395037
0.0520450230287679
0.05133098848637019
0.052313518903247314
0.05143699193286011
0.052121613236522535
0.05182927237183321
0.05239945914399868
0.052645060952272615
0.050794528435289976
0.051336793121663504
0.052362144362632534
0.05152459216697025
0.052563696466677357
0.053122797562537016
0.050869260951003525
0.052983567207775195
0.05134337828712887
0.05163901392916159
0.051775562582406565
0.05164458585932152
0.05271564517533989
0.052486727663563215
0.05240517796482891
0.05251458359089156
0.051434437360512675
0.05266655362538586
0.050339493096544174
0.05206775858823676
0.05218087401226512
0.05117974150925875
0.052248555186451995
0.05291665223558084
0.05241918164938397
0.051988908109706244
0.052016349454788724
0.0523161939036072
0.05134209677999024
0.05249702186847571
0.0529180124613049
0.051787958551358315
0.05156606395939889
0.05332063845344237
0.05105289325729245
0.05166407774595427
0.052184705909894546
0.052295770752607496
0.05174294491916953
0.05220955379445513
0.05090412735444261
0.05233093899551022
0.05241624738664541
0.05116711674600083
0.05252439291871269
0.05196102420995885
0.052009105476827244
0.05254185823469015
0.05229261417662201
0.05182675032665429
0.05201695448704413
0.05272436182167439
0.05315168226479727
0.052130142375972355
0.05244879150450288
0.05205334476522694
0.05234884138008056
0.052959520635340596
0.052314558499347186
0.05233994879745296
0.05122080249202554
0.052236031617212575
0.052699717445648275
0.05066293576237513
0.051869233007892035
0.05168077649977931
0.052881633791912463
0.05289795487988158
0.05245201689649548
0.052078237506066216
0.05096578013217368
0.05212730445236957
0.052450132179728826
0.051393411466051475
0.052052343326067785
0.05243698939193564
0.053301456060580676
0.051250140777483466
0.05203133823488315
0.05267299986371654
0.05177408716190257
0.050875582066510106
0.05285710429416213
0.051764961041044444
0.05255494359334989
0.05213661330890318
0.05230206004853244
0.05275900708329573
0.051684408806977444
0.05247754325137066
0.051646220383190666
0.051220715169620235
0.05137405854657118
0.05136271537048742
0.05223003299033735
0.05167135422016145
0.05239831613289425
0.05133726637541258
0.051120042968250345
0.05185340323987475
0.0510134592459508
0.051289825765707064
0.05246141182760766
0.051536885011955746
0.052514284441713244
0.05191199540058733
0.05229419664101442
0.05227829395516892
0.051382570001806016
0.052729918985278346
0.05170215541329526
0.05103807318118925
0.0521905624664214
0.05055190820894495
0.051433928372716764
0.051211892499850364
0.05248142785967502
0.05309661188584869
0.05227193286009424
0.05064144461539399
0.050740821978251915
0.05129375347678433
0.051897363271564245
0.05241396217024885
0.051835312389812316
0.05210782053109142
0.050668661042436725
0.05204093370412011
0.05210226136659912
0.05241243126329209
0.05135499641255592
0.0527577296616073
0.05170699996779149
0.05185182436071045
0.05179081403002783
0.05117398661241168
0.05119714100692363
0.052465607714111684
0.053108391708519775
0.051448962978611235
0.05230724504690443
0.05226073681478738
0.05238676394765207
0.052318871008537826
0.05220773571454629
0.05269967898311734
0.0517473560248618
0.051188683703003335
0.05120702880594763
0.05110300226988329
0.05157737918489147
0.052149170769553166
0.052379383696461446
0.051229222384790774
0.05219681956259592
0.051302650028446806
0.05393737118356512
0.05162106949319423
0.052229494613129646
0.05224440474012226
0.05304341056762496
0.052240019980672514
0.052590938148568966
0.051197414579291944
0.051788492002742714
0.05242492025536194
0.05232709084702947
0.05233181148832955
0.05127559793254477
0.052672773352242075
0.051972189196021645
0.05252093492890708
0.05166562045451428
0.05151448639117007
0.05198053100684774
0.05154938530358777
0.05118262458927347
0.05155124174962111
0.051749956199273583
0.05190507060433447
0.05020965250514564
0.0514094504978857
0.051305650880749454
0.051430608435111935
0.05340802185492066
0.05132380293798633
0.052956234096200205
0.05292870353514445
0.051900098678743234
0.050879478052593186
0.05330072800461494
0.051480771906426526
0.05232964728384104
0.0510617834788718
0.05178375688774395
0.05211223603510007
0.0523270181256521
0.051279189610795584
0.05166726057723281
0.05276116099594219
0.05298566261990345
0.05195928918146819
0.051436473904686864
0.052664577235191246
0.05220153847585607
0.05138971708402096
0.05217567256659095
0.05147786619454564
0.052368085422131117
0.05151935438880173
0.05168862376558536
0.05214275820981129
0.05133337612642208
0.051550030322687235
0.05180024788751325
0.05167378330952488
0.052503077560686506
0.051815235397953074
0.05123498457760434
0.05058028833082062
0.05221694343526906
0.05153246050758753
0.05275566980162694
0.050864216031186515
0.051047138093053945
0.050942544317877037
0.05230057899825624
0.05194864806435362
0.050568791668410995
0.05294777227027225
0.051997105476402794
0.0517018319296767
0.05079430863042944
0.05225727356992138
0.052325231525173876
0.052749699765627156
0.0520040944829816
0.05221557808363286
0.05161378046977916
0.052543860278092325
0.05258998377394164
0.05138164274285373
0.0504046172627568
0.05040428203756164
0.0528732853326801
0.05195929773617536
0.05186794029032171
0.05388367322848353
0.05242711943174072
0.05182072581919783
0.05089409218999208
0.05160558019997552
0.05161961559133488
0.05095074451674009
0.05223103977368737
0.0521518908735743
0.05147093457708252
0.051803296262733056
0.05265775050793309
0.051317011086212005
0.05252492963154509
0.05196431581680372
0.05149343962511921
0.052199639274476795
0.05084205950333853
0.05197444627083314
0.05306862861289119
0.05424157597371959
0.051898921925385366
0.05258420578320511
0.052031657340194215
0.051693564071683795
0.05229952903937374
0.052421988524656626
0.051609596088383114
0.050880080978458864
0.05146123359372723
0.052556526086846134
0.05179391850469983
0.05080524960794719
0.051188235733206966
0.051954584570921725
0.05048901673035289
0.05110854293707234
0.05199871591867122
0.05072657285927562
0.0523649691058381
0.050699005822025356
0.05133626914903289
0.05207781982062443
0.05260627872849
0.05133718429533474
0.05200869215877901
0.05265489515295485
0.05144578242470743
0.051973591005662456
0.05272305976359348
0.052952031221138895
0.05174966547747317
0.05209988553542644
0.05272101787340944
0.05258508852784871
0.05172500430671789
0.0518913869127573
0.05199718937728903
0.051086985198708135
0.05164444092770282
0.051808825292027905
0.05155951961387473
0.05115382102121657
0.05224903568705486
0.052694441174026
0.05137825528072426
0.050689827014139155
0.05198235139687313
0.05179617687826976
0.05175242153563886
0.05129562977163005
0.05151231988929794
0.05135706986038713
0.05155609467328759
0.053268375080733676
0.05257057182097924
0.052221113808627706
0.051730931309066364
0.05182848522963468
0.05245100967113103
0.05152237448419328
0.05244957169998088
0.05142817030355218
0.051388827074333676
0.05246889990667114
0.05176935571580543
0.052032870775292395
0.051900760608987184
0.0515027469737106
0.052331977465655655
0.0517830816024798
0.05159841307249735
0.05106852887911373
0.05151013291651907
0.05231564355744922
0.051813566495184205
0.050197184369608294
0.05117144795258355
0.05211106675596966
0.051017105295613874
0.05174455297492386
0.05068990204563306
0.05168205989320995
0.05207988980328082
0.051013900483667385
0.05202585623010236
0.05051135025314579
0.05218701751255139
0.052184990145178745
0.05237910369942256
0.05151100850889634
0.05195587633716059
0.05196768838868593
0.051757131092017516
0.05109798503690399
0.051677985340575106
0.05184769587503979
0.05158743755237083
0.05162702683810494
0.05126608015052625
0.051501430873031495
0.05193574233817344
0.05239398493540648
0.05057449745800113
0.05251214541567606
0.051211071497164085
0.05094642778749403
0.05105668351097847
0.05186585734008986
0.050907469376397785
0.052851518155875965
0.05106048932793783
0.050197144817502704
0.052100644945312524
0.051996235344631714
0.050631427446205635
0.05088484494262957
0.05217593665111053
0.05135866386081034
0.052731544948983355
0.052778488276089774
0.05122068618766207
0.05229215654617292
0.05199032285781868
0.05211687713926949
0.052726025258380105
0.051931325757323066
0.05225092159344058
0.05313494896290649
0.052525432662150706
0.05128049789527722
0.05177355166415509
0.05192824472396751
0.05102303267085517
0.05053498272718571
0.052607540294047794
0.051586504821898416
0.052484306710539386
0.050706903373793466
0.051593892956589116
0.05183767797825567
0.05264353478378325
0.05266635874613712
0.052065969533941825
0.05242677662681672
0.05117257461643021
0.05103164790853043
0.05213185712818813
0.052422887205466395
0.053138599840167444
0.05225921024066338
0.05199707029714773
0.05235477529276977
0.05152979405102087
0.05153515389247332
0.05157716748180974
0.05198076108354144
0.05200189103743469
0.051752790926911985
0.05271043892025773
0.05280660694006656
0.05233711856271839
0.05096020852761285
0.05214120759956131
0.051966949131383444
0.05106244788476033
0.052039953359781066
0.051986639640745125
0.050808146841518464
0.051155007462512
0.05151756347368064
0.050951490080478834
0.05230403754103463
0.05047785079659661
0.0519802986200375
0.0511013602354069
0.05168345380843675
0.05018625811680977
0.05224286267730349
0.05147174745070515
0.05240843303181464
0.051553361909100204
0.051798959972074954
0.051909601692386786
0.05161384849270689
0.05161385997780599
0.051192807439292665
0.051718230639380636
0.05248960009521397
0.051661646512002335
0.05308456564125663
0.05093211942221387
0.05131192918088345
0.05234208321053302
0.05247580716968514
0.05203273242659634
0.05130906339036301
0.0519265732182248
0.05258197262628528
0.05155168941382726
0.050672867118919385
0.051839519723216654
0.051949799761132454
0.05234278924581304
0.052374826451341505
0.05187529082104447
0.050703772370980005
0.052104087992120185
0.05250711890948878
0.05129411654706928
0.05245770580768294
0.051883605137845734
0.051700260572033585
0.05198758397818892
0.05210385784812388
0.05178118737785553
0.050921558155096136
0.05146522973882384
0.05166189506962837
0.05136001245591615
0.05189539906314167
0.05170208850540803
0.05088989870455407
0.05240476008475525
0.05333983635136974
0.05178194235486444
0.051869327704480384
0.0522281822268269
0.051462574485412915
0.05194692575605586
0.05173287276375049
0.05274592776913778
0.05082394474447938
0.0516632038197713
0.05190210870205192
0.05213124911097111
0.051888597352444776
0.05169676733748929
0.05106365422579984
0.05129811040023924
0.05067570924984466
0.051585817645900534
0.05125388372107409
0.05242725139214599
0.05166983257004176
0.052056671847822145
0.05161340973972983
0.05187380084862525
0.05186007010888716
0.051036483650023
0.05093366467735905
0.05127148212523025
0.05135340862398152
0.051166931334591936
0.05168289189168718
0.05019952724069299
0.051145402854672284
0.050841393904192955
0.052437550208196626
0.051297381080075866
0.0512977677899471
0.05102114128203539
0.052300897285022074
0.05142487173907284
0.05156013079977129
0.05099544297263492
0.0518410837794363
0.05159503413779021
0.05310205390014744
0.050358792641418404
0.05364230426675931
0.053679792192269815
0.051766979431704385
0.051740496232014266
0.05167936896395986
0.05134966503101168
0.051728331234699
0.052106548284427845
0.05229305046123045
0.05154354971637076
0.053104402770259185
0.05169851050959551
0.05132044368474453
0.05135399944265373
0.05110619678271178
0.052267077799115214
0.05240777495964721
0.051610454236652004
0.05047323533290182
0.05294449872417317
0.05181761787753203
0.0519912495619792
0.051658537064213306
0.0520806269505556
0.05107871417203569
0.0523431040946889
0.05069399336389324
0.051447181118419394
0.0530862815958244
0.05227510577424255
0.05208205860435555
0.05194343650509836
0.05121969150786754
0.05185113464358437
0.0521005045829952
0.05068815375852864
0.05337025592234568
0.052023631853444385
0.05163890949370398
0.0519884581790393
0.052276374899520306
0.0516996219939756
0.051611422957648756
0.052690399390485254
0.05139565936042345
0.05169242829651921
0.051270780169943464
0.05107191907518427
0.052684596292237984
0.05070722355594626
0.05077978721783438
0.051210549174356856
0.05178931581576762
0.05138582288782345
0.051234013448265614
0.052029638849489857
0.05109748538052372
0.05230792776637827
0.05259589001798304
0.051989025187140214
0.05147793123978772
0.05107273851172067
0.05159356596595899
0.05194156075231149
0.050850387448008405
0.05191885579188238
0.05178762442483276
0.05175999725906877
0.050955630096723326
0.05287737846447271
0.05161607479931263
0.05159381402154395
0.05137337862106506
0.05023147241990955
0.05066931024703081
0.05264257273483963
0.05202759357234754
0.05263389644824201
0.05133451302026515
0.05153183876973344
0.05122818645213556
0.051532370371205616
0.052049674068257445
0.051333502306079026
0.05149523505679099
0.0522263725506491
0.051904639482017956
0.051020715034610475
0.05136044458959077
0.05076750817352149
0.05170752148842439
0.05192522511788411
0.05206497649123776
0.05163011190961697
0.051399489191680914
0.052668626130980556
0.05165159340140235
0.051695375737836
0.05159255931903317
0.051741041001150734
0.052404620193556184
0.05101189421475283
0.051589298380349646
0.0514688903986098
0.05053142848009884
0.05211444532505993
0.052239142893085955
0.05171587297627411
0.051185224214350455
0.05245306713186437
0.05097844215015357
0.05303150407598878
0.05255291777939419
0.05118015536390885
0.05159064516010403
0.05157821766078996
0.05210234614605724
0.05203496289686882
0.05174973949942796
0.0516677444375091
0.05160199742385885
0.050982863729586825
0.051680395890798536
0.051547501567256404
0.050690009837126127
0.052544558098816196
0.05243797325056221
0.05234420128908823
0.051882062667573337
0.05165786943871353
0.05134077642651391
0.05341285268696083
0.05145435730446479
0.05273118044169678
0.052771200471397606
0.051668460517248604
0.05142638178040215
0.05195606673260045
0.05093034085621184
0.05277096743157017
0.0513743526826147
0.05109614590946876
0.05229605713793717
0.052193983199686045
0.0511747901673516
0.051644634797412436
0.052239942093365244
0.05209339039174665
0.05190952732846199
0.0510904788152402
0.051367824898989056
0.05199623740372772
0.051744861080806004
0.05259966301127861
0.051772261007499765
0.05101744694184163
0.05159365546569461
0.05099475143288146
0.05031146449982771
0.05118927218063618
0.0524970213209599
0.05087307027497445
0.052705334266647696
0.05191566009852977
0.05175452531693736
0.05150101338585955
0.0511719114783773
0.05194256426875654
0.052353140878039994
0.052358371551235905
0.05232070415149792
0.05175151057119365
0.05197936694457894
0.05167118360986933
0.05236017651986913
0.051595057748272666
0.05153667390732153
0.05120774380702642
0.05147164873233123
0.05212118854797154
0.051929803701568744
0.051804509148496436
0.05095264289411716
0.05172045472500031
0.050592780016813776
0.0522455436130258
0.05120432791773055
0.05260848026773601
0.05079994156221801
0.053148524933931185
0.05199903370521497
0.05082798249350162
0.052075751216762
0.05115089282662666
0.05061070878946339
0.05139499707183859
0.049785384981078096
0.0511386557645892
0.05107913066422043
0.05228216533942032
0.05185463052839623
0.0514932739224605
0.05185083270771429
0.05072480496164644
0.05093715297880408
0.05228480920777656
0.05223878323340614
0.051345952386327554
0.05163506396456796
0.05157231730481726
0.05176663685779204
0.05203088042253512
0.05124278670518834
0.052243030519093736
0.05178933097340632
0.0518500569560274
0.052200172753146035
0.0530050824781938
0.05254296525345126
0.04997968928182672
0.05100493764257408
0.05207509414685774
0.05148353593722277
0.05170498910956667
0.05165910641517257
0.05158570750973013
0.05201556981774047
0.05256565380113898
0.05139346848955029
0.051711400383283035
0.0513422560197796
0.050554514966279385
0.052891703136992874
0.05170972990708833
0.05160666244773893
0.051411561800705385
0.05101729648777109
0.05191059951357602
0.052434855128012714
0.04996763411145366
0.05117903348946129
0.052584078681320534
0.05122448698784865
0.0511754332237615
0.05119445711352455
0.0520236372758518
0.05195745484707004
0.0514010217939358
0.052322702493256656
0.05186793266875611
0.05223301069054287
0.050975740698049776
0.05182652101939311
0.05163035790610593
0.05248116641996603
0.05116778837691527
0.051830366650392534
0.05144898479375115
0.050882441208159435
0.052400220154595445
0.051618089850308024
0.05201609564937826
0.05106056426484429
0.05211085422160977
0.05226341588058858
0.05274282974824018
0.050449565811504726
0.051339531531994
0.05195225286843197
0.05093470826432167
0.051551289376220666
0.051983832503538
0.05144106986699626
0.051805030703690136
0.05193963042438554
0.05117378386785276
0.051551948719861684
0.05173013516650826
0.051430316274490906
0.053187939109193394
0.05096168309501081
0.051290093404531945
0.050807320285457536
0.05174560000341444
0.052316760911708116
0.05188663444278063
0.05228929219447309
0.05194859232506133
0.05109441464446718
0.05248183090952807
0.05209523785379133
0.050782731304934714
0.05235423657359206
0.05160777658238658
0.051197041790146613
0.051482477612808
0.0517747202393366
0.05147803500403825
0.05207380964930053
0.05293110252205224
0.05247019311173062
0.052189659829309676
0.05204514400247717
0.05166228110101656
0.05172350604698295
0.05200399601744721
0.05173133412426978
0.05223648366518319
0.05139140992650937
0.05281556882982841
0.05095534905376553
0.05126743695836922
0.05128588609477447
0.05053168444464973
0.05173534294226556
0.052478487665212015
0.05290967761538923
0.05197989667067304
0.05110276490631804
0.05147974708597758
0.05272387170771253
0.05143718348153925
0.051158368683900335
0.051550036539993016
0.05254710199369583
0.053528855456534075
0.05121828139999707
0.05234393849605112
0.05303226456635457
0.052292016274805064
0.05065317394291924
0.05243086291011423
0.05257354746572673
0.05197319934995903
0.05176424258024781
0.05202781590196537
0.051600442164271954
0.051624474554046174
0.05110662662082177
0.051283249385960517
0.050857440151958144
0.05154633960410138
0.05295482203109714
0.05142112400062615
0.05114747081643145
0.05093969043082325
0.05286163688651868
0.049936077071834006
0.05138263522712805
0.05183520313767076
0.052001929716425366
0.05094062730677251
0.051867211561329896
0.05092979532855679
0.05198886778453016
0.05114667521775118
0.05114596191015153
0.051042080156548764
0.05119588410525466
0.051268034030726994
0.05158038685658539
0.052507258660625666
0.05155938033567509
0.05251367479650071
0.05195915132571827
0.05248445644610911
0.051408232198809856
0.05088657216037973
0.05199018825078383
0.052437949354498414
0.051190852598665515
0.050877010442491155
0.05080767338949954
0.05089496177970432
0.05077359571805573
0.05096132354992733
0.05227481085421459
0.05154515610047383
0.05176653976741363
0.05252503869087377
0.051246008168163826
0.05182763982884353
0.05117641281503893
0.05206400335555372
0.05183556501469866
0.050939590475536534
0.051705332363781054
0.052652709191534086
0.05171847240308125
0.051108038300299086
0.05163655656724586
0.052165157057970646
0.05117080993659329
0.051275762629302335
0.052226470956156845
0.0506828980633145
0.0507155365539802
0.05165063860840746
0.051871169518562965
0.052070411078602774
0.05206392176296504
0.05234434849444369
0.051621250529933604
0.052097139376201085
0.051135851217622985
0.05164623646851396
0.0520978992444725
0.05274533554074878
0.051509897644791636
0.05202438297055778
0.05151626375845808
0.05218414206683519
0.05279953321769426
0.05198737181854085
0.051942702899395954
