0.05428763221607369
0.05390833332967304
0.05292419382931257
0.052898479350915295
0.0532583924868959
0.05361852796158928
0.053087608624991844
0.05301933661030489
0.051778680295683444
0.05202984858624404
0.05206958681992546
0.05285195722899516
0.052937952445063274
0.05209036139967793
0.05321821793040726
0.053832871506529045
0.05394511180020345
0.05339411742534139
0.05252907924477768
0.05432537686647265
0.053584156041324604
0.052139713980068336
0.05269747820966586
0.052594758510167594
0.05356450004546787
0.051537959472625516
0.053787965762239764
0.05340654866631667
0.05343414933849999
0.05362000739114592
0.05370485032290162
0.052760119828235474
0.05348914393471205
0.05346994013234507
0.052765470509257284
0.053228176200718735
0.05351752742535609
0.05277915291117097
0.0523300674976781
0.05304035675908381
0.05309587284500594
0.05339595629084215
0.05338597523223143
0.05345508686696121
0.05266265361206024
0.05458311964684981
0.05371548105176771
0.052525713967042975
0.052442702055486734
0.05302940406181733
0.052735632059921045
0.05357294217174058
0.05323182225765777
0.053008435485025984
0.05293671801337041
0.05242779332002101
0.05374507500891923
0.05256611759432417
0.05449996351308073
0.05386930696658965
0.05360318865496083
0.053382022175355814
0.052497348569886526
0.05258895337465219
0.05277313624173985
0.0521957503115118
0.05211243647863739
0.053404747170134215
0.052587363967177225
0.05298930719254713
0.05257671601793845
0.05177273186745879
0.05232210796930303
0.05300554971108795
0.05331574693445873
0.05324977872442105
0.051720546074648155
0.05214613725183881
0.0537714480287832
0.053115824857741245
0.05408868703307235
0.05367751372796192
0.05318017286117538
0.05236831827642163
0.052657658263342455
0.05314931604334561
0.05305545191549754
0.05324600425592507
0.05416163922927808
0.053174604812738835
0.0525173636215186
0.054580666197580285
0.05276991748905857
0.05417045379726915
0.052988586568972096
0.05301207713637268
0.0535828242846037
0.053177726973444805
0.05295968491736858
0.052297989393991884
0.05262766618579917
0.052551076285453746
0.0535078328284726
0.052419271543840296
0.05273497710004449
0.053840606635276345
0.052187790932293865
0.05153780210457626
0.052700838654345716
0.05318045922467718
0.05358708788662625
0.05201872757243109
0.052764366155315656
0.0523114716343116
0.05331015995579946
0.05300695655932941
0.05207181598234456
0.05223799351915659
0.053642156743080704
0.05341160059651884
0.052019863345776685
0.052823554891801905
0.053059079493323225
0.05320236531406408
0.05317762263075565
0.05266659948210872
0.05289252918009879
0.05217833024835272
0.05345402812235989
0.05299557490434381
0.05296324250048201
0.05354894268748467
0.05301590753697383
0.05305527517157316
0.05323609765218862
0.05282621436526824
0.05363683478390158
0.052412889164770604
0.05371441300667357
0.05329522973806888
0.0545682915035286
0.05280203130860173
0.05300904585237731
0.05428418288101966
0.053794988578374614
0.0529942725206638
0.05086573076550849
0.05320697721799661
0.05343980659927183
0.0527155354302522
0.05376943260489497
0.053145191886869725
0.05220110992559057
0.05213863245626271
0.052892519926899695
0.0537161277316045
0.05326018450250558
0.05315458970471809
0.053256292283549556
0.052856719952615094
0.05352072043751832
0.054231339618127095
0.05406843955643126
0.0529058878782962
0.05414702587586362
0.05290111068097758
0.05313076420679863
0.053957106907546404
0.05268825657367415
0.05299773481965531
0.05274076714158582
0.05291939639391785
0.05312897969633923
0.052669691840492305
0.05233379471610533
0.052393112340723746
0.05252687315987714
0.053101373625395354
0.052727312831848394
0.05336849305786018
0.05234257761912886
0.05525213454711775
0.05305398391101335
0.05259844206557318
0.05300743057523505
0.051999915956912446
0.05326769969178713
0.05376255295414012
0.053400091966977925
0.053880478655628394
0.05417859370027145
0.052669598335342016
0.053841770879444084
0.05270900105824694
0.051913972154579824
0.052507147995129344
0.05369481281741173
0.052890351063979324
0.05259305414983828
0.052581455322069814
0.052882046531522064
0.05362228543344827
0.05306511197886721
0.05431345758915995
0.0537081383226905
0.052887879912304925
0.05441829396295361
0.05276773701552884
0.0534965235801792
0.05244707795100112
0.05304883374083147
0.05250914249336347
0.05261311745198327
0.05361081296905468
0.05262139047408709
0.054137486999024986
0.05334495077659085
0.05258259536458354
0.05436845128679124
0.05334010911792575
0.0528891781996208
0.05220071954681771
0.05329789692041231
0.05404789629756124
0.052282859176557395
0.05175892657825898
0.052961863795644604
0.05248374201073602
0.053154758375967504
0.05259269752787077
0.05192442550287524
0.05253035372516024
0.05334130610935972
0.05290538381632359
0.053394557822684874
0.05304424245332484
0.05251978074556973
0.054509555047843605
0.05286854810947261
0.05281649165408453
0.05308645815057389
0.052236399864341365
0.05235009573880234
0.05314440236543305
0.052946217903809156
0.05338496607328125
0.052207131095201476
0.051670901773832156
0.05246506498224335
0.05385804739489686
0.05293966857607302
0.05307213328342186
0.05285043187723204
0.052570943193131825
0.05306637925423274
0.05335421894960746
0.05387445623273379
0.05186426608088368
0.053883759523159824
0.052292108131950954
0.05283337700711854
0.054351049937395146
0.05436083677705028
0.05300250776235771
0.05344765004883811
0.053088201326318085
0.053094615002919454
0.05325806184009707
0.051252751301944954
0.05329015037386853
0.052997290513303597
0.0530329152388731
0.053774042360601015
0.05227520860898949
0.05217826618536492
0.052878416416206164
0.05297252784112061
0.052257643452321645
0.05370012992534612
0.05280720342852874
0.052857275817586924
0.05262552806198073
0.05184115865995409
0.05230383371417702
0.052502987817206304
0.05298933479934931
0.05226572275751096
0.052494759771434474
0.05236190887990233
0.05346771620315849
0.05338527025196527
0.05315284978132695
0.05326057337697421
0.052412588678635075
0.0525541485130816
0.052089468599660904
0.053677624915508204
0.05295744159593596
0.052726639396496466
0.05263130499224644
0.053134715655687614
0.05367522389678925
0.05315830987638037
0.05304060864546045
0.05246457041175745
0.05275112321942288
0.0530424544649577
0.05297359043288452
0.05305005658919981
0.05381164901518787
0.05245696267411404
0.05317857463887776
0.05256000312692777
0.0527193122125027
0.05299853034193802
0.05300911038284539
0.05184753372668638
0.05186036287705065
0.05254315265119658
0.05311292261831113
0.0526642930253729
0.05261910686385818
0.05232782651910384
0.05218063497522962
0.05293085621269711
0.053976470218913164
0.05193906410022464
0.052833236106380355
0.05312594350107247
0.053220642294036224
0.052834943649941124
0.05189114165659703
0.0526343919136707
0.05270624174590921
0.05359521916579979
0.05279878675537475
0.05267056061529729
0.05162310763807909
0.053381574722152436
0.05305009115727444
0.053085409928826266
0.05274959601047158
0.05309229821250483
0.052832705154287396
0.05214471875842719
0.052653654134701355
0.05252374892552325
0.05329635361522378
0.05288912334435736
0.05188510744301311
0.052200766063833726
0.05303360098878329
0.0532418910497654
0.05350990310398629
0.053270138892912655
0.05286360680111102
0.05257171457196819
0.052621034084950224
0.053371807782241376
0.05186022959605907
0.05317754038878775
0.052908833229594165
0.05297146675547992
0.053295330280889175
0.05246866163724917
0.05291159520675137
0.0534612902902154
0.052215119190805126
0.05214528313081246
0.05350395423920418
0.05376608883852896
0.053259693126165075
0.052742195322935004
0.053210615244097426
0.052450064080403536
0.052632478862506105
0.05410219919576775
0.053638101959222695
0.05222268407487718
0.0530721062750672
0.05289734831239912
0.05242786781491304
0.05261702521602274
0.053015566163594485
0.05268688728938287
0.05345022749315831
0.05262482135731261
0.05291970662801759
0.053203505514829885
0.052572150449123
0.05271293546866218
0.05199991158406192
0.05348302320089715
0.05333752434307826
0.05368828652717639
0.052361755158926826
0.0535680386601598
0.05283195553238329
0.05350785801601887
0.053876131623837864
0.052069191538976156
0.05270228199879057
0.05245003836716933
0.05239130634799949
0.05339663704944542
0.05355747432076896
0.05327062014657713
0.053602620797391864
0.05316972081345739
0.05157986512676871
0.05403685977762507
0.053061704466017545
0.05380910003077588
0.05375723826364265
0.05289484595414251
0.05338859175753896
0.05307149483996909
0.05267236065810721
0.05281875384025625
0.05306233235205582
0.0529203255482571
0.05295441214002494
0.0521076987934066
0.053436256439454155
0.05292879130865913
0.0541122493596049
0.05226702202162414
0.052857387923722854
0.053343982453952776
0.05355189238434832
0.05370093652709329
0.05169927494353033
0.05369288183283061
0.0527232501317485
0.05393654849467566
0.052581511437892914
0.052227921991288895
0.052680820554087404
0.05246374403759546
0.05222503775257792
0.05368693664968305
0.05306613728134835
0.05142931942282303
0.05245679225117783
0.05225747161603067
0.052545622864272445
0.05284668624335609
0.05219897001370555
0.05276307510212064
0.05221518345751974
0.05287317761940358
0.05292544904841634
0.051961894818305154
0.051459879428875865
0.052610933169489726
0.052828141935606254
0.05241424664745864
0.051909224939663545
0.05242401825853449
0.0539011049659166
0.05228032675040595
0.05265030808914162
0.05213532221932837
0.052716923020852846
0.0522011950815795
0.052002630804054206
0.05284098784613889
0.05262763992686814
0.05298471127935045
0.05214718930074014
0.05346789591021661
0.05320359259712859
0.05287390401645098
0.05297271984818508
0.053237560834531905
0.05299080916302046
0.05250893312586413
0.05348610483088123
0.05240847196728282
0.052530552975440514
0.05333039568722597
0.05229260864689422
0.05283501508893096
0.053031579776870785
0.05215114008206001
0.05299230626951612
0.053057434532092884
0.05129133613081649
0.05237653169388068
0.05249772992101498
0.052417533082916634
0.05281599846057361
0.05314510688731389
0.053531268817096134
0.05245773338901927
0.05381366371511831
0.05337276340651442
0.052816379193245666
0.052083953352848766
0.0537283220091922
0.05151635729453119
0.0531753221002873
0.05136873581614054
0.05217543803155422
0.05329171700759616
0.052293738117441535
0.05340749740025785
0.05298927066178294
0.052524120816087816
0.053165657596764504
0.05346286837084335
0.051552400278524146
0.05252513387495128
0.05304989157048112
0.05276929578394629
0.05323439357925963
0.053484324180317344
0.05132718916684098
0.053075351508596214
0.05248089244196308
0.05364808349440864
0.053756037617858965
0.053383284155643196
0.0526077448430442
0.053315936300350586
0.05313227096667106
0.05387910672106955
0.052738767244591145
0.05317558998649474
0.053506757349168765
0.05354538323263114
0.052283266579252086
0.052793837063290994
0.05258331291224749
0.0533661038534774
0.052117582488790504
0.05305959932229598
0.05170236253979965
0.053307881877117325
0.05169889478747791
0.052428339469770435
0.052770540738492855
0.05297964374949515
0.05228595938751823
0.05127874224308471
0.05265659107499232
0.05210336156778794
0.053110137527255574
0.0516589114904491
0.0531085781785805
0.05273778682749253
0.05213339940564765
0.05308355339002446
0.05307863116286171
0.0518944317864225
0.05287755152130558
0.054528698292415356
0.053475459722903906
0.05292176775219559
0.05286788999183045
0.05384092964595766
0.05237379277787113
0.05263143822958227
0.0522421704899898
0.051738125570409466
0.05351534173132677
0.0518973275047756
0.05405906869418686
0.05324220233160304
0.05302497127559036
0.05276097964269866
0.053466674167793826
0.05282078416530567
0.05193693793808052
0.0525477615519776
0.05291729515010957
0.052286190359154716
0.05311927484217449
0.05316484036302427
0.05188578237539332
0.052175927918142406
0.053100290317161125
0.05219501336432586
0.053225682939228136
0.05201918663988181
0.052865887997540995
0.05294877467531478
0.053886250649156864
0.052850922429570346
0.05187101230330882
0.053698894327681046
0.0527148348683113
0.05357740119325172
0.05180978142925596
0.05130128480595886
0.051662554857102805
0.052806305457124836
0.05269451047570328
0.05185927383718081
0.05331682041287422
0.05246306475783058
0.05284962796395121
0.05353688695868186
0.053615871313013486
0.053220857143969624
0.052069062419832335
0.05207725553736964
0.052053383109523566
0.05279934542340925
0.05118060806671565
0.05244883819068491
0.05338759726510034
0.05216236555679643
0.05286257325678889
0.05279915167011495
0.05372372232704947
0.0529305967502296
0.051978730441987864
0.05327257786120754
0.05181654947773495
0.05321899743466929
0.05297210131175234
0.05370068952834117
0.052665539529698435
0.05181148684278014
0.05311752301531669
0.05282086847364553
0.05231328088848386
0.05299775238563598
0.05227132374966459
0.05281439521604625
0.05236560660159739
0.0518569688028947
0.052228599752197624
0.05256919215025846
0.052901578703313135
0.05156331291800598
0.05198286852464662
0.05199709231237648
0.053245595474436413
0.053009036912044394
0.05213160184757726
0.05194790994937648
0.05192525793245295
0.052960826051275944
0.0535767781730101
0.052530149929225445
0.05223527143061801
0.05203851465739717
0.05259455489249376
0.0537796313274157
0.05173694838231313
0.05313594417020795
0.052963636531785596
0.0526167252464802
0.05340706081187818
0.052945850975447684
0.05160199991223635
0.05171133062322042
0.05380988081560645
0.05314673879547627
0.05320807630960189
0.052606461867981125
0.05333113624692487
0.05206945551435638
0.05244991770450724
0.05344970553051098
0.052425442738240235
0.052907172075720155
0.05353100804677524
0.051739927230300964
0.05281680072766903
0.05140267317437974
0.05365514753611933
0.05263439556256344
0.052303425709396834
0.0529466780317307
0.05299728529280401
0.05218005799179082
0.05428835238308238
0.052532029223584686
0.05306046185251034
0.05254694052564446
0.052467125533439685
0.053579440604153206
0.053662819484088686
0.052294083978267736
0.052290049452494713
0.05344272350339452
0.05289016505048494
0.05414886098151328
0.052581317293515895
0.05160421710934315
0.052852340253593866
0.05220116455711832
0.053050716105644824
0.052841020426058094
0.052088784492298146
0.05328160467797716
0.0522253471735894
0.05286282242377638
0.05183310289612564
0.05206549014837947
0.051935502106061904
0.052531638568325434
0.05261099879498943
0.05323305694400915
0.05259689720151073
0.05294913832949533
0.051963464242362534
0.05280607631721068
0.05272783774489653
0.053000991503722616
0.052646727106548497
0.052566916407158715
0.05343853424710687
0.05184397887387604
0.05255985774601868
0.053941822074193624
0.05188416334203794
0.0527339490599843
0.05345677294644702
0.052675802622616175
0.052736412777449004
0.05140246732844389
0.05168307854546583
0.05227188464232313
0.051542165670980467
0.053566374199363054
0.05252177873990149
0.053794503126482596
0.05248965117789339
0.053026166793642915
0.05287069809855893
0.05236937425615906
0.05333328615233768
0.052854918971206644
0.05167965255350282
0.0530425313518208
0.0528188101361593
0.05404986037683557
0.05261038751632441
0.0531754406838445
0.053560952645057114
0.052175253671521205
0.052225492068828316
0.05223886347630469
0.052465275508438936
0.053847664217755664
0.05251223132654559
0.05277414064767072
0.052878108583172434
0.05281930977253069
0.05065509486303199
0.05316997617774177
0.05144853830279317
0.05225161866292183
0.05271121613805008
0.05277948158800427
0.0538334068023687
0.0528196470822877
0.05291878183379595
0.05336791790432471
0.051848254772266955
0.05128542805141478
0.05264717648788064
0.05303798947898031
0.053098443037015386
0.051824800053509534
0.052995508413005155
0.052214994930182
0.05259903964724799
0.052934843151888344
0.0528653906803811
0.052661781781353056
0.05318168035046256
0.05292812271909497
0.05224563653609948
0.05149155326580512
0.05367389578168513
0.05267822135283495
0.05305387143380358
0.05299854601253173
0.051770806767308386
0.051921095697252895
0.05262150264934462
0.053890387554929475
0.05282901312239119
0.052864644061628496
0.05280527306786098
0.05183809815389395
0.05295515000580053
0.05226272217623773
0.052167396952427225
0.05324754163848411
0.05267388878928614
0.0526307043255656
0.053139827608902124
0.0525371946314408
0.05180811466379964
0.05183806816057768
0.052192838409609976
0.052352214906932204
0.0518944256582472
0.05305527229575091
0.052914485648216214
0.05344933711239719
0.05233516515181691
0.05182974611307145
0.052210277081030654
0.05217682289185177
0.05311332223027421
0.05325669686317269
0.05333303189217986
0.05207872931896418
0.054080101628642296
0.05355257275914482
0.05251424786183634
0.05210625412109948
0.053302512627851684
0.052922995815606555
0.051129934186974424
0.05236575260460086
0.05306000609016337
0.05210298799829616
0.05357789270419744
0.05271602912034723
0.052770937467357726
0.05311403815539961
0.05239014896505978
0.0523080323364411
0.052942882270144764
0.052778364093683194
0.051559278570493916
0.05352293984105927
0.05274069988990959
0.05272530789625307
0.05331248171205516
0.05301633501221659
0.052500370888083125
0.052367000716913026
0.052813699690887006
0.05309225887685898
0.05191901916623465
0.05355531696295657
0.0536994977901486
0.05190757249874878
0.054058253419498214
0.05320555394428084
0.05126807853412174
0.05267975039896555
0.05278144172370958
0.05248916653908964
0.05248449571627134
0.05352332927395764
0.0520833445716562
0.0533223872025701
0.052822633795585716
0.0522728011073923
0.0534353602797637
0.05255907858372666
0.052726621594047174
0.05185724555121851
0.05222145569496206
0.05319226868232363
0.05170850933245674
0.051266964634123724
0.053717673170467606
0.05325493733835174
0.05188484800601145
0.053204396810542676
0.05219425391078403
0.053669356886530295
0.05145749143230205
0.05104396888236806
0.05110082703140506
0.053075196732606855
0.05281223408746882
0.05206278474543069
0.052662917212728644
0.05223982334791799
0.051821343338815495
0.051832863051458844
0.05231992197877844
0.05305575709462573
0.05332114109660324
0.052690305885334965
0.05189254959623213
0.05363517495970882
0.05203762919882138
0.05292963463398337
0.0520836616797169
0.052172446139593376
0.054019870824049576
0.05190467210013594
0.05285371107311221
0.052320789745863294
0.0523147318217525
0.05195284027286107
0.051585906785476254
0.051353165677937795
0.05230894007945608
0.051754094631178305
0.052020433995494386
0.05354950414948689
0.05248140926960332
0.052723214590514544
0.051639813513247645
0.0522346277248289
0.052230562241675216
0.05338693864723609
0.052512044268951286
0.051892464187403675
0.05131134460316389
0.051463438332575606
0.05270418818145117
0.05282069818349555
0.052053543435249594
0.052440500407101354
0.05192974182682519
0.05177084570823354
0.05213910381644382
0.05197951657282829
0.052434292399993865
0.052385692461029976
0.05211136665275262
0.05221593778151146
0.052877477965012076
0.05312167386546207
0.05237194160145009
0.05276210906049528
0.053657961545468424
0.0537088800319907
0.053204826843284536
0.05254571212026349
0.05203055005949864
0.052154331819110666
0.05322065727341396
0.05267147804443084
0.052636780877946876
0.05334991269046441
0.05327566736195877
0.0528786758914066
0.052992170756624546
0.0524924449291575
0.052926648433640366
0.05175687663722783
0.052480037113127764
0.05235171443564468
0.05352712767307821
0.0522021071810741
0.05229305501416093
0.052550154739947175
0.053197572684439365
0.051889153797674226
0.0522838481447252
0.0535770824571955
0.052474447456916096
0.053131076512727304
0.05269590341413277
0.052609740419939044
0.051993888164361124
0.05367705969547387
0.05302105440205196
0.052491066855509416
0.05250136605172884
0.051789100260066334
0.05358503549359739
0.05273917079284729
0.052851421485684114
0.05283512186178996
0.05206515165809833
0.05228564640128752
0.053146873564401176
0.051760488908257685
0.05212088291227701
0.05169156950796605
0.053243185922838165
0.05180360140548146
0.05130552484479267
0.052012946989634656
0.05355662083456991
0.05275332175006042
0.05301257272367366
0.052615931586842635
0.05221116909160628
0.051571520501966006
0.052925080750355846
0.053462363095604815
0.05312362565018702
0.052791522972256644
0.052463044641626766
0.0534118438627047
0.0517136069265689
0.052742028807188035
0.052511772637444665
0.05253267339685408
0.053616354660334764
0.053735626373963896
0.05211498710923479
0.05169131122784165
0.052917265296855476
0.0524934893437603
0.051284671329995035
0.05248366587329656
0.05323686908559466
0.05265381324716145
0.05241773125635518
0.05273884118469141
0.0522517940189573
0.052421759621211095
0.052683741500004544
0.052818052556176553
0.052364557386681554
0.052539970876750886
0.05433817905031901
0.05217817560696858
0.05308048028382473
0.05218262577727728
0.052621456950873835
0.05142579940002179
0.05310139604443975
0.051743173477007076
0.053131944414417376
0.051486329444742296
0.0519592559467128
0.053452589234439074
0.05290371144656092
0.05256741846096702
0.053507884476857726
0.05204788224000367
0.05216772611856868
0.05271745972822828
0.052192954792189994
0.05243360949680209
0.05245571648447367
0.05270312342145189
0.05381714684153849
0.052322139621537644
0.052324952604976716
0.05289087980236218
0.05104715625930112
0.05196846491344331
0.052220194209439796
0.05255664089781931
0.0517250194807275
0.05299994608685665
0.05273844243492931
0.053230415485813865
0.052348020688441466
0.05300049967809173
0.05399251378912595
0.05220379954880627
0.0519660775680677
0.05278860474572866
0.05368265478500689
0.05253770056879148
0.05184250010825053
0.05139922556190868
0.05196626497490797
0.05185606096347328
0.051040151718552806
0.0524885781796911
0.05325868751788221
0.052802117959799943
0.053588057424349245
0.05241348272465984
0.051313404364918824
0.05252943146297184
0.05237050126379472
0.053572160948533565
0.05230573862354504
0.05116618031570397
0.05312990538914164
0.05229978017632675
0.05218849792800029
0.052880014596667024
0.05093917610611243
0.05218868876181659
0.053558017974864924
0.05208479404609534
0.05256842292510555
0.053122678509680554
0.05215963478985941
0.05358554831218498
0.05209621649191831
0.05314242001622915
0.052852547816655715
0.0525246759680158
0.0517044699008693
0.053238831667840714
0.05259789075716981
0.05252372163158725
0.052716883254106506
0.052366709078341955
0.05275633751807618
0.05192615865234984
0.052669401966340956
0.05262431695155101
0.05228744668784202
0.05288936210126849
0.052016095471117296
0.0518005740505032
0.051442819840303855
0.053115480428459705
0.05206995130174619
0.053627762898031506
0.05203860672736482
0.05367923647099815
0.05256421963167668
0.05180738254603057
0.05273728965767077
0.0523324267614953
0.05299546640526387
0.052362919979714206
0.05259341493183456
0.052219101853552274
0.052802518441239954
0.05148903336521471
0.051977992839965736
0.052225411531253485
0.05301676591443538
0.05196984682697803
0.05269631084956927
0.05191181269401568
0.052825879869487835
0.05417758927796967
0.05338413762365235
0.051382612149609486
0.05242205723334337
0.051817948198731756
0.05233379850142228
0.05276106767087185
0.05320300572202541
0.05293476560655108
0.05229226566552825
0.052711029778947704
0.05121622217302502
0.052266465845605126
0.052704884106788086
0.05387409519244102
0.0529712485113123
0.052266687480369
0.05282751986669609
0.052881891793731484
0.052157144928060006
0.05142288472961809
0.05240542169485707
0.05178203656032565
0.051467294068061165
0.05237782953554415
0.052735438739546225
0.0533625290117925
0.05165317005230463
0.05332794271635066
0.05200396422333142
0.05182025974499993
0.05277414528427471
0.051704161072848365
0.052555223081071745
0.05183563649552525
0.051300801625984604
0.051797543552311254
0.05241554979875218
0.052997883651187294
0.05197849359137763
0.05273569877863338
0.053623850173607934
0.053044761923956685
0.051574488023106824
0.05304635335232888
0.053277678320228006
0.05145579059353622
0.05213583899057994
0.05236309005340445
0.05303880561586993
0.05221443730079045
0.05259123886025918
0.052149885857943445
0.05197573240366182
0.05234291564920568
0.053154310224272194
0.053285969683201984
0.051986015374495764
0.052017691341461614
0.052936447154934285
0.05275516571418848
0.05202879943863081
0.05259916303839418
0.05280312821378175
0.05357966204792319
0.05295820041101251
0.05225978968337586
0.05178253458143445
0.05282890896341996
0.0521287951269187
0.05264785642793868
0.05176474247673468
0.05186112205410609
0.051683530104128295
0.05259738739732711
0.05203522782721848
0.05215217108343495
0.05143346583645325
0.05230027409743343
0.05172301455604611
0.05316406762722181
0.053009731105703395
0.05128566007624613
0.05203951471776236
0.05216278738407709
0.05252728358209424
0.05205505359117524
0.05259523219683615
0.05123529584307107
0.052484265757811954
0.0532491909852979
0.05214455800887663
0.052250159953473485
0.05319252012304787
0.052731380024852115
0.053927012835629284
0.05294267984390899
0.05266609161844826
0.0523503944168624
0.051924204530223506
0.05278887468557514
0.053268727137037786
0.05302844493780867
0.05212041905906517
0.053010286144854035
0.05271426153558423
0.05277702257990313
0.052012835105415434
0.05314535052457359
0.052021608369614114
0.052727735945154564
0.051928800296082045
0.052209942410627264
0.05205686389854236
0.051408862600510474
0.05174825250105641
0.052365471980010625
0.05253585381433368
0.05259018722426845
0.053256245080774534
0.05191879959238577
0.052730244604390464
0.05251024512836011
0.05286158426133625
0.0530080762837315
0.0519700547974935
0.05317323532108276
0.05208863528423535
0.052586093139325385
0.052667534899228485
0.05145222406099492
0.05196042126954126
0.05204409883663175
0.052172289846566855
0.053105025543118245
0.05332004553747538
0.05123680455108115
0.051036771714279894
0.05301659261385794
0.05076043932422181
0.05255983619099425
0.05257849194822484
0.0517429504689062
0.05245713533440721
0.052025377792233485
0.05223439959445386
0.05080914337304421
0.05239297092339257
0.052867904651066056
0.05287831512214325
0.05140919557197776
0.05319482051527302
0.052412956649277476
0.0526062415465276
0.05240373796186759
0.05187703982119274
0.05265257896098774
0.05257975984204677
0.0532247732153337
0.05282374059788708
0.05180615274730371
0.052498538429063046
0.05206138003268279
0.051992142740346026
0.05099589057317644
0.05282835203070135
0.05245748383276805
0.05138163475749025
0.05362014175443619
0.05347777870883874
0.05258318260166561
0.05154298220440978
0.05320238434069324
0.052403943987883395
0.05310291190107819
0.05299344147169904
0.0525047370520042
0.051364793196626124
0.05237111849237408
0.0519568431773223
0.05252181149444368
0.05213813860609662
0.0515958675150614
0.05162325331730244
0.052560290478140814
0.05255535151263757
0.05245014695174177
0.05258320837674546
0.052184970720190904
0.051645940118760336
0.05280607498025347
0.05256627967173699
0.05221438054832106
0.05199773786262085
0.05263480930807418
0.05166936201021599
0.051309259251866024
0.052386262754225754
0.05256377453770256
0.05237533014951623
0.052149469644064084
0.05230545105951023
0.05199888621973514
0.05289125476338086
0.052781029295147164
0.0526187103932898
0.05204766624228796
0.05314196285689832
0.05233529132237891
0.05272132328173029
0.052696848191772006
0.05256315981023363
0.05175889913152787
0.053004465449703275
0.051617475708553684
0.05165209917140601
0.05250980055643595
0.05152491250373714
0.050687638540694024
0.05259452411519305
0.05161278693776694
0.0527645389411191
0.05169427514738345
0.05284925309206301
0.05199401924437552
0.051484010200510966
0.052194858732036664
0.05193830019379675
0.05310198158076673
0.05283647030773864
0.05190632325138722
0.05227742943679914
0.05288616756479314
0.051932651082097436
0.05189977820373315
0.05213632093000342
0.052895242886734195
0.05215661292822915
0.052777105976929306
0.052186529683240224
0.0510827760790562
0.052544315469276626
0.05343222060764674
0.05201873253645317
0.05230429043149343
0.05260183205245994
0.05297357237941469
0.05178455982786545
0.05320934457631665
0.052649706854936085
0.05165360064529523
0.05295486718750908
0.05233951120317215
0.05217628824721032
0.052399473413970554
0.05245275158449658
0.052383716061740415
0.05260793765592098
0.05292579715933243
0.05271110976173077
0.05267028203343216
0.052012280026247026
0.05335951786582882
0.05253476413599856
0.05241786639089696
0.052263442277762806
0.0516246524584858
0.05238666347213439
0.05382173475845775
0.0517060410893464
0.052695016225698055
0.05221501069354417
0.05273056820624333
0.052016675823324476
0.052207387696398655
0.052842364995740354
0.05261820547457319
0.051051648257271154
0.052003214241267415
0.051756215250861715
0.05257886594336014
0.05264845806595986
0.05145858572177531
0.05198037971604208
0.05134824188644416
0.05214733006141614
0.052449108045038884
0.052291676294771605
0.05324593092518626
0.05267357116645144
0.052660503610240994
0.05266471322647703
0.05202122713671997
0.05206914819427766
0.05201017284525733
0.052725674151588464
0.052406014072403195
0.051979014635435306
0.053429846886501764
0.0524427857289993
0.0522270235378528
0.05221338157753053
0.05058329128587502
0.053587852427881444
0.05127840265777195
0.052897563931765035
0.05199404506129213
0.05181245463973028
0.05197995078378881
0.05207705462271406
0.052385869375939365
0.05193375660564925
0.05287459477040102
0.052650888632342685
0.05209751430811593
0.05213447031201213
0.052265871378040174
0.05252190200553741
0.05274711359561479
0.051853272005246254
0.051749942349488265
0.05202632570944843
0.05210863156207779
0.05247817648705677
0.05181003635698289
0.0519831793535559
0.05129671450413298
0.05180119045871834
0.051760855416432605
0.052318843165267026
0.05167004246504803
0.052065121757550514
0.05297891921691189
0.05328600440589071
0.052789051575018675
0.05192495634946681
0.05369752848309872
0.052969046893849736
0.05365624712067074
0.052671874766019755
0.05206767543495516
0.052596286212065024
0.05215591629166738
0.05210783117217943
0.05217899950002902
0.052888627842548885
0.052640461497503566
0.051264304922369774
0.05309924099310592
0.05220491897125612
0.053634794989193324
0.05227277127050911
0.051768107570751454
0.05199570041440893
0.051828173720423365
0.05221271911977965
0.05223217821185244
0.0523185229722003
0.0524230023365817
0.051505243483916274
0.05149564667044615
0.05222296022839146
0.052586881452953094
0.052617175240811775
0.05204972989849921
0.0518621486662596
0.05220974569601822
0.05242673630345962
0.05243140130551183
0.05271534179337323
0.052548017563822214
0.05246216111663671
0.0523816053646442
0.05227330785601225
0.05280379897521925
0.05220099188227323
0.051776657810478355
0.05133988077614049
0.05123047353299626
0.05249487963374122
0.052279837349487934
0.0534043371626467
0.05210519793217827
0.05233596737161861
0.05213691479548288
0.0526027824907942
0.051743340543907834
0.05220579449996876
0.051482088845659746
0.052502631029710756
0.051872411251679296
0.052399460573724355
0.052673159900223254
0.052941341631594696
0.05227614683099091
0.05277531787214684
0.051983024497531005
0.05208332361326029
0.05219602419674629
0.05336065704796056
0.050980029367565294
0.051397163355431985
0.052466663293671445
0.05246809219352144
0.05240556437820487
0.05342869655578397
0.0529189285771281
0.05246576183344587
0.05250686994259013
0.052719842504302505
0.053124629350350006
0.052644510888057994
0.05305905534987687
0.05180677353746432
0.05192850872663257
0.053395014172565425
0.0517804609862651
0.05310630101485003
0.052322888377602794
0.05355307356148842
0.05184731286863098
0.0517982597448281
0.05225607970714918
0.051075004164886195
0.05204861260608595
0.05125060878890508
0.052490276812022785
0.0512454888830689
0.052732428925082786
0.05183486107671342
0.0515376773691969
0.052574671046386356
0.05173495694907615
0.05242655365509563
0.05172565026077791
0.05245215860486496
0.05291964311072661
0.052041765420653974
0.052416419281144044
0.05316505395967397
0.052347484619531315
0.05208412664796924
0.05238038262359623
0.05216626501533028
0.05233714228052122
0.05293466260445712
0.052450206871071714
0.05234781306171499
0.05094084914890118
0.05314313553753891
0.05139048959608772
0.051909598858401296
0.05143283502548002
0.05112948403620976
0.052893604874043376
0.05157716549183533
0.05281070813725819
0.05216877333805314
0.05256853094033431
0.052860929203234264
0.05209308960183989
0.05081535977842577
0.05250621605591732
0.05262138121725002
0.050919140838232124
0.052299489856522996
0.05204740836416022
0.052482645889540436
0.051950591328932205
0.05124613804946421
0.05285760343394941
0.05203660082042916
0.05227128077603993
0.051871617639335454
0.05189194036574918
0.053764986241731094
0.05239799734954431
0.051469530299073085
0.0518534228522185
0.05179992591547489
0.051609656380605884
0.052427439908569795
0.052780055804760195
0.05143087191208906
0.05264930068915419
0.051884849153793766
0.05282074304523121
0.052930992729670834
0.051884597465686966
0.05177726708097907
0.05223314212889818
0.05316081408273021
0.052374858287294046
0.05158830642903922
0.052309617482023896
0.05274458047642838
0.05253533871291438
0.0514467703342234
0.05208534307166701
0.05145181809712085
0.05170517477381509
0.05118327350101026
0.05218501235322037
0.05170198251835245
0.051671567736775614
0.05265885262633674
0.052757942936295876
0.051741350662268815
0.05156149261529208
0.05343080915918108
0.053161131514571025
0.0512152265291661
0.05109434153928305
0.05222883244823606
0.05285414021273027
0.05226152484101476
0.051834369007337955
0.05197630519433005
0.05309872326506593
0.05168487874107086
0.052347823346281075
0.05215368211247551
0.05149096710010781
0.05307931456263759
0.05300885043288872
0.051723018015763955
0.05212970818320173
0.05115240161649126
0.05124574145338556
0.05281636322433769
0.05286409788095625
0.05095595997590863
0.0522437374565925
0.05242807557260676
0.05141309101963998
0.05176341187507205
0.0533093690937676
0.05195118732081028
0.052629461517426535
0.050494575523771346
0.05219907559694548
0.052098219144681934
0.051679668789802236
0.052819190230366075
0.05195845040361746
0.05316033221606631
0.051768944611467305
0.051705696672797785
0.05097099951308337
0.05152798584276752
0.05376374437582854
0.05212529822711076
0.05206508133778698
0.05304243815589871
0.052324132519061095
0.05190455120100523
0.05078755570866633
0.0521220807931968
0.051235197024652734
0.05184862355417863
0.051777800888885395
0.05160849212552421
0.05216792974533746
0.05308882658937364
0.052035657110536704
0.05221156749212241
0.051338989369469346
0.05322899616112409
0.053196896629742696
0.05200561010678939
0.053968216649082024
0.05200364833945059
0.052439993452935596
0.05214323412292288
0.0515976484384737
0.05244062052042864
0.052711471000293386
0.05184906529757427
0.05347789369261591
0.05174377653565898
0.0510015933887189
0.05396486726749572
0.05112717655356391
0.05171645327754959
0.05167150438501267
0.05127528031152906
0.05243080527543498
0.052680427270388464
0.051928257755207596
0.05333805507325451
0.05197023754044494
0.05235665890359087
0.05231730825471459
0.052614815011111205
0.051862691465430544
0.05180527929769596
0.05220799670678389
0.051833876454111305
0.05283810626133345
0.05258811594467261
0.05180854235004517
0.05366297149521415
0.05261045902989281
0.05356784977448115
0.05166059573821258
0.05110836543462938
0.05000234294675465
0.051297785714268684
0.05218546780815814
0.05103070465702331
0.05204632696950284
0.05210355653071019
0.05215206386310456
0.052059019359148806
0.05118812343971513
0.05132722033886239
0.05326482626696816
0.05160398995940341
0.051868794069378055
0.05290117386903148
0.05241454831593728
0.05170803620421793
0.05208842211141018
0.05211362892805482
0.05240326003149676
0.05112920888495864
0.051828280733388965
0.05227124692828511
0.051648852897415054
0.05302183454296028
0.051315461307240184
0.05266238750300545
0.05276565227177343
0.05101277087851486
0.05281895389634883
0.051696857350179926
0.05250728601095034
0.051444545617414406
0.05273652065989154
0.052199621002728236
0.05341106423838937
0.05239360567975382
0.0516387564202887
0.05109880973031977
0.05267864549023216
0.05262868237332441
0.05177765632834053
0.05206773967256595
0.0512010108850518
0.052681850149383536
0.0524403923736827
0.0523135314197134
0.05252610579555039
0.052453426074862364
0.05094264159015438
0.05206381540665461
0.0520987899380998
0.052688893187223584
0.05226022232091054
0.052004004835907836
0.0521112113729032
0.05203037600767857
0.05236235691154434
0.05192862568219425
0.05234672673941532
0.0516901530972973
0.05220020548586035
0.05146795838845719
0.051442720938212005
0.05212489701443701
0.0513222142963059
0.05225106109173794
0.0512940499047545
0.05207957708989852
0.05215823060643743
0.051767081562502426
0.05246117761635105
0.05166597148854635
0.052596817371522775
0.052558065985067515
0.0519415079306782
0.05198884758101485
0.05142846264425316
0.051913600613261224
0.052259021416830365
0.05141851920780027
0.051646075555254356
0.050627547530893935
0.05161523391325318
0.05211986154972692
0.05312125488308084
0.051653734353749314
0.050920495868922444
0.05170707778415817
0.052319025660835905
0.05252172408654587
0.0508150336190738
0.05090759436279768
0.052235325010769884
0.053019361814222066
0.05150441627301916
0.05238327389815822
0.053176044351857854
0.05234379144530976
0.052151494865029235
0.051562595184805105
0.05297639109630836
0.05217517329583643
0.051349628947718884
0.051764228173851734
0.051869846052795765
0.051898126454034355
0.05217182795968256
0.052965002578275744
0.05217490931681823
0.05228145310866239
0.05184796912362799
0.051104292235322646
0.052268899939008406
0.05307588963842136
0.05241621337881952
0.0525861382320727
0.05192615893611219
0.05260656683094567
0.05289886106220365
0.05251404182854458
0.051412976274150424
0.052216476529793
0.05288450241459941
0.0522161053486343
0.05175849377337727
0.051426966885628644
0.05225599860023067
0.05150189552841766
0.05029832777654519
0.051372996749705635
0.05294131863047369
0.05225962843360321
0.051794021088426234
0.05167690015514381
0.051583919008407975
0.05228818309478811
0.05286317112040706
0.051288113098053145
0.05194831010521739
0.0520863516285317
0.05257942763819301
0.05206919402735366
0.05187385440513026
0.052140803392831
0.052821022904026904
0.05158141512583825
0.05210990916020819
0.0510031350349891
0.053047416049594176
0.05258004691495444
0.05194112369827053
0.051775967758658226
0.051874335931643145
0.05144630001814221
0.05222611529643473
0.05453983611187141
0.0516948645690718
0.05252550730438088
0.05213378689950332
0.05201565103379835
0.05256802496842283
0.05158235523595067
0.050934338814840885
0.05308808942754695
0.051954404765638174
0.05166228736197809
0.05265785013216373
0.05085787172356504
0.05280786868388532
0.05113718342545326
0.051461388497045846
0.05247712491291168
0.05122929857861891
0.05161521026275295
0.05113095041633642
0.053129861975321546
0.051640198047607555
0.0523913470988191
0.05239383520165575
0.05287690675686463
0.051155943461708375
0.0523355734640063
0.052645427040260984
0.05308385471471411
0.05209589552214311
0.05226894766383339
0.05244986569414323
0.05228469314715767
0.052174893413393875
0.051810434453727794
0.05205076029415068
0.052039652606254094
0.05164028138642607
0.051992803695611656
0.05164084487842047
0.051552289978644694
0.0527273059306026
0.05095817165783956
0.05131045463895134
0.05248448433667363
0.0516061087109847
0.0526379104321677
0.05230510685396439
0.05260405713306682
0.05266575152199948
0.051215599187344196
0.05151638886309229
0.05275600500499422
0.05161524195864331
0.050666845239902614
0.052078281940339366
0.05246768024517223
0.05187880636913178
0.052383982791070594
0.05235703522703261
0.05216295379977964
0.052346140995723545
0.05187468122312566
0.052114136049567605
0.05204274898096628
0.05081224048080912
0.0518962051046401
0.05158425180707127
0.0518893034550274
0.051893095374907716
0.0524785260513454
0.05194644400580728
0.05240788162336685
0.05142743148826412
0.05247825102196657
0.05272694643099385
0.051279082012115396
0.05312612593843369
0.05192609652294777
0.051238568437838694
0.05172516966013063
0.05231230862045777
0.0520625002336601
0.05255104434945679
0.05096479313579039
0.05149253189301817
0.05203322824672796
0.05226439628859225
0.05247758623590926
0.05155071177614445
0.0517782469814847
0.05231330445712956
0.052165531098580686
0.05200061968025693
0.051351291995160864
0.0513016081549722
0.05224809047103918
0.05177918721710739
0.05219664496326004
0.05174279420134553
0.052256400376791134
0.05155032740549359
0.05165548354125349
0.051131822787283454
0.05329480794716801
0.05228546409853152
0.05193899102778232
0.0525263186191296
0.05134500999156444
0.0519607168098446
0.052213260998541955
0.05090363189628988
0.05230916199070634
