0.05408410279414966
0.053735429333755746
0.05369865909779037
0.05355565347599622
0.05331432259299618
0.05375869187628268
0.05311529588470876
0.054358432373192045
0.052387570385690196
0.053227809628879186
0.05326036068981921
0.054062706825789064
0.054249480408543604
0.0544893003989273
0.052659018385384115
0.05442682024659007
0.05368520049705694
0.05457056146406103
0.05483283354260493
0.054830473209221964
0.05312815754223266
0.05323721657987335
0.05401315213202906
0.05380686999342288
0.054966488509307965
0.05436105850094464
0.05489351112191798
0.0546725517269806
0.05404663290391909
0.05339190013728512
0.05406116711674258
0.05436508878847235
0.05438942933506041
0.053975663668097695
0.052784530500503024
0.05304220362631895
0.05461206073232461
0.054088871576823294
0.05399488023977028
0.05336844982775801
0.05441359428004944
0.05361261892176117
0.05536376845884661
0.052837023800748284
0.05493759288401634
0.05500967555963143
0.055793768928197096
0.054127255201819935
0.05393379797351372
0.05306544773702626
0.05352206896714051
0.054315502751705935
0.05325694846760598
0.05390160117713094
0.05463756875542458
0.05389695756639412
0.0542877774387307
0.05388864508313418
0.0535931486847403
0.052779873803956434
0.05397076070585172
0.053313616508603445
0.055293361447184
0.054484766766108805
0.053222974866002914
0.053574418896459974
0.05327766571099346
0.054287984068650985
0.05341215727639792
0.05432925423156121
0.05306249827299325
0.054124368774864706
0.05329226625508454
0.05405824528861558
0.05282359106786316
0.05493433533592906
0.05459538612194592
0.05386076387912908
0.05415837922373612
0.05398291820529266
0.053545682998446864
0.05468260427369387
0.053387766811283655
0.05277357723025489
0.053589908362482674
0.05456674768538505
0.05342624602781143
0.05383984849322587
0.0534506752701418
0.053984888500053785
0.05273528677025752
0.05439838377060369
0.05377854622383893
0.05536417712755792
0.05368873943007202
0.05456080732619739
0.053155059926211834
0.05365873523260234
0.053840305690755486
0.05332044044553186
0.055191038220073096
0.054242140551650664
0.054495982725711656
0.05456101751042297
0.053800866084202426
0.05506740695636836
0.05296996339893667
0.05395150313779595
0.054200360165850725
0.0538608540318819
0.05443538262443326
0.05425601833485416
0.054126668866956607
0.05529585653130198
0.053922843779218965
0.053946276300848695
0.05506697399323457
0.053307932572352
0.053413860927321366
0.05406686064634414
0.05378250405010476
0.05278784138681658
0.053170791170487064
0.052864825935103
0.05423748048451671
0.05381641740495979
0.05345353794291441
0.053505667883655406
0.05453018941807386
0.05291636965921498
0.05402613737351203
0.053199106027022935
0.05296040192479268
0.05402538514499611
0.05403762756213837
0.053652021606467315
0.054881710510017
0.0519065721455263
0.05259813402699365
0.05404405425178993
0.053766196653668885
0.05336708739923779
0.053856759033806156
0.0543133979117556
0.05331231224954536
0.05370390868301911
0.0532777306598291
0.05400117515637248
0.054376979260268854
0.05318233269099437
0.05449007977767906
0.05411459178139921
0.05336368463395047
0.05434868966403883
0.05412122537927644
0.0525660725452326
0.054769880802268744
0.05274752136392635
0.05346049327090441
0.05312073200184386
0.054433219082056894
0.054391106463299366
0.0540690750185604
0.05426561326748924
0.053678351678172476
0.05437708210956771
0.05405928229811252
0.053251602015734534
0.054338921612725244
0.05400511100197036
0.053193120835203445
0.052488630168227246
0.05377620327635668
0.0533086749510403
0.053389102717119385
0.054480609176607686
0.053720222771517
0.05423566256467893
0.053549433083389886
0.05377746728117927
0.05459088758470898
0.054406113475124585
0.05270424667469342
0.05453719113756961
0.054080269825135474
0.05346424902199942
0.05359707805291691
0.05405812608296401
0.05427582540687581
0.05427474491625617
0.053804118653715705
0.05418326498147508
0.054009708437661175
0.053893706908638705
0.05404127642032108
0.05470693260031112
0.0542490999760048
0.05449279756794567
0.05371176119297161
0.05431552676236606
0.0530257720292866
0.05427980047352321
0.05386095818175818
0.05401369600986072
0.053355136386016966
0.053420227697642986
0.05331763974754722
0.05477461844748177
0.05386327378982969
0.05394379476456379
0.05363545515501755
0.05391197647986701
0.05380774356308393
0.05362889034222462
0.05357194738462567
0.05289661281130975
0.053542303321592044
0.05392342993218335
0.055098483520851005
0.0533341910031595
0.05556547987544036
0.053666606232582126
0.053934709201712394
0.05365415438245691
0.052917912686098134
0.05319164240609098
0.05395910006700433
0.05330367367059807
0.05381000817033055
0.05453348613809794
0.053412088063851115
0.05378035916146473
0.05458923913647595
0.0552610864979215
0.053541652612693724
0.054311794016030035
0.05364916829239519
0.05381162649609905
0.05348742897876946
0.055410509439752786
0.054513171591679566
0.05328304766044312
0.05429830856519402
0.05412033148058981
0.05391072062411695
0.053920307394946576
0.05407706805817725
0.054160715222678846
0.05452985858937609
0.053328265392337926
0.05473934633846511
0.05380041663374868
0.052990294663686655
0.054087277447251836
0.05453807135563693
0.05326975148454949
0.053055773525557015
0.05377668066830665
0.05446821344230557
0.053408465450047515
0.05486497486162989
0.054745823797929916
0.05256945668406843
0.05361808694033243
0.053587910610076506
0.05480801094381604
0.0538055052220443
0.05343876750157506
0.053500119887758046
0.05331180465145735
0.05443475555148325
0.0539886632359412
0.05278753843049344
0.053904447426248225
0.05521500560826098
0.053354487876276835
0.05366107752706739
0.05451211505896936
0.053930195776047185
0.054333358366420725
0.05430800247086154
0.053691115594119765
0.05315803141638753
0.053781693619384896
0.054620526259895996
0.053953582551912405
0.05287233182207274
0.05391667672483891
0.052047187340576784
0.05274259710677143
0.05422137494315393
0.05368244774945197
0.053996107140847016
0.054243293965555495
0.05396736118927947
0.05323364565992961
0.052701633983815555
0.05283859164592286
0.0537781732800795
0.05388481536283507
0.053899507383903256
0.05480154263204895
0.052994670755651896
0.053528975671724766
0.05328441325946187
0.05447361633378023
0.055077916442314745
0.05350906818785006
0.05343217664267286
0.05317224100508611
0.053689036658397526
0.053200726137220045
0.053420756974446704
0.05391272805900371
0.05468880074840854
0.05430929371686943
0.052582346526833135
0.05321350522535795
0.05324852900230326
0.0551044968124188
0.0548378590374341
0.05312905807841162
0.05319951942146872
0.052766286687983666
0.05378618077156716
0.05418664577700838
0.05371397313319903
0.05381014909289661
0.05500403806217946
0.05375122515943076
0.05268271621935128
0.05466098402212083
0.05406869760918198
0.053341006318078144
0.05470066263478657
0.053689702799601946
0.05421068432224274
0.05499125652386283
0.053420187417941634
0.053824850900127785
0.05414798594210879
0.05404870339589252
0.05378755993297091
0.05420077780581778
0.05307699947479705
0.05384424298426893
0.053268611041858094
0.05281392904907989
0.05325606396218063
0.05372379774416913
0.054476714387419634
0.05274915402333136
0.05434069244256534
0.053160541036049835
0.054369867852074094
0.05370616151049035
0.05310971179824264
0.053426958291311166
0.054005682901333785
0.05386060947967053
0.05317668858697289
0.05399790447336272
0.05386824484594399
0.0538507091714564
0.05347009601064201
0.05398371030969429
0.0540430566707073
0.05275568461001967
0.05426944389910204
0.05293457231709908
0.052462989326159004
0.05467628104270261
0.05324489366648777
0.05431678643435589
0.052580077261154656
0.05331025831401348
0.054853136021847604
0.054023050934119965
0.053889037404587725
0.052497538170428015
0.05279275446628162
0.053251508539688075
0.05485449613115634
0.05433291410918173
0.05292105910666578
0.05358576857724984
0.054061153865404776
0.05355567263541161
0.054577436196268536
0.05469321594864596
0.05385566549557552
0.05388155736545741
0.05511556356395886
0.0541002090285474
0.05408573878958123
0.054480673039506655
0.053221329317239
0.0544314781891444
0.05529288956131495
0.05355285352925421
0.05309132249385584
0.05406340313675173
0.05434108097142598
0.05370233586290851
0.05420068955027091
0.054412669776866096
0.054277637902487186
0.05444937494758051
0.05353233344430919
0.054759040373028256
0.05429929778256337
0.054170286799489986
0.05404197678399214
0.05437581950354797
0.05323530915302399
0.05325899974195636
0.05337554973993974
0.05287250106630381
0.0532164324868063
0.054249791895927046
0.05334315219261043
0.05365638758485147
0.05349087904505723
0.054289293490001
0.053252709107255214
0.053918855634037754
0.052766129754672875
0.053833976737223566
0.05397263111080974
0.05360454525362002
0.053596582232785295
0.05449289470743679
0.05355037048138911
0.05310531348004588
0.05582888482058479
0.05424335561474436
0.053366747895779554
0.05346989030476834
0.05345196541384212
0.05303408353756822
0.05251955553103471
0.05392143029894214
0.05405632708789199
0.05349656129692448
0.053351279377238825
0.05369768236778327
0.05422925290076819
0.053453720600373344
0.055578343555680476
0.05436898861444206
0.05333685667756072
0.05517826614959631
0.053572830043776776
0.05276143378432607
0.0534741064238915
0.052516787551212474
0.0534471133214538
0.05349147006745625
0.05435571489397262
0.053778202422108734
0.05522728219511919
0.05343739724230545
0.05218152338420623
0.053461803421669174
0.05334583317198849
0.05428286395181203
0.054128849538756185
0.05442203005259216
0.054733538805521675
0.053804472019692184
0.05291408050288737
0.05316475477411586
0.05260581888978777
0.05360794529224222
0.05401837948375032
0.053740525281682494
0.05351161650469294
0.05397296792034467
0.05329233805787226
0.05377380541722232
0.05288176861904503
0.05359629746635619
0.05433166924012767
0.05465385666684597
0.05380944259377429
0.05379313323646784
0.0520360699883895
0.05416339749172039
0.05245863297932374
0.053252653326126165
0.05399197589940741
0.0543161189489183
0.05381102307364927
0.05421946495152952
0.05456438645524031
0.0538157315695571
0.05382996789739991
0.05377401414625638
0.05454125834876322
0.05309598920575809
0.05288506106262503
0.05354212661404745
0.05290531562604883
0.053908072293779696
0.054462647523905616
0.054101188407003065
0.05320424624005682
0.05335211393321515
0.05364019962325983
0.0536941626596672
0.053802821290446445
0.05481144771147228
0.055157410961328424
0.05324785565971979
0.05383556577726267
0.054214327508816496
0.05419915635502548
0.05354850825278845
0.0536639174551965
0.05469968939542014
0.054222879523877054
0.05404299135807378
0.05493506425227679
0.052873597427606
0.0551376473322307
0.05246275680474355
0.05352560446954158
0.05293508024442417
0.05373237615458493
0.05358180954317504
0.05286420142329007
0.05390165335847996
0.053370030864243745
0.054474752745591104
0.05420130003039958
0.05364348226248694
0.05370755623516743
0.05313289056539361
0.05353500271667144
0.0540328860097361
0.052859711957353284
0.05480856633039366
0.052795053545196424
0.05369003833584429
0.05543829977068526
0.05212565107831324
0.05347661853193131
0.05448922890536778
0.05509109808554058
0.053324836922911345
0.05394937987330195
0.052586568579499726
0.052493626024443074
0.053960533756253426
0.053330268388890545
0.05283686180882796
0.05442512749868911
0.05418445818031614
0.05330821058487345
0.052696087084768806
0.0539330620013061
0.05263535026460886
0.05442458309335052
0.0535843586694682
0.05403178286360344
0.05276587754087814
0.05363775946534588
0.0537518266846746
0.0549999372306047
0.05392002398366458
0.0546621420980955
0.05356815920822555
0.05354905235253682
0.053930568137730006
0.054948139000771334
0.05270914464563248
0.05410453994409181
0.05334169253546861
0.05385764976381324
0.052943091410270426
0.05361891386564821
0.053401591125293635
0.05422248866125301
0.054473705391501426
0.05292801074574527
0.05399330776890565
0.05429462005668029
0.05347782238823129
0.053583577697281726
0.05493784734971996
0.0538087448621809
0.053638146120647434
0.052891198109136894
0.05298901711103099
0.05394124850681692
0.05289576677387231
0.05268065609016048
0.053008347344075446
0.05389660679611552
0.05380794227676233
0.05379910057490633
0.0538573313933739
0.05347773053836136
0.05468846107032732
0.05348352548207913
0.054412639372458216
0.05349663472043176
0.05495362027977535
0.05416664502445201
0.05299523789835803
0.05460606550514058
0.05418770077631052
0.05232999366126023
0.05283828723986517
0.05353706760615751
0.053731056166725466
0.05345964450498286
0.053032211821118835
0.05368517339411483
0.05407718702554121
0.05311983073443116
0.05244968117040116
0.054417507562902756
0.054262286379525904
0.054838846843267675
0.05384808289272769
0.05385321551693778
0.05386228627139644
0.0540865433831641
0.054239183220488485
0.05350286494649481
0.05412393125698145
0.05453331675744266
0.05251576080081577
0.05393797382021148
0.05400892786565237
0.05372191332389775
0.05324589215160813
0.05494928858934145
0.0528348113039101
0.053516763749939855
0.05443814437603578
0.05269652170318295
0.05413790368584159
0.05380661732488079
0.05305890324052598
0.05244485736511706
0.054876176229299745
0.052884192920828355
0.053255310933309374
0.05394789120146015
0.05379987120613805
0.05406036957901961
0.052744833990800544
0.0526576303946058
0.05319375039653096
0.05383457088282739
0.054375069550587796
0.054479481377711636
0.05297246516602172
0.05365493990757386
0.05480591681407532
0.053682941465012846
0.054260742233964265
0.053655839152270346
0.05362150422115519
0.05395464618959522
0.05290452711597027
0.05378286659470177
0.05346970570280973
0.05411304916378867
0.05312619924734463
0.05344815709395334
0.052817673320532776
0.05332263268792303
0.054069495487055974
0.0527168634453119
0.05399266700624139
0.05337167478319316
0.05237352386393468
0.05497990030198707
0.05335714196189656
0.05452611377768335
0.05370653612590104
0.05269950725596573
0.053255365064615034
0.05398395656993671
0.052694900585265714
0.05370988123831921
0.053292988408429665
0.053173930740740616
0.05303365484905953
0.053500732023167075
0.05344906345089839
0.05384198421234032
0.05329850037560391
0.053582008857119945
0.054289583471472724
0.05401762220390083
0.0541794727632805
0.05308597844668839
0.053500097597861895
0.0532899071877182
0.052801857144004316
0.05343529001402203
0.05344319749929127
0.05399494525954651
0.05334279457019875
0.05352965870042681
0.05332091532909544
0.05402215516187425
0.05473599603283219
0.0535174408905732
0.054127440256706905
0.05353404205561674
0.053999015066438005
0.05280135589055135
0.053906630995697924
0.05340926529424905
0.054249184775471804
0.05351074493046326
0.054414506626926595
0.05351772593348869
0.054031391873650136
0.05336791412628372
0.05388363322526857
0.0543606181818177
0.05286829334727372
0.05334995726661873
0.05381708077584335
0.05273151886831329
0.05323993931233417
0.054009858846256975
0.05418260603073577
0.054227531098149484
0.054715335349101224
0.05316001677601889
0.05351217660245311
0.053709166113549145
0.05231494491818012
0.053229091987304855
0.05308835863797867
0.05355236557261378
0.05207374782548868
0.05272554338625923
0.05339364961037063
0.053060959062349866
0.05385847220532014
0.05382144518807763
0.05405512039033056
0.05390363775768492
0.05379898631690594
0.05326317624167132
0.052723039842021535
0.05269819918066787
0.05295547137939138
0.05384381654221215
0.0544495983303932
0.05316646580286033
0.053378815537143964
0.054006470567401266
0.05393278264455148
0.05304802386308438
0.05363643275813956
0.05335182197995891
0.054126475404700614
0.053044570682686754
0.05341686744395702
0.054390919336583465
0.053515485715252
0.053693710404331796
0.05428760734866955
0.0536813092421653
0.053837143423152156
0.0535528203490685
0.05396155541529879
0.05361996696956339
0.05334722458610486
0.054465650751808425
0.05377544773364207
0.0541376800283615
0.05354405731668521
0.05333708429679973
0.05427300635892607
0.054645743235596456
0.05329131338476145
0.05299830698459118
0.05375391792222217
0.05386177436594153
0.05328020269735134
0.05342064403339464
0.05382969217498612
0.05287693280115491
0.053720751386208576
0.05404776482464513
0.053733005004687584
0.05399235178629169
0.055032486336131115
0.05314574671865557
0.05358322462961951
0.053901683078947826
0.05353267024656816
0.053063449333421886
0.05364305539660563
0.053473391317311325
0.05288348922113073
0.053404156175020034
0.05354958670795895
0.05359662737282633
0.05364876288876985
0.05351061508554267
0.05348600552861171
0.05444789200373634
0.05258249737562437
0.05311338409592281
0.05427052806226129
0.05412743994202174
0.05325695805186115
0.05437386998164584
0.05325884533340286
0.052918931703970884
0.05426826621987857
0.05412765390974528
0.05373803576549108
0.05317272522916028
0.054124308273458155
0.053766969900607364
0.054292173743306194
0.05236453401266772
0.054115187554998556
0.05282444466865854
0.05277821327945276
0.054475943148645456
0.05461792319511005
0.05246831107797334
0.05266006325473427
0.05317148157155316
0.05399353600296308
0.052793596441915724
0.055071218816010514
0.05299837756501802
0.053706198783402215
0.05252710411696171
0.053007732227342785
0.05335475305219006
0.05332492943671241
0.05325875092057686
0.05199788770732994
0.05419689361406199
0.05310647149963188
0.05302238781587221
0.05379023833484098
0.05309249419224216
0.05487370795526658
0.053934978879624396
0.05460880638747767
0.05436339139669144
0.054184711658308515
0.05387821239492041
0.0534996418045921
0.05312244201923022
0.05412468537178938
0.05280303333893244
0.054371141091905884
0.05372262637865788
0.053228101140121
0.053635439529898576
0.05306868216757721
0.05276386347031803
0.05363339193718275
0.05386432815248554
0.05324492819636362
0.054067615423264215
0.05373329001486127
0.054569626052398235
0.0531496856801823
0.05357385492789035
0.05343182619435538
0.054319749269780004
0.05390400024043629
0.05388916529409471
0.053530773455349845
0.0538432240318798
0.053275321535693365
0.05329814154720225
0.05320081328864035
0.05335784063026949
0.05247756543758442
0.05458257848658832
0.054055359611083986
0.0529797321123624
0.053511758937020204
0.05336871648069064
0.05418848780936969
0.05344206457630207
0.05272143474940094
0.05364675033342792
0.05388133651285898
0.05340365732809005
0.05348304348808597
0.054227887874731096
0.05343082513536501
0.05367307942833577
0.05346783503591723
0.05368115001874685
0.0532791497407743
0.05481982516175776
0.0540878361043724
0.0535803232469334
0.05441165959746286
0.05328862980604754
0.053192105022390024
0.05300866196921561
0.05400185296457494
0.052374291173691745
0.05378418952568609
0.05323323526135937
0.053354125668192864
0.054299063493090216
0.05435658074202365
0.05177856140107906
0.053174401309661334
0.053394823631606414
0.053841858492887695
0.054230865574936615
0.05333350862565567
0.05369851115756319
0.05400339495099615
0.0532078235210065
0.054632499819490477
0.05349835734887165
0.054604530429060105
0.05255982853304886
0.054146691760252
0.05352903339189652
0.0531633765258448
0.05332156820804812
0.05197462400428776
0.05434702767888666
0.05365878133125079
0.05326235156644543
0.05342752973047027
0.0531004898930405
0.05382729787561402
0.0539072499723261
0.052842530891211936
0.0537226970645861
0.053976928365955246
0.052200331552739954
0.053601966308633564
0.05480751300456177
0.053320440239986056
0.05442908036275185
0.05411567953888152
0.05348613056412432
0.05377402870908554
0.05431620654781
0.05448263093967398
0.05340376792446477
0.05535700184373127
0.053489891290155356
0.05349925635346153
0.053640422822354594
0.053401126115204534
0.05306905520046712
0.05338409362593666
0.05330265759766917
0.05321465754241217
0.05309820402908372
0.05310718002874637
0.05332564845775778
0.05272668085672194
0.05348429801779275
0.054734836532588815
0.05246324468134844
0.0533126320970041
0.053021616589830955
0.05358970527049678
0.05390591624745866
0.05248228502932761
0.05377945648069726
0.05290480648545781
0.05341525518997514
0.05285867242855602
0.05307838503358653
0.053653312654205365
0.052150701556456625
0.052621410286519676
0.052948321390431374
0.05290307460199983
0.05324586866481695
0.054598607111984165
0.053046684348373674
0.05348200490880117
0.053424863599502714
0.05350656550217536
0.05404028430348262
0.05249959458706144
0.05343244698997296
0.05287272568421031
0.05469059174902213
0.05349238216513186
0.05315042474103393
0.053033942722322536
0.05346851066497038
0.05280116266840196
0.053621455996108125
0.05278388900842401
0.05404656199425517
0.05394346345019585
0.05406820104144572
0.05295192580160801
0.05263171243132092
0.053967369660313125
0.05393308400380192
0.05415840467867383
0.05345821912305837
0.054010199861295405
0.053060748177813366
0.05303082294813066
0.05236189873539843
0.05381146225408884
0.05344368997430138
0.05255471168675285
0.05309767304242996
0.053845380774873774
0.051570056508353446
0.05284252700403158
0.05487459660434979
0.05346603942234651
0.05430437747963879
0.05385886950716667
0.05438735067764355
0.053172209509284585
0.05399447553463688
0.054053174493674305
0.05367717009175976
0.05376861288641521
0.05326996055919153
0.053375452878754004
0.05210664466540038
0.053708677582108066
0.05285738784186833
0.053880971234320896
0.05422502299188636
0.05358753655855253
0.0539782070536603
0.053278305818821536
0.05434605462869513
0.05328594483034976
0.05364124062543851
0.05472803441807628
0.052459358597843675
0.05336708733193518
0.053838609403101145
0.05391060866168118
0.05285297384943988
0.0530945768350648
0.05360987957465113
0.052924927327694604
0.05421382381791773
0.05297126750701864
0.05408010253086104
0.0532837917926372
0.05352045886138512
0.05311501000142016
0.05370882301940583
0.053324402775615454
0.053272703455149895
0.052511046782456106
0.05269529091492586
0.05242828694463242
0.05446402354573365
0.05264146797526337
0.05413265192328254
0.053615247661582544
0.05304185068234801
0.05335646106868808
0.05398351002440904
0.05382003114573308
0.05293202646680584
0.054002456739908666
0.0551696052771149
0.052839619798760395
0.05348621517259744
0.052900246204444556
0.053925501320918556
0.05366710127964325
0.05344667999088415
0.052668036785689765
0.05339839756379661
0.053631958791811485
0.053647748220100766
0.053050723423439194
0.05303101153731404
0.05316607020904485
0.052413025330679375
0.05229201223119162
0.05376332055129751
0.053149291101362905
0.052728391623531934
0.05296014555824513
0.05375884068780579
0.053160449457209324
0.05394228216755437
0.05364862702299433
0.05276425311785715
0.05392306694557192
0.05357277729672205
0.05305403714919521
0.05322983777841728
0.053645721687644254
0.05313048991956748
0.05341515528380114
0.05225085611709801
0.05317641425790498
0.053237010068187374
0.05314916130191705
0.05296901431574952
0.05403558353827975
0.05280243785091443
0.05436230973464262
0.05328506574915082
0.05340703525143908
0.05440128720329085
0.05313023754024471
0.05338362443580991
0.053798126478795893
0.05443895214739314
0.05220444483893516
0.05390773022918438
0.05279575082568044
0.05260353992525779
0.054263088959487504
0.05383157460892107
0.05167227613128489
0.05367484215457807
0.053012501575722126
0.05302367519652762
0.053520722747634863
0.05335639171244111
0.05445449351645948
0.05271218545931333
0.05313304009177955
0.054923375086218584
0.05409790539670212
0.053191808467090596
0.05311406783403072
0.0524037065806624
0.05389001194453158
0.054195126169361174
0.05452483673252573
0.05375903561798623
0.053412834415212274
0.05358581574546406
0.05128295748545497
0.05313318440857984
0.05346924376863171
0.05415926466230303
0.05338352880789898
0.0532025531756517
0.05394352660732693
0.052184033977027866
0.05400331249802548
0.05297311382491898
0.052894252474288805
0.05208655486603675
0.05426315429031092
0.053184351256277296
0.05457491504785139
0.053397637011585175
0.05356729521008674
0.05427769165908103
0.052938034355975105
0.05293738012733229
0.05204537045392499
0.05329103342592134
0.053918875581075554
0.05226164455234539
0.05366504564335628
0.05252482680953108
0.05210338075630716
0.05383916044411308
0.054335873739546514
0.05377974316616019
0.053683420936067705
0.05329324909871502
0.053421306640302646
0.05327126622614742
0.054270615333734895
0.054363629013096215
0.05366676697303774
0.054050374954385916
0.05384070074069314
0.053086987802089425
0.053566410979328793
0.05246971188716998
0.053143878394621424
0.05384046975086676
0.05380963914649328
0.052657387208455475
0.05372529743726773
0.053844673888306716
0.053101062067071325
0.05245409624149033
0.054292305760100135
0.0532121825235663
0.05366214897549071
0.05331365025813284
0.05301417842383671
0.053630565178536926
0.053750874551042216
0.05329730243647646
0.053048400726765976
0.05401471236109501
0.05290669267742487
0.05288791710700025
0.05389972227567341
0.05344382088514976
0.05325766029091028
0.05250026758949389
0.05428980010401574
0.054915102455197484
0.053038793650557636
0.05283616103770328
0.05343434727183194
0.05245135695440695
0.05433737432031194
0.05246265620189661
0.053779323718117666
0.052776747428652016
0.053156287445744965
0.05364406801709265
0.05380445010450785
0.05410572719483753
0.05272588058687688
0.053491832130021066
0.05377894453886256
0.05351479633281997
0.05270156422557193
0.053486680533751496
0.05312822725500155
0.05282380234893935
0.05367161337926518
0.05337711016727553
0.05300084852024156
0.05332857872963359
0.0526695236148953
0.05337278429942671
0.05362395091287908
0.05316562840198458
0.05327729355849442
0.053583346110826824
0.05330368185059342
0.0530957030459831
0.053865114496147726
0.05420799819694366
0.05329334856833157
0.05380149709890247
0.05405121553303616
0.05350460758199915
0.05227635445226042
0.0542974808577128
0.052421967824557214
0.05252971102527226
0.052559623421984725
0.05383566691307351
0.05269460933050141
0.05318057319709624
0.05343915104640473
0.05440785957034677
0.0535951829260739
0.05155477018888632
0.054454152907055686
0.05366419163692626
0.05136584998399485
0.05298783962825837
0.05514432881500397
0.053192024173768004
0.053719332527180086
0.05325419257314934
0.053919475878501544
0.05407505908078747
0.05312570046953624
0.05312249563576188
0.05281835124696954
0.05402770538239565
0.05318578697369958
0.05200771817180794
0.052345164767757524
0.05470064423025178
0.05269548543037672
0.053164666507655056
0.05336448343769007
0.05344549312758318
0.053320722301577916
0.05367079884126724
0.0540681006750674
0.05344590484673972
0.053269099103999906
0.05369663722194673
0.053387332074635196
0.05250405917104217
0.05318202428497898
0.05351941552180506
0.05405281183266197
0.054519917774086935
0.05401997447734175
0.052528883341437904
0.053512281070652534
0.05319912924824166
0.052534676646246226
0.05266763079998782
0.05409962180965522
0.053393892503663665
0.05278515029931441
0.05333864628119045
0.05312331609457033
0.052897293151545455
0.05268307396363525
0.054369854795368155
0.053376699639557046
0.052387884141353425
0.05310852646834974
0.05362993156086304
0.052914538615368656
0.05336256891678204
0.052571348162018694
0.05311311776495131
0.052743841810297454
0.05371084313264873
0.05281725430722872
0.05348122343275463
0.05362737804716744
0.0534383625308692
0.05289648393591051
0.05257106774661224
0.05362868607699056
0.052827158684522146
0.05374250427666993
0.05280160282563884
0.0538572107325308
0.0538227428078244
0.05217596987495199
0.05374631909762684
0.0537939919904602
0.0535257209030533
0.05291130327350402
0.05306637895955646
0.05366123334897566
0.05440045262184867
0.05381278547065449
0.0532071504076157
0.05272690021593007
0.051852833552402444
0.0523263981922355
0.0544706560758641
0.052698416651765
0.05448696573876077
0.053009403967735125
0.05396215501968982
0.05198659690722707
0.05267375558287313
0.052789139070227975
0.05357847929735726
0.05345848835349898
0.05321480833663372
0.053635816355381394
0.053753212161609554
0.05293901236473175
0.05331876991112949
0.053059470703374245
0.05399528881753213
0.05278521132822789
0.051375931449001655
0.054855996275364305
0.05464911952003604
0.053693805190050625
0.05377541438792832
0.05408472123235697
0.05358091556809086
0.0534344203715591
0.05328800950701407
0.0530457990062132
0.052532931316818576
0.05299846105117467
0.05418910026855883
0.052499389528748
0.053505327550738
0.053033748274174286
0.053279706809917116
0.051850025964085944
0.053020216759250616
0.052638267412476125
0.05429447522146802
0.05338906359975226
0.05452841314399848
0.05480461980914697
0.053735412964670104
0.05346279440345825
0.05275806604913669
0.052652984826636384
0.05144954929892265
0.0518642159695446
0.05406665781811171
0.052037146902875975
0.05433252985676518
0.05364961134728219
0.0539742098426359
0.053232059894071426
0.053073234723342466
0.05418757739607827
0.05335664881749835
0.05341363252955489
0.053437464721355354
0.05262114340439439
0.05378652752551716
0.0533463088231656
0.05414311040658504
0.05373669939945103
0.05310827037283161
0.052734036597030354
0.053355724605353316
0.05283213387883734
0.05513666750630364
0.05288620734063443
0.05239925122077693
0.05361768302282144
0.052985806427386706
0.05367355419912201
0.0530110221952782
0.051931332891399506
0.053660402047171374
0.0528244643483049
0.05189481069101021
0.053371050340501824
0.05282788930526294
0.05286463066659053
0.052381040162799763
0.05347387910478574
0.053482145429370576
0.0543232435684331
0.05328420017758617
0.05328468813058862
0.05313572025988833
0.05269694741036801
0.05295457183274266
0.05288994325019303
0.05343600170999707
0.05247758293444349
0.052910432903445326
0.053604728542268276
0.05319007785146823
0.05471061495154572
0.052987767552622245
0.05416826033979305
0.05415490299856174
0.05274772078701062
0.05334218603275076
0.05192116607577191
0.05302174687858496
0.053782230641445494
0.05298381742068159
0.05261170538869919
0.05501647975324886
0.053779015526743024
0.054115077369715436
0.052953221507777926
0.05353124451721669
0.054650196490911185
0.05268094884559105
0.053780430660481215
0.05417610660515493
0.052278796862083254
0.05389771935733734
0.053055794138344936
0.05386626701329078
0.05309322048924514
0.052700403197377454
0.05320678462157957
0.05356455795663351
0.053977060326360515
0.0524311178305652
0.05418380007540691
0.05355049558238534
0.054107466181449126
0.05252015655787545
0.053296201633202145
0.05347488850202353
0.052928130782675
0.05353456826196634
0.052893083597155055
0.05227292094969016
0.05423763311409857
0.052972993316871
0.05368193171489111
0.05286418440846319
0.05354641215490119
0.05346508396905847
0.0530492254474666
0.053026592797323246
0.05211696015794587
0.05412445297406521
0.05349772200679581
0.05441850927127234
0.05269860893531586
0.054344812968338374
0.05260706031913287
0.052995376883700374
0.05254276688538084
0.05287934559964924
0.05324965941690607
0.053981859837222146
0.05262520787073299
0.053138602273975266
0.05238635223577148
0.05396567685602349
0.05293777782389952
0.05299251034921326
0.053360332842203206
0.052070373469177866
0.05230134434168576
0.05318949652428273
0.05257199457446404
0.05311422433442203
0.052379446826307685
0.054060534208474564
0.052252785146265524
0.05385102609761816
0.0521494694694411
0.05309272830709233
0.0528927262785146
0.05362734748996445
0.052889013231833815
0.054234309567618766
0.0530380620748474
0.05476050273500732
0.054037103154769284
0.05333741597678454
0.05386236099730013
0.05376677473032032
0.05344272843103681
0.05364231830753852
0.05303205054042337
0.053226729556627106
0.05245596542408748
0.05437015225288633
0.053149492685406585
0.05319359370150778
0.05336581525625661
0.05367811016913038
0.05346976536930015
0.054008071734642726
0.05374397211562609
0.05269082607446762
0.05233627062443702
0.05445583115033514
0.05283199243967829
0.052430729410843924
0.05269544232032786
0.053818374832189875
0.05368573238774843
0.0535411349410424
0.05386075417482061
0.05344487255024433
0.05341234877596435
0.05297926356433891
0.05355509605760744
0.052830151213129284
0.053963520274919574
0.052153103602904594
0.05264992358752352
0.05293023371632444
0.0538685546562192
0.053513807975832606
0.05349762185323925
0.053147524182350026
0.053802224654646125
0.053533091171630076
0.05373629792848078
0.054410497163189575
0.051703309452932444
0.05262186108484457
0.05412405674178444
0.05267988110608712
0.05251397800020641
0.05335403470417077
0.052984315199864795
0.053646822831069585
0.052804423778070486
0.05350972985615954
0.052631617576480494
0.054164033044799
0.05440418840407801
0.05269551346100343
0.05303674493370636
0.05231271639058832
0.05283390591284842
0.05351775145391002
0.053150257479501306
0.05321114671824034
0.05261045894258132
0.05394904810236767
0.05274638650553243
0.053619532258380787
0.05338692631448794
0.05318512379017193
0.05241253462008899
0.05278047771935235
0.053554340798655176
0.05324620981991757
0.052107747720583575
0.05353840103271068
0.054622261617623735
0.0536161382769933
0.054614850943835336
0.05332099562474468
0.052734072454768466
0.05394441888165602
0.05380610895008431
0.05400374932651175
0.0528784617454221
0.05329780067768297
0.05211353851518652
0.053921363803965505
0.05290270387013152
0.052455158585871686
0.052783131373871583
0.05378626591118518
0.053533255308138905
0.0533588679463719
0.05315058599990152
0.053268615394699736
0.05308516601326119
0.0535236308714957
0.05391194037292735
0.05336173308387515
0.054710771360987565
0.05372310730672325
0.052974530939536635
0.0537239155601128
0.052121558677754365
0.05302783608203754
0.05385622744324792
0.05395900570874801
0.05199984651335399
0.051896709577704314
0.05179070610938652
0.05183875820330286
0.05305721993318002
0.05390404668469273
0.0521223589348665
0.052698634199259686
0.053496638995056855
0.05257059939322062
0.052852946808343404
0.05257858538789151
0.054426829192379955
0.05335126278077951
0.05274816378732794
0.05301774357940303
0.05434995918949426
0.05349634646336199
0.05381609188953007
0.05310690416081343
0.05476300436384918
0.05357098117201531
0.05298397951628431
0.052923058119631605
0.05240356404647173
0.052184696391123
0.05242359850308276
0.05390594833988871
0.05293050741602201
0.052904700587532716
0.05280828160721285
0.053751766707136994
0.05283657545987808
0.05390404351783218
0.05397211130730284
0.05262178321208921
0.05460843954097072
0.053589630051646964
0.05260174376599025
0.05349049400865624
0.05442512578883907
0.05315201108169276
0.05370653911450063
0.05424221283647057
0.05227467810254893
0.052023890859345556
0.05355033559681033
0.05357374322920805
0.05317094185738824
0.05354574537523149
0.052354881929204566
0.051727330279391026
0.05383478655858198
0.05253718680978636
0.05302297489834018
0.052792970984228305
0.05310232555348193
0.052667125355583266
0.052937814476536005
0.052545899992765044
0.0531078807744052
0.054008147677450324
0.05243691592659161
0.05312911768851336
0.05418553072922805
0.05232454988436075
0.05356267961906269
0.05298240004594845
0.05294378638609487
0.05264428479495109
0.05339272398123285
0.05323952568505774
0.0548154764019273
0.05173561531228188
0.05333820980013115
0.05344983032591699
0.05276288748245861
0.05363876006231294
0.053877996342635015
0.05316274215692829
0.05273801310977433
0.05288541406298464
0.0528890292334836
0.0534042059280182
0.0527837156168971
0.054123805013659876
0.05292575420207868
0.05244439875968965
0.052221424390154425
0.05221620209522371
0.05089152504478989
0.05419020089721016
0.05311653214266698
0.053940640693326714
0.053011954167232034
0.05343713915135595
0.05451163786165125
0.052496056767267874
0.05456660368508892
0.05378502226267301
0.05316892590781208
0.05326409002918808
0.05278428433484805
0.05333278278703801
0.05360182707227068
0.05234489803115139
0.05298858024616493
0.052422705502976896
0.05291686772034154
0.052516761867082096
0.051626829663291574
0.05288955816467933
0.05359166631933476
0.05391070094628958
0.053521585035923636
0.05258900180888304
0.05309648952243151
0.05306087591998221
0.052757010289496975
0.05282847558555659
0.05331007590757508
0.05290053618045931
0.053460781899048015
0.05446457742618804
0.0526814218465006
0.05320993055829604
0.05332048963828129
0.05419417513439839
0.053499595742323436
0.05385363393725129
0.05325373984669568
0.05450666117394576
0.05312929113460996
0.0526160751869611
0.05416763055654883
0.05246324420659221
0.05309421072342957
0.05439527930684562
0.054737253132771
0.05394142233126331
0.052551111431967
0.05318981786876975
0.053430419371579774
0.05292492852458963
0.05299811845907243
0.052884563574480126
0.05488987754324626
0.05312948196842626
0.05285067551267275
0.05265662659621739
0.054167588878044626
0.05254090729977179
0.053519505989243044
0.05260525433186558
0.053550257407550816
0.05213207779888762
0.05283313324980554
0.054474885186209576
0.05395966665491869
0.05420759223852656
0.0539000006592687
0.05253295327202068
0.05259973946522223
0.05233058197336504
0.05298485616185644
0.053242925972881494
0.05355522609897889
0.05355854847584851
0.05316343866979878
0.05334657915227581
0.053739547009172384
0.0530488398471789
0.05240775211677828
0.05235873612764408
0.053185565666353796
0.05373145062003459
0.053242859912643326
0.05295097029375029
0.053632709925295785
0.05214223789698735
0.05409552001947304
0.052540482038239134
0.052856294403682114
0.05284928388209664
0.05392114903588663
0.05246068754422595
0.054744947232393315
0.05285294976965815
0.05362635908386437
0.053993978352082195
0.05214518229695386
0.05363463336834684
0.0529981235795276
0.052493612758553354
0.051778570201349794
0.0549467616219772
0.05299510587246914
0.052782217448111624
0.05337804849295935
0.053615269924193854
0.05259564242987835
0.053234679322486045
0.054350687456462765
0.053245250670443056
0.05373288928967668
0.05406656321429182
0.053201959301077295
0.05376907320714963
0.05299822257438791
0.05233065455468022
0.05417095500706637
0.05308717545813124
0.05385874313469685
0.052935521729523316
0.05392221554211574
0.053834631717109005
0.05300702390013612
0.052855866992103984
0.052612295190556324
0.05202093023399357
0.05268949605851958
0.05228997577614791
0.053710283604232245
0.052995335347077344
0.053392319146951195
0.05310916058442672
0.0526999393641745
0.052824852969934
0.053251390179866576
0.05299905927495274
0.05308889828665997
0.05370905143718119
0.0531102878794627
0.05426811531833664
0.052630909529398195
0.051930322299085674
0.053484487216337584
0.05367171497891832
0.05325240859747282
0.05284325771026488
0.05322405705919664
0.052806352610787144
0.05219009442589595
0.054494496986080776
0.053045561855469714
0.05306044313692837
0.05319243621852365
0.05365472024823248
0.05351422964849917
0.05251152092932898
0.052814605964158545
0.051883839472793625
0.05299566697249247
0.05339996084876475
0.05387862583665992
0.05311929692834383
0.05423058705673611
0.05291445044531429
0.0534313223688514
0.05352142492483836
0.05195197489774728
0.05377070661415928
0.05314709925369243
0.052119821890300955
0.053612047451679246
0.0528863428880868
0.05358581412292551
0.05362735867129231
0.051917764176323544
0.0542464405298233
0.05339100689343468
0.05281388928415254
0.052929333431166015
0.05326020648317353
0.052802169861024595
0.05426349079061765
0.05452149270422524
0.05423473232985998
0.05297885004983982
0.052877419229844236
0.05269788155055721
0.05280490754012135
0.05315938325111347
0.05305947022498003
0.05282332837487047
0.052682927016576286
0.053448634358574054
0.053810680481547024
0.05324258378641389
0.0520692714562756
0.05334857285924954
0.05342637235662551
0.05240123901057814
0.052811733901762636
0.05263109051702486
0.053471681825612905
0.05417166935148998
0.053710246767877834
0.05275167808395054
0.05301560113730375
0.05423463307124621
0.052843442164885346
0.05200066338693432
0.053152238981056144
0.05302310212209704
0.052290403391452855
0.05265819604755961
0.05409391760804283
0.05217984920273011
0.05419139701007225
0.05342470383584441
0.05347927043840173
0.05270012105029309
0.05407665997336153
0.053122211813388276
0.05263643804755702
0.05355596506706206
0.052312808264105115
0.05275402934967133
0.0542488146766118
0.05300693047684035
0.05227867994653934
0.05236884447549528
0.05314188522424956
0.05383953030650446
0.05347814312153787
0.0528632879286306
0.052877443571560434
0.05207128366600955
0.05429698301668395
0.052983528294134885
0.05288153528817929
0.051914253454015125
0.052576047135517
0.053591125122693484
0.053285101315850625
0.05328773543260468
0.05416949179561925
0.05273842191854783
0.05361476654979924
0.054513680039235624
0.05301011523624766
0.05187790525451419
0.05238718169312051
0.053525081975749345
0.05248492357895884
0.053259113778040046
0.05426863261163817
0.05318833301862469
0.05368391478259582
0.054038203565141885
0.053934489344101166
0.05386432510931627
0.053009356235634186
0.053424869454829604
