0.05405228056770284
0.054208250521696755
0.0547168709563266
0.05468673196446616
0.05421664497589518
0.054181660496396944
0.054550073993596015
0.05425389423544402
0.05353084419948573
0.054368076469472726
0.05451864613678481
0.053215299452858744
0.05423627213713189
0.05378569539061573
0.05551618149547721
0.053337429351813626
0.05415529140555009
0.05457199513512023
0.05337539869833563
0.05284571657466586
0.05405807311399258
0.05225533117300074
0.05180832235964772
0.053465001179574756
0.05363914118061075
0.0537802102680871
0.05450466903130291
0.054332154513758724
0.05364707144508429
0.05309291641424352
0.05358352543407818
0.05438223894452676
0.053000987574705505
0.05477025192703877
0.05459035300555115
0.05402450807378045
0.05440128641021147
0.05214310618976015
0.054650118967401795
0.05367546036541171
0.053658965347494814
0.053180718821749906
0.052812643383731483
0.05355350600802922
0.054346064001947525
0.053944491537549766
0.05310237320009037
0.052993365130532766
0.05290729303851549
0.052599429594920366
0.05350532207739889
0.05399379510890867
0.053132176828512456
0.05276803377455508
0.054472611906021484
0.05467120508546941
0.05358142401018995
0.05335547950198816
0.054356107453713776
0.054454764478578
0.05422780438129848
0.0542334953606769
0.053381960145998164
0.053138914379815105
0.05270658571498643
0.05330652000884584
0.05323560987926612
0.05354378123593051
0.05234355084212439
0.05411071852176974
0.05403632892557653
0.05367855076838168
0.05415059372171527
0.052351498747157166
0.05374798780394485
0.053408804784339736
0.05336222897312837
0.053409017224112176
0.05392330145514279
0.05354748611898685
0.05387764437000442
0.05256678906516754
0.053632980367183336
0.05356396728348045
0.05225379252806306
0.05284240733271872
0.052998382632722496
0.053768346364449826
0.053482182971492875
0.054287370196107076
0.05400771421409445
0.052876315186949796
0.05487252045168134
0.053079182776855305
0.05492450414567429
0.05323068201323622
0.052662938744106214
0.053547664736470324
0.05308462983157369
0.05356877000667737
0.05353822660072183
0.054638395295114606
0.05370592219696846
0.054488067124111694
0.053798762479345896
0.05283500950645248
0.054044698967118165
0.05437909897591453
0.05354601634462597
0.05449124659389781
0.0535446203466563
0.05363513086012972
0.05473415619962907
0.05375788152923633
0.0530047400498006
0.05443585229477321
0.05374440203377162
0.05390680929303926
0.05425921851747262
0.053379192044303636
0.05356862663211359
0.0534928521974507
0.05336134321987629
0.05316478414533776
0.05457140776888991
0.053916666851364425
0.053411314514960395
0.054135820511874044
0.05375031141556974
0.053292314827558585
0.0529326867817872
0.05402988104833639
0.05396300226311723
0.05409730304199911
0.0529795893944538
0.05457702681815135
0.05338416361337295
0.05241734103219642
0.05355939193213999
0.053483692561712814
0.053108485366465175
0.05359867237530125
0.05356663171914988
0.0544824995649833
0.05414099560039176
0.05297384022924234
0.05299682144141116
0.05433414459548658
0.05416019643598702
0.05401409492151288
0.053998907627828885
0.05359431848228269
0.05462658606847981
0.053549296184428385
0.05265602750660037
0.054676650041074026
0.053679591741456534
0.05416696904649143
0.05470734355185414
0.053548641999441315
0.052416475422432995
0.05396870221920835
0.05328976379496453
0.053261456752807135
0.05399137940912624
0.052198224497260526
0.0541182782890246
0.05307184496814443
0.05369522528599191
0.05391146171496075
0.05443928231943573
0.054253967360637034
0.05393378131157078
0.05341126170060306
0.053992285513231764
0.05197385317842418
0.0536760389131814
0.053182922396445065
0.05397405077383155
0.054132607527208165
0.05416613285888161
0.05374155008030357
0.05286278128733102
0.05382481981905585
0.054547360185097205
0.053373259766885894
0.053204383537377
0.05350800992346194
0.05287383850918559
0.0524055604419118
0.052313176569441566
0.054112311050630524
0.05367410530925554
0.05304225796862738
0.05318925176834455
0.05300743322368362
0.05357626146724215
0.052954900871554855
0.05397168146191689
0.0542809207981918
0.052720147346917656
0.053497613791478216
0.053849400454055285
0.053362591463155695
0.054048905773015576
0.05342039733659476
0.05375585538604355
0.05410628533354611
0.0542112437524338
0.05329640911622846
0.05252176316571422
0.05436772909160936
0.053258966145222075
0.05327358545946481
0.05271881948283408
0.05557398239761824
0.05403317179661826
0.053653929508072906
0.052285974235928734
0.054264793940092204
0.05360435873808456
0.05416386548495211
0.054370682177250274
0.05385390028459369
0.05395474986289628
0.05393326388730202
0.053218489892969956
0.05488657563182642
0.05377871754717489
0.05386927977997402
0.05402681007035426
0.053038410311273765
0.05413513294661243
0.05395314456836786
0.053394835369545035
0.05497329176614585
0.05320799457877001
0.0525011730260303
0.054054029566032114
0.05366314041384612
0.05516334315325366
0.053769421803735895
0.05353885133990843
0.05381354493147228
0.05323016182956053
0.053384283839477575
0.05392595254306798
0.053409199785164674
0.05166904782890924
0.05360769406433974
0.05325129163793463
0.05396010284857766
0.05369667183731508
0.0531768831442605
0.05359812526512542
0.05368931969132973
0.0540752862161753
0.053604153104970464
0.05331203709829424
0.05424639485681837
0.05391378480999265
0.054385876186643145
0.0535182406383683
0.05413659650730551
0.05384721529844683
0.05343486128731456
0.05258964930726506
0.052963456149882404
0.0530828255614324
0.05343278458894929
0.05298516851144086
0.052645842491983785
0.053927161387036904
0.054454441838970524
0.053070941192345344
0.05398381210034131
0.05279599263849377
0.053366007892691414
0.05347391223767772
0.053905372087683645
0.05172997112458688
0.05353955188729742
0.054752835088947904
0.054469396513013635
0.05338240778837644
0.05404622293644934
0.05379494846602029
0.05315518466522917
0.05348836677876534
0.0534357087672106
0.05397130569690489
0.05329666385114251
0.053842800843995064
0.05535450500246952
0.05494290611932229
0.05411539940178045
0.05329128432458674
0.053172663205259596
0.05259801604006498
0.0541037511502509
0.05422383366021677
0.053834758282391704
0.05330749050335726
0.05361973666731501
0.05363544205283688
0.053946834485032014
0.052723826929650386
0.05355984508059919
0.05373279510240536
0.05577794025703042
0.05329949242513976
0.05438499537012831
0.053632444238246535
0.05458897345852165
0.05300873951091489
0.05427060549482121
0.05296320581146574
0.05396674231633369
0.05275943155720597
0.054353528010324226
0.05405038887329283
0.05351252067157475
0.05317080529675877
0.054392756430388545
0.05330508325823757
0.05481420659816649
0.053342601901022135
0.05299039153942431
0.05297728647929034
0.054258081718217
0.05390722070114862
0.05295286592263437
0.05408639744928223
0.0530102511147561
0.053566820150081185
0.054214652975133504
0.053649607061743154
0.053277180952136405
0.05385636120263371
0.05298496637988137
0.053213084016533685
0.05373443124881305
0.05392566494629136
0.05370891455822857
0.053675193623348605
0.05313771167493542
0.05273494676112023
0.053600108441969496
0.05413429136388004
0.05350683484903129
0.053601682655425975
0.05451573587015446
0.05326031460390368
0.053932543905830244
0.05365769966010703
0.05298187285916356
0.05287728105759015
0.052947162790587754
0.053546560200629756
0.05368637913670682
0.053764277521622716
0.053839499691093806
0.05359203600346518
0.05561553024017485
0.05389907461903931
0.053042106785142096
0.053456180736247916
0.05326079055703303
0.05357100721266761
0.05367989865044365
0.05306034276873106
0.05291966178629082
0.05380394715939474
0.05384749609584105
0.054030868954214384
0.052877017069477006
0.05371898631528893
0.054289415733364876
0.05330043373942317
0.05460378860698256
0.05372596706729382
0.053482437620914425
0.05407131591528014
0.053100699824426556
0.0530385652455152
0.053963703072440694
0.052817198129559983
0.05314553084099316
0.05415373983851168
0.05300550226093037
0.05423917075313511
0.054320198243658524
0.05307451186126855
0.05328230978739157
0.0538514002928423
0.05413979674449365
0.05424914001014258
0.05296999175334349
0.05410873895380064
0.05343025891852449
0.054619803524474264
0.05346057137649041
0.05400662607826234
0.05409121974116715
0.053859395544350264
0.05337564854926313
0.05345927168309572
0.05383650516705529
0.05263303604806424
0.05477201878784399
0.05356986719198176
0.05313315924104245
0.055047421945346287
0.053806782201718306
0.053683069067119504
0.053726515177913825
0.05398777011396305
0.05373115616384894
0.0550131640775362
0.05396111800109793
0.05284168724392657
0.05281546146943583
0.05394686496219947
0.05247945371593232
0.05385368973657023
0.05273319069419813
0.053415079031765345
0.0529392900516541
0.05390432008607604
0.053751196021039505
0.0538472182724945
0.05409584249355248
0.05380853547649167
0.05337053188850405
0.0539238420806214
0.05367512855991663
0.05355355345636781
0.053147694930885336
0.05449117551324889
0.05326604174479144
0.05407766996358987
0.05358893211450777
0.05438755038267118
0.05282055421594123
0.05433154720594757
0.05450028530322015
0.05394787626391917
0.05296694068965735
0.05424081955789006
0.05186919854168082
0.053962506775860675
0.053647943184842006
0.053201081122097094
0.05319662089823396
0.054054559317592066
0.053939778912535985
0.05331129330807016
0.05424800278524344
0.05357415758408024
0.053840328901060275
0.053520215857133735
0.05326929626244237
0.05407880233906326
0.054241654886936885
0.05339303089021996
0.054018588198232464
0.0530250393494498
0.05319095118647965
0.05360633652162505
0.05403018307333696
0.053066563843458425
0.053140302346946555
0.05337729585880879
0.055066499933673185
0.05337003597196599
0.05250591240110225
0.0536724075282109
0.05424987105834589
0.054131463502926636
0.05340563991558156
0.05368099895713385
0.05396215644032054
0.053650161455152556
0.05385536765061261
0.05332909851313161
0.05388517522078473
0.05267647133223363
0.05375873751290783
0.05351790254644584
0.053787797967743245
0.05407057779848401
0.05384567987312039
0.05329139200148347
0.052640792204329045
0.05364886535971891
0.05359446124020906
0.05227390703112178
0.05415220693612355
0.05220773595465289
0.05390124956466025
0.05316961804237508
0.0524398707839282
0.05435500293970108
0.053868778801188455
0.054567226909057354
0.05341003143257694
0.05360278265652596
0.05402036458508519
0.05321636173357547
0.05430150572829007
0.05294805864650698
0.05330836132998229
0.0535335658933036
0.052938130784241366
0.05323895080800867
0.05344553708710009
0.0543921647422394
0.05395358009627671
0.05397955716216529
0.054529458886463544
0.05374115056474693
0.05424559410494112
0.05253541926867911
0.05333071097629727
0.054491124172272976
0.05349205401398649
0.05380288173000736
0.055585724712727824
0.05262709319322312
0.053537944882918964
0.05404147161425499
0.05391456283541629
0.053838994488614844
0.05341513689745625
0.05339943984108686
0.055060706348740496
0.054787259381555486
0.05310740427557903
0.052603602131057414
0.05439935301183141
0.05128835734103632
0.052121406068181386
0.05336320310016163
0.05334576384848333
0.052448499292950146
0.05378613291941292
0.054299817435094155
0.053339272999437526
0.05270771883078851
0.05276622338351444
0.05294483352372481
0.05441209463060659
0.05572205384305562
0.05376054374210071
0.053594641784002306
0.053422191202116664
0.0537514884963457
0.05308186960428429
0.05328312008896319
0.05512679855200986
0.05449172986118356
0.05376213016825204
0.05340051009443414
0.05359538537777553
0.05403774606747902
0.05280494623912091
0.053470136033865856
0.05412256162526319
0.05302724272405612
0.05203744846039626
0.05336103678564541
0.053243327185555245
0.05278515951249574
0.054055338849138934
0.0529025598843873
0.05309562217553321
0.05396566673698544
0.053332445182604715
0.05466117519972613
0.05466986246938177
0.05421920589651563
0.053764112164572
0.05384815214165428
0.055012004766467726
0.05395964662602637
0.052536201332259225
0.05452414005230821
0.05413233686158492
0.0530325268064189
0.053596694277075585
0.05388804395806801
0.05452632282140257
0.0538237695236603
0.053305565923437825
0.05351352087018313
0.05403189726166602
0.05225265207809571
0.05259612328518415
0.05282453442305268
0.05379433795314981
0.053395714772705105
0.05340013028944668
0.053787977531101205
0.054807052307296544
0.05248653517446655
0.05342547296459088
0.05285980505141197
0.05330441739351954
0.05373169092308672
0.05331533344906347
0.053704396519606235
0.052799430886807386
0.05509693225394585
0.05303135569738515
0.05369833504482813
0.053416993830978754
0.054095515195513144
0.05433429849472304
0.05397316042399325
0.053090291996340966
0.053476357670660946
0.0517077458644053
0.05385135572578292
0.05413613414748397
0.0542520723411144
0.053350114832937834
0.05216939207275573
0.05344602044533531
0.05421929533986258
0.053341912951509585
0.05347691152928746
0.053748659487609984
0.05360167934668425
0.05379927219291858
0.0535349125511857
0.05462283002998447
0.054294044928610674
0.05318379055461264
0.054139195090101566
0.05333233334567922
0.05390360346609668
0.053617170171492035
0.05360216451117594
0.054284634426949196
0.0536054987260286
0.055103728560425225
0.05274048348837823
0.053965573704772396
0.05313434434901865
0.053056373611980234
0.0538191352825379
0.05276623966892657
0.05211169122594583
0.05348248697919189
0.05405453399907856
0.053082732254551956
0.053910400940367253
0.05375541416287888
0.05528513007811853
0.05443910670510377
0.054102152684208704
0.05366317070183868
0.05417194432266115
0.054228821960350615
0.054563202469580574
0.05282666645143763
0.05309157248848351
0.05263552702308516
0.053279906867828686
0.05230598577509227
0.05377389916611719
0.0524194961089961
0.05228161436571099
0.05349641556858842
0.053496301641644095
0.05434229062666418
0.0539682221296971
0.05459662594330439
0.05426842799352016
0.05323284564110509
0.05255777242746262
0.05423909649653069
0.05306332998770813
0.05353944540547673
0.05366599670196592
0.052964849935960956
0.0543179068245081
0.05326486319972901
0.054010052012017695
0.05374493871022423
0.054080880672700005
0.053251829271175666
0.052846237769699655
0.05369779282955278
0.05382190061027359
0.053531496620053076
0.05461990683579643
0.05349884128008853
0.0535513216345862
0.053400911201606505
0.0536929477348167
0.05329430935671553
0.054365485726521
0.05420199285254057
0.05298340845365601
0.054609003473160556
0.052602690582716605
0.053168875916526304
0.05386582480787183
0.054213320696362644
0.0538028590290196
0.05521048644732218
0.05416415108265937
0.0530661268348922
0.05354813775920775
0.053505792524447315
0.053508770883127
0.05401645795245713
0.05353278685834084
0.0536711204367748
0.05338354544255708
0.053826000170374755
0.052599388973249006
0.05259461079367611
0.05388014168238442
0.05174676746355544
0.05260443334191223
0.0534448659291229
0.05413740571930248
0.05361215236916905
0.05337906626118638
0.052885350087308325
0.054205862654271186
0.054380642799515044
0.053492419772737776
0.054517469834536314
0.054376675052481005
0.05294979605241679
0.05363564681101707
0.05217803550294775
0.054501207177963806
0.05374586268771964
0.05282401195108832
0.052867409267491894
0.053145609081184375
0.05265061295176565
0.053713056309788954
0.05374550138549239
0.053765297579957405
0.05375502505012264
0.05411014975834405
0.053261219758496736
0.05475154218765965
0.05360398069387884
0.054131030425196514
0.05387615637300769
0.05332751949390513
0.053409883155836724
0.05387130830240494
0.05400354869016155
0.05302654267870821
0.052814835540630156
0.054246205088929855
0.05250201547096367
0.055395074174157344
0.05333084150515788
0.05294294914165221
0.05483321484098269
0.05442848609163775
0.05382960597307829
0.05344382955081528
0.05462960454497079
0.05298305222459021
0.05364554987681913
0.05318601379258325
0.053634232324839104
0.052643688142779865
0.05389992239543062
0.054049243859481066
0.0530292678377009
0.05194573565859173
0.05261929932748899
0.05305824108108936
0.05297373477515066
0.053706127268014825
0.05332674801684334
0.05336301059833204
0.053290100975573296
0.054223992015977274
0.05317186994216172
0.053395522492792225
0.05343148408064735
0.054337005069100996
0.05183662946728873
0.05376756899386237
0.053208465958960005
0.05351824576246145
0.05442139271508495
0.05480014605927863
0.05393150389136281
0.05345409514302446
0.05474627395597054
0.05352874815980613
0.05275598755724786
0.054041339510149555
0.05301871155097615
0.053589250392178656
0.0535352070510271
0.053818508808035403
0.05340180125494953
0.053636877060853294
0.0534562992870633
0.052779207813728135
0.053908915320789674
0.05291245384796639
0.05452033386245603
0.053438055319929845
0.05438643251363828
0.052750653127077385
0.053112966796106775
0.053626175093086204
0.053592285703416565
0.053973836518707685
0.054415131171481335
0.05393689433731197
0.0533627239838097
0.05256575535349839
0.05280884947569575
0.05288226660559303
0.052570837273378856
0.054675502911777585
0.05353540196301765
0.05345439205848379
0.05440345066926966
0.053122068111406406
0.05272878436153405
0.053903003350569634
0.05347507962324016
0.05379564798568026
0.05275146047279122
0.05349554320491734
0.053871552354394225
0.0521647584882885
0.053609014737958205
0.05420999488887901
0.05332188869579113
0.054378237548007746
0.052855422500215354
0.053244832344717
0.05317247984203277
0.05352245786707499
0.05436629373798496
0.053078083183208946
0.054435145004390506
0.053039050158986356
0.05161436963862798
0.054106713465444045
0.05343665815780696
0.05457801312331867
0.053452617590664886
0.05334190175017284
0.05314798622566741
0.05335430569539312
0.0527556123706745
0.052939629151296685
0.05364473915869894
0.0545492701457988
0.05337237598359934
0.054308113243678235
0.054335344830178656
0.05274917389215261
0.053733649365312885
0.05281880099573755
0.05414373128769512
0.05476491660010652
0.053510738420300186
0.053561609567623236
0.053683269583416404
0.05372206526590162
0.05373835855425568
0.05439679638038797
0.054097416201329906
0.053088024296812364
0.05395538071752526
0.05330426496038854
0.05297887773849652
0.0543762081542809
0.05345955051780038
0.05256853778155346
0.05357748427741171
0.0518728175538854
0.05374853991452255
0.05334070450953732
0.05329860204255965
0.0539059358270606
0.05322850927041145
0.05367938458039134
0.05315917044390517
0.05498910111600708
0.053878481852734694
0.052882675405271584
0.053701432449088315
0.0543435550207505
0.05392877395206597
0.05326038649036491
0.05279238652110507
0.052553257808540366
0.05292519363683823
0.05367579110316001
0.052559851661499124
0.05435228842725337
0.054165919767910964
0.052727160009453655
0.05361047987753409
0.05302992385077232
0.05407647576248564
0.05313796793598158
0.05442728986781731
0.05278488174735685
0.053245529015839566
0.052861187994494685
0.05300867271034804
0.05288567380375753
0.053656952712117345
0.05379600126434525
0.05395447045339097
0.053133606459596194
0.05389674589969218
0.053173648158917786
0.05298628311902576
0.05291930349631002
0.05362941995554138
0.05335068581007363
0.05247940699882747
0.05442188929555414
0.053876098161708796
0.053823377051230636
0.05416413376406126
0.05314204713249637
0.054704947770005674
0.05431367550227151
0.051605369637400145
0.0528098020786274
0.05216302450207877
0.05320818348991452
0.05340318608432426
0.05453751280583674
0.05255359858711017
0.05361296154296724
0.05373472775318078
0.05354988149338169
0.054087756521767005
0.05341490262981097
0.053233624437780236
0.053467400941372034
0.052996079950389685
0.05490603238467884
0.05241645784735738
0.05469505327710067
0.05398747470280796
0.054109602697280934
0.05417874581507931
0.05344692378275795
0.05316046035295585
0.05377844114082109
0.053285505766325514
0.053849977210120414
0.05324098584242165
0.05383840041940857
0.05392995001238887
0.05247104730551655
0.053858424895224744
0.053083417737070704
0.05325414724575239
0.053843461977521656
0.05311228112077515
0.054461721949337516
0.05509141931361228
0.05411228175762517
0.0530264218323282
0.053395831668240135
0.05332724657819199
0.05441384721780196
0.0530743695289857
0.05406736036093207
0.053271348237103666
0.05269599387793278
0.053921178325254004
0.05213147086033132
0.053473213765755645
0.05270042916527018
0.053443546919879736
0.05399777771526715
0.05408237624760659
0.05397060078212235
0.05370785938066547
0.05348386442528863
0.05381959302758332
0.053114952252144576
0.053412081839269376
0.05471072168620594
0.05254264561881428
0.053711151482275454
0.05406040533489431
0.05388143187519745
0.054542869878787315
0.053233517000990105
0.05376657117085415
0.053449959805220715
0.05471078476875846
0.05292087157249625
0.053011121908639325
0.053910434386125416
0.054003295002985396
0.05328539064248616
0.05349238713279192
0.05272725687791535
0.05260628798714606
0.053594797625919455
0.05399144707917003
0.05284842794571887
0.05353926713905821
0.05379056162746565
0.053931912405460025
0.05402705890992365
0.05473890993926034
0.052563618186468375
0.05463734372460749
0.05295547026435088
0.053738734115540865
0.054136399157869164
0.05352004365522589
0.0541554027931852
0.053188164876701194
0.053576192034597625
0.05377375262833084
0.05304199143392907
0.05380941088878899
0.05316139142814791
0.05289560425080708
0.05447423769874149
0.05241230628780613
0.05304707352479454
0.05366982502710016
0.053831292141694576
0.05323129794669512
0.053255634502420435
0.05374554029003775
0.053953626253132825
0.05238597661809763
0.05336381356573838
0.0533934898339794
0.05340011292901181
0.05422072494184249
0.05347342298773583
0.05359754863638955
0.053312162970541976
0.05374762829342217
0.054049957972893026
0.054562737883316004
0.05325109230034286
0.054418490015450516
0.05409575222620333
0.052693107676532236
0.05327845486681326
0.05353909565928916
0.053743939901323756
0.05340062101276999
0.05353333459424903
0.05241886353542213
0.053175842669588747
0.05455663520660892
0.05361686801370524
0.05285520448524039
0.0535512423448381
0.05346552324044751
0.05213300143259403
0.052453333179073525
0.0535520427110896
0.054024252875024104
0.05297361730663397
0.053247288895363454
0.05357700029526313
0.05312203183530073
0.05179187403155083
0.05316472470804001
0.05286993426489062
0.053088053784449585
0.053388141952382284
0.05390934146635118
0.05410163227497833
0.0534145524197811
0.053414887997860205
0.05372378231913899
0.053533681104454445
0.051488996050466085
0.053770149364936515
0.053377184083728935
0.0525297526637587
0.052497311091428855
0.05429457859281683
0.054179397697225795
0.052111705457718926
0.05295486370596336
0.054365012103517074
0.05387588476150995
0.051483453702530824
0.05390210233235848
0.05357429521973245
0.05295890291927208
0.05330560068432533
0.05293527460162295
0.05331426518023363
0.05327903888792207
0.054053147076047026
0.0534960822587891
0.05330505896199611
0.053826877865503775
0.054439160048787016
0.05282421286392491
0.052887281082803383
0.05333183404400188
0.054045467240939615
0.054035040113376454
0.05343450606051192
0.0535159674964234
0.05503201467763574
0.05345151006076776
0.05336908782373939
0.052945766741686384
0.05459899061679607
0.05366885928197007
0.05201738376854337
0.05327990167643293
0.054090058076326386
0.052566727757948684
0.05406016712549899
0.053815767914784374
0.05277775316972111
0.05313829408441961
0.0534372397705738
0.0548067132513097
0.055186926752867294
0.05329324849662953
0.05272448421055742
0.05396060443672468
0.053480264328754856
0.05317410952920909
0.05385080315681989
0.05384070461514057
0.05332098338112701
0.054733591870899545
0.05408455756150943
0.053762757170261466
0.05247082857385976
0.05243349965530797
0.05368316759449954
0.05284417086659232
0.0527986161505396
0.053094996030267794
0.05325725437251094
0.053188063136985875
0.05295631035369297
0.05351231404893042
0.05345462276090984
0.05245482972168247
0.053788640443599434
0.05290439701821015
0.05299403894787247
0.053859157726037665
0.05344677759967453
0.053409414509587805
0.0525312608533568
0.05282650853951054
0.05225949085979664
0.05467767319896666
0.05324078459852899
0.05311859937137342
0.05437097767935484
0.05313412884606805
0.05359978257365583
0.05462079325297964
0.05311216679183417
0.054133047988216276
0.05292968148023647
0.054293298422635417
0.05342711015873647
0.052144056075121625
0.05323642395342176
0.0524037099621637
0.05417076877893123
0.0531781563313416
0.053781743426952744
0.05391180075821467
0.05296923566675105
0.05223527771886438
0.052838253272057045
0.05359909025901288
0.053399036230985075
0.05384567110741045
0.052792116131968214
0.053650939005819964
0.05303838754662138
0.05414145879876742
0.05330021172267152
0.05431789898102579
0.054142423936355044
0.052533612557454035
0.053006939007900655
0.05341031682837638
0.053429510227942956
0.053185676953944494
0.053630231490387814
0.05280534225676092
0.0535654474660987
0.05344122163296561
0.053873275606747484
0.052827826295470004
0.05336764868297905
0.05365459881613788
0.053014216475276044
0.05425187444234325
0.05428899169055512
0.054060387823483325
0.05252473211476172
0.05289519065081549
0.053164351147643174
0.05300772569535184
0.05487484939840215
0.05414931236191478
0.05302740342085599
0.05363532252886216
0.053770244663610356
0.054878407767319004
0.05333209068157885
0.05357473741423746
0.05365726001582516
0.052818946469415096
0.05344505195535021
0.05385016943910159
0.05346981280854379
0.05307648942289234
0.0538876709597389
0.05302793352166191
0.05250161210096849
0.05338752758871124
0.05301010857328947
0.0536529295368382
0.05361020643977099
0.05322671585417993
0.052324103913633735
0.054277474684568006
0.05267234373968677
0.05165544438023062
0.05425166745772003
0.052987475517511484
0.053306781190258334
0.05345128245244268
0.05325540786179772
0.052552975505022914
0.05186786749436578
0.05428397742616653
0.0524039448282565
0.05301128517021425
0.05321007434213243
0.05417523323558271
0.05377210653750808
0.053771117447467986
0.053363558175988146
0.05463226525534992
0.05251168728318589
0.052550736189004965
0.05371820264190319
0.05252735363501415
0.0538744623590901
0.0540430686360196
0.05311045430971717
0.053166913936365745
0.05402053649413574
0.05376876342779724
0.05456277537814458
0.05372122658445733
0.05406150871931459
0.05294333806159557
0.05179828283689858
0.05350155084124708
0.05278887461281556
0.052765858730708715
0.05341238441906171
0.05406603338087734
0.052859178380458616
0.053635663834938896
0.05357177390760626
0.05398825895463233
0.05344697349210037
0.0528416841661965
0.05372830566557241
0.05372402116699959
0.05247449590933684
0.05394096134114079
0.05378706493684149
0.05350060081218544
0.05335717068010126
0.0535545967049984
0.05346305151215347
0.05384587965818355
0.0537951637943479
0.053319709935749415
0.052837921526588616
0.05312690624668903
0.05234618660142587
0.05325906585130724
0.054165464689504006
0.052725480461958796
0.051800273340631975
0.05418998915592965
0.05410773155381321
0.05275083725427976
0.05374092510828632
0.054472086692840094
0.05295141219357902
0.053472655097721145
0.054174285378394416
0.05379267415992217
0.053245190591042046
0.053868143064391916
0.0534081214282196
0.05383039396656386
0.05382800190454873
0.0535692601770279
0.052201819973561214
0.05401864552550251
0.05397553823058843
0.053295861138394685
0.054340050997780054
0.052682209799968405
0.054094457320388756
0.053554711488686735
0.052677044724987354
0.05363082761323312
0.05154380778731138
0.053514906807322404
0.0532419985265733
0.053395931237901095
0.05358012366014009
0.053104530610653455
0.05371040673344396
0.053916185801426764
0.05410262447730929
0.05196425646136049
0.053061789551065885
0.053294719831683324
0.05386471626479761
0.05285311806437676
0.052886183411828824
0.05264604412695917
0.053569080431771
0.0528700247323286
0.05326308078110742
0.05381111604583566
0.052744879734746064
0.05292737314630358
0.05335884906889987
0.05353339300927473
0.053213212288028444
0.05461331929109292
0.053996045993699227
0.05244955574016785
0.05240866171880043
0.05357989437834476
0.05341845437033044
0.05318147541038343
0.053557975090370746
0.05256631899101194
0.05361183136119507
0.05296006953903998
0.053940677713399054
0.052047470098841586
0.0541438914151513
0.052991667258538655
0.053344342162745306
0.05250850510492455
0.052787351653023507
0.05395386484269693
0.05330031846824568
0.05342649853810144
0.05368748324326589
0.05346053419816599
0.05240896553914354
0.05377234871957626
0.05287425780988997
0.05306505212683987
0.05358822121525009
0.0544571631889994
0.05431553650487331
0.05273441716781235
0.05303094281771337
0.05380463730034535
0.05338183851199574
0.05450108585318958
0.05369161103772058
0.05362325037458504
0.052346792921525775
0.05229295155186264
0.05300951027129486
0.052410796932235826
0.05326129373861477
0.05534742788768199
0.054110153767396696
0.05257431128666212
0.05484919220361917
0.05435610258609813
0.052498934373943484
0.05314130098668102
0.053158219132456
0.054472621293825796
0.054286908667563694
0.0539548278102302
0.05291848695924273
0.052838421432170435
0.05314390424427984
0.054294378991471604
0.053489877567699295
0.0529956626760395
0.05273267302982276
0.052781663014684455
0.05326135561881529
0.05374345779091527
0.053540632368822116
0.05211732606221631
0.05390897243341897
0.054304502125887666
0.052038831207028124
0.05335320627091278
0.05302300079711131
0.053791144953720504
0.054825494891701965
0.05387093703211576
0.05457805202604504
0.05323069081896392
0.05294853812301881
0.0529021993297647
0.05241605415176309
0.05337797322681581
0.05302358895278303
0.051826328577590175
0.05420198864521808
0.05362162806341075
0.0544609418939217
0.05421481785015203
0.05354948920466995
0.05400168615960865
0.05228868356971361
0.054335043467290234
0.052728295768247335
0.053859608649872825
0.05309469900021213
0.05375008195187547
0.05308756734666531
0.05291666586344945
0.05327667910933087
0.05254324861743953
0.052071838992560515
0.05427450466595474
0.05359991190016444
0.052958311320253415
0.05330885680450592
0.05212444478820544
0.05378914388711564
0.053609876144037116
0.05235700812045252
0.053570222580674454
0.051843252515027416
0.05332947504211916
0.05385154971736483
0.05266158564336365
0.05274995104264235
0.05384751095152751
0.05342804494284792
0.052675208451546496
0.052632083194112056
0.0535583209075412
0.053548621932350216
0.05268539104872616
0.05265081412107975
0.05357817170806811
0.0536332156170829
0.05416637284906756
0.0536675969397038
0.05413947053239099
0.05373540389336995
0.05269958867756941
0.053057493536471156
0.05326807779238152
0.053192854658846045
0.05234918229689356
0.05353929104239796
0.052902912380886846
0.0548546860281931
0.0534597148453031
0.05325740055559436
0.05361725551119889
0.05288905478664674
0.052182637902660645
0.054077085778772016
0.053515616802542354
0.054075893329354585
0.052813499147305265
0.053965559705829946
0.05371149346319726
0.05303938222095894
0.05378874405505485
0.053176430435996735
0.05376742437692883
0.053213668885291554
0.0539107634103857
0.0520324266726675
0.0524879702970793
0.05392636878423218
0.053537848971245694
0.052792352029428
0.05333549359966128
0.053563083660264965
0.05228593553692917
0.0530986730082077
0.05210618096498365
0.0538931567389227
0.053936776388582075
0.05285048215955612
0.05367498225496092
0.05367696791108756
0.05369896287265874
0.0529103422195476
0.05349817138267099
0.05231829638432828
0.052839050580587354
0.0543129063626111
0.053290357333025895
0.053563256335110054
0.05403739182293066
0.05370964209760132
0.05333515776328568
0.0535037869176449
0.05425742908846587
0.05301463292380504
0.053433647472047596
0.05318436001653026
0.053971529412592645
0.05274233208729129
0.052717580500029726
0.053427420743901166
0.05266774507617811
0.05348621630218986
0.051339824947717716
0.05365149457065854
0.05291255333031586
0.053000461510237074
0.05222226359364868
0.05403873370414658
0.05473511223499372
0.05361265197643661
0.0521721176119172
0.053440471543581225
0.054225547775786254
0.052615792521464755
0.0528553078238474
0.053697366593041806
0.0538790652899479
0.05255796322126116
0.053281935695849825
0.05308290755965572
0.05398177937786386
0.053360747453552904
0.0532759693924163
0.052918035131369834
0.054049550115450984
0.05246794885897543
0.053281724660337204
0.05316011073591653
0.05370008864883857
0.05356640128775325
0.05226011446575285
0.05284008775743132
0.05296222025936004
0.05233643659084919
0.054383718386816327
0.05350555207041907
0.05296020375499211
0.051554364516050555
0.05385679539540433
0.052968378169680363
0.053970123910403345
0.053437461854628054
0.0529170806548791
0.05394991006869532
0.054671230624080636
0.05392725185993186
0.054948205173786846
0.05376853098823631
0.05293300213998009
0.05434388071989815
0.053549167490928085
0.05405346301449754
0.05442271479660121
0.05357095336148632
0.05284376592680928
0.05360884128458565
0.05315800849348307
0.052765930275199935
0.053060147147334646
0.05404281519440701
0.053395994758830057
0.05346618572548323
0.05264599167639972
0.05335770304736798
0.05289453704972402
0.053446093434104114
0.05273380233120406
0.0531105928002944
0.05419128865651146
0.052977794995968
0.05337965948274359
0.053696246819527005
0.05312485448484949
0.05350971907500934
0.05240411831437086
0.05298020832378825
0.05325192226700892
0.05263116194510076
0.05293169711876544
0.05371902598926681
0.053154663592067664
0.05289955894659215
0.05237449289779761
0.05429728439048631
0.053095828738150885
0.053514232584348065
0.05385048999050923
0.05294372804928571
0.05448819686898787
0.05262413714444847
0.05272287974548817
0.05274017862211622
0.0544788559909648
0.052404879499590606
0.05356770899379626
0.053209720470476896
0.053506696292970446
0.05344484973829822
0.053812258563993964
0.051749766565990285
0.053029285754746525
0.05414230046517332
0.054181551344299805
0.05387510665059381
0.054086339399873395
0.05328424351864669
0.05413938389028772
0.052944677150662756
0.05291675653461425
0.05170174394697824
0.05356591776399
0.05359775081706175
0.05357931771141011
0.053630543747203774
0.05238926761740004
0.051966506222015596
0.05285067368095042
0.05333929286280181
0.05280446033248154
0.05257068837636325
0.053425875083121355
0.05364735568036849
0.053593997386997216
0.05395085170857783
0.05306964522060298
0.0540068158898066
0.0535459788661683
0.053423962997840135
0.05409854359277233
0.053268332820152864
0.05401637749855581
0.053519158995186444
0.05304095131941722
0.053758192969326046
0.052288348186266376
0.051920329831773415
0.05387203309874167
0.05378120376008155
0.051766063184913946
0.053867869237365085
0.05313260087132221
0.052311367231595796
0.05331878617289476
0.05260501561497222
0.05311857934430009
0.05378380586626008
0.052988107681812835
0.05298581175338768
0.05360736174407066
0.052963211650421727
0.05265193307423033
0.0532830298798217
0.051977171293401625
0.053522338561379
0.05326983367740468
0.05408017484660377
0.054438609651697334
0.053522275909926975
0.05303932032620651
0.05346372054918902
0.05294824736301962
0.05269992855028249
0.05312930472064181
0.05305750865045411
0.05294060778578569
0.053430882640896016
0.05371139293674787
0.053977739033143735
0.052858131770335604
0.05277226914950006
0.05151816680699994
0.054043587573687546
0.053172452997387154
0.0534481270951801
0.05461603575167828
0.05452555227020639
0.05338281742660911
0.0529176501204347
0.05386304210333037
0.053625944381565205
0.05295740499968815
0.0533295724344498
0.05288291139549983
0.05311798691036529
0.05379215694483719
0.0527242044427112
0.05340232531489164
0.05271797099885589
0.05269200338261726
0.05389666005430627
0.053200299973468645
0.05373398234405613
0.05343453772366047
0.05357838756935962
0.05225365863589104
0.05334161310202035
0.05332066918708733
0.05347299733875843
0.05342080767695734
0.053977377830960904
0.05366870692523662
0.05342969975754386
0.05370888684592501
0.05299338502663886
0.0530511871456838
0.05270601390475349
0.05216640418439056
0.05341445871272299
0.05445013870121329
0.05329257342054916
0.05194208305692882
0.05351698952290462
0.05406311156730226
0.05316712682360958
0.05353323788040143
0.053063726643813425
0.0538440521031589
0.05362635534038418
0.053952503152686404
0.05263463127266732
0.05384460991990636
0.053477393375942484
0.05332352033292409
0.0519576245224016
0.052374708522620494
0.05336898548739555
0.05289739588261
0.05355810139371897
0.053250567840223084
0.05389080994609685
0.05329985655225755
0.053929595538647845
0.052391545086720726
0.052828235287961434
0.053115738062842865
0.05197239359404193
0.05342364672833355
0.053063193770867656
0.05268673454702366
0.05335087384810322
0.05463064460855094
0.05282525433176488
0.052322194052976556
0.05320038400350313
0.053196009695966495
0.05326981455255009
0.053077197195307235
0.05367074736022914
0.05314095292851562
0.05428119499265449
0.05365919309952005
0.053418427385622635
0.054563112955293036
0.05317687807655602
0.053853812685701996
0.052654418654128676
0.052836360648143454
0.05259180397479213
0.05311425572836015
0.05308589900232619
0.05325362075382145
0.052723859598700074
0.052840552267298335
0.05355189085821621
0.05368234663365001
0.0536221288566594
0.05234220690363145
0.053092041227500886
0.054590702606219565
0.05301108517414832
0.05395453515848203
0.05317494206610718
0.05282689117848349
0.0538844300663186
0.05405327194785059
0.05247893072555598
0.0531890116235445
0.05454487971110211
0.05312859094919986
0.05236140790293575
0.05343875167091028
0.05313895444487571
0.052852081975288456
0.05156644955241063
0.05378987224685261
0.05392124917489127
0.052645525742264
0.054169377819562214
0.054386695879657054
0.05297152185266896
0.0535108458079776
0.05411064101099328
0.05354387596707966
0.054269394549919525
0.053840635115193436
0.05302796547221078
0.05389138744067168
0.052985092077506124
0.05418480381558766
0.05323439428138954
0.054517826158189564
0.0526565519230644
0.053214583756926004
0.05255827679684444
0.05306184154142102
0.05303890794493782
0.052834832245935104
0.05330896134728391
0.05434001896355767
0.052750668130101985
0.05265081410834682
0.053583452023303835
0.05313811825180892
0.05355444057931891
0.052812252939475
0.053612072462783544
0.05392602996653295
0.053475835875360644
0.05402099218190415
0.053231324745866004
0.053362496288173134
0.05347673438882339
0.0524146410261892
0.052508906612274586
0.05384870530724584
0.05345688784473168
0.05334611111538834
0.05282920542595093
0.05246789297416399
0.05306159408246458
0.053224559591399156
0.05308351726307592
0.052095891202043276
0.052713893719555927
0.05282082682970213
0.05224054817335855
0.05268743673696008
0.054170364144738414
0.05254406458516314
0.05309456348368258
0.05174947222621995
0.05183642945121392
0.05302060744725168
0.05362318486004369
0.051772970085949055
0.052412112863748916
0.052101770759691135
0.05408555556823558
0.05378364523676282
0.05343813350373239
0.054072618560894625
0.05304563841673371
0.05354833393357694
0.052411336235309136
0.05236253443945316
0.054214536199651775
0.05393433526842273
0.05326312247052556
0.05321948581331526
0.051726432089708396
0.05221321509088739
0.053146524780459004
0.052191521317581646
0.053679778347941465
0.05349973112788575
0.053415670357935596
0.05232492944742262
0.054661153413690045
0.05333595998490637
0.05392211137950653
0.05272227392561035
0.05431637701803993
0.05335422664757061
0.05392684755315713
0.05389317764820589
0.05330253301508492
0.053170146649790695
0.053105783443243126
0.053928230381643516
0.0546002404353203
0.052551921442500316
0.05303530047603999
0.05319133761258854
0.053011589727248065
0.05251722354114463
0.05341843312817218
0.052944120743632084
0.053618804580764845
0.053262744630046654
0.05339718159666518
0.05383478656221996
0.05453107680659741
0.0531284588505514
0.05352268224123691
0.05193238115134591
0.053892878406259115
0.053432756485563004
0.052809128084845725
0.05346951816500223
0.05297399308619788
0.05298206941552053
0.05294199488707818
0.0531430585324415
0.053783270881467615
0.05288393981209083
0.05261336864896293
0.05273362023763184
0.053076875727128936
0.052160289818857564
0.05276928980310913
0.05257123697265342
0.05348774360572861
0.05230938371823868
0.05343394892042852
0.05302324707554362
0.05273227003090142
0.053136071503104176
0.05295651943924895
0.05275172242363624
0.05342618061695248
0.053649877138013835
0.05212554418903892
0.05286857595638139
0.052371990348547115
0.05309390736147179
0.05244609492001473
0.05277095679412014
0.05445100161341543
0.05315432053794211
0.05315213566427701
0.052552464012478595
0.05343008974705299
0.052240711343984
0.05319935540683218
0.05368117435500608
0.05414244632993359
0.053737380460006534
0.05298812110595463
0.05354915478892508
0.053692994370067026
0.05434149111897568
0.05308280205827032
0.052819443904809305
0.05305974490875087
0.053858048042457085
0.052551673052221304
0.05422006189110107
0.0535774606250925
0.052494826004476636
