0.054641520138829947
0.05448195526332711
0.05498639281540818
0.055896599347761367
0.055636601777223404
0.05471297949043219
0.05407242156070424
0.05573925060343754
0.05549200132372789
0.05643377323940513
0.054393131535107386
0.05431692052115977
0.05557394006791583
0.05490020199067658
0.053711323051174986
0.05418955179993645
0.0546892608726921
0.055387645019436604
0.05504400230529427
0.05463503128521552
0.055937237875696155
0.056700711757002864
0.05532494575891178
0.05460106184364122
0.055360716045470326
0.054885084291527164
0.05475104217657645
0.05562649236890138
0.05473495075966639
0.05496770976606058
0.05547627678970457
0.05487905507288815
0.055277017985645216
0.05447000722779194
0.05501025600278808
0.05377420942932076
0.054528638611373026
0.05468313764868071
0.05325960555637721
0.0545373157474387
0.05485583218069223
0.054546316558116814
0.054190308999750414
0.05378687203119625
0.05548356589861214
0.05396857439518499
0.055566850991453975
0.054946313186519546
0.05552648872981081
0.055452930957471835
0.054818722090203664
0.05506976368269534
0.05488130883713893
0.05360773547181452
0.05495086730661569
0.05531560850067763
0.05416837317898171
0.054359768411814
0.05472518863462028
0.054842058116264525
0.054495866135766846
0.05545870094465499
0.05493792754350579
0.05500337119701726
0.0543305016017257
0.055463443541157176
0.05472755368464277
0.05539944168958755
0.05444947900468833
0.05275255909327825
0.055581462089321576
0.0562636795839353
0.05432351993295015
0.05411462661686528
0.05468753052264219
0.055124650958532584
0.05478308934652887
0.05560126484851935
0.05532609056899673
0.05501458231447032
0.05464305912391865
0.05436981489037862
0.05513971806612972
0.05407663154983311
0.0550561392938107
0.053186347025985015
0.05545280025580723
0.054398807980760466
0.055436566697608214
0.055589927738765255
0.05485701880934357
0.054072339298727456
0.054841977937030606
0.053241602654452436
0.05603523366698937
0.05501883480610559
0.05469219553924631
0.05527158357654116
0.05443659737829876
0.05485482043150114
0.05526793931858265
0.05465705875758431
0.05557383435916563
0.05511886038402736
0.05404460289173585
0.05509377832277096
0.055190422948726336
0.05505414161962108
0.05490254654432647
0.055342479314276716
0.05446589739585761
0.054168502681932296
0.05564711968509073
0.05547331200068584
0.05338461451174226
0.055161115760711255
0.05438329889693705
0.05488275983589119
0.05553379461343866
0.05488487036564038
0.05435266618042078
0.055329099488517386
0.05499796266849444
0.05315844129290781
0.05410978559848445
0.05516130859905388
0.05359713491816365
0.0542320516287873
0.05487887668823532
0.05414622747593967
0.055095001558584045
0.05503311824213597
0.05497663914320583
0.055472883010224905
0.05560640852127108
0.05518854115871363
0.05582518655319291
0.05479337350516289
0.05610305119989789
0.05456671075808117
0.05447919198013551
0.054484208038047655
0.0550635557865462
0.05511398619819374
0.05457462938284152
0.05553728824452264
0.05452982857605093
0.05497673850368301
0.05600745656192885
0.05366360174775764
0.05434389981201093
0.054252400439509074
0.05390157708825427
0.05617166644151439
0.05486716150335269
0.05626035628665704
0.05450295807531802
0.05518854409456253
0.05516978746163659
0.055616737248783465
0.05415668070418178
0.05461144288892683
0.05522787970949139
0.055285325115619344
0.055540878951433115
0.05489063739696576
0.054788154737252626
0.05457153808856674
0.054192603871342726
0.05505604447898804
0.055244637827854604
0.05567973410143168
0.05391586529549386
0.0550078392989235
0.05514476497955911
0.05461723729058576
0.05555937954886758
0.054396520305090235
0.055994588239627774
0.05457926401322766
0.05407836894482898
0.055340752047413844
0.05591339760030678
0.054822464950120775
0.05578458479249093
0.05373215769941453
0.054398938022131915
0.05383992440692964
0.054238746746705147
0.0558062401432835
0.05474085235800885
0.053154261393501656
0.05416142990179651
0.05472285768519214
0.05387392471675412
0.054424195102910744
0.05497619821653643
0.0551850799456588
0.05463187181521789
0.055255337631024304
0.054761658060670015
0.05511441685666796
0.05538986915235
0.05693870955292368
0.054230453230047715
0.055550111004777136
0.05488830244394194
0.05546593877988926
0.055591263984752004
0.05616968562208058
0.054438913211924955
0.05462326201268297
0.05626295410002058
0.05426340226586035
0.0547059550335689
0.054492785448019276
0.05481111969493213
0.054491785705977236
0.054684231417923
0.054746835558034945
0.054904084321606206
0.05523147723397415
0.0552444216227741
0.05349288029174204
0.05522786227265897
0.05496010930619377
0.05493926219241985
0.05478722972839023
0.053224471974317566
0.05563556204288034
0.05538927037923713
0.053705996653661714
0.054840478323967545
0.054590871617619996
0.05545997752415133
0.0555968310109165
0.05460763336668606
0.05531918684391712
0.055210746300872415
0.054805654001029325
0.054810038940559025
0.05446157291953568
0.055071321614377666
0.054768817994045094
0.05409526988842117
0.053641530765162315
0.05450241312246362
0.05433443898073165
0.05534546599665191
0.05506967438486754
0.05518898200170952
0.05441097275252105
0.05619584823580226
0.05426424260804197
0.05562864890816854
0.054644814184939605
0.056110687901309575
0.055008166327752406
0.05342362148803659
0.05530257077771239
0.05494348755746614
0.05491588207587483
0.05532042706545326
0.05546178666372725
0.05473130749487609
0.0548587548382784
0.054827621155709494
0.054807816919492325
0.05514504001803289
0.055087321108658216
0.05465196980003384
0.05450880948228587
0.053776025382830994
0.0536680086315755
0.05449153988047328
0.05537842965895834
0.05375750986240746
0.055169115750686615
0.05560438419342972
0.054459210521599744
0.05388030465110205
0.05340502177568851
0.054886821842956124
0.05496348432825471
0.05435394551932404
0.05500031609517464
0.05478468391265778
0.053876032261541695
0.05475198714702856
0.0555501867129351
0.054921524058954674
0.055134975038527045
0.05512947539136803
0.05476541160714987
0.0541621975680755
0.0551436999849102
0.05532121012947755
0.05398016396611638
0.05606510635334416
0.05458481200912502
0.054055928838351974
0.055377192969899625
0.05472951474439469
0.055426987251848914
0.054393774138588924
0.0547984953627747
0.05378691473561048
0.05505588370397163
0.05387217614406836
0.05513374895963352
0.05365447505027987
0.05557130103079544
0.05397047068072425
0.05437151514888683
0.05477375726331957
0.05496430126549967
0.05634423278206668
0.05545124192212825
0.054059467282058904
0.055606572475880967
0.055149015908682486
0.054455517731184955
0.05480892326886533
0.05530692978936713
0.054632956271234434
0.054494222886205534
0.05593321311243926
0.05528949961808394
0.05639789860651945
0.054527868849618244
0.054856300788742374
0.05581212184370088
0.05508427392669546
0.05518015133384324
0.05328116725650034
0.055418709160221624
0.05436075397483364
0.05496587721063406
0.05363539509016846
0.054741604761147755
0.05527158254335518
0.05569120720429055
0.05472300726069079
0.05433524448199023
0.05536643129562435
0.055281240012845956
0.056127981801182614
0.05514066881551116
0.055251643529118155
0.05390096273367817
0.05529384709916485
0.05459611428705102
0.05533866385303554
0.05395116391082411
0.05594787526024447
0.05351791019347729
0.056289786893103155
0.05570429068757221
0.055665007246716414
0.0554295800611726
0.05468366308741679
0.054962340769634466
0.05516253319910902
0.05444272729255317
0.053681092085753335
0.05521433611647808
0.05556919976697827
0.05536179639057082
0.05466174776847765
0.05506188363688125
0.05442243344259623
0.055092827476983075
0.055633541425777366
0.054619839631413925
0.05443774614832364
0.054501708302268526
0.05556341609917581
0.055415336346413824
0.05515473357081646
0.05477743766459753
0.05374173753261857
0.05494807795548695
0.05369672730739694
0.054661751266394276
0.053931969863697304
0.05587587133595662
0.05511617299816862
0.054392715903304634
0.054770585853475495
0.05463607438650797
0.055487285728304414
0.054623929634544766
0.05303613870637491
0.0542650319130189
0.054262089393887436
0.05511982062489551
0.05530770876248425
0.054386307929235045
0.05369736163993366
0.054856791201018495
0.05625852127013786
0.05540176436988986
0.05421302916147397
0.054078509921964724
0.05447941752754559
0.053734809067464084
0.05439112428575754
0.055087067130443756
0.05430786966098822
0.055219746587681584
0.0539798551453714
0.05554551693603571
0.054289812866045395
0.05548395010737295
0.05410490512622346
0.055262296364162466
0.05407389394531492
0.05496292187126528
0.05497548087623727
0.05615707300785289
0.05379602343964507
0.05446964338989346
0.05503926957499061
0.05455158621589362
0.05549677184171742
0.055083629236833076
0.0540965957006847
0.05555267991803703
0.05423041918584204
0.05431252267953823
0.0559507995039894
0.05435638932976872
0.05519637379802589
0.054133230145453126
0.054903397753150784
0.05511063910125813
0.05342199096594413
0.05531609046556696
0.05532567872069194
0.05416473107106867
0.054673565911798505
0.05692110676864104
0.05485536488231446
0.05543658357055392
0.05456610103647108
0.05447252250451129
0.054622447098154225
0.05427322351897601
0.05447898091733805
0.054274383846859564
0.05436278868182853
0.05597284089890309
0.053611177196216886
0.05526901944176643
0.05569902640127111
0.05548352589357819
0.055187920148455305
0.05492303820574307
0.05608404897793662
0.054948992115896544
0.055352439392663655
0.05528693565429421
0.05382383270080027
0.05407209498298471
0.05458572494717373
0.054648221523166285
0.05620700960207614
0.05452975441767194
0.05485358994155831
0.054707891311409185
0.053764258560477174
0.05460992010375776
0.05413230854355788
0.05472012813334004
0.05509550117858453
0.05463786931431969
0.055975110710278386
0.05554563018085901
0.054864194553374546
0.05516809711116366
0.05465769304828427
0.05600403010612354
0.05507347217280767
0.05465598724367737
0.05569670578188379
0.0556394922095933
0.05562590161753178
0.05513861453800928
0.05393703046502196
0.05557688533554028
0.055029765660947305
0.05538373840317945
0.0540570743905846
0.053744273840493406
0.05379189757150016
0.05372920103218348
0.053870730440394254
0.055024062010488706
0.05682391274785914
0.05462633804199868
0.05480352024460444
0.0547299321005994
0.05458618896591361
0.05449517935812764
0.055186939334817
0.05409311563198571
0.054794096355180955
0.05543897640927753
0.05475826262590999
0.05392165247576486
0.0551337532378966
0.05508955263030657
0.05575893075365457
0.054520491625225986
0.05412416473154735
0.055088243088903255
0.055994753432969446
0.05478174971176486
0.055046331262929016
0.054539697277505184
0.05483974058370222
0.0534026734312647
0.05443236299834098
0.055266971694436506
0.055472762756835436
0.05443247103539761
0.05547203952119162
0.05454079714399995
0.05392892567215313
0.05483769618695078
0.05374820396536961
0.05475029371700657
0.05498279414678109
0.05438749081440619
0.05342868899424502
0.054114250513521256
0.05440223403638811
0.054454866472951835
0.05514577035319235
0.05506929920375114
0.05526345111320552
0.05637213040608913
0.055516326743600075
0.05424064350518165
0.05418346258738893
0.05428371600282844
0.05496106971804693
0.055230514417417
0.05480418412844301
0.054198086023461656
0.05526054150868731
0.05503582484743674
0.05527604961571342
0.05523843060655054
0.05405465668809484
0.055069154432203504
0.05491432793314743
0.05615151065103419
0.05546642774970678
0.056212225143099204
0.05446577078328119
0.0546619828492112
0.05542617199353117
0.054081805512396386
0.05513336041622097
0.05537809023371665
0.054945384719758295
0.05487813995023316
0.0557181479762221
0.05602351495872426
0.054335112172338995
0.05482174676035356
0.055262239338844665
0.056088099381668144
0.05457194014707056
0.05497021211704123
0.05610897888072941
0.05548491815716261
0.05326254467399849
0.055285064761847025
0.0548898220386036
0.055318868120593834
0.054232003440120025
0.055366063006658806
0.05494145795455552
0.05387882125978649
0.054482698418723885
0.05427388355565199
0.053750917280922295
0.05420467949625163
0.05478183118975721
0.05400751088745892
0.055289402032940416
0.054322225694704684
0.05403071782529878
0.05386003433886799
0.05531105293084693
0.055721539252772345
0.05530958675262809
0.05446968093929172
0.05526578845092445
0.055071364897230524
0.054733115966882906
0.054800685868030996
0.0545119254529709
0.054792803599411855
0.05472117432509549
0.054499085832503624
0.054229601428232854
0.05525638722247095
0.05529784354803269
0.05503743692133867
0.05455277965120331
0.05459775955569057
0.05445129449435626
0.05399400675560173
0.055060915439753444
0.05476569633174222
0.05395751726064191
0.0549419447343098
0.05479982696670049
0.05494147840363439
0.054325056185916765
0.05552814941802353
0.05470361880543351
0.0556696535750234
0.05460926239902619
0.055721022246871144
0.05469935557084682
0.05599427393099177
0.05505863877078809
0.05394342498584592
0.05507807415597199
0.05511013493560313
0.05531974652512872
0.054788145773272845
0.05487123105558567
0.054173711761905
0.055089866425987566
0.05435803537511674
0.05446145215864817
0.05509737346073962
0.055035535089700716
0.05473070965126681
0.05449451684944506
0.055792653118260205
0.05377757508904324
0.05492655562557047
0.05545234541568789
0.05513649587192049
0.05549943400910706
0.05387347371470241
0.05382630697386048
0.05384308924294601
0.05540800943344948
0.05490461028421123
0.054577392862483975
0.05525451541507209
0.054893543587240856
0.05490857296354079
0.05385391324853117
0.054928364892475656
0.05426674660520803
0.05382720273519226
0.05479059509343642
0.05484149799121951
0.05508305845251016
0.054202609360800125
0.0547800887379708
0.05423117596001248
0.05493119167658733
0.05582088864866819
0.054340305188816274
0.05476433083276788
0.0548652259294613
0.05586204421160801
0.05326713745307643
0.05477213456288155
0.05513951590000943
0.05597438941731525
0.0552125497997622
0.05484233022434637
0.05431480745028239
0.05448692891150131
0.053711025562733994
0.05443874233242241
0.05501102289053961
0.05455625907779904
0.053938429919071496
0.054811353165860055
0.05536289804149419
0.05611260043042421
0.055587934470167966
0.0541017018022103
0.05429852799534274
0.054813009593999595
0.055066770042685675
0.05539495150333096
0.05488530984985118
0.05421326533360116
0.05365382083255099
0.05425323190684139
0.053899037313385634
0.053832522185985
0.05426579848244728
0.05453178563948313
0.056089345229338505
0.05549544873065315
0.05503475200202956
0.05547570671296853
0.05565338663654984
0.05569623335759388
0.054633269923215266
0.054541923438591766
0.05395426673203474
0.0555238792039745
0.05463131777833041
0.055518124034279026
0.05459202700694732
0.055645760243351106
0.05470977376535302
0.054964844368441845
0.055440858775909874
0.055392461947121774
0.05295442214446666
0.055236175619938876
0.05479673420268227
0.05469942757190438
0.054306528940287535
0.05461815781563928
0.05473798213643022
0.053811182577192085
0.054155736634129426
0.05478441967716208
0.05485719005810097
0.054278543138934765
0.05527947200971539
0.055759511113137705
0.05453944854889414
0.055934090190930874
0.05496718146787316
0.05456241550928098
0.053284727091522655
0.054102538037113845
0.05470019320091524
0.05396316017322533
0.0543099498936499
0.05479138118789706
0.054559419775614515
0.05395433894955204
0.055389658165950095
0.054532960792130325
0.054785369047749555
0.055077185983464005
0.05445498025073903
0.054541323661396746
0.05469817617813533
0.05481930002497393
0.05465925067619537
0.05489149303139129
0.05502578683081083
0.05430630129194469
0.05463934881481691
0.05446259535347053
0.05506852957478259
0.0558313902511145
0.055782787670977996
0.05379250865189533
0.05461097547595273
0.05615273310831981
0.054798013808976975
0.05538141724537127
0.05377480327661033
0.054799668589112116
0.054296452406561
0.05445909677655436
0.0538115001800179
0.05506033080382622
0.05497770888541709
0.05357699905107438
0.054384273678806494
0.05443053989984037
0.05406288344420318
0.056017756505752914
0.05444319615708082
0.054101975461890106
0.05518040567949356
0.05471508870141406
0.05539258071985387
0.05440678992636094
0.05466160672585829
0.053368326069175964
0.054771884713773034
0.054977770341793075
0.055930524635186885
0.05524773685465334
0.05509864755003946
0.05460525418493489
0.05449268406482588
0.054273432311674696
0.05439046308310935
0.05301851845433703
0.05409190077625681
0.05495080613945902
0.05493590003425197
0.05393332766107051
0.055752584943547845
0.053520418290645466
0.05411820888002694
0.054563923107707524
0.05481079087985563
0.05425243008721736
0.05350553304197092
0.054832582971357624
0.05437739734406932
0.05476098260805884
0.05527067829461885
0.05450601385564369
0.05484480167251604
0.05548368261952419
0.0540953775143862
0.05355690854594286
0.05414191205454699
0.0535099271692161
0.05513318885823537
0.05522399150504498
0.05446805817882705
0.05446118803956779
0.0552478277040791
0.054157639298864524
0.05475913227928686
0.05512821155025449
0.05600063550991763
0.054650151114401524
0.05474606718416908
0.05470891497679986
0.05557099238103547
0.054951008893112885
0.054519092473128694
0.0547946483202395
0.05498801389694563
0.055814979426941136
0.054648057235681335
0.05489116238277347
0.05490015324903652
0.05462654721850413
0.05356601569474151
0.05521340318227885
0.054901019771932624
0.05427761056125746
0.055169237735753995
0.05463639217487071
0.055359590507578105
0.055186574973049574
0.054559730200708145
0.05459581280956627
0.05458284280211956
0.054626622157229576
0.055102144500779104
0.05520323948621808
0.05406653165118769
0.05375214939522266
0.05417203662182146
0.055232561730008456
0.05604430385392334
0.05411192738574755
0.05582796519047406
0.05420975354536495
0.05298006961857027
0.055001403196001775
0.05452300933393417
0.05468912559263117
0.054530313800569274
0.05415306377653906
0.05395552783556923
0.05528051042165316
0.0548966087608278
0.05362269680699683
0.054572618573729414
0.054867075119545916
0.054302853503031656
0.056241080095787765
0.05478686818787537
0.05484410647841287
0.05435530042632308
0.0543863317288924
0.05566225467919139
0.054125017988553736
0.054929557196373935
0.05378901760013832
0.05576256439417193
0.0551067238120595
0.054455653655168135
0.055416878316464135
0.05510509038504097
0.054636063698126236
0.054759833446951234
0.05470026666262129
0.05477768815944728
0.05361821844235237
0.053738810476716026
0.053706860107922694
0.054944763809544384
0.05454901732991857
0.05476509347317915
0.05484315902322123
0.05491007105229073
0.055189841315950616
0.053668681663111784
0.053996876607925515
0.05438802151365962
0.055020344678268884
0.05343889099640364
0.054532647898668074
0.055965650448342785
0.054336164923370234
0.05417813908752578
0.05434593138670607
0.05526546471264737
0.05394216901731852
0.05509408236321178
0.05382515288874856
0.053653522165404866
0.05425499822194979
0.05427297106507467
0.05530427923076786
0.05502323923428776
0.05488923826487735
0.05506579229404451
0.05511144289812364
0.055559604852533084
0.054543664839002304
0.05336043090392195
0.054465111177705694
0.05375517252832651
0.054464484954223735
0.055330212067929097
0.05289201634150231
0.05460066778869077
0.05453737157768046
0.056684295708691934
0.05393005591031397
0.055037853722751606
0.05562488270516042
0.05528624625912926
0.05580952505624737
0.05367057366674999
0.055628677662753034
0.055340893033644534
0.054947299269770156
0.05533013756212313
0.053369535051388084
0.054193053090784815
0.053828409138077404
0.054306662299495656
0.05511681455936923
0.05465064748204895
0.053690308986915625
0.05340852444533084
0.05477697829337558
0.05449192233936628
0.05430851673554571
0.05404004456977418
0.0551300553161127
0.05421843433578033
0.05442861850860936
0.05462357196302037
0.054787369021141785
0.054426851276730304
0.05495993584554526
0.05446840672993858
0.05537900811577856
0.05343092915791203
0.0543969897335046
0.055207181663718075
0.055375151214320795
0.05433096765773371
0.0545175132665463
0.055495537162641995
0.055318546010312275
0.055750761448507546
0.05437251113835373
0.05340206497385225
0.054200774706259836
0.054352741810362204
0.05531944430003932
0.05398811604754883
0.054864688994712196
0.056161756545407115
0.05399243589636171
0.05505593363159278
0.0536428281411645
0.0550490646619437
0.05480718671788054
0.0545107760335668
0.05501226581145602
0.05526373710745247
0.05496752979888697
0.054768565694757854
0.05565637345171126
0.05480294323206181
0.05464744124583376
0.05355926788615761
0.05487886166883982
0.05572795250554918
0.05568713595857844
0.054714447767764796
0.054235318160863244
0.05335282489613746
0.05556368020916125
0.05409039455480524
0.05488441169654834
0.05420308636530535
0.05475365781057917
0.054921162574828486
0.05408863563388877
0.05485479551862227
0.05359316362046229
0.054603495953415404
0.05543719189881813
0.05480282247663126
0.055353350115183275
0.05393645114600076
0.05606553911638912
0.05432433808346104
0.05410591028521594
0.05437468071249896
0.054946441125139245
0.05419751450062904
0.055143566760307294
0.05482534494512947
0.05449443847646762
0.05533013626518368
0.05512458120028896
0.054658640485286014
0.053463135485799285
0.053972109060850926
0.05459505943690601
0.05463049763602612
0.05410001111704332
0.0547232727494702
0.0545197445062513
0.0544504337321996
0.05319249341118848
0.05414290940461797
0.05398511626481195
0.054792293574791984
0.055410013539585634
0.05471360114097479
0.05346419435409189
0.052471900798991555
0.054720284597351565
0.053655413908927585
0.055402335039616446
0.05476453346091148
0.05353549412393477
0.05478991892414342
0.054058647099736845
0.05404644434202055
0.05510063220208394
0.05425919408298796
0.055036740623108926
0.0547384541368956
0.056000072187089245
0.0544074958525016
0.05460663471058069
0.05469083070420311
0.05481229479119065
0.053848523983106134
0.055776817387595656
0.054841012995893834
0.054703486517610145
0.056972975691678585
0.055396426791048725
0.05511199046486581
0.054168359074537875
0.054873711880645715
0.05406206353836751
0.05491391562100034
0.054747425245295744
0.05504074287091498
0.05505938762507867
0.05529572648083558
0.05410187279449019
0.05423454264928296
0.05609303556593659
0.0545997662247828
0.05368355300197436
0.05435939194103412
0.055480023598647676
0.05474916866660351
0.05366268221041537
0.054848835581651656
0.05448367417920963
0.05387608854289283
0.05409250180491654
0.05466801469265192
0.05527895667364646
0.053962942447469686
0.054466861778564635
0.05588555125541461
0.05484227236047445
0.05465976048617449
0.05347854522369744
0.0544246692697925
0.05436257539804501
0.05413463196964585
0.05524992118444061
0.05479221026143932
0.054285936703308835
0.054968482965705334
0.05427675188911962
0.05384284029423725
0.0547578172863723
0.0535920303009334
0.05443310805458168
0.05377259154738567
0.0557823959934467
0.05322807552511222
0.05526895616094407
0.05416503080414259
0.054265874774500844
0.05427792019690969
0.054290829439196386
0.05472663830551028
0.054326370132912416
0.05422771292614925
0.054392193860621774
0.05456844355649082
0.05351412537493161
0.05484539252756804
0.05335120467316301
0.053649815044991556
0.055489251943072304
0.05556449351570336
0.05541072511005041
0.05468504266536911
0.05481554107427655
0.05403177578773466
0.05499947938187688
0.055049342512575095
0.05562604597071186
0.054874385063158115
0.05390190420075669
0.055298551296800724
0.0546699657861609
0.054095737295938306
0.0556925467117253
0.053809576831554295
0.05543758093517681
0.05423091478587594
0.05511342988211254
0.05435398100598832
0.05402330046308634
0.053871128604441765
0.054620596099994145
0.0550489992947405
0.05436033032128762
0.054952939028225956
0.05478037822103943
0.054540209499464254
0.055731656171701616
0.055398068949216395
0.05459649581098347
0.053997051021724474
0.054565169775742106
0.053995592905266676
0.0540862668731279
0.05534374683156784
0.053870624611590756
0.05338393472811731
0.0550647769086936
0.05521213133579295
0.0554882079068193
0.055065215447029914
0.055831011010013754
0.05442166923057812
0.05378303463476186
0.05484387891010556
0.054379812279876205
0.05443476635082334
0.05446473231859272
0.05493607178868842
0.056041126415948384
0.054377954966184916
0.05450052681408124
0.05542211116517137
0.053237664096741355
0.05388545460118621
0.0551556808877649
0.05515888607078523
0.05445561548731348
0.055059056878235424
0.05478902058712265
0.05407568996997725
0.05405264930232079
0.05458650405307708
0.05433580424687534
0.05537931756771286
0.055332063617242966
0.05429487693254487
0.054118623227623175
0.05540977376040246
0.054927172233874444
0.05483099792400026
0.056611412632264546
0.05480759406782454
0.054915080738282995
0.054936845266638556
0.0551213343605923
0.05398983864324691
0.054673257800459396
0.0552734753164259
0.05516692571109161
0.053443752180101
0.05451726909450372
0.054407408970291726
0.053482485442145844
0.05374464389933564
0.05482093911996344
0.05528331639470707
0.053853411107411375
0.05488848721142858
0.05553446438534593
0.05525432286412979
0.05371504006143368
0.05508874459155777
0.05294425970532757
0.05507998108623724
0.05653438972149161
0.05426633345086884
0.05535915964355809
0.05422706535682664
0.055826860798333655
0.05539171363307105
0.055463110242271796
0.05433418460779649
0.05361340978561202
0.05400953160460631
0.053870536636168254
0.054295368448947556
0.054319687204042566
0.05400415199073905
0.05381031663273461
0.05449859944928903
0.05413912481162697
0.05498292254014814
0.05482105662304093
0.054840222150232876
0.05362043217246537
0.05388623930957692
0.054305358962665196
0.05475390840729233
0.05463164864704595
0.054344226364264614
0.05330511795364146
0.05495244535813981
0.05413203315765713
0.056324893490455
0.056410853496345226
0.055570300384715665
0.054307776927089435
0.05414556743380672
0.05578259454705403
0.054423329362180084
0.05386130322222016
0.05567914809580543
0.05452997066640819
0.053784157968038926
0.0545273482803168
0.05434177093047765
0.05354578551487066
0.05573306500809849
0.05463534802402137
0.05440236220783845
0.054965654640909634
0.05556737412734947
0.05418948684746283
0.05504304706846597
0.05402321992551151
0.054536953424758394
0.0554162221687875
0.054538604084882536
0.054850534224897274
0.053918894151138375
0.05356179497903213
0.05498143087788776
0.05413107371532533
0.054353446617824375
0.054289885109028546
0.05578293949474755
0.054891156489247805
0.053279169882443966
0.05483024032400863
0.05421992000447062
0.05428617300822225
0.054591086649452336
0.054753825348598184
0.05444929053555825
0.05469879225711338
0.055975517234401195
0.0542128419947403
0.055277245772231254
0.054445985708298394
0.05480190535126894
0.05462966461891483
0.05510912851059402
0.05438301481444796
0.05491592337602924
0.054348739291526726
0.05353438933707366
0.055796292350350996
0.05469060173891194
0.05367365429265192
0.055246334079129156
0.05462061643083871
0.053276689648555475
0.054490776235979865
0.05531380280444864
0.05552225099199859
0.05418454478603962
0.05491485720813216
0.0541518481750245
0.054139305586431874
0.05542177399547654
0.053902664432825986
0.05517726829748426
0.054096267947898014
0.05555480144357716
0.05420102744210453
0.05464735997884418
0.054741766152801574
0.054786145830803434
0.05457068499890738
0.05466838022766751
0.05459051082470978
0.053936203114062664
0.05538352758776455
0.053805627811016166
0.054551707304199226
0.05480145406909287
0.053925004260236165
0.05500986516744888
0.05564124378543056
0.053733407557956525
0.05378940458831494
0.05554559490883548
0.054284498448396334
0.05368322815229476
0.05453883230620704
0.05381785359713831
0.05465953151178837
0.05581947950668109
0.05489951224080869
0.05360466145975806
0.05469207966780232
0.05326917999809666
0.05452304297796218
0.0543944622422714
0.054503532186572556
0.05533348660719639
0.056118872184015345
0.055343986310617765
0.05369974856694171
0.05491485788661521
0.05563170087771141
0.05407166600161872
0.0551309871570993
0.055136299788500764
0.05478081282308267
0.05530313344024762
0.05501912625004479
0.053934251502141706
0.053711247483079205
0.05379364354303107
0.05507928432962217
0.0544160990320961
0.05524599750606285
0.05445712153414206
0.054991456048810505
0.05375517148604558
0.054761321987825795
0.05481397306903091
0.05397665156669973
0.05441451246952056
0.054569088211792405
0.05443139965973387
0.054905866038097884
0.055082495098758955
0.05542770077227033
0.05526276262389729
0.05425344695140666
0.054104982658827794
0.0535702569395653
0.05475527673479519
0.055274120430112816
0.054499903446412645
0.054854116460774094
0.055286592008997104
0.05454891058252542
0.05464082592698105
0.05463654197228607
0.0552746047378605
0.055300469355643145
0.05415273338985571
0.05419701218124828
0.05528171404694149
0.05475349417429243
0.05613015525887022
0.055166272906717495
0.053705116513810935
0.05460334247436549
0.05596236026576662
0.054501667251315666
0.05504871120501775
0.05431401782152534
0.05481210421930882
0.05496343826780503
0.05490328060113825
0.055529477756863344
0.05333923468788271
0.05490597385323781
0.05540764798752207
0.05422399610688444
0.054166543059182004
0.054640909565932816
0.05566155411179352
0.05493544596720312
0.05429200408070756
0.0539355374094157
0.05578412589238724
0.0539588007140992
0.05430237352629774
0.05402013248385629
0.05550786967796739
0.05468903249857249
0.05417316369675973
0.054049849895818625
0.05481822082947474
0.052994242523709545
0.05491230900588562
0.053563420526188565
0.05460119599774771
0.05497657805062772
0.05387233948749781
0.05435379767914128
0.0553775281059643
0.05503886061524099
0.05434174537549552
0.05573933923187724
0.053801961559656775
0.055293618905125186
0.05449621598381782
0.05355140203391784
0.0546725019794394
0.05491898939726525
0.054350249922208604
0.05441975376561459
0.055080345688111265
0.05560531615265063
0.05503255625808379
0.053814460359717486
0.0550608409812412
0.054537031552172266
0.05534632234957826
0.05441258974497032
0.05508385103166802
0.05364906713657547
0.05452302604498982
0.05556512132716307
0.05442339884211833
0.05477427712139615
0.053334627282310976
0.05357316327535955
0.05581444822746562
0.05505714550236007
0.0538311561649607
0.05463752085779561
0.054594282315520104
0.05449414903887373
0.05482075695908861
0.054968933187410585
0.05468203699820151
0.05412958257147693
0.05450022528384579
0.05527250360864855
0.055664445004367735
0.05384361564756546
0.055299525511145475
0.05319705548208731
0.05485702040459728
0.05408865913886984
0.054527194324691663
0.054746343252190854
0.05517300613246334
0.05350153824474546
0.05472396693585324
0.05510348983807489
0.05561754917471262
0.054436990450994927
0.05385413436124509
0.055399842969563906
0.05315065489776316
0.055184779112096294
0.05387471838366764
0.05558878862939309
0.05497814181762806
0.05468541950722283
0.05384290705478634
0.054358337922167266
0.05313855426902592
0.05409751531260554
0.05333127672201954
0.05444233031630574
0.05460618690995034
0.054359123883841676
0.05700010238069808
0.055230538519026595
0.05487582729256246
0.05488748993775516
0.055353252488203
0.05455817814436159
0.05448883077588107
0.05500801878042694
0.05399499353734427
0.05332699997416057
0.05589454093569657
0.054158120261490694
0.05485182428310509
0.05527346702365321
0.05451867529700394
0.055697506768410676
0.05577046339021763
0.05513441053153656
0.053275409030902665
0.05445385963139415
0.054632683875752264
0.0544365823843691
0.05431004747879342
0.05587635276970104
0.05378444218513323
0.054633140134683345
0.05396595666388748
0.054646206179313594
0.05460931099150912
0.05470337115730217
0.05465339941474667
0.05433314790388977
0.05493915645456582
0.05519737240138056
0.053592927904901444
0.0547931151031662
0.05561743275211484
0.055114072523792856
0.05478007398414775
0.05428356969241577
0.053986668017387274
0.053911050761598744
0.05404938617357402
0.05376785086991731
0.05364167589323188
0.056109448421921115
0.0551124099183653
0.05591711054694315
0.05490792307864467
0.054549743777897675
0.05416939652059227
0.05498644105318817
0.05539781230982044
0.05485886564201792
0.05393613520391227
0.05494548671231314
0.05475612215013825
0.05636236556529184
0.05426528005045839
0.053870147921770695
0.055637534211200546
0.05552074911975069
0.055232538803466014
0.053882771273492835
0.05458329436623899
0.05519097178512311
0.05522429430493503
0.054681183690263424
0.05483653377086739
0.053770242502650945
0.05279274934946443
0.054592752050666604
0.0553599907852913
0.05431877856244682
0.055063466299543506
0.056070620674290694
0.05410449180271826
0.05461997139354935
0.05497654885039083
0.05426133550827217
0.053843899995627
0.0546228896255343
0.05521422290803457
0.0555033838008967
0.0561012403722998
0.0547004506806843
0.054561816943532904
0.05519870182615705
0.0540861859517463
0.05458241575979628
0.0535993718985992
0.054351780881916056
0.05425506052051787
0.05506466080441896
0.05399415344982117
0.05548891505168285
0.054222885286435485
0.05429864522375283
0.054711505139493966
0.05382853748415073
0.05518808436681866
0.05429461250969325
0.05393357332650339
0.05432643446692964
0.05508395124707022
0.054887110914933146
0.055514652958663646
0.05543353577013477
0.054719832878618035
0.054393085736592184
0.054863019850017736
0.0551218695454736
0.0542955252531101
0.05425643550915993
0.05514127631795418
0.05520372503451654
0.0547757847361936
0.05469371714934823
0.053657777250919025
0.05386143180112413
0.055264397680730326
0.0552197456927388
0.05452692626749922
0.05364064731475082
0.05593427819258068
0.05407384562022344
0.05420120155395125
0.05468095807736972
0.05323490402952302
0.054731069487388595
0.05453606451737869
0.05517465213961259
0.0547709182901599
0.053912497616693145
0.055359068406687584
0.054092183430839214
0.054044437156335334
0.05418420695968962
0.054064145870142966
0.054417813726104214
0.05446657619722828
0.05578696866905375
0.05504222306262818
0.055073589808671386
0.054755563807702856
0.05430520594563859
0.05497072695834504
0.05370794110422139
0.055140770116850035
0.05518017222311755
0.05442987780224939
0.05364446371822851
0.05486067329366051
0.054695269845979055
0.054506641847183346
0.05647232297633309
0.055146672053524526
0.05359088214026997
0.05508765130980464
0.05547257503167202
0.05455389165945235
0.05518334906628297
0.05478670246338879
0.055804359766625566
0.053864339337451383
0.05508388134876441
0.05467005966602301
0.05388824148758431
0.054613975533357006
0.05493804933030333
0.05386292570074147
0.05462236168750678
0.05525608045354602
0.053635652342563844
0.054385201201512245
0.054915939679631265
0.05409451122432074
0.05491289712335856
0.05553233960563375
0.05500855128047988
0.054969214636003016
0.0561638730323466
0.055012277558489586
0.055449875977501506
0.05400737187483173
0.05544859297697258
0.05434380474980571
0.05374987618779414
0.05493157667660853
0.05455773799621966
0.05669637878600042
0.05515968664440152
0.05573464318695187
0.05557439787116891
0.05371544748049928
0.05323496067103406
0.055417912979464745
0.05399236320590717
0.05387662605244259
0.05449167657206999
0.055319403214525664
0.055347721032376285
0.05468475501947978
0.05595990461006295
0.05433262726000976
0.05637088679941371
0.0554336980694643
0.054877236478205305
0.05451376223572879
0.05519806480879197
0.05472952192394587
0.05478931320612901
0.054293860604957445
0.05475131863204297
0.054697140267307987
0.05417308827782108
0.05558897480113956
0.05389710614326759
0.05388390287953371
0.0545808422666596
0.05414507151544967
0.05414011709035549
0.05383297194566694
0.055026018342687166
0.05455802528740605
0.05517888858594233
0.053669709523092024
0.055562152512720786
0.055317471827947884
0.05569657917294535
0.05466530134071945
0.05467712394965929
0.055227800095963175
0.05558537772776617
0.054896519641260966
0.053695271139076794
0.05424119211602374
0.0551663109108631
0.054748997265051
0.05433395480213221
0.05415015896141995
0.054842350338731194
0.0544365401910909
0.05435511726864206
0.05449873964607832
0.05484846783292596
0.05577244110099855
0.05450830063819012
0.0536323880423879
0.05397600618744036
0.054221863771090284
0.05484083080045821
0.05488134247570997
0.055271615066885715
0.05535636338026961
0.05349996672157431
0.05401777177758049
0.054702716355677694
0.054564997322813724
0.05421855747408699
0.053926362916172366
0.05424892559676664
0.05426890960370656
0.05507127266537282
0.05500615277924226
0.0552192513969203
0.054999247682644636
0.054419724399849656
0.054740966133977054
0.055191438399560866
0.05457209493215487
0.054909843167479266
0.05355753483308945
0.05450585548533127
0.05499605714248901
0.055136945462436415
0.05522995126011665
0.05538625215376669
0.05499703434543335
0.05454847699184029
0.054350026623069425
0.05474138697354647
0.0542408569563122
0.053844691521589993
0.05502881448228436
0.05352278481950634
0.05456509363648365
0.055024744677211856
0.05504534672400041
0.054338722193278954
0.05423113392498635
0.055028354423484416
0.05467721150307625
0.05431389206023596
0.054728770093788626
0.055565487149578985
0.05623253322119126
0.05525264109382988
0.05430231823811482
0.05389885840668285
0.05493070662669197
0.05555362745144521
0.054444814846647205
0.05406478573786444
0.05493457339434826
0.05478039348417951
0.05470777506707236
0.05394022033942747
0.05337328137648001
0.054726188975109835
0.05555312294745818
0.054758817143010674
0.05514640535511717
0.05435390445927624
0.05467113214581332
0.05458957383780216
0.0550450724131224
0.05420326476996706
0.055644584594119806
0.053457892063306645
0.0555332830590487
0.054400785331381485
0.05478625368959911
0.05428999080686481
0.05512600892325281
0.053768066900374833
0.054762496900366386
0.05444107505536522
0.05530237462880905
0.05282733836247644
0.05554843854406499
0.054401232078816975
0.054283149607726955
0.05436247490433743
0.05494989356157021
0.05549583595166041
0.0544647456954408
0.055536516605570796
0.054525469757209066
0.054703377949408605
0.055095549769248464
0.05404597616325191
0.05534136171081627
0.054274549838737585
0.05364561550231883
0.0545546534613095
0.05559896933482378
0.055361880016789655
0.05521150950153242
0.054440691603304
0.0548772419551824
0.05440101717795187
0.054859579029653105
0.05571784938547353
0.05357098812237382
0.05335942447891284
0.05341001000488177
0.05517030732335115
0.05454105634635198
0.055083380810174276
0.053242258640239015
0.05500775567816163
0.05409968782623764
0.054069428517323104
0.05452395137581334
0.054339639254976646
0.05413366877110093
0.055236301972399815
0.05598378134891391
0.054220994064962724
0.05456808454437123
0.05543332969864423
0.055252588070288766
0.05579302876139991
0.05507929343730211
0.05408503226499306
0.053923484489132534
0.05482875579764368
0.055309558503722656
0.05552217328113329
0.05455028061987832
0.0554280691249005
0.055771680157704395
0.05454681585615617
0.055732372054990265
0.054873963021236705
0.054542423498787684
0.054786006156064104
0.0545392031162919
0.05449545200281136
0.05560331202286761
0.05441178458750073
0.05448915800116083
0.05464113629568601
0.0544106127035775
0.05447172729873273
0.05543447473610286
0.055538775801323936
0.05521226633936749
0.056005549307883484
0.055437428320146864
0.05354430206716643
0.055408905804142705
0.05377795480671921
0.05576556460073334
0.05563629460084485
0.053436125030202675
0.053795187232026365
0.05315878946566954
0.054877639000551426
0.05457929419571883
0.05543608559310087
0.05416732055709872
0.055068712656066054
0.05532884967760765
0.05412145425361814
0.05449748446699232
0.0549142625532113
0.05613086246376042
0.05457682011001452
0.054575089596255566
0.055684049480987596
0.055061140597899794
0.055148502560768975
0.05413400914585509
0.05478708535338228
0.0546693617652636
0.05371959398325998
0.054179271253815386
0.05435591241985094
0.05581704958240152
0.05425597921748704
0.05512650723903789
0.05457336314066197
0.05523104411258828
0.05380794033953862
0.05363478109393327
0.053876225187195814
0.0552714661025675
0.053477491812373046
0.05533110049691459
0.05478119759573019
0.053926422477161395
0.054321984403941315
0.05476629837176006
0.05394900989449525
0.054594803286818205
0.055130564387582126
0.05398718115793599
0.05503454482277448
0.05503428895099205
0.054648005334456684
0.05490275990632654
0.054076646718385746
0.054590223628110834
0.054802952476165956
0.05471873852548015
0.05473475441976916
0.0553013955905044
0.05506592991332582
0.05495021297429048
0.053927074714010814
0.054281208005704684
0.0548552678192209
0.05411936909513315
0.054254065500572324
0.05284280089290405
0.05578877845437091
0.05377079011486785
0.05417088709509699
0.054249103621259565
0.05449091634909564
0.055125759085058235
0.0553815619659872
0.05535619056718133
0.05593490468891105
0.05336998617713107
0.05560211638658075
0.05461121399275726
0.05447004507914244
0.05434535375025007
0.05453029697855527
0.05654088197115925
0.054498165256518405
