0.0529532225082221
0.05466199522015813
0.05275287635231507
0.05213516223921033
0.05310318636293232
0.05354622370941797
0.05269436644630332
0.05201710700748663
0.05250379259632609
0.052253370095058926
0.05279797382718243
0.052839277806924656
0.051558921360992827
0.05296676014950208
0.053589043385727564
0.05321767095119867
0.05310088742953667
0.054007154580176575
0.05319476181284699
0.05384230458366801
0.05332143097984954
0.052755821743630804
0.05245969698080444
0.05443291024494101
0.05369666314618371
0.05253389225435967
0.05164360138041957
0.0523185028014268
0.052652064923677244
0.053043514915771084
0.0533048284578399
0.052988078163252794
0.05234091088277637
0.05266269395724521
0.05435259942714765
0.05276972127830959
0.053817005682503805
0.05315822308875795
0.05283888911799295
0.05407637995085679
0.05239197141236218
0.05356520033819834
0.053069389457959915
0.053674456303269835
0.05219318599301914
0.05256865061710414
0.054027919342843234
0.053204870882836985
0.053923969380775816
0.05271803915456985
0.052995152514995425
0.0539563174770592
0.053301722213291214
0.05295116640991182
0.05359914143082278
0.0528168634755275
0.05345445637067314
0.052831995468295645
0.0531482240112382
0.05192684747453313
0.05402930720629229
0.05251622214564122
0.05258806373421976
0.05302100454355241
0.05215365878029843
0.05361051640647929
0.05279233507462777
0.05267601628838747
0.05440696283221769
0.052910248063199106
0.052551600469087134
0.05152940893822233
0.05278508716583019
0.0535538908898161
0.05348345335914928
0.051976537972223014
0.0531838071783568
0.05389837152324617
0.052924298051948426
0.05266951183330093
0.053194851800071774
0.05230027900324785
0.052613130550525966
0.05308824887652008
0.052639272584201535
0.05412081056238094
0.05266381107867346
0.052616631512137246
0.05329009639717697
0.054032927782827755
0.05243380788670038
0.05270322254182247
0.05315017381872167
0.05279357845392951
0.05286608704227547
0.05267079711484257
0.053461381192391855
0.05241986352302774
0.05311192363114969
0.05351277643967478
0.052829481932349154
0.051970791440908215
0.05453770725034701
0.05323149362993718
0.05391968988988083
0.051660130033269525
0.052371292915267986
0.05401096400237293
0.0528207976003614
0.05299365038808901
0.0524540075675759
0.052613248548368574
0.05290906109075877
0.05344096665248799
0.052964973418056616
0.05179277159913909
0.053144249171964475
0.05399361658601265
0.053347536091678194
0.05222552871418884
0.052534099288095604
0.051854963807272725
0.0537096063781064
0.05387307049750234
0.05255971095357381
0.05386818282204331
0.0523078150490619
0.053132231265408336
0.05263178776658606
0.053168276677752146
0.05298526991282415
0.052127587481663795
0.05261656314905849
0.05319479614990996
0.05303717447714007
0.05277736451898818
0.05201442979705462
0.053553482102870476
0.05208369948559266
0.0532799574193632
0.05196471299313998
0.052533128113282146
0.053358366940301494
0.05257781155887642
0.053873523727816064
0.05290620016421599
0.05326447149127489
0.054167976280950825
0.05390540339067229
0.05272316566333757
0.053494669149586116
0.05275582892136299
0.05168409879479441
0.054312413130901405
0.0539452080247429
0.052827413332124706
0.05240623575991776
0.05360509979072958
0.05314403375632537
0.05266057967855886
0.052840758209640626
0.051543834551921464
0.05287389608929516
0.05335741075214173
0.052942313599487534
0.05343344518041704
0.05231864647612383
0.05420332181711274
0.05330126049739192
0.0531867201316345
0.05278751638252288
0.05244325020794349
0.053210373438560055
0.053415200864037615
0.053020885461592115
0.052130612606561044
0.05280140184004267
0.052615550101108965
0.05244033123199188
0.051905809885283816
0.052635836615081644
0.05224206332968606
0.05295849230788008
0.052952845358959166
0.0533708501025103
0.053380792756797746
0.05262911554927996
0.05315732036069676
0.053932642957079224
0.05227194628059806
0.0529597290642414
0.05397553858165338
0.05229332417002297
0.05209201323305024
0.05297579839316313
0.0537266631872626
0.05337938929187658
0.05246552048447484
0.05277615773411526
0.053923532275803154
0.052922081427823287
0.05314854821517656
0.05263892661787395
0.05357548205938656
0.0532715844183258
0.05176284428489453
0.05255289933120366
0.052965457924074144
0.053314151422455325
0.052473824442131445
0.05259141428541625
0.05314795965568919
0.05190497642433911
0.05203476779752236
0.052963889291277155
0.05245210044813575
0.0529666485326743
0.05296005268974113
0.0523017542600428
0.05346142359485384
0.05357738419661473
0.051805200499075
0.05250737304413633
0.053224945346300956
0.05270937086243066
0.052833902915153885
0.05353037226450397
0.052926794214727124
0.052765659311262425
0.053085656865732744
0.05343390850248397
0.05316894549287099
0.05315277046247502
0.052990551814218634
0.05307623051885457
0.053236846200888976
0.0544559690006281
0.053398185315018054
0.05240532183597679
0.052768559306059615
0.05305138058793091
0.05230889009908424
0.053615256138073164
0.05326111414615298
0.051436941355859744
0.05234685841969622
0.052950358631278505
0.05346117456247157
0.05405698915274115
0.05326256787884631
0.05416657506066258
0.05321540389195434
0.05193715580026037
0.0520468981594604
0.053664038377974066
0.05285633295898151
0.0531194932609651
0.052472844521616935
0.051816926863466506
0.0541520533770381
0.05259713478699268
0.052780251809963374
0.053226329444441944
0.053286739381292136
0.05288792319879576
0.0527824147757201
0.053370489869848825
0.05245483480030089
0.05384604826940631
0.052589904284104705
0.05287530072746449
0.053607882244250504
0.05403341317469312
0.0526838356454391
0.05272676979984681
0.05292891111639619
0.05172163574025035
0.05190636997031106
0.05296870456004399
0.05187552954885177
0.05311289173732803
0.052981193435698515
0.05298946143921057
0.052812998876106576
0.053280071337212576
0.051622738772493904
0.05341743309145386
0.05255741825021687
0.05378536998068739
0.05281791798734048
0.05285613368687336
0.05337421461081249
0.05306429715710692
0.05249693781843234
0.053464604361579404
0.052705572650666
0.051686480599528295
0.05356717472568562
0.05271842626279977
0.052181299217409105
0.05274675461441802
0.05129702834165073
0.052252983678044984
0.05186636529106181
0.05356438135095232
0.053278918199794134
0.05299799594831711
0.053291339632778545
0.051680742853932315
0.053327469944633776
0.05287810014124261
0.05283571354630112
0.05401076076304889
0.05342658402332745
0.05303986953003914
0.05286592464472051
0.05247228058578912
0.05334791387394944
0.05202743916197505
0.052467915520537645
0.05337985805635981
0.05277021404253901
0.05380864154722076
0.0535462064017338
0.05268000084106461
0.05360735407884931
0.052677291776490165
0.052467154439000296
0.05259388946797117
0.052958454927647836
0.05268491532115149
0.05302465454224148
0.052143718359729974
0.053285663396309246
0.05344503322521632
0.05295288652268937
0.051168833599149366
0.0531064620718098
0.05309971974202199
0.05336704250294133
0.053190245174846496
0.05177755622753466
0.05377971686903038
0.053047019533551065
0.05294431962829549
0.05351465643616393
0.05467898324241105
0.052740137038199464
0.05313143525381747
0.05300636454740015
0.05393983486465004
0.05298268903607095
0.0531634545623092
0.052220210289306124
0.052250244800234213
0.05334895558007702
0.052428031929594
0.052656395428130054
0.05295326205305173
0.05220676075259689
0.05209633144659165
0.05304483515647007
0.0528488556319644
0.05220409909270529
0.05428066568856593
0.05346804288456042
0.054169168577573146
0.052607650663048844
0.05257045861253573
0.05167987501954485
0.05197685712664679
0.05195764518248325
0.05293162947600649
0.05244531788594031
0.05304199186139158
0.05367575861237128
0.05253846938285278
0.052551152954038116
0.053384169077617116
0.05292009560071165
0.05244519355619559
0.05225054584116151
0.05281000799004687
0.05242620022545452
0.05260506787999475
0.05269243137809099
0.05270300245319959
0.05309216206842393
0.052534437587382854
0.054050541926699225
0.05239648068709357
0.053431478823767975
0.05249372109392425
0.05404783914673317
0.05272850789697259
0.052354027631736244
0.05274950566672487
0.05230400022446702
0.051444895203530905
0.0523342940814473
0.05236951653569122
0.05323409222364717
0.053320113924200996
0.05254703113678261
0.051878315238354844
0.053858887007663725
0.052824426004008274
0.05302907452460204
0.05323859728014213
0.053385332435937016
0.051275749727210496
0.05180983136597206
0.0535411943183135
0.05327926890095114
0.05136737334396457
0.052882054918882204
0.05391195662195969
0.05303376321353426
0.053002237546024844
0.05280224630951125
0.05267771497346985
0.052886870958900545
0.05284278590261238
0.052791218424317776
0.052405653384994366
0.05209258193099231
0.05360905052293674
0.052352003071064246
0.053903218284176546
0.052107373861872475
0.05289424745751603
0.05233261093053443
0.05293220279600064
0.05274811947856506
0.05218582954876183
0.05305542353926285
0.05292341162930825
0.05253727449780854
0.05318907850596588
0.053066804184709326
0.05301982370838232
0.053290206069505075
0.05370856451918371
0.05284269320873136
0.05316944725200301
0.05255494167613506
0.053504674788200646
0.05347212336891971
0.052922857392331935
0.05313536551511788
0.05297448477176658
0.052765988100873074
0.05238819805890671
0.05273866158313467
0.051726404892178834
0.05148249755802681
0.051995874142448884
0.052811906731221825
0.05330514493289229
0.052349989768117666
0.05278382807955495
0.053562452867481625
0.05234218125406187
0.05240388663332851
0.05154473957918526
0.05343663106941676
0.05186525197677838
0.05280605894586188
0.05285010632178455
0.052771262409805786
0.05207989685732173
0.05234805601321568
0.05326941299426835
0.053536328556219814
0.05216735774047265
0.05262610270438017
0.05277654667770548
0.05185940637966269
0.0540700830588321
0.05232000056639663
0.05354492651713372
0.052436612715609954
0.052653095006462536
0.05248971296714444
0.052468825148025644
0.0531510311357124
0.05289946504490217
0.05235791800987499
0.052789557999858516
0.05216578919134918
0.05251314710221777
0.052526006460539065
0.053435469075338915
0.052890249906340614
0.05296699515383807
0.05449817499902565
0.05391640894777083
0.05359038510505343
0.05163394343435357
0.052354830240801675
0.05169602423484321
0.051913303053879645
0.05315235759553616
0.052251421540859155
0.052726273466760176
0.05276940268049657
0.05268418450577883
0.05292477640250581
0.053786796821441385
0.05283766479988117
0.05189972700100043
0.05290183669239923
0.052361918074893765
0.05260717857527197
0.05300351106416201
0.052785418929488515
0.05246050760433718
0.05283954170590732
0.0513417521451629
0.05327709871744446
0.05240993620282097
0.05333058056930895
0.05330942002183292
0.05253621997508162
0.05210859749786323
0.05179850421154697
0.052195273727193126
0.05127029890718404
0.052804875987931155
0.05242850175636704
0.05182365967812075
0.05189519009400101
0.052996439784692484
0.05333684536526562
0.0536166721049085
0.05360857601772295
0.05333889346547949
0.0518547635183495
0.05243647053066525
0.05237815240070631
0.05166362085583387
0.05190611348734819
0.05231351378824911
0.05192321257891308
0.052990706277341815
0.052547684381352155
0.05363342364944401
0.0523085729637387
0.052799323575527524
0.05202022542289342
0.052755852238988155
0.05253949682446546
0.05205064589790709
0.052425956975639565
0.052069846584345214
0.05206671004998498
0.05148156749783084
0.05225259359758638
0.053496298347454285
0.052547442788636545
0.05328833116982423
0.053540699464065256
0.05269833538295643
0.05321862592973048
0.052924364326827344
0.05291354788278113
0.05197741232041153
0.05377090056754241
0.05158414936704503
0.05329567783155653
0.053847862014663406
0.05309574925195193
0.051347965229069814
0.05265118691386306
0.052457123949352535
0.05372391309538216
0.05353409612871474
0.05327021194898407
0.052688285139083746
0.053042123989143874
0.05386976090812823
0.05249484050546016
0.05313822898460785
0.05351815585709119
0.052801400668613496
0.0524837694465532
0.051601239099909435
0.05347528702986892
0.05347394707678177
0.0539263198752451
0.05212992021552054
0.05245675017431495
0.05328430314148136
0.05210949065804016
0.05328316150007595
0.05337475314991025
0.05245825314705144
0.05373515325663902
0.05359689681245072
0.052734396882442525
0.05321081706642872
0.05209730281603697
0.053167757048868225
0.05314503472254728
0.053001307820522925
0.0531503894872003
0.05287560072429187
0.05282327086206351
0.052458921396464575
0.05254144564787566
0.05286857831015368
0.05268965401046444
0.051315569664438954
0.0522607199363847
0.052908581696101464
0.05291286264946393
0.05301638212040416
0.052592352407373255
0.05323329627935891
0.0518322885982343
0.052480114234640496
0.0525722853399202
0.052536912608047714
0.05294252220846829
0.05224140539939981
0.052343450875923736
0.05230153601769416
0.052187932011293015
0.05307671677473991
0.05306272917732713
0.05325346016434196
0.05304221939877607
0.05182343903106812
0.05319897530716844
0.05186671283445321
0.052870733286908944
0.052784637355216546
0.05298676168968086
0.05204954111468396
0.051462782321323175
0.05337454762047855
0.05236770805095148
0.052450149074502406
0.05248242228481104
0.05223356796159351
0.05193078388583672
0.05294971290823014
0.052205481586497626
0.05189447341763298
0.05192955266829813
0.051415692059890716
0.0528726901175105
0.052333082241602824
0.05236594075540779
0.05113402779352327
0.05305550242883328
0.05272137132124044
0.05355992930890352
0.050763665454724105
0.05313121903418505
0.05181585835816804
0.053379168839455815
0.05225709653132071
0.05331879362347536
0.05257069987601426
0.052314688755359384
0.052005495763296494
0.05286965749110095
0.05220768855360802
0.05333862574843806
0.053419270619997405
0.052970455080867396
0.05280594273972383
0.05367988464058726
0.05348041063916753
0.05334370817945455
0.0522503788688482
0.05240008729197143
0.052743460959391086
0.05339207911856647
0.053034186181321274
0.0538520856971445
0.052191691282132524
0.052897438317813794
0.05180044089865987
0.05351840182993328
0.053029244281788124
0.05211345961652114
0.053165269189776154
0.05339194459884311
0.052436383099120576
0.05215744369888853
0.05243184808205115
0.05106626168890216
0.05283640210473095
0.05163454872490547
0.052984561398261576
0.05283250417596719
0.05412956742293318
0.05348382585543732
0.052830052525678184
0.05241522351207095
0.05297550816067087
0.052744254793651635
0.0528011599835736
0.05360918122642033
0.05191365538848913
0.052322256056868355
0.053547617739241105
0.05184979511250276
0.052009219834872056
0.053626491977411206
0.05277223417215282
0.052820140293988516
0.05221620949669159
0.05298989956099831
0.052685422777358326
0.05069721886138723
0.05301703139048186
0.05321947093216295
0.05277094873599708
0.0527580915895669
0.051109783231368056
0.05238888868734648
0.052990731372119626
0.05287870913343795
0.053375686873550876
0.05299239654414123
0.05328109966467309
0.05149891014661989
0.05208074590154865
0.052089751088715275
0.05342980249952234
0.05273717465388472
0.052674568209113204
0.05372964668094937
0.05310733214173524
0.051151913352441625
0.05182183481338143
0.05308651453196944
0.054101732828712557
0.05303730674859253
0.05254543249975541
0.05228257254384516
0.05262373634286632
0.054012970671465155
0.05256845009535027
0.05230512029083911
0.054357711032935185
0.053312519361497834
0.05254265817711712
0.05228603067007498
0.05298737363955297
0.0520294856869441
0.05282807354888064
0.05264468451241555
0.052231346920962096
0.05337050619345973
0.05195729879415012
0.052216350195521954
0.053160983028647024
0.05235564054964925
0.05217291680492053
0.0522158031581057
0.0523205891604448
0.05240417733512004
0.05176015568576986
0.05265260058331478
0.05143938370383694
0.05295215578371426
0.053582007059958414
0.053027966678200755
0.05316490076984337
0.052510363319015596
0.052272089475081884
0.0512811609532946
0.05320812249010487
0.05323300750933413
0.051842732396835345
0.05137133487733081
0.05219521042636188
0.05149501887171937
0.05158151454634208
0.05265849940951739
0.052304222070233664
0.05191279346036026
0.05270193482647301
0.053766739250932005
0.05218182421049278
0.05242107955018582
0.05234542326252267
0.053909366853986285
0.05247607468481874
0.05273387108172756
0.052284016583143966
0.053079324796271976
0.05185363648161001
0.052280113741289824
0.05209830308922392
0.05180010152980685
0.05351073556630581
0.05175697964114079
0.05211564232013188
0.05353296271823638
0.05316151666920632
0.05184808271951624
0.0534230734265293
0.052259144988056505
0.052770151691220235
0.05157257217251754
0.05171750150657317
0.052675810520668165
0.051876244811865035
0.05067831043015758
0.053348261822975473
0.051764898669716786
0.051932347398178536
0.05319412120843481
0.052363100952788955
0.05309385116197518
0.05275869652359688
0.05242503120280162
0.052557324703229824
0.05306944838775962
0.051937444102804875
0.051740147107921075
0.05287011750806414
0.05175676899125392
0.051656639194334275
0.052841732098386274
0.052989301597335725
0.05326371882620151
0.052864290913930745
0.0504419924945978
0.051510433597286465
0.053226926014758646
0.052106432849541306
0.052240589779103175
0.0513362976944336
0.05241786400802084
0.05221317803989223
0.052706808057337184
0.05184066589936265
0.053320710294428864
0.05325767050817376
0.05221712998172734
0.05271396592797828
0.052787795106269186
0.053349997539044125
0.05299099844887678
0.05144946204745793
0.05238400202324556
0.05211060315014038
0.05256068193921237
0.05210618385899579
0.053065046357005485
0.0522350866231136
0.05243175612667983
0.05262220380063809
0.05347789962615934
0.053792431184774614
0.052607569899919326
0.05247287778547616
0.0522348747090291
0.052300411345640896
0.05295582438884594
0.053740374471090036
0.0521798532390676
0.052280241183325415
0.05382754806669254
0.05285316154913744
0.05305898322149005
0.052073839209697326
0.05257910523505416
0.05240362441691104
0.05257408782199491
0.052636530779636814
0.052522102419970906
0.052800861121795606
0.05311612417790457
0.05258207468796172
0.052060636940950644
0.05143714474797889
0.05357669908335083
0.05293414601510449
0.05183391476566612
0.05307427734078374
0.05207668915318209
0.05309607121307636
0.05253539573823218
0.0533392297966202
0.05227727989768027
0.05267693578025501
0.05305329654584057
0.053866547663346864
0.052400247355762986
0.051879624947105185
0.05315176945623534
0.0530284501692222
0.05161787675933738
0.05256232169995201
0.05354904953674122
0.05060873152797285
0.05229267278809857
0.05391570670326473
0.052720963534738985
0.051395017639151774
0.05261307287400996
0.052677477291581454
0.051501118095984566
0.05216968495369656
0.05252446132908517
0.05220053523044044
0.05278384955454385
0.05330444769242604
0.05239008900389308
0.051464012440192164
0.05371879286758485
0.05112099475263676
0.05330386937930598
0.052642610482507735
0.05136419596419728
0.05229514601342089
0.05123095140515943
0.053344241128797876
0.05264027654811798
0.05239056533719122
0.05323310552375915
0.052160979830659926
0.0523585919636389
0.0526742479432869
0.05201199465955142
0.05246660695047467
0.05313886294425174
0.05297466917545535
0.051698791392482235
0.053280849186194246
0.053230585042911116
0.053028023616207065
0.05223730084981071
0.05176837263024936
0.05241996932818438
0.05309670078531781
0.052462230760284
0.05261887777669472
0.05316544477136631
0.05251899512222735
0.05127192698455474
0.05211482472077478
0.05396540633410041
0.053163327827860485
0.052320364584375056
0.05219155125632824
0.05225278103534947
0.05234094616571383
0.052914168509232695
0.05170340041149757
0.05166829608970147
0.052016998910403345
0.053439754081409774
0.053084973733348306
0.05245902129172464
0.0524888630843634
0.0526562417326204
0.05270903620112222
0.05202427471704141
0.05215289477928309
0.05223793959521572
0.053517209888013895
0.05275411372349481
0.052686738563352264
0.05259802837099414
0.05229834298370406
0.05271076160533994
0.05278767663730832
0.052928817978681764
0.05254169231011474
0.05249497020849958
0.05151817922160262
0.052093971011345275
0.05218096993849031
0.052030008811925654
0.05306419636872306
0.052263133566157194
0.052137707025394775
0.052487348544673296
0.052919047373507055
0.05275860304936941
0.05302697045044624
0.0526814767945325
0.0536007162554597
0.05230670544915483
0.0523475516893086
0.05208303782455914
0.05248668284730229
0.0512642247522308
0.052162949830744765
0.05193176547982148
0.05225528213850339
0.05289330375853751
0.051649038012328674
0.05283506110208691
0.05222136558586499
0.053377888280010666
0.052468915266217664
0.0533185792464792
0.05119234964149655
0.053136134609303554
0.052393610965737025
0.05149207218710217
0.051954213909993996
0.05221222643922374
0.052726355723279994
0.052527265399476164
0.0517160681902169
0.05198140221727954
0.053850568450798164
0.05231786847434705
0.052792525977565674
0.052966824967370485
0.05231053371426242
0.051822345947584836
0.052324487322039204
0.05168128108380188
0.052584813101930195
0.051425102770735975
0.05272259411685809
0.05218058082755306
0.05236988954129629
0.052409544225156424
0.05336580347466224
0.05317518488482165
0.05216069820744451
0.052439191267694696
0.051756569133431185
0.05170078483570251
0.05251774905627826
0.052385731380127254
0.0534429729286785
0.052101429046160774
0.05230259721793118
0.05146932967181783
0.05180267201467359
0.05176602801839181
0.052263193218095694
0.051800672663375735
0.05245726156681485
0.05202456948609324
0.05262533541826997
0.05236931681793067
0.05216276135251974
0.05228491543675773
0.05218004876769555
0.052044890328033944
0.05284973773450474
0.05273305171976972
0.05158389758798876
0.05114996648262604
0.05279877187058446
0.05268177989273681
0.05264925945630239
0.05320451359693834
0.05240119475274696
0.0523274934184883
0.053760041686473414
0.051229774000603356
0.051854854655175586
0.05215649274759926
0.05262628637137823
0.05248580363513611
0.05256959720099985
0.052894906322762836
0.053203639792627655
0.0526551188868325
0.05226649999531219
0.051831919265168835
0.052181112878315616
0.05310581874255149
0.051891513148802915
0.051824262483933126
0.052573429898984614
0.05264942795110983
0.05249698446095863
0.05331602836486127
0.05291342256714415
0.053306399855500786
0.05359469233189884
0.052903297742886934
0.053925956095554284
0.05267591501433344
0.05241070757438138
0.05290343621709326
0.05225765563591267
0.051408153793090605
0.05259372975524457
0.052555198868503794
0.053365227326139575
0.05241591774029075
0.0520346622033685
0.05279036312458629
0.05263552393626014
0.052287522035840084
0.05250559974592761
0.05210743603129231
0.053250023504006094
0.05166470442782156
0.05143955228231789
0.05219453926838469
0.05254662369952712
0.05234233986084291
0.051543045108701335
0.05316289875372604
0.05218946790046175
0.05221309916123573
0.05351844154210994
0.052171606934280135
0.05285412741250184
0.05176244868016511
0.05294081500142056
0.052066723197640385
0.05219512775511248
0.052937963328076876
0.05301289097587869
0.05185223367152503
0.05259872502210783
0.05205680823564762
0.05279970722767757
0.05229416234942619
0.051997971795572084
0.052469283604295924
0.051343440272830776
0.05282145369164937
0.05200362345931353
0.052107683339272626
0.05143939195477287
0.053978107009243104
0.05202934115732205
0.05229115790098149
0.052309676344520994
0.052659034092357615
0.052093447136940085
0.05312502781634976
0.05326494342443766
0.05219774974284519
0.05177727827140188
0.05189612776848662
0.051254428553875186
0.05280183394825144
0.05281962839762855
0.05257120277201466
0.051751500734098954
0.05208944048899866
0.052124507985354285
0.05193356846939423
0.05262990702431125
0.05284615657728864
0.05238896151604422
0.05223226370981138
0.052572305601643166
0.05381524060794618
0.05152269533391518
0.05265235534898238
0.052697614641147084
0.05265543652240012
0.05332480251672678
0.05344444795809977
0.05305759031398338
0.05314853909658268
0.05180212611230672
0.05298242280878185
0.052192822646247805
0.05219054148255964
0.05236883449651941
0.051045059495663736
0.052117396695393836
0.0514009991511557
0.052935086418074206
0.05194589526945492
0.05281837670736422
0.051813418584060855
0.05305816661893914
0.052471571616479196
0.05244874890377105
0.05222323550697183
0.0527319044322212
0.052193687994076754
0.05254755593887239
0.05231129515595967
0.052146776661174954
0.05147671620579786
0.05223070507236116
0.052654074866950396
0.052508854738334776
0.053347709523222875
0.052560632406311925
0.051821137642036774
0.051478962182955
0.052723787321156124
0.05261913573849597
0.052892977015289944
0.053291516540411976
0.052576409332687035
0.05264625240670284
0.052033994579687715
0.05191739563997544
0.05226189895620337
0.05289572355286509
0.05314246726265992
0.05249702750916185
0.05243519707073574
0.05215930740450858
0.05212337309785653
0.05311573659491842
0.05226948156814615
0.05275416938638955
0.05262705324275885
0.05157371238783526
0.05241193673464295
0.0525462777895882
0.05285186908986361
0.05234785087486671
0.050788223910785746
0.05222003826747823
0.051914084351665224
0.051665959357706015
0.05194748610847455
0.05255146473427885
0.0519441712385742
0.05266422441491159
0.05300474221985496
0.0526566868647933
0.051629947611218086
0.05143543569465692
0.05267011747673678
0.051997817452502204
0.052625997514041956
0.05271881483895413
0.051913504243202624
0.051961185037725954
0.051180822687456384
0.05263239290434285
0.05320290541749273
0.05335053194357897
0.05224911093864648
0.05178333339972596
0.05132889142623753
0.05176290170311404
0.052681181725347415
0.05372461136903439
0.05279851349223463
0.05295765299706545
0.05276846621381992
0.0516625863747322
0.05276534434779023
0.05193939213131671
0.05194175639007881
0.05173689397634007
0.05217046712641604
0.052340065069074626
0.0535723848042835
0.05319974735721189
0.05113124824492843
0.052930835270672105
0.05255810429844132
0.05372329656711372
0.05195657577496604
0.05231783068848017
0.05104443454183638
0.05192843066106434
0.05281641029432649
0.052660092571386485
0.051734735190620995
0.052268483907027985
0.05287092734579346
0.051557037370002945
0.05212448975726147
0.05206294116396748
0.05179674109422194
0.05327417572152626
0.05289399759567459
0.05253806381369941
0.05218539246743603
0.052000813113409095
0.05285060408641584
0.05205881148503977
0.05303075160190929
0.052375038310856326
0.0524833103063429
0.052011024812600226
0.0518733453227469
0.05257687658922805
0.051790157640425605
0.053165898514635046
0.052175675042235525
0.05235499910668295
0.0536048983613
0.051422455351712415
0.0528266389574128
0.05217796938450192
0.05181441005879606
0.052241961304389406
0.052538011766955606
0.05256192356137035
0.05245975491743593
0.0518356215870881
0.052333411786094075
0.051932702263002284
0.052869943117912044
0.051713885561184725
0.05239268131299468
0.051772985421848716
0.0522850161887618
0.05170947623992106
0.05227598237070197
0.05281296314387873
0.05227267631198629
0.0518045609787805
0.05243783042715222
0.052959079013817245
0.05168476154904056
0.05214154416171368
0.052178509164150455
0.05223534813740116
0.05183988325370592
0.05222085784589581
0.051968686897453154
0.05233523354763747
0.05331251760253508
0.05295096178269887
0.05127785121840134
0.052952470219679526
0.05298688102448068
0.051365834568059654
0.05268508705012209
0.05227617626951542
0.0537177362220973
0.05236915846762713
0.05267499944966403
0.05135332403551729
0.051950617951661116
0.05278556950906932
0.05308213045100274
0.05201987614418613
0.05234419290900405
0.05255708308504836
0.052698952318678494
0.0528125237506174
0.05301380359560426
0.05351105393492617
0.051963946816613316
0.05318395842368773
0.05162506681335799
0.05234003600344295
0.05286376053300046
0.05176676825067261
0.052979957767092856
0.0522988477605395
0.052929384424714954
0.051379657292272896
0.0515441075021954
0.05290406581116258
0.05232696239545476
0.05329544237429218
0.05212525736897078
0.051817484893035726
0.05164575891649292
0.05262474557457608
0.05169512442080304
0.05277285926604236
0.052272269464083365
0.05280535821475496
0.05209582253519329
0.052282753104009316
0.052484279784039245
0.052359869912834256
0.0529593931769341
0.05103032200895541
0.05243804397105123
0.051910869688072125
0.052276482860179385
0.05244516107086383
0.051962013965749065
0.05111396349821007
0.05247734348085942
0.05178456443900359
0.05214271463410114
0.051878013313398696
0.05166398180881515
0.052638919949458796
0.05315915349274292
0.052065069394302554
0.05324673047107353
0.05212539209605893
0.05169734381888702
0.05207224343575945
0.05116841403469152
0.05231502057722537
0.052052036315217265
0.05240111939565395
0.052189997495588614
0.05318013904252439
0.0522791744206188
0.051858203105439316
0.05222468734245922
0.051994470652061864
0.051971897828479996
0.052643519768025726
0.05154449878682499
0.05214603651802463
0.05182149975189532
0.05272490226707305
0.051918965413278784
0.05209484130500641
0.052530779992594034
0.05132960548871779
0.053108865327885724
0.052262645824157516
0.05116653098593815
0.05213460814775317
0.05290344039167394
0.05275038645595487
0.05259420921174751
0.052009937549883034
0.05155351020221133
0.05287187120120507
0.05224512582208263
0.05197953925562615
0.05198743912114878
0.052870640025503235
0.052259281068472774
0.053661755882785656
0.05207722973682394
0.05353069825650891
0.051531375358536025
0.053383797265269095
0.0523694920775597
0.05205150529218372
0.051866071780750644
0.0516738278693083
0.05257274407449586
0.05217310512307449
0.05207252450418309
0.05153662487464317
0.05295302752529096
0.05174046304637159
0.05331986618693918
0.052092747118877014
0.05227736648521386
0.05272552908354555
0.05178008546863566
0.05240530134142318
0.05120936851199076
0.052302466949186055
0.051963772011731635
0.05229776650412532
0.051549234844060265
0.05239243603318755
0.0524191946387873
0.05291751786535315
0.05234020960961061
0.05221780630381545
0.052158733536998625
0.0519456315178104
0.05209738652592932
0.05326866062023328
0.051225166867880034
0.05191600000944163
0.05172056468290975
0.05177702907167259
0.05272991559650109
0.05335265552457713
0.05155361405923031
0.05192865782919398
0.05329992660335847
0.05253455183265032
0.05285942145565059
0.05320431027030281
0.05208689691426116
0.052205286925527616
0.052662944628536934
0.05211131063697394
0.052150760442600586
0.052401028931853944
0.052518041269649984
0.05256597546940611
0.05287030559338746
0.05278373214241583
0.052699909787406796
0.05243773159054399
0.05170701313909376
0.051528053047150024
0.052139706882371684
0.052595981484046206
0.05232159831939498
0.051131520283888676
0.0517912548930326
0.05151241486601066
0.05073091638769256
0.05371261215623235
0.05153785814763978
0.05241678744641831
0.05264147464367852
0.0518153054308641
0.05242078447554377
0.05214192861421907
0.05153807060014515
0.0532998502440023
0.05161973775102524
0.05085287868860178
0.05166385320080735
0.054069731044364744
0.05217590451320575
0.05214834179423633
0.05271212063234998
0.05188149411151244
0.05218774670356652
0.05261944863013923
0.05155164813186275
0.05227517371713475
0.05234529308472702
0.05287299024166714
0.05301289409180754
0.05144948963607021
0.05237737416609889
0.05281766374355357
0.051644357401528396
0.05357093544625968
0.05283009041886544
0.05317472018759872
0.05282953021378489
0.05255821541322803
0.05239752612214943
0.0517703564310068
0.0512030066929583
0.053956870033289306
0.05177570351952454
0.05161373701412231
0.051754211404841044
0.05133886532712495
0.05218452216104197
0.05202020372962579
0.05094165902482928
0.05202698305583908
0.05181721215558355
0.051486695800122106
0.051962659035780234
0.05243201994380797
0.052067114649617
0.053167458185271244
0.050890284441265976
0.052297759177236
0.05214932326998678
0.052391567260201555
0.05239317207997374
0.05168305238476023
0.05261460696601716
0.05244158573623281
0.05284001679865469
0.05264886382610712
0.0515263147863152
0.05169585924886633
0.05214132858236553
0.05092065114149591
0.05237549019147991
0.05195377947893576
0.05291999547807791
0.053079362001881236
0.05217977195025014
0.05380298869386024
0.05195811170597153
0.05205643420413253
0.05251855722417531
0.05156507680294453
0.052154556247842265
0.051743223284574924
0.05276469135969819
0.05244562096231675
0.05154301063339517
0.05137383389592287
0.05193840245556203
0.05249512174304982
0.05269421621960646
0.0515117283903237
0.05252757816015219
0.05093558214502991
0.05194275627400202
0.051543977850087686
0.051512569523765706
0.05137650108190428
0.05257660113602469
0.05149767089278612
0.052414266821870115
0.05146197936119279
0.05328913288212789
0.052573821256373776
0.05327520880382508
0.05137368914256513
0.05299944927355682
0.0516333325758751
0.05233738229435403
0.052714910394570325
0.05209590866434155
0.05195229937635304
0.05140016453151475
0.0523537120243418
0.05119454911073262
0.05107211938411638
0.0515339038829552
0.05187053586996626
0.0529516095375584
0.05230733026837697
0.051546411119488766
0.0517872824020742
0.052193735225955606
0.05194801378638658
0.052746311952432734
0.052749957312698825
0.05079551520611858
0.05252884047331463
0.05283655702623946
0.05168710381258279
0.05146934891854471
0.05284082626349118
0.05157064292143332
0.05136608996326686
0.05226495861461444
0.05300024565622152
0.05252854554601072
0.05375942125283473
0.05204693646192027
0.05226635965118476
0.05133069007752056
0.051650655987032223
0.051608795176434796
0.05283060935289541
0.0518776799835905
0.051726238807532354
0.052102319516052376
0.05191339511657134
0.05183925647907017
0.052490138359644334
0.05221456346771447
0.05205998928613553
0.05261234878889809
0.05161644477811933
0.05212783231763751
0.05049629742461548
0.052129999769022106
0.05312452858379402
0.05179827801657666
0.05198700994515093
0.05214948907632788
0.05254429239539604
0.05187954332541267
0.05293218586848525
0.051104128529914306
0.051695513426238904
0.051770506619504886
0.0521627909020026
0.052126530134046334
0.05222157365096791
0.05262005357508315
0.0508029321081267
0.0514492692436761
0.05236312710803759
0.052008135375217535
0.052225774868929875
0.052075014802539954
0.05235388190885715
0.05212071233836468
0.053124167205169215
0.05177582352371246
0.051876189099857584
0.052998367689724546
0.05223218456376344
0.05212511314675794
0.05325026797254395
0.05362936236815585
0.05305058135490981
0.05206498036204721
0.05167953306954587
0.05108458694121509
0.05209774634204223
0.05198448598457617
0.0532548018018133
0.052121703201919445
0.051319596326720784
0.05251362541821436
0.052342289196531055
0.05241577871311165
0.051971810577015276
0.05176369620130572
0.05142737247297191
0.05192989316310559
0.051498131280823145
0.05251402427711582
0.0513848578229954
0.05320448588463478
0.05242591167370847
0.05176147042220691
0.05341556335952191
0.05201830366058857
0.053271508835678105
0.05178184726719337
0.0529040409692243
0.051148280312190764
0.05111055632005446
0.05238248062050843
0.051342159504201845
0.051004412718612
0.052688304229377536
0.05180713984373142
0.05339250028009701
0.0539303123823629
0.05115774825026165
0.052319431270007044
0.05226929224045307
0.05171022106151213
0.051327137427506386
0.051628593009809265
0.05298922868678346
0.051303479114721995
0.05184604426722217
0.05224072177406924
0.052418417275475804
0.052105308741374756
0.05244309208683262
0.05215646423130238
0.05173518537594646
0.0513490568191628
0.05233182776282774
0.05160679731670825
0.052292670368842664
0.052296659307103255
0.051640157487781835
0.05067138245794922
0.05209057818319707
0.0517283578246861
0.053072579719810165
0.05342521437705727
0.052372789059518254
0.05240780464373529
0.05311065506612067
0.0517110066866735
0.05213864401412138
0.05210864571381535
0.05221197572245728
0.05122180151738576
0.05187160972127458
0.052124481511782506
0.05295630970795173
0.05189938274270389
0.0514741430979484
0.05237805442448007
0.052018091031641234
0.05246798433108779
0.05166723310867383
0.052975974653236335
0.052089748283833615
0.05205011772704893
0.052211379746950115
0.05133087048670859
0.05219429846329149
0.05140270993797458
0.05228872818952368
0.05138415042529232
0.05209483878206811
0.05136607217355049
0.05172353538364405
0.052438687042013044
0.051616087157526636
0.051986534361276426
0.05337289416274871
0.05176517748077458
0.0529277623481903
0.052108156591202714
0.051748741019764566
0.05145387998163642
0.05185341847209202
0.05230893139378168
0.052504210483675706
0.05247693925957719
0.051567393416917184
0.05378181544256222
0.05186948108166689
0.051501883386663394
0.05150139179204416
0.05322481299845094
0.05196151597920107
0.052498245118840714
0.051944724709755974
0.05191343362821499
0.05137408693735779
0.05203875686856918
0.05240134592349932
0.051288350028698915
0.05122817599294649
0.050517895237135235
0.0523252071452589
0.051517067913664505
0.051838894320098916
0.051795572941045975
0.0519963731730968
0.05172229999152478
0.05145663175426307
0.05049700875679264
0.05135566133685643
0.051717150659897015
0.05220720329270989
0.0516305886740156
0.05182389958463318
0.05028423845396901
0.051842725839378545
0.05173116581136128
0.051448140391585184
0.05162829412438441
0.05230737685087661
0.051609497822937556
0.05197748828322801
0.05092807855908177
0.05195390372318798
0.05197399540520564
0.05187812961776217
0.05168163621783606
0.051651062622113386
0.05158967548413784
0.05241968418158649
0.05217367700606701
0.051809059812512714
0.05332605362855247
0.052144515937470715
0.05123928841021552
0.05210552643984556
0.0514572796291759
0.05216815788844542
0.052515643770675524
0.051241643785033375
0.05218090286325605
0.05311219164104841
0.05200252878603351
0.052135567959339824
0.05186213165325171
0.052990286552812904
0.05168475081154611
0.052149663168165716
0.05234060932889406
0.05317156910132326
0.05219193654374976
0.05206519103739993
0.05207984519620368
0.05189236207297654
0.05210431058003451
0.05200313950081181
0.05213500868194387
0.05187596532778116
0.05249999462648702
0.052772825825741165
0.05182386381238757
0.05237088107242016
0.052818016838500625
0.05231128304149024
0.05339723100041738
0.05256336134880257
0.05246798807638697
0.051868542775991955
0.05201821419177577
0.05294844183299574
0.05208362973826297
0.050784528380972915
0.05170367826394795
0.052271467280661454
0.05256961102350033
0.05143566279366496
0.05209433373056527
0.0534142144897487
0.05301334607793251
0.05309971986207529
0.052389606962606194
0.05247711072297534
0.05275528140555252
0.05116537531648646
0.05149959903974377
0.0518830318505934
0.0510240178246022
0.05221589489156031
0.05177618190282374
0.052575163328583585
0.05109130291566544
0.0507452969904989
0.052600244349378045
0.05152047198134824
0.05263679366908036
0.05188702377927257
0.05163544258175534
0.0522909697938303
0.05176137252965418
0.051560997644628515
0.052072108190259314
0.053345374539276236
0.05194560250311042
0.053171633795500384
0.050270362524315715
0.05093741003474861
0.051482664446666604
0.05152285596159345
0.0532378791449446
0.05206179025117308
0.05179435600621218
0.05235331765470619
0.05244012231196393
0.05144276896498923
0.05158514687354909
0.05167274060295313
0.05092409693679656
0.05216118274256587
0.05170535963043221
0.05124040838381916
0.05225179610897612
0.05253329194965772
0.051697092696485925
0.052697706949402345
0.051170277343771886
0.051829819174599834
0.05326516452987562
0.05194627686068998
0.05200702964066295
0.05255850509092852
0.05197052116636769
0.0514416767982766
0.05161194669744873
0.05177076469226449
0.05194068630589754
0.052811918962106574
0.05225611109199235
0.051238928510429105
0.05216279372325516
0.05245414356249967
0.051388632877205964
0.052242466450479697
0.051793604930935544
0.05210764251205546
0.0521898440510995
0.05241637660583365
0.05128326684825879
0.05051347451626498
0.05187053382724116
0.051394969728789874
0.05233681480422092
0.05297596775562852
0.05140615462005371
0.05289730059666908
0.05365043755955412
0.051713962104258826
0.052854438799840864
0.05307828797776892
0.0510308486464055
0.05309836351261765
0.05340553301357431
0.05210302693376434
0.05074348000562168
0.05201096268683614
0.051774090074104606
0.051549570489441976
0.05229429162318411
0.05314973305394233
0.05132415682965075
0.052038393971088226
0.052967196572353714
0.052220587229385274
0.05103953609250311
0.051234424903668696
0.05105126955095329
0.05120262778291362
0.05206882571110327
0.051798127557049156
0.051760409405687824
0.052037727313290816
0.051606358521894435
0.05165994553317432
0.05189193854130281
0.051533939311411814
0.05219125622716092
0.05178039230668219
0.05356354964169441
0.051857293936336646
0.05219459936597559
0.051986022292112466
0.05185100147173216
0.050856690848377184
0.0524497806582076
0.05276932930973999
0.05334147484245477
0.052744487669770024
0.05237605481124774
0.0513627988530061
0.052503163444271195
0.05250590466675931
0.051936148236563895
0.05102556689234916
0.05152371937947464
