0.052239256037864834
0.05240235988640052
0.05196197598161234
0.05277826728342916
0.05387647618408664
0.052822390409346553
0.05273373603631626
0.05233955420408165
0.05301903402505559
0.05364987029133772
0.052206004766048864
0.052475734630206716
0.05289081770570192
0.053048136262077605
0.05322479105234379
0.05261578574209125
0.05279070276446873
0.052402373097720556
0.05200664025323931
0.051908689567426336
0.05207998294099525
0.052471800556304515
0.0519552945788746
0.05265014873111795
0.05188004082447151
0.05216022280001198
0.05312493623387127
0.05227450294296432
0.0530765503172006
0.05264988329690823
0.05247520029297448
0.05164930635692144
0.0516079736444226
0.05148809385718778
0.0533073711412726
0.053313472264562733
0.05220050508796703
0.05309054099780042
0.05273881416178483
0.05238992764316208
0.05202180554624647
0.05213205992549774
0.0524739139364101
0.05274739228661929
0.051943991415100754
0.05250094662551419
0.052401148019271204
0.05128055150635191
0.05275778461145819
0.0530959901989263
0.052763761930691544
0.0524344950044906
0.052629644587796065
0.052546355547747226
0.05212425605895987
0.05153189351767651
0.051939285953267245
0.05176509864577383
0.05151728713462944
0.05240253821830265
0.053643489081878215
0.05200479813174752
0.052959167696826626
0.05164979806068004
0.05263769406155916
0.052091074649069924
0.052303689013569965
0.05274068739709037
0.05096022996985994
0.05170051688401145
0.05255616419708531
0.05226983889588155
0.052237848334698356
0.05272797203360824
0.051836433847711305
0.052738116019099834
0.05225016973054153
0.05258703971776413
0.0523610914224264
0.05247517111092748
0.05238113319319382
0.053671745294195716
0.05183028654937516
0.05284132214728743
0.05236481028077833
0.052986483788117766
0.05292321314118453
0.0531755376887304
0.05270292065688409
0.05218457573755586
0.052770552600122755
0.052878996732033556
0.0520696534858871
0.052056179902137956
0.052829285228654044
0.052630355676228646
0.05244353513808164
0.05384691915605799
0.052105106891758624
0.05249730939249275
0.053587422233249526
0.05269176668844011
0.052357240667333826
0.05231918487879739
0.05298634191058227
0.05250660117235384
0.05232097822226933
0.051374336151639
0.05197234441584442
0.05242827220536128
0.052590055702239624
0.05308074002277863
0.05163536107284017
0.052053884359338554
0.05251686396695732
0.05314112147243577
0.051938184597020154
0.05218039408100594
0.053137993383643334
0.05085331676855276
0.051918230805313215
0.05234971105346631
0.052307164420199115
0.0533427008685976
0.05212349048269971
0.05219558251701528
0.052513428154270514
0.05225365464866627
0.053246475757987355
0.05225459605753713
0.052295111750936485
0.05362223758856999
0.052451527433731826
0.05092493311894941
0.053446116669874755
0.05192813496796589
0.05238309236665373
0.052660976029073936
0.05189053361755214
0.05281763294078701
0.05363593405127176
0.05226472527283477
0.05272799810154538
0.052454254237090936
0.05290521765346057
0.05272609298299358
0.05217809057830891
0.05187517933882191
0.05161335104639875
0.05214432659522572
0.05287053916254081
0.05341996933748305
0.05327031334127241
0.05215189917362295
0.05186337372106209
0.05310317058865621
0.05232634210733522
0.051988312205139664
0.052768726456633885
0.05194187949382467
0.051837921995684155
0.05084209048982302
0.052662759300801554
0.05306774040036544
0.05279954337675008
0.051754917645666865
0.052814749817116535
0.0523303163536184
0.0527157070391695
0.05187445380761346
0.052031190896741464
0.05365141750917246
0.05149909522697271
0.05337807869364042
0.05272874615184264
0.05370109325303929
0.0529760603003524
0.052721769017807674
0.052984401338108
0.05303838893814827
0.052585949897547835
0.0524432023303234
0.05290004109338042
0.05327187281000079
0.05143398303516733
0.0518756218971248
0.05269854913422023
0.052997612259787275
0.052522986799885985
0.051077648506179685
0.05197926389701024
0.052778261315324926
0.052562895323717385
0.050898301300549065
0.051906091764976736
0.05296210019150749
0.053089122513483744
0.05182261500704044
0.052232086134608835
0.05148190039835754
0.05273723564278043
0.052679062782772235
0.05309092109746416
0.05329436968895607
0.05233202076306043
0.0520420738557732
0.0522353291798936
0.051800130158881075
0.05350924270533142
0.05239970824732154
0.05271206473298662
0.05164265258827072
0.052281985565059585
0.05151032939829747
0.05324449977160839
0.0528678094924544
0.05372791621630313
0.053908232526737265
0.05282965089099889
0.05204701105685672
0.05210578639889718
0.0529583353036287
0.05292741289304104
0.05288371162532712
0.05222187690924329
0.05230152891999751
0.0516465830605739
0.05400489522253338
0.052395311797226896
0.05142310086921498
0.05264577641173673
0.05266826596198371
0.053459980748812086
0.052935439211069024
0.05198178142745746
0.05349180680605059
0.05147936889989069
0.052080271334489225
0.05326376278208045
0.05162643779658538
0.05234071807899454
0.05112095404365391
0.0519166437061358
0.05241071559248667
0.05234843064863526
0.05198684724018676
0.05248293189652031
0.052758079684281256
0.051447898889819044
0.05193663229329104
0.0523531018588983
0.051979129673782154
0.05302685485185066
0.052137917387881316
0.052792382155530504
0.05129444203703315
0.05281229136380716
0.05246916562282422
0.05242225706751924
0.05279669128685782
0.05209400816238485
0.05261052511013986
0.05207516546761326
0.051477597440680256
0.05290311575299711
0.05280799557658611
0.051965083061077166
0.053818400449017645
0.051276998909088434
0.05152093405740743
0.0517779094116122
0.05230992895303643
0.052709754287207033
0.05199567677846062
0.05311921431530209
0.0525548352907208
0.052224643650333746
0.05174239799453062
0.052825405946350656
0.052533604412019486
0.053076569271070184
0.05235671678929066
0.05147111912810942
0.05311811471256078
0.05212753068190068
0.051571314137618174
0.051841540103851
0.051932435080743744
0.05265320758189773
0.052032157329449547
0.052436890720855445
0.052097544405114604
0.05208888655943156
0.05301437303569401
0.05134528246526315
0.0528138712325017
0.05335913644739776
0.0522273049755313
0.05219751623917546
0.05248567373928381
0.051931391293692286
0.05304027014608437
0.05298650724944309
0.05191777760410332
0.05210932804038748
0.05265714416236733
0.0517449603867135
0.05259052051405888
0.05207461848112871
0.053054800617246656
0.051902772745961556
0.052374558359588264
0.05329592697307817
0.051235324623121414
0.052237146484912955
0.052348440482091974
0.05279896955289587
0.05202419007946446
0.05182183075521607
0.05149437916588795
0.05144843026937451
0.05188890510908095
0.052192570894476376
0.053715597901828005
0.05303945745436067
0.05151584806117171
0.052373787981196074
0.05245718983496772
0.052571213362170965
0.05249375003040768
0.05262214113645314
0.05230011029379966
0.05283754619813408
0.05231513175931468
0.051835626381944166
0.05167636161422706
0.052944932809623424
0.05235143935351516
0.052891024031850975
0.052414948515433935
0.051431309368126676
0.050896964628918795
0.05246463378898625
0.05187623660094687
0.05214845389127731
0.05202514247139334
0.05317488962828065
0.05295661327545531
0.05150726851024956
0.05221737473584653
0.05234428484982345
0.053171654068137286
0.05229450790830015
0.052873714983434184
0.0518819026001438
0.05085418981434486
0.05074241264264856
0.05244203446454776
0.05214566528593423
0.053113400950678624
0.05228310541315295
0.05299091757842689
0.05259464148184634
0.052313585960291675
0.05337925571075175
0.053148748509556754
0.05272832883929368
0.05241408897018118
0.05187783231303911
0.053586881958835875
0.053082740798345185
0.05280012787443411
0.05253225126944017
0.052116117029072484
0.05208594094256114
0.05267510579142254
0.05211714956567448
0.05258625347414636
0.052624713387558586
0.05176167188255931
0.05294129592948593
0.0533153968553961
0.05268910906306701
0.05344987864191353
0.051287814234456164
0.052494808378469315
0.052898700883815764
0.05197176430192485
0.052430438070587115
0.05218738580333593
0.0522972978924372
0.05241068245959468
0.05365998964407481
0.05198548858606955
0.05212047852000978
0.05263794988968584
0.052620738482801244
0.05256957941674045
0.05183243373903679
0.052247929850636865
0.051596746021459694
0.05215275708360423
0.05231891661605914
0.05208461841357348
0.05226935215796402
0.05183155698068731
0.0519092218055448
0.05312294670875417
0.05401540823186224
0.0528140066890046
0.05274736221508647
0.05336266771701048
0.05283135600257083
0.0527034942570026
0.0523260146001121
0.05328972429560963
0.05242949744933867
0.053649991832571686
0.051931217010860564
0.05158805985774961
0.05263703931996133
0.05140222434056341
0.05175429149858246
0.051891588538637734
0.05253772051401029
0.05235642911793548
0.05241774572277791
0.05310276066848019
0.05274536001888919
0.05163896798512724
0.05292684528103564
0.05154549563667388
0.05227389606261568
0.05252280742206494
0.05159586427726026
0.05260490301407117
0.05251407240757544
0.05219794626282237
0.05219375300112006
0.05261506854549225
0.05206002245176933
0.05202269948313187
0.053107860796444584
0.05294474108814029
0.05189017177144706
0.05234521776037582
0.05281005739743705
0.05259393794221978
0.051723289927394944
0.05176471672166372
0.05293493249882886
0.05189123526906769
0.05250247890398896
0.05182971041358542
0.05117901863013685
0.05146101469290443
0.05284186302924354
0.051749253216257785
0.05261565197906748
0.05215290172236564
0.051781917849439196
0.05270172844211629
0.051641906840814045
0.052354226923853275
0.0527502445220307
0.05169811727682827
0.05129492750529607
0.05241038801614195
0.05288776514680649
0.05211520140983339
0.05269705485079612
0.05321028193975508
0.05240028891785187
0.05243457652068173
0.05293106569479278
0.05218693125061691
0.05273743192265101
0.05133469579232042
0.05185912838715012
0.051960233167847036
0.05230678328007343
0.052774710344237974
0.0529369394571404
0.051903397719797795
0.05201032748482248
0.052562320675860974
0.053004195800895104
0.0519316865465953
0.05292567744800181
0.052268296045440366
0.05219359013608482
0.051749838137766346
0.053293672084691934
0.05191676564390946
0.05248609066438803
0.05306179340186645
0.05194641107300413
0.05294708095789247
0.0535328486112121
0.05125636749107798
0.05232195488315483
0.05221678973612143
0.0519297495156934
0.05053755880362587
0.05237377801495313
0.052775105581531534
0.05267486215416284
0.05246861982595874
0.05194001242853119
0.051198724711866817
0.05231036774603126
0.05284858295271988
0.05243368512310553
0.052136041444100556
0.05302625960939622
0.05220779292358202
0.05187948199636594
0.052417446346225915
0.052055093521630624
0.052314070793727296
0.05271793253632495
0.05266412300625234
0.051405819149294985
0.05225957575930806
0.05248520430723147
0.05298600521200569
0.051042142518781475
0.05286019175036927
0.051962746041681385
0.05142404299840564
0.051760721782557084
0.05302333603685838
0.05309835372281668
0.051558634761022404
0.05268032651474641
0.05285621999792056
0.052129323141343775
0.0518524089238781
0.05220454783557216
0.05213893175641715
0.05196732919830538
0.053152943813984166
0.0516646308478812
0.05319305189186707
0.051339975543669425
0.05228137359699758
0.05267777885819669
0.05229822897854319
0.05201981255231658
0.0519869441359333
0.05324521586953779
0.05230621800365043
0.05197956113261171
0.05225791540033242
0.05318888281726686
0.05188065036418266
0.052229276043362916
0.05141581361385761
0.05309004047558119
0.051507187405150034
0.05203415658797894
0.05118487973777519
0.05185219245322514
0.05106525286100805
0.0531882427239907
0.0521126182648004
0.05211453032461577
0.05383403182531765
0.052519880764521076
0.05154021707494394
0.05210506039475149
0.05304089365017717
0.05326869601776707
0.05203625223111885
0.052942266020181705
0.05341509603204031
0.05230605419819767
0.05329225137575122
0.053080872907230514
0.05321976638879278
0.05185911936314369
0.05222281732130796
0.0532789011940622
0.05362445639366342
0.052428691769819125
0.052275117008321104
0.052600864135456504
0.052485408830762026
0.05108481290881173
0.05200266872088832
0.052038552159501705
0.05119936658957158
0.053045533242766396
0.05281767644919455
0.05166428415213886
0.0534959935102961
0.052262089022406144
0.05335214739170624
0.05193647185660666
0.05237942090934666
0.05243418583813764
0.05108816364008817
0.051902202829296584
0.05379887329218036
0.052987508053774945
0.05307942950821598
0.05299347887012118
0.053078842616741895
0.05292472322071262
0.052287237405835185
0.05328030172495346
0.05211922932357993
0.05220923928027332
0.052466525994532276
0.052855092344543664
0.052402199211428524
0.052177611976730986
0.05361098743742332
0.05240766050701495
0.051775952302705264
0.05195720648771385
0.052540480452080374
0.05174259488012467
0.05207995034652413
0.05247831543056236
0.052217808213754324
0.05234355820903147
0.05354119005824032
0.05188545178680215
0.051493171900801826
0.05295650517655304
0.05258949010203651
0.05308683768271294
0.05127990142318595
0.05159255249236594
0.052649406128693954
0.05220982438913779
0.052109281403318164
0.0526348444091127
0.0525405147964193
0.051747723620792385
0.0524888724739867
0.05241855117492378
0.05239773084758781
0.05232115998660447
0.052033147992915474
0.051980221302073915
0.052832906801995705
0.05283528341897181
0.05233046613284387
0.05186882838825113
0.05272110087571491
0.05172607373606297
0.05230338253750233
0.05174919709497772
0.05226433514508244
0.052684403979583294
0.05206924070989771
0.05182244543539127
0.0527493401132233
0.05113683715353545
0.05196292028631433
0.05209705190100067
0.051468062521962565
0.051365801142310374
0.05226110539479123
0.052067842341784853
0.05264991184412793
0.05179004319325031
0.05293795977559057
0.0517450900933909
0.05330241965566529
0.05159091481255018
0.05269509714707965
0.05261392067768611
0.05203180758144299
0.052277782962846686
0.05268864444042265
0.05133920536718506
0.0518251165667607
0.05252822768306942
0.05269882646825863
0.05241468473650457
0.05250951019479544
0.05289024117337249
0.051980622603878146
0.053062373504872085
0.05244857461002539
0.051693164081370924
0.052520507753797574
0.052295133920779335
0.05236715697537875
0.05194181779916107
0.05079970899714681
0.05187039644988545
0.051884201433495036
0.05294223712553503
0.05234507058048621
0.05254747478647914
0.05264725767483469
0.05270810826368688
0.05084475646071951
0.05234675841893477
0.05301003217573452
0.05194775188465428
0.051823476522258716
0.05185805808105215
0.0518074878018524
0.052221815813027206
0.051992886006701156
0.05246731222541712
0.052511480505927466
0.05219841462348995
0.05252273177393363
0.05286891562900564
0.05247824913385557
0.05220566712705477
0.05311106298722734
0.05260719111538492
0.051048679524683394
0.0519156346708769
0.05272561230958672
0.052642158700109576
0.0516066731979663
0.0525900182328769
0.052658384844107786
0.052044555197426234
0.05240817118101404
0.052350355181260966
0.05168262583902106
0.05251422565925168
0.051869379241907154
0.051948766375062405
0.05189240910294757
0.05251215306998347
0.05277313389160554
0.051540479238610715
0.05218597150451387
0.05169239160568395
0.05212484909679915
0.052361245499923825
0.05270551427565806
0.05326564113238419
0.05295151474456361
0.05370074604797992
0.052617701250710525
0.05085857245285297
0.052178439049384906
0.0516578738042881
0.05295622367520991
0.05138825186986651
0.0526839618505619
0.053187006851658225
0.05325185330002569
0.05250463594165922
0.051902625447837636
0.05321088356322434
0.051895070224418305
0.051944556336820824
0.050979588346308446
0.05161392888294358
0.052722068889124785
0.052063195769733284
0.05262530750223959
0.05316695096917101
0.052357731790834805
0.05252003026907914
0.05268019493632892
0.05220670583912579
0.05228995104880596
0.052402941197215114
0.05278484741029388
0.05288679209843394
0.052540026839778875
0.05205328615375038
0.05149933392749517
0.05181515327785746
0.05248490787744231
0.0509486566807027
0.0516454736552987
0.0516829274729389
0.052021060551851406
0.053116831559236743
0.0523324543810304
0.052543807643814944
0.051506638832506724
0.052377507932760636
0.051370930654229596
0.05204523650354531
0.052472028488409705
0.05220472342807625
0.05363282153484761
0.051902126127970405
0.051703007806281676
0.0526599886634358
0.052880301536788465
0.05227489655953832
0.05268108830750862
0.053864132532908116
0.05326815217085823
0.05295021259917121
0.05354747957244399
0.05275934265591786
0.05236025998419791
0.05377136751667422
0.05276143168157432
0.05292304868453357
0.05202875883151137
0.051532164030504646
0.052414339645110886
0.05341154155576078
0.05219036048765702
0.05235612785145349
0.053124361409572884
0.05194483271770878
0.05120188075306942
0.05256593658850761
0.05245176080825331
0.05162837897114514
0.05206856391305337
0.05295568974906928
0.05304670177065418
0.05116868341610825
0.05195263144378259
0.052794473982430645
0.05216229405050399
0.05169104331980634
0.052010998862897395
0.05186061037966283
0.05172989428319852
0.052291788244474446
0.05234032777843822
0.05259968120662961
0.05255712975849747
0.05175749787304085
0.051865271669157664
0.05227763793482154
0.05221130069185165
0.052125156678812345
0.053106462764844764
0.05192189658009738
0.05298522867451538
0.05141854116482136
0.05231339479905728
0.05236821170001349
0.053159150871579186
0.05217693603844964
0.05319135770878347
0.05224968087350135
0.05235267450552783
0.052879885472066235
0.05192963542322104
0.05243884045921732
0.05198626092533232
0.05182806785705907
0.052428152132051764
0.05261018750934454
0.05322093717040843
0.05059126462765562
0.05216110875517188
0.05209176138851035
0.0510683865431929
0.05096017825053423
0.05277828372527438
0.052078745309700025
0.051738276883043
0.052403923031306476
0.05239148581313202
0.05317303271658602
0.052793274944633595
0.0525104690605076
0.05240362641961838
0.05278205427748617
0.052685803899294115
0.052857762084386195
0.05266127899994899
0.05131476763381215
0.05269747507554712
0.05133338033374457
0.05254778606649779
0.05258684578438988
0.05192601157250465
0.05256751029446605
0.051694068246433744
0.05088434940807929
0.05185930594780075
0.05210360204000608
0.052227257529011695
0.051726379428146174
0.05136163962561113
0.05194530422704702
0.05335325215492048
0.05248289688461227
0.052770574406167725
0.05262782541103661
0.052578339351384784
0.051392210098129
0.05203973899187986
0.0535308780381456
0.05261739078196115
0.05293365660509153
0.05210342312238936
0.05175016203247651
0.05244212115940172
0.053584186996886274
0.054294208053761395
0.05118340187254944
0.05120848507795017
0.05185758037077903
0.05152005450145225
0.05254635279561626
0.052765666692721425
0.05300016953879094
0.0527890781777387
0.0520747021673742
0.05240041858269251
0.05172929430773365
0.0535685874747287
0.05239849960889842
0.05137518093579274
0.052053124010853935
0.05204128669174679
0.0525365423218318
0.05297588940993592
0.05187849575304426
0.05300589835132996
0.05222802075513755
0.05109462356995209
0.05339639480735059
0.052775990498048486
0.05227771961654071
0.052046724153115065
0.05262678959297773
0.05227409147119033
0.05256848200951936
0.05104558353377797
0.052019521441252436
0.05198815414951241
0.052048332005142584
0.051996875401528087
0.05179365072581277
0.05291890348416928
0.05145199137587042
0.05227181912596279
0.05219100747490302
0.05240747482639563
0.05262033718645398
0.05241672865122382
0.052070122572331456
0.052439581137150526
0.050916657941343146
0.053812833701158524
0.05237270102770708
0.05304379134395276
0.052690679802253726
0.052826355768047506
0.052742591595233534
0.053869217987084994
0.053798152761373785
0.05125540604785783
0.05262961728476512
0.05269883777509676
0.05307162130884535
0.05157621800026391
0.05120520537093398
0.05117493437137455
0.052295964869699674
0.05160916170643759
0.05166258708231908
0.05254422920734214
0.052213696981198154
0.053117598574317526
0.05276012854301371
0.051690317448446876
0.05227147363075346
0.052723002427228494
0.051662583768120385
0.05306453658886312
0.05085009719005029
0.05161037355537701
0.05291295131610241
0.05315329789664247
0.05262252240208909
0.05206744443421485
0.050973392942978535
0.05211171374685364
0.05236101664559101
0.05151253374242515
0.05188221520802472
0.053145566385865095
0.05168597927877272
0.05367882442988048
0.052391028502825066
0.05220796678804618
0.052304406723123975
0.051180441934775445
0.05199502021059743
0.05284408386432915
0.05220122743412503
0.052244541691834456
0.051798150403556065
0.0530823358494672
0.05268387301475741
0.05200455322301423
0.05260532194370171
0.051601471517642494
0.052108161438809475
0.05221670174614701
0.0521215402186499
0.05124705192793044
0.05209391258540563
0.05321200887010491
0.05254592561686877
0.05165724565995333
0.050879576498118695
0.0522794522184995
0.05181371791877609
0.05238960864517139
0.0515306787146983
0.052269479654569295
0.05269631444753031
0.052388706086276216
0.052713958257299964
0.05225043217615166
0.050983022800210165
0.05115308672793617
0.05289500679646153
0.05217214518961555
0.05241066667440464
0.051077440915832995
0.052105804619714036
0.050680893338721944
0.05129257408043486
0.05270378432032885
0.05159244438982569
0.05192273363718414
0.052186180189892184
0.053230146164423786
0.051081416464512586
0.05272825669271697
0.05151798243605299
0.05231651853682706
0.05319147397494817
0.052070922318307566
0.05247276420232083
0.05128384720410395
0.05363994175058906
0.053308267295506084
0.05214110745691869
0.05348100111223175
0.05314510296739172
0.053346460930697503
0.051814731259582913
0.05134027400345076
0.05269376336946152
0.053193794565231656
0.05264478998105915
0.05321870103944093
0.05254764803976286
0.05140239612046571
0.05228961615648586
0.05212704649056832
0.053064955871377606
0.05197203050556709
0.05277610915618425
0.05253138813350233
0.05271782077397802
0.05274630093299493
0.05204778358893236
0.052136057456664275
0.05295809276867658
0.05368627127609216
0.05269367844630324
0.05243725849140901
0.0532119325343956
0.05222508850238228
0.0527156500829733
0.05370153160401969
0.053200649956124835
0.05227456726061064
0.0509884955099551
0.052750350843780325
0.051817682084219996
0.052471707329459605
0.053155406400037464
0.05235498843467212
0.052747106448805425
0.050536975384602556
0.05298337970089051
0.0512565336030093
0.05230568357183074
0.0526361519623606
0.052945331035516574
0.05295652449967747
0.05270010005187942
0.05171226521451899
0.051944455877674045
0.0515162094252446
0.05311962650739588
0.0508592689930083
0.052797145743170404
0.052546331700796145
0.05338967214811419
0.05260214207919489
0.05151931321597658
0.05200529813555477
0.052835100250376854
0.05285766819906712
0.05182782656083873
0.05183833779483393
0.05239948241978709
0.05310871087749547
0.052885404065818875
0.052819800352153834
0.05342473275049997
0.052543141382557224
0.05266637533350149
0.05086287209633156
0.05251448314811569
0.05150560018773831
0.05273056087389705
0.053133984620217234
0.05230664531336515
0.05094487360656785
0.052331451823192765
0.053068348996021086
0.051317468298293534
0.05228366033952625
0.051783274648187216
0.05282788123622595
0.05185433971018938
0.051214926614193246
0.05288080675927631
0.05205542271505692
0.051350055375223747
0.051566685064244666
0.05313110391944065
0.05214428390536341
0.05230802230289555
0.052191643244441366
0.05129943533393089
0.05149046869337326
0.05316310832495219
0.052193366307619726
0.05256431108136894
0.05194647954158427
0.052705235588291544
0.05133088006004982
0.052161090623485507
0.05212741134710086
0.05207852028979687
0.05171785584570898
0.0527066867598478
0.05118829652383283
0.05289229500158399
0.05276888380103628
0.05244579239843006
0.05229551453885506
0.05189803848588781
0.05304794662879431
0.051975710468468606
0.05233633655188896
0.0526541875951807
0.052849432515358785
0.05308929632155923
0.05251918115573062
0.05225346357838134
0.052499570898362435
0.05311209029605379
0.05150717903597979
0.051675232003617566
0.05178782992697961
0.052476460883553955
0.05284721222415101
0.05159872210060712
0.051437559182886616
0.05344030492778984
0.05263257445585623
0.051751317994785495
0.05356117532028293
0.05170180460663687
0.05219192312142695
0.05270174786892312
0.05279281869661645
0.05145093975625059
0.05211776990108774
0.05202887516315968
0.05224693445416051
0.05372231443288911
0.05360266585012141
0.05287838017829927
0.05292011008350528
0.052022492012838484
0.05100322330144991
0.05199987438572862
0.05190403709093516
0.05221142216214503
0.05173604225637973
0.05183111887345149
0.05237084907457756
0.05170103855925845
0.05184511753941479
0.052922555500117596
0.05292220388218993
0.05256504919088911
0.052078555832849815
0.053170501507338486
0.051360018504055915
0.0534795382500306
0.05117672509550175
0.051616035929328064
0.05322223355688038
0.05222296634565282
0.05252654779360455
0.05133309260236274
0.05176903101892094
0.05299635620940535
0.05178084678846062
0.05185283583159617
0.05226421782026591
0.052435751242228434
0.05166383689902432
0.05252798632864142
0.05261516390964971
0.05202948845362698
0.05300697073653282
0.0523914530986076
0.05308831084767007
0.05098600285782595
0.0518937051838293
0.05199799970614549
0.05264252399865654
0.05219291203866305
0.05136025687534129
0.051138759874447715
0.05207463637634646
0.05297064478691027
0.053831864688618225
0.051862049444025615
0.05193594363845477
0.05150955148565117
0.051818210840792744
0.05219136166306271
0.05120422259278712
0.052969849079090636
0.05162198819743935
0.051686307806448895
0.05374122873035958
0.05194027287507197
0.05374122945431736
0.052725056468261755
0.051832629562341026
0.051741455048613716
0.052068158287511324
0.05206209290008701
0.052723655811860226
0.0527853862477059
0.05196960628563829
0.05242858004567097
0.05170402626936266
0.05300912012899062
0.052036871577001875
0.05141753602947574
0.051879837143133045
0.05233077745833725
0.05232223485472787
0.051313089848918025
0.05257485033507692
0.0513764094466751
0.05156074797741894
0.053247837042363244
0.05281448433561309
0.053061028294905555
0.05307883982641215
0.05303279060899513
0.05259728539749631
0.0524619319166959
0.05279149535635952
0.052140847914415644
0.05232363213690405
0.05258373384276638
0.052156194380586385
0.05125878093531355
0.051715100553337834
0.05397959894980886
0.05332337434265355
0.05171434265685093
0.05250128477018734
0.05270631854000385
0.05234849359476357
0.05312808331291308
0.052201396498276154
0.051590060069429455
0.051884912869354594
0.052280496627645334
0.05316775206665625
0.05257650336716324
0.05338375860992528
0.051813245938319596
0.05106422477547312
0.05164624284225283
0.05217896872636629
0.052768018296774244
0.05298528019739024
0.05141927761360421
0.05038865293499839
0.052049511281438754
0.053738548969704425
0.05271959540732496
0.053472945490284474
0.05341538599896012
0.052300408879091265
0.05272688049626595
0.05146000383501814
0.05273852242498833
0.0537739563787909
0.05310837214346975
0.05230766680506349
0.0518313095853955
0.051998209824887454
0.052288048527771025
0.05184576592000667
0.05276797268015798
0.05343406227802916
0.05236610610700154
0.051671828112375806
0.0515742169591249
0.052266623579271254
0.05289514387004601
0.05159235399332829
0.05290403800972854
0.05195404720689112
0.05249736238329206
0.05215934869920602
0.05273818229761673
0.05280529750780261
0.051334233137822594
0.052644954424977186
0.05120102241198765
0.05199013988567458
0.052165401617457974
0.05230584346645628
0.05192422378058836
0.051214745559263974
0.051549925203289604
0.05195353248564061
0.052938599066692404
0.05164739711108268
0.051053080132987816
0.05287018115086539
0.05283886031611473
0.05145328577600594
0.05181029436971585
0.052542695146257756
0.05198170577205019
0.05233182788833801
0.05278297857330472
0.05243874633742962
0.051925780875535565
0.05197596156358486
0.05302395079343114
0.05254144214268308
0.05118548815335089
0.052027758063559304
0.05092837683696416
0.05192110145435436
0.05221266776970879
0.05339363945131481
0.05305574754856934
0.052014076560226385
0.052055418644158635
0.053300345583920716
0.05324482031392108
0.05221025271566759
0.05266458326332213
0.052929790084817796
0.05159677626397752
0.05253941082810343
0.05077857994365331
0.0520529897439701
0.052468679066805635
0.052720868960022926
0.05188950562478567
0.05135008207798819
0.05258091370524198
0.052964787482778775
0.052708489844008
0.050819516047340585
0.05204035434690013
0.051849008073986624
0.051998674463902717
0.052369559793078224
0.05230142526670534
0.052956146755605005
0.051920187410360086
0.051886732388084056
0.052427471653572866
0.05235509267731686
0.05313050033146283
0.05289662948598561
0.053519185281402315
0.052807324571404024
0.05205028608361317
0.05174540395455551
0.052559260782800266
0.053778828238137066
0.05193147349382343
0.05265689311090682
0.05258860025605827
0.05275446359337366
0.052914921074261656
0.05235345147048065
0.05306854190712329
0.05332573424311704
0.053061838105350034
0.0519025337525818
0.05302741260857147
0.053842935396460234
0.05072203797499242
0.05165124070117599
0.05139253536253818
0.052326255758089246
0.05362446982326219
0.05224321128844167
0.052059193378227064
0.052322506313430495
0.05233333284013497
0.052293517321231775
0.05217379133137001
0.052237199761293596
0.051114317428073264
0.05241067103634123
0.053195942271486274
0.05161566591596056
0.05191935599395947
0.05211579617935058
0.052416256759897806
0.05219662136551051
0.05179445335670607
0.051998133518281975
0.052642233937149285
0.05179135211437824
0.0530396272042708
0.052138890236165025
0.053110003491383395
0.05234136030594527
0.0521313476110663
0.05195906863991695
0.05188958726466808
0.05171554100161302
0.052949028337025084
0.05231769386045926
0.05300262709897652
0.05246836873811844
0.05136439700254414
0.05333071743189066
0.05198954616571427
0.05056718613195699
0.051767551518423716
0.0522060822986532
0.05221352727676276
0.05189676354166295
0.05097600746921671
0.05180861536791781
0.05299359473428922
0.05146959924604744
0.05255127629607159
0.05276685076569265
0.052394650543647
0.051290247747601825
0.0518413804093143
0.051477915985742584
0.05238366515550297
0.05198151031981979
0.051726678206250654
0.05123978219126002
0.05206830623501446
0.05303070779518748
0.05162069754260301
0.052993708986832644
0.053418393317770096
0.05204476284052362
0.05230260389362229
0.05199144862854155
0.052380551269379794
0.05190281762588711
0.0517525757313706
0.05224138329685957
0.052031323066330515
0.05155317711978569
0.05135635815167916
0.05286590823197912
0.05145308306782681
0.053026813113319804
0.05230315031076316
0.05332977845318965
0.051716856034545344
0.05190394224700867
0.05140551651311398
0.05283982978653512
0.05303547413313936
0.052308122501926846
0.05169206138998561
0.05123791543337575
0.05166149862270686
0.05321450979135989
0.052561752789188176
0.05191149876191048
0.05237185318401316
0.05181049540806271
0.05154906447205576
0.053214048046356766
0.05271913533033512
0.051829606545652496
0.052070763771553175
0.051658266593221924
0.05242020072728337
0.05266285513971525
0.05191882877443277
0.05224308756987739
0.05256679155900201
0.0527846130044054
0.05217028060906159
0.05215172096177412
0.05270676506552263
0.05022208477203094
0.05224886084579339
0.05234865874990646
0.05332441496284446
0.05323995646358526
0.05192283296310052
0.052245821765609435
0.052766175394936
0.05183595754169801
0.05168866322492249
0.052623054907599
0.05287442054577696
0.05273792256230081
0.05291214714634407
0.05200675967535062
0.05283556881477125
0.05273626920461538
0.05205766346261953
0.05245804009427957
0.0517561661581567
0.0521313934787031
0.05315274136046355
0.05143444232271577
0.052698198462167056
0.051122594233675045
0.05267517528045573
0.051045466207142454
0.05313324344751891
0.05092110709483677
0.05350256125893793
0.051610720836833934
0.052098218686296605
0.05336180596714257
0.05197531341400463
0.05182246834556281
0.05137461393496778
0.052531281231495086
0.05149554581657867
0.052394880052816006
0.05421884232418961
0.05311329590949754
0.05250767109646404
0.05168807740119519
0.0528589032637683
0.0516851823667821
0.05315051971228968
0.05275685885499115
0.05181549486769654
0.05119204262518906
0.052081572664974374
0.052296899282737286
0.05287715712438512
0.05307929039008741
0.05180419105818146
0.052020075292602996
0.052444705013840576
0.05245637231382716
0.05224772145629686
0.0526501692365855
0.05308360894196085
0.05057737810238905
0.052767714694709866
0.05215695834158396
0.05140564805151371
0.05136699793001753
0.05287823577054951
0.05242336333139974
0.05216509240017331
0.05165634377772221
0.05168625207261357
0.05268341995179071
0.05081877070006158
0.05208212942307
0.0520600564286724
0.05084145106229698
0.05199976462063205
0.052637265627708985
0.05219320008109207
0.053602205489369226
0.052373027603607625
0.0526682134695875
0.05203971846094646
0.05231247623851232
0.05248293748627475
0.05163897268175788
0.05108638150340994
0.05161765101729543
0.05315004564545234
0.05258044963920838
0.052329068656035815
0.05203493370572687
0.05224973640179087
0.05272927606893063
0.05280742605646083
0.052142323283987935
0.05143781849255902
0.05186287689502933
0.052190433805662906
0.05154211736225989
0.05167716563664726
0.05275665468252555
0.05212691097949573
0.05143767652589304
0.05293067844650068
0.052278335289884126
0.053305683857615804
0.05325575896677037
0.05183606586615497
0.05166430788085563
0.052395828386579524
0.051381365354245645
0.05325408134740428
0.05140289955852495
0.05310839969206427
0.051122802156896796
0.05059654381329892
0.053044640513689956
0.05364076977275545
0.052532764932038845
0.052906485076164245
0.05262284658419958
0.05242315480427351
0.05329013273512828
0.05223973330066656
0.05324766469675524
0.05235940333659528
0.05190046761163103
0.05224882271068054
0.052570337891665986
0.051794634406178375
0.05327762984052242
0.05226543778917403
0.051568984184996225
0.05374098574066011
0.05142629572219448
0.05194906388533127
0.052498275059406296
0.052191643280821154
0.05170799140978488
0.05209180161909899
0.052613886748076766
0.05293187399911403
0.05149339905801753
0.051814132386425626
0.05240942913951585
0.05261385157609766
0.052411097933145356
0.05215940487505577
0.05067902738483099
0.05235123986858525
0.05220909614035918
0.05145657695356931
0.05140496669082495
0.052941007845220156
0.05276963602773321
0.05176436132751405
0.05131868602256873
0.051565076490078354
0.051876652398277656
0.051439528544506175
0.05284620739075763
0.052201747390427045
0.05199875069774862
0.05338941261652508
0.05299230959644774
0.05242874865871272
0.05203799938863085
0.051947427687991876
0.05196856168186059
0.05167685591732152
0.05151393145752081
0.05239724741477403
0.05160754232201725
0.05076945875225647
0.051846522921550786
0.05318510341749061
0.05245564408505743
0.05150160441371554
0.05317917126012617
0.052319046242701006
0.05292156626637734
0.05215484917789581
0.051305704646438244
0.0511551860236068
0.05173774245122331
0.05067957323626615
0.051576205378296436
0.052428238494030666
0.05332138706398837
0.053205403173706145
0.05235174053814262
0.05250709225947503
0.052720930872965255
0.052167905301757855
0.05236431613957393
0.05225352143679629
0.05185240853279538
0.05272688063632813
0.05168903850426432
0.05218732899083989
0.05184682390245143
0.05172152597515378
0.0524494078472344
0.05182200867056963
0.05255193829725613
0.05281221138648107
0.052807417825533776
0.05124172427895246
0.05266902886069147
0.05230651437705092
0.05049645231883915
0.05163550672295969
0.052407530400159885
0.0515635150441085
0.05230685979586269
0.05241679499340535
0.05215445187604928
0.05359029766259482
0.05205666115398344
0.053074263500093366
0.05166062176795094
0.05323869998574082
0.05281188997287245
0.05217182622436667
0.05313587351702154
0.05271452456872794
0.05182141057230183
0.051458561605613795
0.05236786895511614
0.052429041352297645
0.05210096169139433
0.0518378930464678
0.052136511341814185
0.052474974381766515
0.0524262029412057
0.05185125590105599
0.05348336433053191
0.05098561538034119
0.051100177923217416
0.052290806219389196
0.050851281823270256
0.05189605378291162
0.053596166932038614
0.051222461961515364
0.05216640796606953
0.05289260213066882
0.05190027006028686
0.05181326434103539
0.05230910833597591
0.051782637267024256
0.051784238834443386
0.051462021368934074
0.05247255285576102
0.052103847372563905
0.0515874752200034
0.05246014877593552
0.05219715630846622
0.05216504786767473
0.05244097204376885
0.05200658548346837
0.05185003655969922
0.051750746792095015
0.05255181957909372
0.05197404009777529
0.051394180472925655
0.051598589605418965
0.052964041196901235
0.052017681551660644
0.052238143334761844
0.05202155626284366
0.0520396146512212
0.053104679738680716
0.05355797333322698
0.05262227918865392
0.05292069066490512
0.05138793799960695
0.05180945947904547
0.052069279558054404
0.05279052440528176
0.05189995646287571
0.0517662428355834
0.05215112251971732
0.052094613754888996
0.052514293282001745
0.05226664380461443
0.0523293067508348
0.05196460339175246
0.05247194855110138
0.05202040299445798
0.0519294485784485
0.051668677406269126
0.05246503746457165
0.051723937765927985
0.05271134451140824
0.05232885467921733
0.05215350296020915
0.05286828429598245
0.05306638291949639
0.052532756844811956
0.053490976270040846
0.0517255207796552
0.05223750110781111
0.05227973922774254
0.051560792062446126
0.051915529524194426
0.05188607126729039
0.05200352464271418
0.05249639313296939
0.05133931749878684
0.051928270233474905
0.05270266756087949
0.050735216891553137
0.05002942907231045
0.05215180017512466
0.0518402282596071
0.05298190017674642
0.052422732462218846
0.05277654696328682
0.05191479799213994
0.05238577859745419
0.05144185255267075
0.05190635249164188
0.05166415335406782
0.051675823517143726
0.052085059871387784
0.053224185770886834
0.05194751664566866
0.05230702268454479
0.052587949110602494
0.05269502161718265
0.051993530280014966
0.05252832617770764
0.052844787289359374
0.051198940263930126
0.05232938769040629
0.0512752058384649
0.051364855618885485
0.05249314108732506
0.052380665807504556
0.05325649741098459
0.053403307938424405
0.05285915580498113
0.05210300966609793
0.05231517723404977
0.05203363943655859
0.05107376533851493
0.051979383677462465
0.0523243302541232
0.052896377457727795
0.05307771931984462
0.051746685025136685
0.05225313968185219
0.05155390635081858
0.05313415039017855
0.05224591562546266
0.05285651950543979
0.0528276636141527
0.052474990941846045
0.052863888688079896
0.05281201346042508
0.0519608260201494
0.052327393563246005
0.05116401758277789
0.05244542914624617
0.052096248749876395
0.05236198143938964
0.05170740227549686
0.05140588741414831
0.05207854539730761
0.051991599048051285
0.053110607452254044
0.052063891822399455
0.05116707118213526
0.052112812589257373
0.05267658164848399
0.0517855989128293
0.05140236852093949
0.051477471522957785
0.05289911760337418
0.05254900198087853
0.0513846593839844
0.050639510418477585
0.05335428701437195
0.051580825205746805
0.05276503047934966
0.05190037324246077
0.05207635710030445
0.051892925943320733
0.05161421379307285
0.053069531935761916
0.052262285817050724
0.05279458885161148
0.051924572355346754
0.05110273017999134
0.05253651089515188
0.05278629713029659
0.05069914554405841
0.05258415567368502
0.05112966305750888
0.05230580245188321
0.051995192565300385
0.05233791183491121
0.051307457713846816
0.05292765591548232
0.05126366845979646
0.05117370654261322
0.051483825176546816
0.05244002439758333
0.052835752389000845
0.05330072802644281
0.052520354902299005
0.05227145028584346
0.052236769393857685
0.05233219852743787
0.05228747663932154
0.052452592904955964
0.05219121408299543
0.052697789260491845
0.053087614631294855
0.05191134023880295
0.05269511028382112
0.052366633542987984
0.05286020567473315
0.05176774988103716
0.052024783497472527
0.05258643806519103
0.05205812616259209
0.05097886499424931
0.0530187243657565
0.05147789541297243
0.05214981959579745
0.051836522841767874
0.05251816497002437
0.0518380968587735
0.05303008994269476
0.052187372728440096
0.052983302010034095
0.0528439963945857
0.05157470691847266
0.05146861001776415
0.05236920476818341
0.052988435276347445
0.05248171310813632
0.051632752063596854
0.05177286696743977
0.05237588544332539
0.051991664126035175
0.05304603748663794
0.05342854201262526
0.052157809514028486
0.051554721139837056
0.0522880240023369
0.05155806246148131
0.052128455605270574
0.051193456713008345
0.051826957786033745
0.05384849295842287
0.051396905928413616
0.05136508579926158
0.05242916298630007
0.052696712755277986
0.05214345543572563
0.052282086327977595
0.05179034174034314
0.05130730649398174
0.05228558089038415
0.05232721432366816
0.05294848464836832
0.051516376433937694
0.052427036316657905
0.05257404215444694
0.0521702445930714
0.05258815863635391
0.051056916779998573
0.05321891401945322
