1.1453204490244389
1.109059926122427
1.1463677771389484
1.0876527018845081
1.15319462120533
1.0992745384573936
1.0884421095252037
0.9914105162024498
0.9827846959233284
1.0753711313009262
1.0798915550112724
1.0117305219173431
0.9573823064565659
1.0307993367314339
0.9892179146409035
0.9267898313701153
0.858555294573307
0.9101188778877258
0.8728415109217167
0.8374117128551006
0.919303223490715
0.8517538718879223
0.8568688333034515
0.8225818201899529
0.8356462940573692
0.7682670652866364
0.7717456668615341
0.7654829435050488
0.7427633181214333
0.7639330178499222
0.7306724190711975
0.6504738703370094
0.6848919875919819
0.6696726717054844
0.7155005857348442
0.6846864223480225
0.6306023970246315
0.6424729414284229
0.5587275288999081
0.6060152649879456
0.5599899999797344
0.6662934496998787
0.5845110267400742
0.6171434260904789
0.5163072310388088
0.5673370026051998
0.531426340341568
0.5666994266211987
0.48281034640967846
0.47835531271994114
0.5026506744325161
0.5072323530912399
0.5201189666986465
0.4799749255180359
0.487315621227026
0.4789953138679266
0.507999412715435
0.4734310582280159
0.49680279940366745
0.5588694587349892
0.5628750585019588
0.48809539154171944
0.5040273182094097
0.43766458705067635
0.4581596106290817
0.4621358849108219
0.4176600053906441
0.43482398986816406
0.43961260840296745
0.4762434773147106
0.4781324751675129
0.3668985702097416
0.40535999089479446
0.3877459615468979
0.40181441977620125
0.4090843591839075
0.35749298334121704
0.37726751528680325
0.39152711629867554
0.39545316994190216
0.39805248379707336
0.43873370066285133
0.3629377819597721
0.3530729413032532
0.43141334131360054
0.37901413813233376
0.35251836106181145
0.3820978160947561
0.3917987681925297
0.3144725188612938
0.3798427917063236
0.36423979699611664
0.3737974464893341
0.324234452098608
0.33701779320836067
0.30410900712013245
0.3506039045751095
0.3655279092490673
0.3236280530691147
0.3460419774055481
0.30278930254280567
0.32189258746802807
0.30687062442302704
0.3439743220806122
0.3913790434598923
0.3390311002731323
0.30493660643696785
0.3128041997551918
0.29326712526381016
0.3467833995819092
0.2979730684310198
0.32908425480127335
0.30402863398194313
0.3192443363368511
0.3612179271876812
0.3003310188651085
0.33599426224827766
0.3213760443031788
0.30242015048861504
0.2959172707051039
0.27811120450496674
0.33702326007187366
0.3041714373975992
0.2665729448199272
0.2960537727922201
0.3195691518485546
0.27147951163351536
0.29739956371486187
0.29986535757780075
0.30632747523486614
0.30031048506498337
0.3153568562120199
0.35551847144961357
0.30179933831095695
0.265516871586442
0.2573215365409851
0.34043309837579727
0.350056666880846
0.33388612046837807
0.2857095580548048
0.32515543699264526
0.24809050373733044
0.2760768160223961
0.2717158831655979
0.24634252302348614
0.31730063632130623
0.2600762080401182
0.25313714891672134
0.3261760175228119
0.327371284365654
0.2535407766699791
0.2667654659599066
0.31673016771674156
0.25740854628384113
0.2922786995768547
0.28077689558267593
0.3155430965125561
0.2998036779463291
0.2919682655483484
0.27458689361810684
0.29624220728874207
0.2433468084782362
0.24567913636565208
0.2679412327706814
0.24742057360708714
0.2861723843961954
0.3433258570730686
0.2840317487716675
0.24394609034061432
0.32545361295342445
0.28544390201568604
0.2563018184155226
0.2645324133336544
0.2691214457154274
0.23405230976641178
0.22456463426351547
0.27812335081398487
0.24158949963748455
0.25668598897755146
0.27152623049914837
0.3201817683875561
0.273036852478981
0.23733367957174778
0.31635309383273125
0.2713331561535597
0.2209617644548416
0.22909514419734478
0.26030170917510986
0.22543187998235226
0.1956401551142335
0.2588964123278856
0.18473392631858587
0.2696721497923136
0.23034068197011948
0.21491147950291634
0.23099363967776299
0.22850903309881687
0.28727224841713905
0.3165133111178875
0.20159202069044113
0.2222315724939108
0.24760118499398232
0.26306673884391785
0.2476365827023983
0.20482823811471462
0.22395286709070206
0.24996517412364483
0.21538344584405422
0.2469682414084673
0.274186747148633
0.21589015237987041
0.21233972907066345
0.21603688225150108
0.2633224856108427
0.21100585535168648
0.2462387178093195
0.27110228314995766
0.2441677488386631
0.21916875801980495
0.24637476354837418
0.23537077941000462
0.2718619257211685
0.22326592542231083
0.22719787620007992
0.22050812281668186
0.18814751878380775
0.246700007468462
0.22473696805536747
0.2532639615237713
0.20686890184879303
0.19575194083154202
0.30392028391361237
0.21611695922911167
0.23247652500867844
0.2157711423933506
0.2666662782430649
0.2073379047214985
0.24773560091853142
0.2173636369407177
0.21253044344484806
0.20800482667982578
0.20311450585722923
0.19037088938057423
0.209434250369668
0.2114003524184227
0.21053032390773296
0.19872381910681725
0.20247642137110233
0.23578800819814205
0.18498091399669647
0.21892723068594933
0.20437745191156864
0.2022612113505602
0.2061011027544737
0.1939907567575574
0.21193811483681202
0.2370486669242382
0.19719966873526573
0.2232303898781538
0.2618241310119629
0.2166105154901743
0.21001623198390007
0.17396858520805836
0.18082189187407494
0.19849843345582485
0.2467364314943552
0.17097546253353357
0.17268363572657108
0.21319588460028172
0.21451685391366482
0.22937185689806938
0.1842076200991869
0.2108004130423069
0.22284439019858837
0.2549627013504505
0.24104993790388107
0.22343090176582336
0.22024094685912132
0.18348814453929663
0.1972093116492033
0.2058119885623455
0.1820313921198249
0.18767868168652058
0.24339357018470764
0.25812650099396706
0.17419744655489922
0.23515835590660572
0.2648084592074156
0.24674602411687374
0.20548207499086857
0.23550320230424404
0.2456981372088194
0.2101844884455204
0.32224392145872116
0.22784918919205666
0.17966535408049822
0.2271194662898779
0.1726221265271306
0.2411449644714594
0.19572624005377293
0.2382886204868555
0.18941075168550014
0.24075509794056416
0.21593848057091236
0.23728770948946476
0.23903731256723404
0.21896900422871113
0.23133383318781853
0.207008870318532
0.21216540224850178
0.1688500251621008
0.23603182286024094
0.18894635885953903
0.2436850629746914
0.22219303622841835
0.17007821891456842
0.20799577794969082
0.24257129803299904
0.18647513166069984
0.17143835686147213
0.21215680055320263
0.2123833503574133
0.22775990329682827
0.18300630524754524
0.18564745597541332
0.2101851273328066
0.22973767668008804
0.18996080197393894
0.17817078344523907
0.18702979944646358
0.19819560088217258
0.1704641357064247
0.20068022422492504
0.24062407203018665
0.2201033402234316
0.1986574251204729
0.18373221904039383
0.2061314731836319
0.19643367268145084
0.19013281166553497
0.19661451131105423
0.1798017956316471
0.21151408553123474
0.19492589123547077
0.18190917372703552
0.16351914685219526
0.18103069439530373
0.22193598188459873
0.23406110890209675
0.21014314144849777
0.1748333889991045
0.1934802047908306
0.195821194909513
0.16571623366326094
0.19720135442912579
0.2153114378452301
0.22210539691150188
0.17773730214685202
0.18214998580515385
0.20178174041211605
