3.783365733921528
1.5077197924256325
2.325966492295265
2.429175980389118
2.341292440891266
2.8869159668684006
3.100424312055111
1.693809151649475
1.967428907752037
2.72935126721859
2.088595189154148
1.866155706346035
1.6508976928889751
1.7306454181671143
2.017014652490616
2.058295637369156
1.4702467247843742
1.792189247906208
1.8087741881608963
2.7645984813570976
2.669822469353676
1.7033015191555023
2.07323157787323
1.8041013479232788
2.1719924360513687
2.319448083639145
2.157659813761711
1.934993490576744
1.0380831435322762
1.38809060677886
1.9715648740530014
1.9766928255558014
1.7854634784162045
1.6707396619021893
2.700352944433689
2.26090070605278
1.2463013716042042
2.0437559485435486
1.8017980605363846
1.954612709581852
1.8490730971097946
1.7206090167164803
2.0333364233374596
2.401154473423958
1.645737312734127
1.441399246454239
1.7817500904202461
2.0963613018393517
2.629242740571499
1.598085481673479
2.1342540085315704
1.734665371477604
2.0231990963220596
1.8465636149048805
1.75727703794837
1.4812576062977314
1.6496021263301373
2.2865011170506477
1.4293325059115887
2.175624445080757
2.187760554254055
1.7462860904633999
2.456546373665333
1.7957084625959396
1.9239990748465061
1.2639757357537746
1.5896565280854702
2.8486365377902985
2.0176853761076927
2.642028033733368
1.80026188865304
1.9106998965144157
1.4332681447267532
2.5406263172626495
2.0810344517230988
1.610716313123703
1.5090605430305004
2.2753807082772255
1.8276063203811646
1.7999530285596848
1.5519717782735825
1.545826941728592
1.452958807349205
1.7154866941273212
1.4278118833899498
1.3009266629815102
1.9180633649230003
2.199534870684147
1.6333587318658829
1.610690925270319
1.5537694543600082
2.2407311126589775
1.9995042607188225
2.0974965021014214
2.410539709031582
2.5790044218301773
1.6816982850432396
1.3063935674726963
1.1806542687118053
1.2302871644496918
1.991956390440464
2.1128154173493385
1.835048135370016
1.7205479145050049
2.385895684361458
1.5014084577560425
2.0294282883405685
1.161261085420847
1.998353898525238
1.7269123457372189
1.4588364027440548
1.4598273895680904
2.1911851167678833
1.9954738467931747
1.6874474212527275
2.097719229757786
1.8373597040772438
2.266941085457802
2.6331282407045364
1.8472409024834633
1.9521477296948433
1.6497844867408276
2.023650676012039
2.7537833750247955
2.0769768357276917
1.7969460189342499
2.3025552183389664
1.7764817401766777
1.8210769146680832
2.2225699722766876
1.676086638122797
1.7592758163809776
1.1636100225150585
2.0339034870266914
1.5473450720310211
1.4164448715746403
1.7619857490062714
2.352375626564026
1.5293651223182678
2.691108725965023
2.5284601226449013
2.613171011209488
1.9946396052837372
2.111267074942589
1.754774272441864
2.18917278945446
1.2181482948362827
1.3731889203190804
1.9142906703054905
1.246043786406517
1.6408575139939785
1.348563026636839
1.4118880368769169
1.601012110710144
2.0052637681365013
1.8867548778653145
2.430533044040203
1.4561659507453442
1.5457040704786777
1.1286935582756996
1.5287608690559864
1.8664865866303444
1.4451202563941479
1.9591310806572437
2.9507925286889076
1.651716411113739
1.9106775745749474
1.9038258641958237
2.0357423052191734
1.9964951500296593
2.8949237391352654
1.600012194365263
1.4216545186936855
1.5017796196043491
1.7762089185416698
1.6628254652023315
1.7494618780910969
1.6139145903289318
2.441228948533535
2.103974923491478
1.7658453918993473
1.4644502699375153
2.354025401175022
2.7574445605278015
2.4813613072037697
2.6789946481585503
2.1630140393972397
2.0422633290290833
1.326800063252449
0.9994665421545506
1.8080915845930576
2.6083614081144333
1.4938909634947777
1.853988103568554
1.5687004625797272
1.941744927316904
2.1468262746930122
1.553323369473219
1.7401887364685535
1.6377710811793804
2.0713407322764397
1.9357290118932724
1.575324758887291
1.5387772768735886
1.327729295939207
1.6931040547788143
2.160231150686741
2.007533200085163
2.286123387515545
1.7980164550244808
1.5513568706810474
1.9147016033530235
1.4974959380924702
1.3367177695035934
1.962030552327633
2.3900133296847343
1.8653834722936153
1.5450323298573494
1.4231647327542305
1.5113764107227325
1.0955683775246143
1.7250785119831562
2.1459606289863586
1.5131973214447498
1.0940794609487057
1.5077497474849224
1.6835779510438442
2.487591788172722
2.5693601965904236
2.072598822414875
1.7053430266678333
1.8729027062654495
1.3314506746828556
2.328893095254898
2.2243013456463814
1.959751807153225
1.5639765411615372
2.459006644785404
2.2083160877227783
1.6377404630184174
1.964748963713646
2.3594666868448257
1.7498515397310257
2.2029102593660355
1.89497609436512
1.8565581887960434
1.4945128075778484
1.5978599041700363
2.320860169827938
2.0098787993192673
1.5624277777969837
2.0704659149050713
1.8493592143058777
1.440663143992424
1.1589202396571636
1.7260686941444874
2.093832653015852
1.4730740673840046
1.8781734928488731
1.7236393503844738
1.0002858601510525
1.5619622245430946
1.8541029952466488
2.012081392109394
1.952062964439392
1.5343420691788197
1.8191000670194626
1.4696298502385616
1.5642108358442783
1.6261010989546776
2.211806498467922
2.4482271522283554
2.029494993388653
2.3415074720978737
1.8346218764781952
0.9658232741057873
1.5980286933481693
1.7763186879456043
1.7529980093240738
1.1007979176938534
0.9500719252973795
2.267955996096134
1.5906924679875374
1.6504618488252163
1.400762714445591
2.3162530213594437
1.9310640320181847
1.6270073801279068
1.7596083134412766
1.928849145770073
2.0243553295731544
1.847296055406332
1.5237441174685955
1.6747711263597012
1.6512139104306698
1.3767028860747814
1.4910112544894218
1.5164263844490051
2.133473463356495
1.907854937016964
