1.714104674756527
2.091298706829548
1.5921319089829922
1.9432842582464218
1.6918413825333118
1.957896314561367
2.17284245043993
3.01273862272501
1.763824313879013
2.3957775607705116
2.017103537917137
1.9539167061448097
2.0809125304222107
2.073253259062767
1.8414300344884396
1.7688247561454773
2.268675208091736
1.8031028881669044
2.4546393156051636
1.6568479016423225
2.101049229502678
1.9540704190731049
1.9813947603106499
1.8650392219424248
1.8251547291874886
2.801860198378563
1.8041830994188786
1.975393921136856
1.7306422218680382
1.704377219080925
2.2035731375217438
1.708189383149147
2.0189681574702263
2.1690062135457993
1.7288077808916569
1.9195285476744175
1.9335327595472336
1.7392603494226933
2.1943402737379074
2.1394737288355827
1.6560633890330791
2.2016141563653946
1.537263672798872
1.801621250808239
2.075989566743374
1.7733977064490318
1.8003781661391258
1.8375518508255482
2.0648736357688904
1.7278574220836163
1.996409960091114
1.7744534984230995
1.9748675487935543
2.006546452641487
2.0134614631533623
1.9378684237599373
2.024133048951626
2.6723781377077103
1.6215133257210255
2.198983818292618
1.7616209723055363
1.8092247433960438
2.8022556081414223
1.5791996195912361
2.2059374004602432
1.714807953685522
2.002302721142769
2.3959616273641586
1.488334707915783
2.007608577609062
1.9110955893993378
1.771471206098795
1.9045776911079884
2.347011737525463
1.8995403237640858
2.2237925678491592
1.6884249784052372
2.0879575684666634
2.2632355391979218
1.6804320439696312
1.761142235249281
1.653866894543171
2.1091064289212227
1.9538856446743011
1.8902014270424843
1.6666987165808678
2.1849986538290977
1.7623968720436096
2.5723232328891754
1.5529551431536674
2.116785451769829
1.8654467314481735
2.2668275460600853
1.6579685285687447
2.161634363234043
1.7720843404531479
2.0918863639235497
1.6536302901804447
2.0269028022885323
1.8180751651525497
1.8326475322246552
1.733771301805973
1.7262400947511196
1.7545470111072063
1.729660041630268
1.7586501464247704
1.9759937226772308
1.6395315565168858
2.347774490714073
1.8897521048784256
1.756415732204914
2.0116270780563354
1.998548500239849
1.7314930856227875
2.2629095762968063
1.720952782779932
2.0114811435341835
1.6736565381288528
1.9718909189105034
1.5811946876347065
1.9764689803123474
1.785109993070364
1.693886499851942
2.0941525772213936
2.0257859975099564
1.6426451541483402
2.17839989811182
2.2423008158802986
1.8211284913122654
1.5762372985482216
2.0045471116900444
1.7221801988780499
2.0985093265771866
2.051646411418915
1.7085353173315525
1.7489514239132404
2.1563341170549393
1.6979608125984669
1.9357316680252552
1.9780722260475159
1.8687936663627625
2.371118515729904
1.6365905851125717
2.1049924045801163
2.418268144130707
1.7926723100245
2.574642635881901
1.8548536226153374
2.156942419707775
1.7368599437177181
2.3593006804585457
1.6070598773658276
1.9229776486754417
1.5059820413589478
1.7085218355059624
1.930579461157322
2.03505302965641
1.8605929836630821
1.7497669011354446
2.3613454923033714
1.8299384787678719
2.183546371757984
1.493635755032301
1.6076781749725342
1.7299010045826435
1.9536324739456177
5.432168141007423
2.025526463985443
1.8407885804772377
1.9424312487244606
1.7034886293113232
2.0069305524230003
1.8187905997037888
2.0929609909653664
1.5484779216349125
2.6367692202329636
1.7175075523555279
2.001438118517399
1.9303810000419617
1.7348202094435692
1.9947093576192856
1.7737100943922997
1.7868806347250938
1.5320035815238953
2.0803487300872803
1.6613260321319103
2.253081113100052
1.7559824734926224
1.772454109042883
1.952859055250883
1.7071505039930344
1.9665259942412376
1.8487724661827087
1.70188482478261
2.6005409359931946
1.7227259129285812
2.128120996057987
2.035136967897415
1.8951579295098782
1.7272326834499836
1.5937880463898182
2.0541403889656067
1.8746209368109703
1.7345128580927849
2.918531656265259
1.6845596842467785
2.385062240064144
1.6437087208032608
2.4695616364479065
1.8143556080758572
2.2015030086040497
1.566621508449316
2.2539670765399933
1.8951289653778076
1.6703810282051563
1.9065560027956963
1.6986879222095013
2.016852229833603
1.7234745621681213
1.8484271541237831
1.9518558159470558
1.9857293665409088
1.7912506610155106
1.9587980434298515
1.6443117745220661
1.8527606688439846
1.8699794933199883
1.5692048743367195
1.7378629930317402
1.5280517637729645
2.5587466955184937
1.7341151870787144
2.1410560458898544
1.6071678921580315
1.9860152527689934
1.6850876212120056
2.123359777033329
1.686151597648859
2.113808788359165
1.925634752959013
1.809213500469923
3.412223130464554
2.0275595113635063
2.4046060889959335
1.5716860555112362
2.5307548567652702
1.4950436688959599
1.81073734536767
2.005225606262684
2.966280974447727
1.5464796908199787
1.7256989069283009
1.7251481153070927
1.7599307410418987
1.8278585970401764
1.778488203883171
1.8330722488462925
1.5331602543592453
1.6750718764960766
1.9301030524075031
2.0188837945461273
1.7934449054300785
2.1286866292357445
1.462539117783308
1.8374434225261211
1.691601824015379
1.8889213539659977
1.619458045810461
1.7391528226435184
1.8869364075362682
1.98995953053236
1.9082970842719078
2.2946562990546227
1.589174136519432
1.8853833638131618
1.893868014216423
2.450999803841114
1.4335992932319641
2.145762525498867
1.8827015161514282
1.8347695022821426
2.1547217816114426
1.6531018316745758
1.7998210079967976
2.1667050048708916
1.6085497289896011
1.8328645937144756
2.652561977505684
1.9004331976175308
2.9614747762680054
1.9141586273908615
2.3560574874281883
1.7149342261254787
2.681457534432411
1.8351263403892517
2.6602744460105896
1.7667443491518497
2.0469239354133606
1.9210090674459934
2.145861655473709
