0.052856829344818834
0.19536084454739466
1.002368207438849
0.9055148410843685
2.155324813676998
1.2355099963024259
1.3837433429434896
0.6288903842796572
2.316405068151653
0.8477855600649491
0.6823732176562771
0.9561355874175206
0.8773987747263163
0.08949527510230837
1.1593018606072292
1.0701631878037006
0.1079690654296428
0.6434625345282257
0.7468725181533955
0.3852402931370307
0.3184848931268789
0.8190410778624937
0.46536850626580417
0.18626391463476466
0.47294889262411743
0.474939694540808
0.13059079749109515
0.3603195874602534
0.5461399484192953
0.17712625846615992
0.21880253103154246
0.39482774687348865
0.1817396094702417
0.05524688867444638
0.3171624456299469
0.24356087585329078
0.03557599544728873
0.23335931805195287
0.1876348312071059
0.0499139972453122
0.21038954477990046
0.19242291030241176
0.021855463317479007
0.19459202825964894
0.17079721235495526
0.06339706746803131
0.21564874181058258
0.08859914666390978
0.10892062439233996
0.16257676074746996
0.023638066406419966
0.11559842954738997
0.11478450735739898
0.05909145455916587
0.16633395258395467
0.010260129616654012
0.16112072646501474
0.0760464187769685
0.12520208663045196
0.09406834263791097
0.08076302621338982
0.10394122016441543
0.029965541257297446
0.09510241846874123
0.035536052762836334
0.11429611797211692
0.048259738374326844
0.11219997388252523
0.03763224935391918
0.1092012326407712
0.025933831228030613
0.08949245854455512
0.026435201581080037
0.09634987411118345
0.01632949055260724
0.07391717915015761
0.02130558554563322
0.0683895273541566
0.061817842004529666
0.02171192949390388
0.05433241761784302
0.03121410273524816
0.018848535441065906
0.030986011124696233
0.02187583465820353
0.01754766972953803
0.059089767277328065
0.0947875375059084
0.09742349205771461
0.07581758829473983
0.05987535501481034
0.19847334297082853
0.2425020670343656
0.05269562938337913
0.19303499323723372
0.2963964047667105
0.17461582821852062
0.10235043637658237
0.342074902204331
0.3134135536965914
0.04302867967635393
0.3451165520818904
0.2507535450567957
0.13678243437607307
0.4097668715403415
0.20423236950591672
0.25938535248860717
0.35648042807588354
0.0730686005554162
0.2808310111868195
0.20938896021107212
0.183483087195782
0.2791215290490072
0.15208280314982403
0.18383940539206378
0.2280487703392282
0.0644002743792953
0.2246015472628642
0.17797708784928545
0.13610969894216396
0.13052484291256405
0.1830168180167675
0.08079478594299871
0.17872705846093595
0.14721305706189014
0.0939488343137782
0.14935999576118775
0.0854397481889464
0.14886737224878743
0.04742705960961757
0.16798379109241068
0.06557009818789084
0.13972045820264611
0.11716191051527858
0.09271777220419608
0.14073369406105485
0.017214093797520036
0.0987887630762998
0.04522175698002684
0.07323180993989808
0.09804779254773166
0.04570857173530385
0.0778366563245072
0.06292930719791912
0.043675763514329446
0.09486584876140114
0.1306299886200577
0.09954935914720409
0.07848603159800405
0.11996317467128392
0.11824198342219461
0.09123448243190069
0.10104126279475167
0.13549309341760818
0.08751389964891132
0.028500238093329244
0.05034657047508517
0.09409125562524423
0.10316948865511222
0.12838765341439284
0.14344098801666405
0.1372727573470911
0.11742284313368145
0.12059786215831991
0.2047532418218907
0.3639664697111584
0.4379405352519825
0.2844559755176306
0.17017278625280596
0.34261273368611
0.20952155839768238
0.22976293999818154
0.3703737949836068
0.24818169182981364
0.24889307617559098
0.3439907011925243
0.19985144003294408
0.2490029657492414
0.273237682384206
0.2317122436943464
0.4598305667168461
0.7261788891046308
0.868154778261669
0.7729605194181204
0.4624768036301248
0.6348482918110676
0.4598975994740613
0.2707881507812999
0.5614348746021278
0.31762013339903206
0.24466646907967515
0.4404370941920206
0.22181039096903987
0.19148818997200578
0.2778843922133092
0.24169038064428605
0.1370893286948558
0.19027735963754822
0.18618688773130998
0.11906763147271704
0.17712941870559007
0.16089589273906313
0.187059187257546
0.04190922481211601
0.1665801793569699
0.1001291740394663
0.12138260187930427
0.06664323991572019
0.11030654767819215
0.06780634599272162
0.0990908433086588
0.13438085731468163
0.19936983933439478
0.2202350000734441
0.17632745779701509
0.09902305777359288
0.0886321058642352
0.1961745411826996
0.18006995995528996
0.11576220736606047
0.053960688834195025
0.08605243200872792
0.12550785508938134
0.1391530131077161
0.09414307893166551
0.05551086650666548
0.07777252794039669
0.1062751086501521
0.10857597092399374
0.08053031552117318
0.03772962535003899
0.05321131379605504
0.06933835968084168
0.10323310217791004
0.12097523557895329
0.11299598902405705
0.10597346474241931
0.08953614618076244
0.068060173507547
0.08153399570437614
0.08844409385346808
0.0861602133300039
0.09995045144751202
0.1143665122508537
0.12328451388748363
0.12547350890235975
0.12483343557687476
0.11630501235777047
0.10779564287076937
0.10907665724516846
0.12077914817200508
0.11624965813825838
0.1031561111449264
0.08393975223589223
0.04958546642228612
0.02309931792478892
0.053071992682816926
0.06258934272773331
0.07589473674306646
0.09640554647921817
0.12049901670252439
0.15028584811079782
0.1740659381466685
0.1939334183553001
0.20145373982086312
0.2108385613973951
0.21680774373817258
0.22348228679038584
0.21684718676260673
0.17037927130877506
0.10731715788278962
0.06023680837097345
0.06416016145522008
0.1290725490107434
0.18603825569152832
0.2054788907553302
0.19651953763968777
0.16577252429851796
0.10097785570542328
0.03343999742355663
0.05856474106258247
0.09803884608845692
0.1328731538669672
0.16052471917646471
0.16300549838342704
0.15333022020058706
0.13885571286664344
0.10548142888001166
0.05301868492097128
0.028863050927611766
0.06423474966868525
0.107720717205666
0.13870255576330237
0.1460333124123281
0.13538857086678036
0.11496267885377165
0.08221764264453668
0.03998243039859517
0.04694569934508763
0.087495148916787
