0.04929578755491093
0.0505482354274136
0.06865445194125641
0.06073707852192456
0.0605634252569871
0.059828490142535884
0.06508348442730494
0.054684954360709526
0.05886588344583288
0.05424383956415113
0.05405635699571576
0.05162953934632242
0.046353780999197625
0.04693893789226422
0.06552805152023211
0.05292819625174161
0.041381920455023646
0.047185294490191154
0.0555867355724331
0.05146027368027717
0.04399373875639867
0.05039347767888103
0.061106958048185334
0.04473738886008505
0.03579413078841753
0.04743068933021277
0.06655269541079178
0.049311642767861485
0.04334906680742279
0.05257517352583818
0.07805495557840914
0.058770059928065166
0.045474634738639
0.059994360664859414
0.10749642178416252
0.05256327232928015
0.018105904280673712
0.03454166208393872
0.22938951663672924
0.04733970298548229
0.018230431640404277
0.023709413417236647
0.03475127348792739
0.09281104663386941
0.052851742308121175
0.025674456119304523
0.046118743950501084
0.3229264337569475
0.03935946067213081
0.01494208539952524
0.0157953477173578
0.017300607491051778
0.023015853454126045
0.033955227554542944
0.21025808295235038
0.04250670684268698
0.02657018630998209
0.026313775713788345
0.0302041013201233
0.2109041386283934
0.04790663393214345
0.03266619425266981
0.027590980287641287
0.021422939127660356
0.09704966703429818
0.05783756397431716
0.024752404482569546
0.18512577540241182
0.04859287210274488
0.03706590726505965
0.035337651264853776
0.052959857624955475
0.2910913247615099
0.03284301389066968
0.024620359909022227
0.028410826344043016
0.03711898568144534
0.029807205180986784
0.03676970651576994
0.04436009912751615
0.19432165566831827
0.04145452193915844
0.03778005932690576
0.032540529093239456
0.04143157979706302
0.18100686324760318
0.0407386640436016
0.032956890121567994
0.040547354554291815
0.04706087056547403
0.13983730599284172
0.04285469290334731
0.028246886417036876
0.05711012124083936
0.045001496153417975
0.04436073557008058
0.049669547472149134
0.0845366376452148
0.04572300991276279
0.019522720853274222
0.02636403971700929
0.05234538781223819
0.13786399876698852
0.05789040983654559
0.021599641870125197
0.06937252182979137
0.057543873554095626
0.036643188213929534
0.0564945659134537
0.17717594816349447
0.04957261000527069
0.030466643744148314
0.0259936663787812
0.04561560571892187
0.1098996689543128
0.0637324902927503
0.031052984471898526
0.042290036857593805
0.2046137780416757
0.05455805768724531
0.02526718028821051
0.02339313029369805
0.0326970404421445
0.04497827042359859
0.12877227435819805
0.07411226304247975
0.042567306954879314
0.031899940920993686
0.03561145917046815
0.04301064746687189
0.11965439771302044
0.06847296585328877
0.04232769593363628
0.024335621914360672
0.027398367878049612
0.03877397195901722
0.042760392650961876
0.10693947272375226
0.07882572477683425
0.055983409751206636
0.04334858770016581
0.10276875097770244
0.0568943020189181
0.0316001339815557
0.030205983202904463
0.03708071098662913
0.08079488226212561
0.0567972781136632
0.034771015227306634
0.03980956878513098
0.0892143421806395
0.0589864143403247
0.035395587561652064
0.051298711565323174
0.1382663636468351
0.05497024877695367
0.0363643808523193
0.02883243071846664
0.03163388662505895
0.04947314813034609
0.039207513036672026
0.03321883000899106
0.05496680457144976
0.08452738169580698
0.051873859600163996
0.03413332795025781
0.051160698174498975
0.06683167710434645
0.049904678016901016
0.03995001973817125
0.04825771920150146
0.05502935289405286
0.05000370612833649
0.050228773267008364
0.055097793811000884
0.08607629756443202
0.04628645721822977
0.032395254471339285
0.04082824068609625
0.0403078657691367
0.05687928554834798
0.0444581137271598
0.026135219843126833
0.04080781480297446
0.1045318185351789
0.05493102251784876
0.03889219753909856
0.055385013518389314
0.04319268243853003
0.024524176202248782
0.03434474812820554
0.0746714856941253
0.04556310147745535
0.026962278207065538
0.0379532563383691
0.07487538550049067
0.04300892836181447
0.04458220908418298
0.055402760626748204
0.05012758111115545
0.04456502228276804
0.11487375583965331
0.05548307823482901
0.028309308574534953
0.05953762395074591
0.04351851379033178
0.027287463308312
0.037265378748998046
0.10584389918949455
0.04871624079532921
0.03460324741899967
0.041745423106476665
0.09446932445280254
0.05257252638693899
0.045375321875326335
0.046065827016718686
0.06257308437488973
0.057553244987502694
0.05094669421669096
0.04993482952704653
0.0541300653712824
0.05457269097678363
0.061542969197034836
0.05175262235570699
0.037895480112638324
0.04101525788428262
0.06633555563166738
0.044484824291430414
0.0294040534645319
0.0803295491496101
0.06710382702294737
0.04334112029755488
0.05142367596272379
0.0595582399982959
0.05230577156180516
0.058173952042125165
0.04956073983339593
0.03864351048832759
0.05203309474745765
0.07888119132257998
0.07270060188602656
0.056758913677185774
0.07621953100897372
0.062856474542059
0.05077158706262708
0.04884170019067824
0.057461278163827956
0.050017173343803734
0.058476379548665136
0.04566167312441394
0.03717217018129304
0.07468024280387908
0.08019125740975142
0.043825569038745016
0.05000624927924946
0.056080688373185694
0.058637934969738126
0.05418881983496249
0.05984800809528679
0.05573207384441048
0.05524303583661094
0.057989031774923205
0.05784235545434058
0.06080473854672164
0.053227261640131474
0.06274811399634928
0.05161493399646133
0.05685173731762916
0.05633977917023003
0.05822904990054667
0.06005934014683589
0.07681543624494225
0.05000357999233529
0.048661244509276
0.07512687577400357
0.09784852468874305
0.062291553942486644
0.036210428923368454
0.06747573299799114
0.09534401481505483
0.09016319818329066
0.06767591112293303
0.05190767132444307
0.08096977742388844
0.06412930716760457
0.060147678887005895
0.0654741182224825
0.09946500055957586
0.0816450061975047
0.05659166467376053
0.0952156827552244
0.0595613329205662
0.04146922816289589
0.04811566922580823
0.0988408736884594
0.07583042152691633
0.05723724968265742
0.09634482383262366
0.06799983838573098
0.07823282107710838
0.09114399354439229
0.07970904267858714
0.08373476809356362
0.06614547956269234
0.07711940782610327
0.07028454367537051
0.07395222317427397
0.06904737197328359
0.10685678280424327
0.07325935899280012
0.061168081243522465
0.08576297049876302
0.06389184831641614
0.040403699269518256
0.06493545381817967
0.08633664750959724
0.07059833407402039
0.08919011987745762
0.06826394656673074
0.04774914856534451
0.07817143341526389
0.07457847043406218
0.06274775543715805
0.0735441236756742
0.10382567800115794
0.07337344984989613
0.05263796140206978
0.0453158916789107
0.08659986790735275
0.06556703441310674
0.04436292592436075
0.06337336718570441
0.1777234764304012
0.07379556458909065
0.053412570792715997
0.07585520320571959
0.07675469177775085
0.06748089112807065
0.069495560368523
0.06263395550195128
0.08842886856291443
0.08635357499588281
0.06935149792116135
0.07907675975002348
0.10393035761080682
0.07103644392918795
0.07587786298245192
0.07488631817977875
0.06304454489145428
0.08140513498801738
0.0600049989297986
0.04646171256899834
0.06581482151523232
0.07959918130654842
0.05917976354248822
0.05238756292965263
0.07106331479735672
0.06763758754823357
0.06766545365098864
0.07362153090070933
