1.6982230320572853
1.640528742223978
1.5706611834466457
1.7847013622522354
1.7085590213537216
1.5397072583436966
1.4835316948592663
1.6676137894392014
1.739310096949339
1.776254080235958
1.8186643570661545
2.131680428981781
1.9458808079361916
2.174395978450775
2.12235514074564
2.2907130420207977
2.0864505767822266
1.9867763668298721
1.9543281458318233
2.199183128774166
1.9749243557453156
1.9894268363714218
1.6381095200777054
1.6952676959335804
1.634723775088787
1.7428603284060955
1.9572082981467247
1.7237248197197914
1.872270330786705
1.8108255974948406
1.5305532589554787
1.5404533110558987
1.6711988262832165
1.818700149655342
2.0165062099695206
1.7864337600767612
1.6236355677247047
1.4899498745799065
1.8467016592621803
1.864318873733282
1.7911758311092854
1.9094944447278976
1.8761625476181507
1.9065486416220665
1.961698517203331
1.9321792349219322
2.1088567450642586
2.121543452143669
1.8852369785308838
1.9317925050854683
1.9235802367329597
1.8167555071413517
1.8580511286854744
1.808782547712326
1.8407940864562988
1.7525760047137737
1.8094608783721924
1.975641068071127
1.540780209004879
1.4101129211485386
1.621052898466587
1.9572337716817856
1.6157169714570045
1.4885675050318241
1.4121561758220196
1.380072444677353
1.6466619856655598
1.7358454689383507
1.7459190674126148
1.531253844499588
1.8135706260800362
1.7567898146808147
1.8817548900842667
2.049854449927807
1.9743197932839394
1.6893827877938747
1.7593519277870655
1.6795810610055923
1.8159395083785057
1.7353968247771263
1.8302873969078064
1.893902726471424
1.7823765948414803
1.9424856156110764
2.07017108052969
1.7979242578148842
2.058605194091797
2.0129180178046227
1.8043235801160336
1.8968092873692513
2.1719845086336136
1.9659816063940525
1.834688350558281
1.675898402929306
1.72903186455369
1.82261773198843
1.7895082272589207
1.9354543015360832
1.79626801982522
2.030330054461956
2.115245945751667
1.9926217310130596
1.8792977817356586
1.7557723820209503
1.6456767618656158
1.6699570901691914
1.7208331041038036
1.663745705038309
1.7563549801707268
1.492672611027956
1.6126152537763119
1.513033989816904
1.778626374900341
1.6163954436779022
1.4596037864685059
1.5211387425661087
1.8457451462745667
1.8235578685998917
1.8264363333582878
1.6386399380862713
1.4397300258278847
1.7787480093538761
1.8901905864477158
1.892685979604721
1.9505842626094818
1.9705820605158806
1.7647478692233562
1.6754841953516006
1.617214374244213
1.968805130571127
1.798405859619379
1.8391826264560223
1.9399320781230927
1.9519242495298386
2.044087842106819
2.158712573349476
2.1684615463018417
2.2879227623343468
2.1765733137726784
2.2243811190128326
1.8551903292536736
10.106257617473602
3.6007952764630318
2.0249929428100586
24.31159269809723
2.0431345999240875
14.297147393226624
2.963828571140766
2.0733316615223885
1.9964625909924507
1.9575871974229813
2.231802925467491
1.9333487376570702
2.101212777197361
2.181531846523285
1.9871338978409767
1.707859329879284
1.553081039339304
1.8919347934424877
1.4263767190277576
1.6840298511087894
1.5805507227778435
1.4637747146189213
1.4506352357566357
1.5966285057365894
1.6990155726671219
1.5457762144505978
1.7366880513727665
1.9730248004198074
1.839492529630661
1.8549598902463913
2.0715472027659416
2.0447611585259438
2.0030891820788383
2.000583589076996
2.0956717878580093
2.081817351281643
2.1871916875243187
1.9579817727208138
1.7882875129580498
1.579055543988943
1.3744045868515968
1.6179450266063213
1.5959111116826534
1.7665911726653576
1.6845310479402542
1.9224640354514122
1.8916909620165825
1.5427814349532127
1.5105443336069584
1.4200307577848434
1.718220729380846
1.626398354768753
1.6884455867111683
1.720481265336275
1.9105245880782604
1.827957108616829
2.0556638911366463
1.6752638183534145
1.8631961308419704
1.8108009099960327
1.9671223983168602
1.8722938150167465
1.807222418487072
1.8407927937805653
1.8980579748749733
1.791176538914442
1.8595048412680626
1.9948927834630013
1.8748521693050861
1.8727877922356129
1.785313006490469
1.9148057289421558
1.9673365354537964
2.0306013748049736
1.7779343947768211
1.7907535545527935
1.8548912145197392
2.008638560771942
1.838913220912218
1.7584278024733067
1.811172015964985
1.7345820255577564
1.5677271485328674
2.002890668809414
1.9109845906496048
1.6752632968127728
1.7729590497910976
1.7634370401501656
1.9996421337127686
1.7209202088415623
1.6796130314469337
1.8527251444756985
1.6780611388385296
1.5511324629187584
1.6379486583173275
1.6404893957078457
1.4617952816188335
1.5238661393523216
1.5758476667106152
1.5874539278447628
1.580364216119051
1.4715264067053795
1.6399360336363316
1.5560783855617046
1.4978901632130146
1.6940687149763107
1.4891007877886295
1.794072400778532
1.7835387885570526
1.4977451525628567
1.6075753569602966
1.5761140249669552
1.6165978759527206
1.7436424009501934
1.7565744146704674
1.5833646468818188
1.4665103368461132
1.6274408921599388
1.6911497972905636
1.7675102837383747
1.8848797604441643
1.9373013824224472
1.6143476888537407
1.681788805872202
1.642510574311018
1.5315609090030193
1.4997558072209358
1.8857689276337624
1.7433628253638744
1.872050166130066
1.6552403010427952
1.5926890596747398
1.324871238321066
1.5236018933355808
1.6668254509568214
1.8998875170946121
1.688059013336897
1.4762667641043663
1.4654183350503445
1.810850203037262
1.8150553442537785
1.9168317168951035
1.9490874260663986
1.7102928906679153
1.7881027981638908
1.7166475877165794
1.6921608708798885
1.4443774856626987
1.631982248276472
1.716012705117464
1.519558034837246
1.3640536554157734
1.4038143418729305
1.674714483320713
1.670782320201397
1.6623287610709667
2.0543104633688927
1.4595940448343754
1.9947219714522362
1.7489416599273682
1.505342535674572
1.7301383800804615
1.8607533760368824
1.8223528861999512
1.9032198339700699
1.77012600004673
2.037066601216793
1.9944021552801132
1.7746987715363503
1.6756306663155556
1.830316986888647
1.78107875213027
1.9083159640431404
1.542404092848301
1.6619408875703812
1.6012309826910496
1.8878550976514816
1.9425906091928482
1.906140472739935
1.7842921949923038
1.711248241364956
2.206544630229473
1.9347915388643742
2.072141796350479
1.9068794697523117
1.8599178455770016
2.1283785179257393
1.757382821291685
1.9223058335483074
1.4162341803312302
1.3910399414598942
1.7318551950156689
1.5275171361863613
1.6138580031692982
1.6091783978044987
1.6602191850543022
2.020642898976803
1.7611547447741032
1.5676988288760185
1.44011165574193
1.6071011014282703
1.4629856161773205
1.5767252519726753
1.423855870962143
1.369864884763956
1.5808743499219418
1.6672173477709293
1.646680761128664
1.4845211803913116
1.6367128565907478
1.739806842058897
1.8823926001787186
1.6727213263511658
1.7504869103431702
1.641282558441162
1.9662337601184845
1.8647381328046322
1.7209727242588997
2.077255494892597
1.9312945753335953
1.9407261237502098
1.8011259473860264
1.823650747537613
1.6884800568223
1.735726986080408
1.9969010651111603
1.7832259610295296
1.7061398960649967
1.6057391129434109
1.6027151942253113
1.4479571096599102
1.4255282059311867
1.491891611367464
1.5197952054440975
1.5772303938865662
1.5744352452456951
1.7125981077551842
1.8755679167807102
1.7710968106985092
1.8073226995766163
1.7498004622757435
1.9440581426024437
1.5703584179282188
1.912217803299427
1.8290674090385437
1.8040032461285591
1.951469138264656
1.929948091506958
1.886338535696268
1.9529991894960403
1.6870484612882137
1.7819716855883598
1.9374781399965286
1.6760573275387287
1.9261319637298584
1.9368286058306694
1.6028522923588753
2.0362128391861916
2.005270943045616
1.7521349638700485
1.865224651992321
1.8811587393283844
1.806532844901085
1.7325656935572624
1.7023408375680447
1.91929741948843
1.9063047543168068
1.7738536782562733
1.6946010179817677
1.9105098024010658
1.9384059756994247
1.8903151713311672
1.5124534256756306
1.719541184604168
1.9172594659030437
1.6945714056491852
1.7762814052402973
1.5204140059649944
1.4705740101635456
1.5362768471240997
1.4913602210581303
1.6205244958400726
1.6191607043147087
1.6785671524703503
1.5317152701318264
1.9256017096340656
1.874301664531231
1.6386079676449299
1.641537081450224
1.681453425437212
1.5306780338287354
1.5236047431826591
1.7311685010790825
2.0837711319327354
1.8262495286762714
1.8449010103940964
1.9572319239377975
2.0456161350011826
2.0622190684080124
2.0188061743974686
1.902048584073782
1.8718114420771599
2.0447577089071274
2.1089241206645966
2.101271539926529
2.1533307507634163
2.0167210400104523
1.6735576391220093
1.7813085205852985
1.5275514423847198
1.6851399801671505
1.7780029252171516
1.7143871560692787
1.795980554074049
1.9585269093513489
1.720335230231285
1.835886713117361
1.868837982416153
1.950573019683361
1.9544523432850838
1.5178155787289143
1.6766769550740719
1.696289211511612
1.7584720961749554
1.7130898609757423
1.6197859719395638
1.6011065021157265
1.737547267228365
1.7224006094038486
1.7004945874214172
1.6807429231703281
1.714241661131382
1.4943249933421612
1.615348856896162
1.7885122783482075
1.5495322421193123
1.4849469736218452
1.6804811656475067
1.589174035936594
1.6848217472434044
1.6906769908964634
1.9444799609482288
1.5864484943449497
1.6063697338104248
1.6278573423624039
1.557514388114214
1.6218211613595486
1.9478819072246552
1.7850002571940422
1.9182259812951088
1.8625596947968006
1.6378037966787815
1.526883389800787
1.5230481699109077
1.4606160186231136
1.381228819489479
1.4362490624189377
1.4356337189674377
1.4256979748606682
1.5366073921322823
1.4511890895664692
1.4230607487261295
1.535751760005951
1.6368092112243176
1.6238626018166542
1.4447300434112549
1.468919787555933
1.8253539092838764
1.4548877775669098
1.6547224633395672
1.5636403560638428
1.4536603800952435
1.5513376370072365
1.556275624781847
1.4774900823831558
1.594698004424572
1.3697300888597965
1.3585699871182442
1.3930316381156445
1.4637361653149128
1.5735253356397152
1.765617873519659
1.643791001290083
1.7064444795250893
1.7939804419875145
1.8709537349641323
1.6906942650675774
1.6535957790911198
1.4714648239314556
1.3473330065608025
1.4341353513300419
1.6229783557355404
1.3146462440490723
1.436627708375454
1.7842807546257973
1.7519571706652641
1.8818553127348423
1.7386251725256443
1.9151347950100899
1.6416561156511307
1.5025541745126247
1.5396972969174385
1.7478574104607105
1.6397065035998821
1.8411782756447792
1.8620494194328785
1.6487704701721668
1.657671321183443
1.9214374497532845
1.6572071723639965
1.693421345204115
1.595273181796074
1.6105235517024994
1.5742313005030155
1.5270100273191929
1.5725449211895466
1.7997273057699203
1.6600693613290787
1.5085775293409824
1.839599084109068
1.7392428703606129
2.054099716246128
1.913568377494812
1.9376297071576118
1.8261782862246037
1.569566335529089
1.4727298617362976
1.5919942408800125
1.6284398771822453
1.7435903623700142
1.7589679136872292
1.8096879683434963
1.8475302197039127
1.7184720933437347
1.654958564788103
1.3913131058216095
1.7532196193933487
1.519317775964737
1.5283775627613068
1.6016099713742733
1.4729444719851017
1.6850857362151146
1.4393798895180225
1.797523882240057
1.7676990702748299
1.6021920889616013
1.8366095572710037
1.912582166492939
1.8436876386404037
1.6845556274056435
1.6251253597438335
1.7004064694046974
1.9451219961047173
1.876946583390236
1.9491504952311516
1.8714845590293407
1.6611935980618
1.6140019968152046
1.4543042816221714
1.4388208612799644
1.717110987752676
1.996114619076252
1.657990038394928
1.4681192114949226
1.6330934055149555
1.6087200157344341
1.4115223363041878
1.325492013245821
1.6731042228639126
1.8124511018395424
1.6689803823828697
1.4297606125473976
1.6154960133135319
1.617459524422884
1.5729979425668716
1.534028235822916
1.5767390877008438
1.563137549906969
1.7233931459486485
1.8871766701340675
1.7395347468554974
1.6492640189826488
1.7106128670275211
1.7242128103971481
1.8977457359433174
1.7994799092411995
1.7854396142065525
1.5752122551202774
1.5102508701384068
1.5448884405195713
1.7311358973383904
1.5180339701473713
1.7475100941956043
1.8386014215648174
1.6625940762460232
1.7049804888665676
1.9628230333328247
2.0539046600461006
1.8668807819485664
2.0959451496601105
2.1809957697987556
2.07238307595253
2.2909752130508423
2.082060918211937
2.185129813849926
2.1778604313731194
1.967928595840931
2.118734747171402
1.8828951269388199
2.3160933032631874
1.8570847921073437
5.3088489174842834
3.302314318716526
2.3495803251862526
2.372380957007408
2.1699304804205894
2.6996182650327682
2.546555608510971
2.521902307868004
2.29916749894619
2.5466761216521263
2.438912123441696
2.2958146929740906
2.4857965111732483
2.4801747873425484
2.3058329448103905
2.3511450737714767
2.504388004541397
2.442628875374794
2.249160759150982
2.3441707119345665
1.8394749537110329
3.401223100721836
2.8597923517227173
2.5238117054104805
1.9578711539506912
4.467313468456268
2.023081123828888
24.58926123380661
2.581643097102642
12.256511837244034
5.544651180505753
3.7115059047937393
4.0805569142103195
3.9592869728803635
1.9768866747617722
20.259116411209106
2.390953801572323
26.787185609340668
2.6963508650660515
2.0884456634521484
17.01347804069519
3.8345944955945015
1.9809224531054497
18.86241614818573
4.4236380606889725
3.2841105088591576
4.189425677061081
1.8312093317508698
21.69663429260254
1.8182643130421638
27.233387410640717
24.14693993330002
23.048704624176025
23.38423365354538
23.14741736650467
23.24003392457962
23.724408328533173
21.557075560092926
22.59472918510437
21.984778881072998
21.281590521335602
21.1200333237648
20.803831338882446
21.51626145839691
21.729710400104523
21.28498476743698
4.56742787361145
2.891505293548107
18.52123671770096
7.650490581989288
5.031109064817429
3.52403761446476
1.9073760285973549
9.228911399841309
4.8678988218307495
3.9715349078178406
3.61100010573864
3.25297861546278
3.035004146397114
3.3836457058787346
3.1888304725289345
3.1112100481987
1.955649122595787
10.13486823439598
4.2875694036483765
2.131191022694111
16.59839528799057
7.5430829375982285
3.037423297762871
27.63436049222946
3.3464749678969383
16.34940481185913
2.42137248814106
27.731626987457275
1.687865473330021
27.875803351402283
27.18156737089157
27.023672342300415
27.337703585624695
4.283785209059715
26.978449881076813
1.6610411703586578
27.642755687236786
26.991310477256775
26.737220406532288
27.28092497587204
26.65604132413864
26.265494287014008
27.28865820169449
26.586334109306335
27.00518423318863
17.34664535522461
9.452533036470413
27.420241713523865
27.336200952529907
27.254194140434265
27.261914491653442
28.086726248264313
27.773133993148804
27.96996033191681
27.662710905075073
27.358817100524902
27.583199977874756
27.07621055841446
27.155974090099335
27.76703679561615
27.211446821689606
10.883565038442612
28.20691680908203
27.423866748809814
21.935537219047546
24.47040504217148
22.012140333652496
25.95499688386917
20.485509157180786
5.046009033918381
27.771632373332977
22.436615526676178
21.450708150863647
20.01388520002365
19.991029262542725
3.0625209659337997
26.91457051038742
2.3143607825040817
27.37086308002472
27.49827790260315
27.163395762443542
26.53751677274704
5.491590917110443
3.399082951247692
2.5398907214403152
4.479771122336388
2.2712690383195877
22.342653572559357
8.601932317018509
2.916400194168091
27.210988581180573
2.493403308093548
22.784968972206116
5.401582837104797
2.2686985060572624
1.9159766510128975
3.7418619617819786
2.7856237590312958
2.415621191263199
2.6177532598376274
2.5497812181711197
2.6947655007243156
2.664320081472397
2.1193451806902885
2.6649953052401543
2.6287731155753136
2.735859602689743
2.63381115347147
2.7931974679231644
2.760269619524479
2.6662766113877296
2.5210487619042397
2.7871665582060814
2.625711940228939
2.617031194269657
2.649532452225685
2.174037888646126
12.63366413116455
3.7930738627910614
3.074681155383587
2.865317478775978
2.7230474650859833
2.7038570418953896
1.8124427609145641
10.120340198278427
2.774693727493286
26.95110708475113
2.011255592107773
1.6522588171064854
2.8181863725185394
2.324684277176857
2.140209272503853
2.6038516759872437
2.5970042943954468
2.2793278992176056
2.5891018733382225
2.2450801506638527
1.640631027519703
3.238148517906666
1.7087566182017326
12.764436423778534
3.397594004869461
2.7549921572208405
2.594120182096958
2.678746670484543
1.8230009153485298
5.032756805419922
3.380032606422901
2.564415290951729
2.637124218046665
2.463325507938862
2.456908270716667
2.3342046588659286
2.4796164333820343
1.8452865853905678
1.5553472936153412
1.6473447568714619
1.748510479927063
1.6001704186201096
1.5305100344121456
1.4668446220457554
1.537625476717949
1.6773880384862423
1.721015553921461
1.5533984638750553
1.7917068116366863
1.6560661867260933
1.7221021875739098
1.7510408014059067
1.930990792810917
1.7627991922199726
1.5863486155867577
1.516434133052826
1.5967406406998634
1.560362733900547
1.4975483901798725
1.5632995404303074
1.8389227874577045
1.4725973680615425
1.6473934799432755
1.8112390860915184
1.7569200731813908
1.784253355115652
1.5735057070851326
1.5768250674009323
1.6837225258350372
1.7374770380556583
1.7049167342483997
1.8310827128589153
1.9223717749118805
1.7434328235685825
1.939132459461689
1.9377406463027
2.1490195617079735
1.8585723526775837
2.2711597084999084
2.2710644528269768
2.341992385685444
2.443332925438881
2.1837911382317543
1.7698988281190395
3.29598555713892
2.4073540717363358
1.4204319082200527
9.01445659995079
4.080373078584671
3.0291737392544746
2.679834596812725
2.9027275294065475
2.3373133167624474
1.4849835224449635
7.096882984042168
3.9824676886200905
2.9272727966308594
2.755492851138115
1.8442821241915226
8.061763316392899
3.8253249526023865
2.683350659906864
1.6883813180029392
6.930599853396416
3.996755436062813
1.9329299852252007
1.7624171748757362
1.5377555266022682
1.4488231986761093
1.635382540524006
1.6909020207822323
1.6934878341853619
1.4737757705152035
1.5679530501365662
1.5429726541042328
1.6527037248015404
1.6290633454918861
1.9325213991105556
1.7408826053142548
2.058057837188244
1.7702799923717976
1.8819102719426155
2.0643273070454597
1.9054383337497711
1.9037146382033825
1.688226580619812
1.5792910270392895
1.6520180962979794
1.7682725712656975
1.8182172738015652
1.5382661260664463
1.6081064529716969
1.632908497005701
1.454455941915512
1.5092568807303905
1.6061039753258228
1.5483149401843548
1.779943622648716
1.64771269261837
1.6386535577476025
1.6539154760539532
1.5445509888231754
1.5759640783071518
1.8776947110891342
1.5770463570952415
1.746132768690586
1.460933793336153
1.3956075981259346
1.498509343713522
1.6626475304365158
1.6617157384753227
1.5132953934371471
1.3485518023371696
1.7601279951632023
1.6602120846509933
1.7669842094182968
1.8610888496041298
1.7373346239328384
1.8845994547009468
1.7408286966383457
1.6878093108534813
1.5407105796039104
1.5069213882088661
1.7529556155204773
1.996290683746338
1.8835654109716415
1.9115857481956482
1.5710821934044361
1.6770187877118587
1.6176423616707325
1.746923316270113
1.7363025844097137
1.921091191470623
1.928886964917183
1.8417078852653503
1.572038620710373
1.5076496861875057
1.574428502470255
1.2783758528530598
1.557277724146843
1.3068272806704044
1.5258566923439503
1.4404212459921837
1.8135630749166012
1.664571974426508
1.5542210042476654
1.719768214970827
1.6527679041028023
1.7041521780192852
1.6494539827108383
1.548157136887312
1.3932686373591423
1.5309395529329777
1.5026628486812115
1.4856783971190453
1.5514684841036797
1.7712154500186443
1.6289070025086403
1.6604022905230522
1.7373797036707401
1.986689768731594
1.8056839406490326
1.6261317916214466
1.8778302669525146
1.8382930755615234
1.6143321208655834
1.8050308674573898
1.6598768010735512
1.4231158383190632
1.5577066242694855
1.859011858701706
1.647456493228674
1.990012250840664
1.8534830659627914
2.151314117014408
1.900344766676426
2.188430517911911
2.0416399762034416
1.6502544060349464
2.4135049507021904
2.056171588599682
1.8068788312375546
1.9987015426158905
2.1945700719952583
1.985154964029789
2.3721540570259094
1.983712114393711
2.484997473657131
2.550711676478386
2.47304517775774
1.7963903583586216
1.528216663748026
1.7217652834951878
1.5116696171462536
1.5958556160330772
1.695908758789301
2.020474821329117
1.7478329204022884
1.9162650033831596
1.7552615590393543
1.7301808521151543
1.8397687636315823
1.6766126975417137
1.6317496038973331
1.5272364243865013
1.7556399889290333
1.8616550639271736
1.6170796230435371
1.6434215754270554
1.6107940822839737
1.5931908339262009
1.8115706257522106
1.5948572531342506
1.709423802793026
1.8151255212724209
1.7635516971349716
1.7996253035962582
1.7875831946730614
1.7696307189762592
1.8048536404967308
1.7587540671229362
1.5777375400066376
1.4828417785465717
1.721226129680872
1.7297827862203121
1.627235021442175
1.5408039838075638
1.6252180114388466
1.6062410324811935
1.5182774439454079
1.5328738763928413
1.5717533230781555
1.4971814416348934
1.4660158827900887
1.4245202541351318
1.646844007074833
1.4702994972467422
1.56954425573349
1.6005993150174618
1.6364473439753056
1.6604641824960709
1.8460755087435246
1.6733746640384197
1.7522045336663723
1.494325928390026
1.7756473124027252
1.4738756716251373
1.6020243391394615
1.4483677297830582
1.6538734771311283
1.5830447562038898
1.484333861619234
1.4696288742125034
1.47486911714077
1.6433858796954155
1.7392102591693401
1.618390280753374
1.6825774163007736
1.7359124012291431
1.5129574313759804
1.3618075475096703
1.490620881319046
1.4590808302164078
1.6865356750786304
1.5645496249198914
1.655144840478897
1.7935993745923042
1.772349115461111
1.8161965981125832
1.9703973643481731
1.9778907857835293
1.436273131519556
1.4557941146194935
1.8770766519010067
1.9641105458140373
1.7326481640338898
1.4720246829092503
1.5958730578422546
1.6302647404372692
1.7661544866859913
1.605382714420557
1.4944594949483871
1.4312405548989773
1.394271019846201
1.6999905705451965
1.2994031831622124
1.6935216151177883
1.337781436741352
1.6066023632884026
1.7742390371859074
1.5586864650249481
1.8770654276013374
1.5294699482619762
1.6650487445294857
1.900866772979498
1.9692872613668442
1.7522712163627148
1.7744008004665375
1.7887106984853745
1.6892227344214916
1.6749188341200352
1.5951757729053497
1.4758279100060463
1.4845326580107212
1.7015928104519844
1.7369968853890896
1.7883475609123707
1.7314371913671494
1.669475246220827
1.5143635384738445
1.6466084569692612
1.6568226963281631
1.4651361145079136
1.6759981587529182
1.6661761552095413
1.8405347354710102
1.413848850876093
1.3360928110778332
1.4313212931156158
1.655954696238041
1.6091743037104607
1.6452799290418625
1.533694051206112
1.451494887471199
1.4005040004849434
1.8461302816867828
1.7286899648606777
1.8516410440206528
1.703608177602291
2.045319013297558
1.7249607108533382
1.830090019851923
1.7254481464624405
1.7792673856019974
1.8732694908976555
1.808308433741331
1.9007451236248016
2.0354844108223915
1.9737537950277328
1.9567056521773338
1.877007707953453
1.9005436897277832
2.0023397356271744
1.8826396763324738
2.3360972553491592
2.4833715707063675
1.746277254074812
3.2856711968779564
2.7700601667165756
2.3088416159152985
1.8379848189651966
1.4977092184126377
1.6094462014734745
1.472991343587637
1.4509942270815372
1.6101709119975567
1.738421220332384
1.666338950395584
1.418055210262537
1.7445032112300396
1.7292832918465137
1.5649376101791859
1.3934205807745457
1.480574980378151
1.4863239750266075
1.6597740948200226
1.4512563534080982
1.7953033410012722
1.5751071609556675
1.4094709903001785
1.5801165401935577
1.480405017733574
1.420124877244234
1.7833872511982918
1.5880527533590794
1.5593061707913876
1.3798776268959045
1.547678142786026
1.4834213890135288
1.645162906497717
1.8875806219875813
1.600383635610342
1.577754557132721
1.5152927115559578
1.5742273591458797
1.7299783527851105
1.5936708562076092
1.6240223236382008
1.658961858600378
1.8564431853592396
1.4714520797133446
1.577384278178215
1.7304286547005177
1.6704754307866096
1.5780514776706696
1.7669742666184902
2.033185914158821
1.9088448211550713
2.040374271571636
1.9795986637473106
1.9471128433942795
2.029392182826996
1.931193120777607
1.7544775493443012
1.8236251659691334
2.1499426439404488
1.737278737127781
2.434701733291149
2.290584832429886
2.1940025091171265
2.1411390230059624
2.184422917664051
1.9098125360906124
5.182566195726395
2.254622206091881
25.087964713573456
2.092877469956875
16.273940682411194
4.806178465485573
4.608113259077072
4.337837591767311
4.14271342754364
3.8829678893089294
4.127602331340313
4.525460377335548
1.8611107468605042
22.409584283828735
2.5404157266020775
1.725663498044014
10.843638062477112
2.373375117778778
1.7328626327216625
10.208990186452866
3.7763160467147827
2.802001178264618
1.6822516173124313
14.712597966194153
3.5414838939905167
2.8494728729128838
2.701359398663044
3.014355532824993
2.4827170222997665
2.613162413239479
3.0867111533880234
2.8787273690104485
1.448171578347683
18.841150164604187
2.5083517730236053
1.8132690414786339
10.064046084880829
3.823040835559368
2.927608273923397
2.303975261747837
2.2754794508218765
1.7447954826056957
9.88799911737442
3.8834328353405
2.4619778022170067
2.463626191020012
1.7185860611498356
6.757865473628044
3.8897048383951187
2.563596323132515
2.3530505150556564
2.416169449687004
2.2183421850204468
2.5746516808867455
2.288722835481167
2.567547984421253
2.366644985973835
2.7867907360196114
2.297081507742405
2.5538678243756294
2.533975973725319
2.324619770050049
2.3847309947013855
2.309689663350582
2.6831203401088715
2.4169601127505302
2.621968224644661
2.309838227927685
2.1606920659542084
2.216495029628277
2.449276179075241
2.497428275644779
2.5037158876657486
2.3894075080752373
2.3728652223944664
2.4011690244078636
2.5999721959233284
2.4160405173897743
2.5237953439354897
2.4274613708257675
2.5112393125891685
2.399676077067852
2.4831691086292267
2.593583256006241
2.585400588810444
2.2938778549432755
2.39121650159359
2.4424154981970787
2.327010154724121
1.7853476367890835
6.497226729989052
3.5837669521570206
2.893194869160652
2.3893216401338577
2.5382454097270966
2.458118200302124
2.3580204993486404
2.3470880165696144
1.9188006222248077
6.813804283738136
2.308478869497776
1.519463799893856
7.052737846970558
4.247395306825638
3.1492211371660233
1.8220227025449276
17.20860069990158
3.1439234390854836
1.801893413066864
11.40861651301384
2.627383641898632
1.6725793741643429
12.052374988794327
3.8802571892738342
2.758364260196686
1.7233855538070202
13.027794480323792
4.6552804708480835
3.5703891217708588
3.1998533234000206
3.0831420868635178
1.678152333945036
11.763664841651917
4.825796917080879
1.9123277962207794
25.223155438899994
7.018676534295082
25.80422204732895
24.636753857135773
23.71886056661606
24.365231335163116
23.275752544403076
24.262733578681946
24.923614621162415
23.931939959526062
24.514393150806427
6.003725215792656
27.9590722322464
25.881656885147095
24.16264694929123
23.070371389389038
24.87167465686798
22.307929039001465
24.129019379615784
23.577181339263916
26.917230546474457
8.061160832643509
26.98661434650421
27.105254232883453
27.621158361434937
26.768134832382202
26.158792793750763
26.40791082382202
26.311338543891907
25.86755335330963
26.675598084926605
26.137979447841644
26.806937158107758
16.955206871032715
15.892346501350403
26.639835953712463
27.373218178749084
26.900167047977448
5.767305508255959
27.527911007404327
3.971684291958809
27.04560214281082
27.44636780023575
27.161372303962708
27.233007550239563
16.934935212135315
12.354117512702942
10.926832973957062
22.60357493162155
11.25753903388977
27.592931628227234
24.049270153045654
27.009523391723633
27.209567487239838
26.51933640241623
26.594099462032318
27.061298072338104
26.042056441307068
26.254370093345642
25.896451354026794
25.836402475833893
26.406423449516296
8.869725406169891
5.528907060623169
4.099952846765518
12.124544888734818
7.170398980379105
3.630435898900032
15.442692875862122
10.657193958759308
9.890370696783066
8.189862698316574
8.829451501369476
6.6596569418907166
8.002513363957405
8.103125423192978
7.831320583820343
12.672361433506012
7.410833403468132
8.000674068927765
6.3061795979738235
8.333250761032104
7.206275030970573
6.80166682600975
3.633143551647663
22.760081708431244
11.619670003652573
5.983519002795219
3.0802399665117264
22.867405474185944
13.643030256032944
6.443543612957001
5.5719520300626755
6.524111583828926
5.85430933535099
3.321664534509182
2.21161250770092
2.3014578074216843
3.1949339658021927
2.530035264790058
3.067137695848942
2.7717843055725098
2.8942247107625008
3.0864100083708763
2.782320961356163
2.9984441995620728
2.2616834864020348
6.867037430405617
3.7107632607221603
3.159196339547634
2.8718749284744263
3.0532748252153397
2.294703997671604
9.232318937778473
2.8929656594991684
27.801714777946472
2.441242389380932
26.792134940624237
2.514509931206703
24.8783997297287
2.7167003080248833
2.3787200078368187
6.25083327293396
3.27031023055315
3.042968735098839
2.9838158637285233
2.859075106680393
2.556269131600857
2.605825014412403
2.032935619354248
4.861343935132027
2.1820282489061356
22.718343198299408
2.7504601031541824
26.417661726474762
26.600471079349518
25.37638157606125
2.68765389919281
26.98969841003418
2.0342610999941826
27.604266345500946
27.015764117240906
26.692242205142975
27.22942978143692
26.751854360103607
27.64766377210617
27.373536467552185
27.390848577022552
27.593838095664978
27.29429006576538
21.41302365064621
17.52289378643036
24.037338316440582
23.53894078731537
21.98182362318039
22.93179816007614
23.163658797740936
22.567486882209778
23.70377641916275
21.86544495820999
22.15829622745514
22.51590669155121
22.395003080368042
21.838520228862762
21.3318190574646
23.01443314552307
22.64985191822052
23.696844816207886
23.388725876808167
22.496380627155304
11.230379492044449
5.368334203958511
26.63114106655121
4.0156707018613815
26.12112122774124
3.7356886118650436
26.46184480190277
3.886276885867119
26.43521213531494
3.6331692934036255
26.83307921886444
2.8273888379335403
26.30099904537201
27.322474598884583
26.738349437713623
26.91348534822464
4.445727229118347
2.939679279923439
11.635705947875977
6.262313604354858
4.57581552863121
2.1923776865005493
11.19890809059143
7.058824583888054
5.090746104717255
4.024747595191002
2.2341243773698807
12.394977629184723
7.422100096940994
2.345701664686203
18.6118341088295
13.279402911663055
9.269240260124207
7.160263359546661
6.762953504920006
6.160991191864014
5.702778726816177
5.9183865040540695
5.440533220767975
5.678283125162125
5.675060614943504
2.3810059130191803
16.95430201292038
8.071167945861816
5.415163904428482
4.446442797780037
2.182499572634697
22.764667212963104
6.169220060110092
27.040153801441193
26.98811447620392
22.983531713485718
2.755760356783867
26.953038454055786
25.45581293106079
25.507143914699554
2.520228423178196
27.115509510040283
28.024604976177216
2.2029764875769615
27.17331635951996
27.251757979393005
27.366352558135986
27.11175274848938
26.053667426109314
8.019708186388016
26.891499638557434
26.145323991775513
26.06854820251465
26.43374902009964
27.036835372447968
7.097179248929024
26.709614753723145
26.914206981658936
3.344001814723015
26.644825637340546
26.57398009300232
3.0090894997119904
27.733630776405334
2.3551520258188248
26.481504142284393
27.61174702644348
27.959685504436493
10.010456144809723
27.678909599781036
3.301272802054882
27.251743018627167
27.82374882698059
27.995145559310913
27.908053696155548
27.76607370376587
27.95731258392334
28.385182857513428
27.298514902591705
27.73878175020218
27.544683635234833
28.015463650226593
27.52326500415802
26.81272315979004
26.900470733642578
27.25163644552231
27.446067214012146
27.252840995788574
27.059724509716034
28.371346831321716
27.770924150943756
27.6132795214653
27.34418350458145
27.04167276620865
14.50871342420578
26.886143028736115
27.269277572631836
26.970255851745605
26.847631573677063
26.862021148204803
27.03288108110428
27.837640166282654
9.702508002519608
6.4191161543130875
5.764571711421013
8.585056900978088
7.227695271372795
5.398671522736549
10.911947280168533
8.301778018474579
8.774520099163055
7.019120618700981
15.051607877016068
7.631433218717575
8.422717660665512
4.9925191551446915
4.0581174194812775
9.886637955904007
4.876736119389534
26.801048815250397
13.105504810810089
3.4581016525626183
3.1894809752702713
7.115226984024048
4.61687171459198
3.2570000290870667
7.596738561987877
4.4311725199222565
3.22574695199728
5.205283373594284
3.5963036194443703
3.178518667817116
2.5965321585536003
2.6322858706116676
3.265371836721897
2.1262059658765793
2.45107801258564
2.5317144095897675
2.266348958015442
2.698725998401642
2.572604902088642
2.697166420519352
2.6349363401532173
2.59664049744606
2.4255220517516136
2.4107198044657707
2.412470541894436
2.849958546459675
2.6744577437639236
2.7120601534843445
2.5438761189579964
2.518561750650406
2.4531776383519173
2.2989708706736565
2.515325613319874
2.287699915468693
2.6791850179433823
2.2200286388397217
2.7407764941453934
2.4588886350393295
2.6149859875440598
2.3243373185396194
2.1623879969120026
2.4272536635398865
2.410573624074459
2.0745535790920258
2.9857490733265877
2.697198733687401
2.5807246789336205
1.9666993543505669
3.09814415872097
2.489540882408619
2.4262785241007805
2.1014401838183403
2.224724255502224
1.9097131490707397
1.8005506806075573
1.735262181609869
1.794309750199318
1.9773551002144814
2.1782407760620117
1.8849712274968624
1.604896318167448
1.745085846632719
2.014569967985153
1.9535764008760452
2.115421913564205
2.3818526566028595
2.0836929976940155
2.123874992132187
2.2615445777773857
2.2756713405251503
2.2667650878429413
2.1646140813827515
2.229104921221733
2.13566318154335
2.0509907603263855
2.1506770849227905
1.8458131328225136
1.8928132578730583
1.8594902530312538
1.7604771070182323
2.068034879863262
1.8724162131547928
1.8555309511721134
2.033462069928646
2.029416970908642
1.717962857335806
1.884260855615139
1.7680080272257328
1.7103785313665867
1.778417069464922
1.865417219698429
2.1669040098786354
2.1158597990870476
1.8999562710523605
2.1534996554255486
1.8865644931793213
1.923876404762268
1.8779107183218002
1.9670138284564018
2.095072992146015
1.7541063874959946
1.5423041470348835
1.9095020145177841
1.8836156949400902
1.6649914421141148
1.7965762726962566
1.7921267338097095
1.605167429894209
1.6879516541957855
1.6769634708762169
1.7730214819312096
1.4232197366654873
1.5186136551201344
1.6433789357542992
1.6241704896092415
1.7654782943427563
1.783659677952528
1.5893457680940628
1.9004091769456863
1.8737289160490036
1.972482979297638
2.0401573181152344
2.0177118852734566
1.9725485518574715
1.78039138764143
1.522826075553894
1.6186820417642593
1.5313957333564758
1.6388185396790504
1.548862036317587
1.5780285522341728
1.560965921729803
1.5655055977404118
1.9308514818549156
1.7262421138584614
1.8230642676353455
1.7142718695104122
1.9419429823756218
1.9577427729964256
1.9193556606769562
1.8748173490166664
1.7750855423510075
1.7080293036997318
1.7722730934619904
1.8586516454815865
1.6102551072835922
1.7812728732824326
1.5977626591920853
1.580214999616146
1.7665559314191341
1.8927253410220146
1.919822908937931
2.1509494855999947
1.7772855050861835
1.9199622869491577
1.809962723404169
2.1151700541377068
2.1143983006477356
1.9410236477851868
1.822251494973898
2.0355543345212936
1.9420373365283012
2.023766353726387
1.955930970609188
2.240580163896084
2.0849929600954056
1.881331592798233
2.0850475132465363
1.9919856786727905
2.0304061248898506
2.0053480118513107
1.7478756606578827
6.548914894461632
2.041189879179001
24.86861664056778
1.9675166979432106
20.81359827518463
2.6411970406770706
3.599952794611454
3.7863666266202927
3.7356822937726974
3.8499604612588882
3.846285529434681
1.811559408903122
20.15623688697815
1.9405875727534294
27.00565791130066
22.490534722805023
22.02478539943695
2.0295525565743446
26.81794500350952
1.5715383440256119
27.018932104110718
27.067967653274536
27.08154708147049
27.591585874557495
27.187163174152374
2.392285257577896
27.232826590538025
27.70353275537491
2.8278938382864
27.228131473064423
1.9935889840126038
27.64918738603592
27.391693890094757
2.370207816362381
26.716863453388214
27.606426298618317
27.333630204200745
27.860353887081146
27.77622503042221
27.217638432979584
8.952097713947296
5.106315985321999
19.320265233516693
11.967349112033844
10.390192210674286
4.145028382539749
25.338488459587097
2.6897374764084816
25.51758897304535
5.550202816724777
8.517563611268997
7.91264520585537
7.226745203137398
7.275484248995781
6.162570104002953
6.697826534509659
7.07778400182724
7.543758243322372
7.727326214313507
7.97731052339077
7.400326952338219
2.4667340740561485
23.709688246250153
2.6355182975530624
23.695583283901215
2.151776686310768
23.006421625614166
4.351172521710396
2.944687709212303
3.401764936745167
3.681509628891945
2.282048925757408
10.333510130643845
4.277048856019974
2.800520248711109
2.290036767721176
1.7547152638435364
7.822707086801529
4.390062510967255
1.8939415365457535
16.432477355003357
5.575753733515739
5.250146120786667
2.265101507306099
23.356484353542328
2.0383895933628082
26.68128377199173
1.5990478619933128
26.604715824127197
27.036498248577118
26.469999313354492
26.997781097888947
26.94637644290924
27.212889969348907
26.546713709831238
27.581740736961365
6.515349715948105
27.083191871643066
26.91556227207184
26.423657476902008
26.090433835983276
24.59001475572586
25.023687541484833
26.339608550071716
6.219299420714378
26.43661105632782
25.739713191986084
25.17689722776413
24.809179544448853
25.488490402698517
24.366687417030334
24.800110280513763
24.688318252563477
7.67312578856945
26.728456556797028
24.51496809720993
24.818491280078888
24.47108954191208
24.989554703235626
24.117188274860382
7.2051647156476974
26.663194596767426
26.464903354644775
25.43796694278717
25.952454447746277
25.104205429553986
8.914861410856247
25.459953248500824
25.662633895874023
26.75793021917343
25.24546068906784
26.01658922433853
26.509003341197968
25.27756428718567
26.30075365304947
25.998668134212494
25.594206035137177
25.793682992458344
8.673921287059784
26.380500733852386
26.29809194803238
26.07905203104019
26.05783635377884
25.50565803050995
26.31824553012848
26.203234791755676
25.92057055234909
26.45720201730728
25.63104099035263
25.81330633163452
26.157193303108215
25.877923846244812
25.916065216064453
25.952886283397675
25.519372403621674
25.760257065296173
9.50739860534668
26.26459449529648
25.85272741317749
6.076379016041756
26.448129653930664
4.184435114264488
3.606937326490879
5.444580405950546
3.9581802636384964
6.181929022073746
3.5916882157325745
3.32761549949646
5.035046368837357
3.1789697632193565
6.252304837107658
3.5811736062169075
3.287807360291481
7.3571600914001465
3.6940809562802315
3.4301944226026535
15.947972416877747
4.006314843893051
3.437960706651211
3.4152473360300064
3.4373244792222977
3.44432183355093
2.955512151122093
2.6266662776470184
2.4171596840023994
2.3378123119473457
2.2660533413290977
2.622409150004387
2.8081206753849983
2.7637080252170563
2.462230086326599
2.4899653792381287
3.2709615230560303
2.8233955428004265
2.5376642495393753
2.6900675669312477
2.487165905535221
2.5823662877082825
2.901239328086376
2.651961050927639
2.3740436509251595
2.3363103196024895
3.3181098252534866
2.568041630089283
2.3244120851159096
2.5514769554138184
2.2100539430975914
3.3908866345882416
2.0754024386405945
16.178267061710358
4.3992516696453094
2.9880967140197754
2.657756045460701
2.987120896577835
2.6833101511001587
2.0228010714054108
1.9445215687155724
2.4416148960590363
2.326160341501236
2.1651422157883644
3.0293993279337883
2.48668821901083
2.534092351794243
2.401839926838875
2.5320870727300644
2.4533301442861557
2.2244322672486305
2.2669815719127655
2.5858736410737038
1.9296642690896988
1.7761059030890465
1.8157901987433434
1.8201840780675411
1.8370776996016502
1.7761366814374924
1.7788750678300858
1.760516095906496
1.8385346420109272
1.8201117888092995
1.9247262701392174
1.8772784397006035
1.8944094255566597
1.9855392798781395
2.190056674182415
2.0059331730008125
1.9557178169488907
1.9076647832989693
1.7085806727409363
1.7233422808349133
1.9931596294045448
1.8825583755970001
1.9969063848257065
2.246954970061779
2.1830541864037514
1.8414944447577
2.342050351202488
2.2178258448839188
2.3157062381505966
2.2238611951470375
2.4674759209156036
1.9303667172789574
1.8957932144403458
1.9273482076823711
2.3127118721604347
2.0010719299316406
1.888463594019413
2.049326114356518
2.325893394649029
2.182174488902092
2.086606949567795
2.3070933371782303
1.8771067932248116
2.4331831485033035
2.0873358473181725
2.306293800473213
2.2272588834166527
2.24094807356596
1.939243409782648
2.5539506301283836
2.5290470272302628
1.7250838316977024
3.8390385881066322
3.1674858927726746
1.7327109090983868
5.245672285556793
3.048557832837105
2.761899873614311
2.7153836265206337
2.4483115896582603
1.7753892540931702
1.8803472593426704
1.5714545398950577
1.6241429410874844
1.5910128578543663
1.7825430817902088
1.7334368489682674
1.6047655157744884
1.8221472948789597
1.802833404392004
1.6799721643328667
1.7829699218273163
1.630904570221901
1.6129704676568508
1.7898763045668602
1.7561462596058846
1.8114878870546818
1.4922887198626995
1.4380569085478783
1.5184935256838799
1.881361547857523
1.5495630092918873
1.556120377033949
1.643867690116167
1.4149226658046246
1.460861686617136
1.6737906821072102
1.5418558903038502
1.5087904036045074
1.5948977395892143
1.4518069587647915
1.7018953152000904
1.6646859720349312
1.7563396617770195
1.818620391190052
1.7853796519339085
1.8634211085736752
1.74568709731102
2.055717684328556
2.111880548298359
1.6619642972946167
1.6829511150717735
1.782280147075653
1.7663696967065334
1.900827407836914
1.911486729979515
1.5641681589186192
1.6199440397322178
1.9005375280976295
2.019243396818638
1.6512455381453037
1.8673988841474056
1.8386306799948215
1.7550098598003387
1.605942863970995
1.7652105800807476
2.0231126621365547
2.235941104590893
1.8292207792401314
1.8365769907832146
1.765175223350525
1.6579744890332222
2.0648199766874313
1.6546852476894855
2.0128596872091293
1.7782263308763504
1.6553062796592712
1.4147387258708477
1.5004029721021652
1.6217579990625381
1.359833624213934
1.6997773572802544
1.6878489218652248
1.5614118874073029
1.7330491617321968
1.7465835623443127
1.7491734214127064
1.8130704872310162
1.567391250282526
1.7108701318502426
1.8208475410938263
1.9446847513318062
1.7348948419094086
1.6919728107750416
1.8990500047802925
1.8268436342477798
1.7156613767147064
1.7104882448911667
1.919897384941578
1.9139316156506538
1.9709593877196312
1.8647982850670815
1.7469521686434746
1.8323237113654613
1.7712862081825733
1.9395029097795486
1.833261776715517
2.1349746137857437
1.830194391310215
1.689853310585022
1.9553840905427933
2.040795721113682
2.1338182911276817
1.7233745865523815
1.9160160198807716
1.856589712202549
2.1112460792064667
2.123349718749523
1.7529810294508934
2.212302803993225
2.01234320551157
2.204841710627079
2.3020892217755318
2.200593449175358
2.190551072359085
2.12483212351799
2.0821258574724197
2.034028612077236
1.8086737245321274
1.5656887404620647
1.7234814278781414
1.6066916026175022
1.547864131629467
1.7369443885982037
1.744370460510254
1.7479826360940933
2.0230791494250298
1.7422000542283058
1.6837733834981918
1.5629696622490883
1.541955217719078
1.6879761666059494
1.7443867325782776
1.7237410508096218
1.9056251496076584
1.7641504555940628
1.6904768869280815
1.7287200838327408
1.5983241647481918
1.4743165075778961
1.4469156302511692
1.8500723205506802
1.8316917046904564
1.9424466826021671
1.986458383500576
1.7214206866919994
1.739888459444046
1.6905463859438896
1.8077841326594353
1.8840815871953964
2.020468048751354
1.997967503964901
1.9054637216031551
1.7301832623779774
1.5183081105351448
1.8147456236183643
1.7529599629342556
1.6190407201647758
1.5809431336820126
1.5864344909787178
1.402786884456873
1.6858799494802952
1.33321126177907
1.5170814730226994
1.7272153198719025
1.6654339171946049
1.7542946301400661
1.6791283302009106
1.6568465903401375
1.5575351044535637
1.7113589271903038
1.7277250662446022
1.7842807807028294
1.9874270409345627
1.7144857123494148
2.0101130455732346
1.8419513925909996
1.7002925351262093
1.813903085887432
1.621254414319992
1.7215993143618107
1.7407470121979713
1.6145775578916073
1.8454091362655163
1.800415065139532
1.9478574097156525
2.202769048511982
2.0755367130041122
1.7209226489067078
2.503507763147354
2.2564359083771706
2.2075319960713387
2.240196779370308
2.501315087080002
1.88018262013793
3.1035638228058815
1.7310558967292309
6.566844925284386
3.937096878886223
3.014810726046562
2.7446261569857597
2.543271526694298
2.6531329974532127
2.4904298186302185
1.65807531401515
1.5966347195208073
1.5601664669811726
1.7923656590282917
1.7105849385261536
1.5399614945054054
1.837515901774168
2.0341907292604446
2.2052505016326904
1.7239933870732784
2.076037883758545
1.8145807348191738
1.8701933398842812
1.9698244258761406
1.7665709666907787
1.8097384199500084
1.8666134849190712
1.7022977471351624
1.7467845603823662
1.962386392056942
1.653308555483818
1.9123198464512825
2.1085072979331017
1.9370021224021912
2.0817237123847008
1.7536525167524815
2.219568483531475
2.041909009218216
1.837476048618555
1.9719667434692383
1.673111516982317
1.842486932873726
1.7202951237559319
1.7154345326125622
1.6997753903269768
1.7032056003808975
1.8838999383151531
1.8154327310621738
1.7507547475397587
1.784326259046793
1.7457864433526993
1.6497149430215359
1.6074102073907852
1.8115963377058506
1.4531966783106327
1.5936910472810268
1.5219922363758087
1.5834282152354717
1.5879819877445698
1.8340331725776196
1.339539136737585
1.3627495765686035
1.5414373986423016
1.4737047851085663
1.6490871608257294
1.7483495324850082
1.6184729039669037
1.679600764065981
1.638937208801508
1.6553057804703712
1.8792692050337791
1.8643366731703281
1.5573722869157791
1.5385594926774502
1.5612553395330906
1.6535056680440903
1.6466475278139114
1.8363907784223557
1.8421475626528263
2.0714189410209656
1.9647696539759636
1.8402520716190338
1.8062101118266582
1.8185725398361683
1.8217967301607132
1.5070349052548409
1.4447076730430126
1.410171426832676
1.567946944385767
1.5789812542498112
1.4860000982880592
1.9638708680868149
1.5248911306262016
1.6484648287296295
1.5801251977682114
1.6453600116074085
1.4251635745167732
1.3785634227097034
1.3553782775998116
1.6233969330787659
1.54788538813591
1.384218692779541
1.4794259071350098
1.5710573568940163
1.5477021858096123
1.481722954660654
1.5486511588096619
1.6330806873738766
1.5595348998904228
1.3006804324686527
1.5048257745802402
1.792551927268505
1.7402325309813023
1.4320019967854023
1.4233015701174736
1.5807244293391705
1.5989473685622215
1.6232377104461193
1.5126653350889683
1.4037628769874573
1.4495817609131336
1.370950385928154
1.5100661739706993
1.5226319208741188
1.6728174202144146
2.0023979395627975
1.6768962405622005
1.891533337533474
1.6822243332862854
2.0629448667168617
1.6933588050305843
2.0150084793567657
1.846229337155819
1.5931661874055862
1.7202024944126606
1.644374631345272
1.5557044483721256
1.6063869781792164
1.713629126548767
1.583195935934782
1.6688993200659752
1.657903540879488
1.8088631480932236
2.054303079843521
1.798904713243246
1.5437503978610039
1.6627430394291878
1.757191888988018
1.7773718237876892
1.6961420178413391
1.7048349045217037
1.576709259301424
1.6706528291106224
1.8630658648908138
1.7227170579135418
1.47992804646492
1.4258740432560444
1.5628948882222176
1.896282009780407
1.4862915985286236
2.039332516491413
1.7161635905504227
1.6934777721762657
1.8153014779090881
1.9858598858118057
1.9081590175628662
1.8235066309571266
1.705974768847227
1.4862810224294662
1.4672413803637028
1.8388312049210072
1.8494673445820808
1.8044242076575756
1.5872465148568153
1.585209745913744
1.4796761013567448
1.6820891350507736
1.6185744181275368
1.8099853061139584
1.493592444807291
1.5234191492199898
1.6895167604088783
2.0501080751419067
1.6180149465799332
1.3929624669253826
1.3297974206507206
1.4164133928716183
1.4814909659326077
1.4379018992185593
1.3806012496352196
1.4736512713134289
1.4635774493217468
1.729143351316452
1.5648578740656376
1.6388173960149288
1.8168424218893051
1.563929732888937
1.5439871773123741
1.4650322496891022
1.6522668078541756
1.5213486403226852
1.6209852546453476
1.3642189465463161
1.6091705672442913
1.4667851626873016
1.4308066330850124
1.6559023708105087
1.4642650336027145
1.40413036942482
1.5500533208251
1.6760408245027065
1.4501767233014107
1.3195796869695187
1.493320506066084
1.740224912762642
1.3287128284573555
1.656507521867752
1.9713630825281143
1.7075184658169746
1.6607437171041965
1.4360539726912975
1.4171178340911865
1.715062290430069
1.4681049287319183
1.3860741555690765
1.5558889918029308
1.391913503408432
1.6671186946332455
1.7084818296134472
1.4368012249469757
1.657090362161398
1.868064984679222
1.5916990637779236
2.1059622913599014
1.9074568003416061
1.688104186207056
1.8074524886906147
1.5261135622859001
1.6177829541265965
1.6360238566994667
1.6049772128462791
1.8464614264667034
1.9184004478156567
1.9588009119033813
1.8730277195572853
1.7198197171092033
1.6804428659379482
1.862162970006466
1.6269163563847542
1.851585641503334
1.9572985768318176
1.7375188879668713
1.8004859425127506
1.529605109244585
1.8214620426297188
1.8075750395655632
1.856580462306738
2.118435353040695
1.6138433553278446
1.6984335109591484
1.5640421696007252
1.5034783966839314
1.3687064163386822
1.4800658002495766
1.5786746554076672
1.7715883329510689
1.8205166645348072
1.63437045738101
1.8580778166651726
1.7943775467574596
1.7505403570830822
1.7861197590827942
1.7681442648172379
1.680481445044279
1.7054899893701077
1.5914381742477417
1.9622853323817253
1.732983697205782
2.1348244324326515
2.0411045849323273
1.729780152440071
3.2311607599258423
2.4801990315318108
2.500928893685341
2.280581645667553
2.160884641110897
1.7878174632787704
3.6346705704927444
2.5214337930083275
2.431551769375801
2.251478038728237
2.2301434129476547
2.356261298060417
2.3278579115867615
2.456629127264023
2.215812064707279
2.474195681512356
2.483437292277813
2.4204777628183365
1.7861628271639347
3.4850969836115837
1.875719826668501
20.29070806503296
2.211284823715687
1.736056748777628
5.864410489797592
3.2833919003605843
2.6691822335124016
2.7149990797042847
2.563002087175846
2.547871306538582
2.4264209643006325
2.6054246202111244
2.5564289167523384
2.9233819767832756
2.7903329953551292
2.7805173620581627
2.707849472761154
1.9373229146003723
4.65287846326828
2.8216087967157364
2.4628160297870636
2.0313083678483963
2.212247371673584
2.2372232377529144
2.1242998391389847
2.3724517226219177
2.4788944870233536
2.433448798954487
2.196402758359909
1.4525985717773438
3.596794657409191
2.5725868493318558
1.7014669738709927
1.612276367843151
1.377549920231104
1.4739095196127892
1.5813843458890915
1.3101537860929966
1.4822238720953465
1.3980969972908497
1.416979555040598
1.4967593997716904
1.617744155228138
1.599913313984871
1.7175351157784462
1.6518076360225677
1.4366620145738125
1.4227748699486256
1.5497700832784176
1.662399634718895
1.5337526239454746
1.7078094333410263
1.8075013048946857
1.701916255056858
1.807751551270485
1.7048877514898777
1.8105642013251781
1.7873697057366371
1.828272357583046
1.8281061053276062
1.6648733355104923
1.583992876112461
1.5337108299136162
1.4374668188393116
1.7843094617128372
1.7856912799179554
1.822143230587244
1.7810627110302448
2.1609010621905327
1.6254763677716255
2.6738973036408424
2.332466147840023
2.015126369893551
2.142075538635254
2.3278387933969498
2.364090032875538
2.2617871314287186
2.185125559568405
2.2787012234330177
2.3997297435998917
1.7964309081435204
3.126089207828045
2.4907159730792046
1.6781681776046753
9.768569231033325
3.5722775906324387
2.302951008081436
1.7982390150427818
3.026666760444641
2.4957979395985603
2.130923844873905
2.038762331008911
2.240107484161854
2.2996892482042313
2.1134852841496468
2.2559959143400192
1.9381612688302994
2.0355778113007545
2.116596855223179
1.727407444268465
1.5682476796209812
1.6745297871530056
1.6356558315455914
1.5290051847696304
1.63260056078434
1.699757058173418
1.4237845353782177
1.359554462134838
1.7455747090280056
1.3708633072674274
1.4809844382107258
1.459740787744522
1.3382061794400215
1.3177147470414639
1.4719994366168976
1.3530725613236427
1.581694819033146
1.5253679007291794
1.5562929585576057
1.3159905187785625
1.5688710436224937
1.352478675544262
1.4342489019036293
1.4623299650847912
1.5340560860931873
1.5629278123378754
1.653013702481985
1.5462768375873566
1.6624998524785042
1.8424003645777702
1.7705559246242046
1.8550676740705967
1.7706145234405994
1.8463360294699669
1.924508199095726
1.7016972228884697
1.646941114217043
1.5315094850957394
1.5801457837224007
1.6490614265203476
1.7942963168025017
1.517872165888548
1.7557571046054363
1.9933487251400948
1.9544834271073341
1.807069718837738
1.8164438419044018
1.5330894254148006
1.831356581300497
1.5901886783540249
1.6928352937102318
1.8472053855657578
1.4255836606025696
1.5034738220274448
1.6058959104120731
1.7156422287225723
1.8307721987366676
1.5971679240465164
1.8485572785139084
1.8870386481285095
1.8947367444634438
1.7577434740960598
1.7437489554286003
1.7679939270019531
1.4615530408918858
1.7361977212131023
1.7696774452924728
1.9394778721034527
1.9590982496738434
1.5370880253612995
1.4982076734304428
1.6716008186340332
1.781694870442152
1.6306942626833916
1.7097762189805508
1.9124622493982315
1.6370874382555485
1.8570331931114197
1.8485039696097374
1.911264456808567
1.8416185230016708
1.5986458137631416
1.886031448841095
1.8203289024531841
1.7667066007852554
1.595139142125845
1.8905917070806026
1.62564218044281
1.4754527136683464
1.706673949956894
1.6229294016957283
1.622276097536087
1.3509517088532448
1.5731962993741035
1.4379886351525784
1.3725618608295918
1.460210744291544
1.318815678358078
1.4017704389989376
1.6630885638296604
1.4366870671510696
1.551281377673149
1.499310191720724
1.3805762641131878
1.2983022890985012
1.4646962396800518
1.5596428588032722
1.6278131194412708
1.483569175004959
1.4711952283978462
1.497087862342596
1.6836232766509056
1.7025699280202389
1.689558818936348
1.762264423072338
1.6435883790254593
1.4451414197683334
1.399490799754858
1.5674292407929897
1.627045564353466
1.4898241385817528
1.4655310474336147
1.6990282349288464
1.7181617245078087
2.0823374539613724
1.779620360583067
2.084808796644211
1.8268775343894958
2.0677917897701263
1.956354632973671
1.5959921479225159
1.65835814550519
1.506924118846655
1.682780921459198
1.677995204925537
1.7262053526937962
1.6581732295453548
1.6731944605708122
1.7104756496846676
1.4423535615205765
1.4478323832154274
1.6813689544796944
2.0005350932478905
1.8981934562325478
2.0756808072328568
1.8045095168054104
2.17619838565588
1.8322701007127762
1.6699240505695343
1.6660783626139164
1.5458729341626167
1.742580771446228
1.5441561974585056
1.452834889292717
1.467773724347353
1.5312672555446625
1.796049140393734
1.8525274991989136
1.7173436731100082
1.659498367458582
1.7738787420094013
1.5047115050256252
1.7313600219786167
1.5628988407552242
1.5268846079707146
1.401737555861473
1.529961697757244
1.6351255886256695
1.5811938866972923
1.623957622796297
1.6515777222812176
1.7171810865402222
1.5278416946530342
1.7881956659257412
1.8769549168646336
1.9292127527296543
1.8587482124567032
1.9268142953515053
1.7535324767231941
1.7065589539706707
1.865577805787325
1.6714675650000572
1.8827851712703705
1.6696241982281208
1.4668547436594963
1.8592850156128407
1.9184517785906792
1.560982447117567
1.5596789829432964
1.6778855919837952
1.642040129750967
1.4274102970957756
1.4514070004224777
1.240944992750883
1.6467004865407944
1.5930468514561653
1.6834135167300701
1.728557214140892
1.7592082433402538
1.7156171016395092
1.9890658780932426
1.7009145878255367
1.80905631929636
1.5035082548856735
1.769391156733036
1.5652770698070526
1.7141669541597366
1.6215905956923962
1.660520102828741
1.9220510944724083
1.85441467538476
1.9670973792672157
1.8550751507282257
1.4085435792803764
1.5768656618893147
1.5065406188368797
1.3708678148686886
1.5091577619314194
1.4557852111756802
1.2758661024272442
1.3926567882299423
1.331285323947668
1.401192121207714
1.7054293490946293
1.5135129876434803
1.5299307331442833
1.4502489976584911
1.469734389334917
1.6417233236134052
1.801858015358448
1.5966365076601505
1.4904018603265285
1.7188395857810974
1.763953771442175
1.988153487443924
1.7024309150874615
1.4163903445005417
1.8116025142371655
1.544464860111475
1.317912831902504
1.3702817745506763
1.5749727189540863
1.5377802811563015
1.3461526148021221
1.405869197100401
1.4518658258020878
1.5182341895997524
1.5400446653366089
1.7801224440336227
1.7991103120148182
1.4700150713324547
1.638727780431509
1.7694148123264313
1.6801156476140022
1.6639878787100315
1.4447324685752392
1.6730503290891647
1.7164277136325836
1.854658056050539
1.7713540494441986
1.7527918070554733
1.9655965268611908
1.867759458720684
1.912918545305729
2.041204512119293
1.7938077300786972
1.7111422307789326
1.667837928980589
1.6222587004303932
1.5338216535747051
1.5332376174628735
1.5847014635801315
1.3189937882125378
1.5783359222114086
1.3454290144145489
1.3634130842983723
1.4747345447540283
1.7435796447098255
1.7279943078756332
1.6615286469459534
1.8069213852286339
1.790856745094061
2.0554883927106857
1.849423598498106
1.8439716510474682
1.7049373760819435
1.8684284128248692
1.9136923104524612
1.8968123272061348
1.871991127729416
1.7039013914763927
2.1096961200237274
1.7480741143226624
1.7008567191660404
1.6267232410609722
1.428134299814701
1.4525453299283981
1.5124921575188637
1.5129018910229206
1.522328544408083
1.7389260306954384
1.5341277681291103
1.5100865624845028
1.6447145454585552
1.4243562296032906
1.602019589394331
1.4309289418160915
1.5390986576676369
1.552627507597208
1.432376142591238
1.3494508601725101
1.3808970153331757
1.464926715940237
1.3907262533903122
1.4002953581511974
1.7405127957463264
1.6926912888884544
1.766432285308838
1.7243317626416683
1.8090411871671677
1.7026390619575977
1.7047902308404446
2.069407545030117
1.8182510808110237
1.902653906494379
1.8711746148765087
1.7837438769638538
1.3780375458300114
1.4764649122953415
1.600173108279705
1.6120015755295753
1.6503159366548061
1.3585285320878029
1.6192503161728382
1.4141201972961426
1.3780500777065754
1.5622296780347824
1.4053549356758595
1.5261534862220287
1.4888105057179928
1.5001078322529793
1.5824334062635899
1.413765326142311
1.534793246537447
1.3737308271229267
1.4184432998299599
1.7507045418024063
1.8407322689890862
1.375402171164751
1.5134506039321423
1.4423597678542137
1.428336426615715
1.3934766724705696
1.417995821684599
1.3612778261303902
1.5509937405586243
1.4221576265990734
1.695569533854723
1.7385756559669971
1.484516404569149
1.4244519509375095
1.6595685966312885
1.6908537596464157
1.8094017654657364
1.6943467073142529
1.4826684035360813
1.4097160659730434
1.3288465663790703
1.6414791345596313
1.6025213785469532
1.5582582578063011
1.795438501983881
1.5827241316437721
1.6887140348553658
1.7250721752643585
1.5334401652216911
1.6017737723886967
1.7204926200211048
1.8979716785252094
1.7703128084540367
1.7846905291080475
1.607036679983139
1.582582600414753
1.9271732717752457
1.8764872811734676
1.5226983428001404
1.5253285206854343
1.2848817519843578
1.4409458823502064
1.5377142503857613
1.6535634212195873
1.3846672587096691
1.7122121453285217
1.7684673368930817
1.750105433166027
1.5774954929947853
1.9032132625579834
1.7364863976836205
1.8197930753231049
1.9227473437786102
1.6034157536923885
1.5387849994003773
1.5496666580438614
1.5188196301460266
1.6309317871928215
1.7565229274332523
1.484775085002184
1.3314572870731354
1.2348724752664566
1.587394293397665
1.4471494928002357
1.5993253327906132
1.6370515078306198
1.6564581729471684
1.8092194311320782
1.6923208497464657
1.7762000113725662
1.9693566039204597
1.5520347505807877
1.4564001262187958
1.3578698225319386
1.5948531590402126
1.6107845418155193
1.5670004710555077
1.7952403016388416
1.6046803630888462
1.731774915009737
1.6853607222437859
1.727371696382761
1.642884612083435
1.9566278904676437
1.7181386016309261
1.5657414942979813
1.7381654530763626
1.8087712973356247
1.6722543835639954
1.4695079773664474
1.6840530075132847
1.6820948272943497
1.5895993039011955
1.4395699091255665
1.5251656956970692
1.595639381557703
1.9025259912014008
1.502319261431694
1.6502181626856327
1.7088980935513973
1.67057516425848
1.801835808902979
2.0819057300686836
1.8422710448503494
2.3835867568850517
1.5309648960828781
4.830081358551979
2.0886749774217606
23.185869097709656
1.8306308686733246
1.5941703990101814
1.5961790904402733
1.6131230145692825
1.500571109354496
1.4907038882374763
1.684955783188343
1.549580156803131
1.661756157875061
1.5029096975922585
1.883411306887865
1.5221172831952572
1.5741282366216183
1.4738145433366299
1.8883093893527985
1.869714692234993
1.6364690028131008
1.7596793100237846
1.8830985128879547
1.6222440041601658
1.6249772943556309
1.6477934494614601
1.4901166409254074
1.468698125332594
1.4494674690067768
1.69307429343462
1.4254181869328022
1.5049650743603706
1.5712548457086086
1.7535766437649727
1.7309654206037521
1.4921819232404232
1.5274896696209908
1.591686736792326
1.678149078041315
1.655670739710331
1.617916278541088
2.0433146581053734
1.6138033904135227
1.7816063836216927
1.930669218301773
1.6545438133180141
1.7643173560500145
1.8720894381403923
1.8069213218986988
1.9204880855977535
1.9562739804387093
1.5951195359230042
1.5280367359519005
1.9584629461169243
2.019240193068981
1.869245070964098
1.9940983057022095
1.7207649871706963
2.047404520213604
1.986794501543045
2.010422892868519
1.8818669579923153
1.6661225110292435
1.73003538697958
1.8179253935813904
1.814473956823349
1.891435630619526
1.937835093587637
2.0555147007107735
1.6978769972920418
2.1002493426203728
2.109942764043808
1.8448968902230263
2.2283515855669975
1.957692638039589
1.7536351084709167
1.625537782907486
1.7451182790100574
1.9048379361629486
1.8297237418591976
1.9895829856395721
2.109037548303604
1.8309297263622284
1.8928058296442032
1.6648069843649864
1.450595147907734
1.8393473401665688
1.645631566643715
1.8181838430464268
1.778591264039278
1.8110931105911732
1.9588690474629402
1.7756246104836464
1.7618114277720451
1.8709926754236221
1.9367100223898888
1.8098913691937923
1.7868502736091614
1.9147301353514194
1.5461852625012398
1.609345931559801
1.5489071793854237
1.5564302206039429
1.5436852350831032
1.499140653759241
1.4105622842907906
1.611354287713766
1.5964572839438915
1.6051459833979607
1.6493016295135021
1.594277199357748
1.6607506573200226
1.7443170621991158
1.5432550720870495
1.5014072321355343
1.6918229721486568
1.7388513535261154
1.5393654964864254
1.4294184558093548
1.3422805778682232
1.3993443585932255
1.4718806222081184
1.479406837373972
1.5037171989679337
1.3293614648282528
1.3342746831476688
1.4409834705293179
1.6377134285867214
1.854772873222828
1.635767325758934
1.6669343784451485
1.4858104698359966
1.4545741975307465
1.407067459076643
1.278990738093853
1.3227582089602947
1.5488518849015236
1.4067271426320076
1.614662405103445
1.6535639762878418
1.6671335250139236
1.5055937618017197
1.4826278313994408
1.523174274712801
1.6089462973177433
1.6601328998804092
1.432330772280693
1.4335211142897606
1.2712392769753933
1.3239230662584305
1.4969583861529827
1.4659331291913986
1.7581842020154
1.5453002825379372
1.619743701070547
1.5993073917925358
1.3105877190828323
1.4128524996340275
1.6201005466282368
1.3645523004233837
1.6823168694972992
1.8043044582009315
1.8233859688043594
2.1425916031003
1.8709022104740143
1.962436780333519
1.718400239944458
1.903733067214489
2.154428482055664
1.7978724725544453
1.8884238041937351
2.0625286400318146
2.0506425350904465
1.9163883104920387
2.0317384749650955
1.9306251406669617
1.9470465779304504
1.7382106259465218
1.8177245259284973
1.5385605283081532
1.5985415987670422
1.799590278416872
1.6856404170393944
2.056713230907917
1.925751619040966
2.0299849808216095
1.921221874654293
1.8140673451125622
1.6987247914075851
1.7722838297486305
1.89788768440485
2.094345435500145
1.9869466349482536
1.6158937104046345
1.7256532125175
1.7840282395482063
1.6638789884746075
1.5059511475265026
1.6342485137283802
1.5145411752164364
1.56749651953578
1.883100401610136
1.5875301770865917
1.593870349228382
1.5945788510143757
1.5428182408213615
1.4569359682500362
1.4681811667978764
1.3674271479249
1.504207156598568
1.4940672479569912
1.5919191241264343
1.5796249248087406
1.57522501796484
1.6566874980926514
1.5393665619194508
1.6964982561767101
1.550245527178049
1.4652168154716492
1.512987393885851
1.6470974124968052
1.8748041652143002
1.9147190377116203
1.739669792354107
1.8103360570967197
1.9163245111703873
1.5598337166011333
1.5464684404432774
1.5419598259031773
1.712028082460165
1.7429802119731903
1.7596342712640762
1.896153848618269
1.6079099923372269
1.9035211242735386
1.8309349939227104
1.706859901547432
1.8005439788103104
1.6981440111994743
1.398569032549858
1.489487949758768
1.5237238965928555
1.7914680428802967
1.86777750775218
1.5939581505954266
1.3709228932857513
1.4722705408930779
1.5057147666811943
1.4163550287485123
1.6038383319973946
1.709016751497984
1.4154939465224743
1.5337693355977535
1.4964487366378307
1.7739316299557686
1.7399319522082806
1.456123724579811
1.4887438341975212
1.7828609608113766
1.989889457821846
2.007316067814827
1.828971054404974
1.8006923235952854
1.8073357194662094
1.7413803897798061
1.6778107807040215
1.7784893698990345
1.6290914043784142
1.72975417599082
1.703385341912508
1.5519861243665218
1.5531241856515408
1.3507761023938656
1.643193256109953
1.7408849895000458
1.672473393380642
1.6223817989230156
1.8747543320059776
1.5976448766887188
1.6844947263598442
1.772152066230774
1.4486462958157063
1.7749899700284004
1.4851958528161049
1.4856487587094307
1.4136609621345997
1.57465361058712
1.4928915277123451
1.6376199647784233
1.477568842470646
1.7693578340113163
1.4149780794978142
1.8982405364513397
1.6952879130840302
1.6735259555280209
1.5803281143307686
1.6247570104897022
1.5507739558815956
1.5176609084010124
1.5465466007590294
1.63364939391613
1.7519640140235424
1.9065493792295456
1.7944870963692665
1.7658711932599545
1.889900527894497
1.579827968031168
1.6818366087973118
1.7585117034614086
1.6747753098607063
1.6017137914896011
1.743617918342352
1.6388081535696983
1.7934792675077915
1.5131474994122982
1.5703201070427895
1.6761627607047558
1.771159801632166
1.7605724856257439
1.575809057801962
1.909509040415287
1.765174813568592
1.7447715885937214
1.956735022366047
1.6788059771060944
1.5165521278977394
1.7613808624446392
1.7451146617531776
1.4710574187338352
1.640667263418436
1.4661259576678276
1.4273526035249233
1.5133460275828838
1.661317404359579
1.3317877613008022
1.4597440212965012
1.484899215400219
1.5573973506689072
1.612189270555973
1.5855509787797928
1.3872071281075478
1.4649442061781883
1.3755210228264332
1.4970609247684479
1.5788739994168282
1.6944692358374596
1.3970347680151463
1.4635241739451885
1.644114900380373
1.6149206086993217
1.5704941414296627
1.6767700128257275
1.7413555644452572
1.7501817978918552
1.6980709247291088
1.7944044582545757
1.8106502518057823
1.8580140359699726
1.9098171219229698
1.8557022996246815
1.7374339886009693
1.8958934135735035
1.5905897617340088
1.5823362730443478
1.6067504845559597
1.534032478928566
1.6688952445983887
1.8390763215720654
1.6530547104775906
1.7635895498096943
2.0274332463741302
1.6475392766296864
1.8481785878539085
2.1421872079372406
1.8792170360684395
1.877382718026638
1.5729703456163406
1.3895113915205002
1.7157659865915775
1.7042225077748299
1.7885595448315144
1.684041228145361
1.5919802896678448
1.8004699498414993
1.8440178744494915
1.667518462985754
1.566791582852602
1.830039106309414
1.510056622326374
1.5216758660972118
1.5293351523578167
1.4564622342586517
1.4764097444713116
1.4378100708127022
1.5316803678870201
1.5953713320195675
1.7994208484888077
1.966824933886528
1.6482770629227161
1.9717062786221504
1.6933164447546005
1.8063950203359127
1.5326430201530457
1.5929716862738132
1.5705647617578506
1.4553620629012585
1.4803850874304771
1.4967409633100033
1.7500109635293484
1.477789729833603
1.6060439981520176
1.626788217574358
1.5779366344213486
1.3743108063936234
1.5430944003164768
1.6200536340475082
1.6773129105567932
1.9208204001188278
1.8024370782077312
1.4581809528172016
1.9156601428985596
1.6265179626643658
1.4094383157789707
1.553356435149908
1.7276133745908737
1.8004544451832771
1.83284442871809
1.9729286283254623
1.4519438222050667
1.479649804532528
1.6723058074712753
1.8120959028601646
1.710568692535162
1.4132759347558022
1.4086671993136406
1.9505153149366379
1.7618577852845192
1.7629853710532188
1.7886743135750294
1.802872359752655
1.8670432977378368
1.755107071250677
1.8715095296502113
1.9594354405999184
1.7026054821908474
1.392341312021017
1.427016332745552
1.6891876757144928
1.8235868141055107
1.4868479035794735
1.7012621015310287
1.5116761662065983
1.4931025318801403
1.6202270165085793
1.6110321134328842
1.4644399583339691
1.6850137375295162
1.7160452120006084
1.6499022170901299
1.715908795595169
1.9869841635227203
1.708701279014349
1.611116524785757
1.5961246639490128
1.842711254954338
2.019511140882969
1.9098401218652725
1.8842768669128418
1.860938936471939
1.882497400045395
1.8043377436697483
1.9745693355798721
1.60903749614954
1.5127185881137848
1.6524637266993523
1.4401841014623642
1.4839923977851868
1.3440287299454212
1.3397066555917263
1.3795941360294819
1.4808444008231163
1.4491891041398048
1.6270894072949886
1.6214239485561848
1.6304320320487022
1.675423949956894
1.5357201099395752
1.648521538823843
1.7150531262159348
1.6518475450575352
1.7607478871941566
1.6722523085772991
1.5536994747817516
1.627032220363617
1.7131647393107414
1.5393987484276295
1.4472018107771873
1.5331558771431446
1.5214855447411537
1.383152212947607
1.485466856509447
1.3778273463249207
1.516174890100956
1.8504887335002422
1.6885512731969357
1.8345888294279575
1.763725906610489
1.552390344440937
1.5900389589369297
1.4207728058099747
1.4922917559742928
1.4158616065979004
1.5295467376708984
1.6248464919626713
1.416332669556141
1.6324783600866795
1.428448598831892
1.56802611425519
1.4497047699987888
1.479701779782772
1.4397236667573452
1.7550328522920609
1.5660728141665459
1.9830010458827019
1.4929870925843716
1.4859585165977478
1.6811760887503624
1.8888045474886894
1.7112481035292149
1.6720152758061886
1.3237070702016354
1.6127671524882317
1.4991582594811916
1.6464926227927208
1.3250949531793594
1.4361160956323147
1.6830929107964039
1.5364715084433556
1.4085425585508347
1.4627062641084194
1.5120898522436619
1.6744037568569183
1.593243047595024
1.5161057263612747
1.6254727132618427
1.641345914453268
1.4687460511922836
1.463246639817953
1.4316380843520164
1.5381298922002316
1.5214170962572098
1.702826101332903
1.5433231517672539
1.6401335150003433
1.692677564918995
1.6531757600605488
1.7475356049835682
1.5945704504847527
1.7752815298736095
1.7064185813069344
1.8183681964874268
1.6081195920705795
1.6601413488388062
1.6551052369177341
1.5424850694835186
1.3153829835355282
1.5446376018226147
1.7293137311935425
1.7275631316006184
1.7754005938768387
1.7460620626807213
1.6535966098308563
1.5055594928562641
1.7642103768885136
1.590424545109272
1.7924123406410217
1.695836152881384
1.367373388260603
1.3374402336776257
1.59342572838068
1.609490778297186
1.4940247498452663
1.688028384000063
1.8046990931034088
1.562098640948534
1.7900337167084217
1.426123384386301
1.3548611477017403
1.436276849359274
1.4977681264281273
1.5068220645189285
1.4797925390303135
1.576546911150217
1.6619199216365814
1.4672569446265697
1.5839953683316708
1.6855172999203205
1.6385179907083511
1.622583869844675
1.409727793186903
1.4815880060195923
1.595463089644909
1.4143315553665161
1.5448252893984318
1.5293487794697285
1.5160785391926765
1.349946055561304
1.3980904705822468
1.4656387455761433
1.5783700868487358
1.5810066871345043
1.5151924043893814
1.665395863354206
1.7972738705575466
1.560052689164877
1.6473224125802517
1.776606060564518
1.959067590534687
1.869657151401043
1.776139933615923
2.0174080431461334
1.5289644040167332
2.769929349422455
2.1763832196593285
2.1038507372140884
1.7646592669188976
1.5138465277850628
1.5685397051274776
1.4710472337901592
1.589752297848463
1.7632096782326698
1.7550155855715275
1.8050092719495296
1.9030740931630135
2.0884689316153526
1.9459104016423225
1.4064917527139187
1.6772448234260082
1.6980503536760807
1.8260670453310013
1.6494761854410172
1.7070008963346481
1.6199466586112976
1.5004958547651768
1.283079482614994
1.5889234840869904
1.4683393947780132
1.71670688316226
1.8527922071516514
1.714687805622816
1.7285733483731747
1.3470308035612106
1.5541412010788918
1.5325867719948292
1.7292858324944973
2.005020685493946
1.9294612109661102
1.9401501901447773
1.807736061513424
1.9039840400218964
1.9130459353327751
1.8402882106602192
1.7593616992235184
1.8751478344202042
1.9758540242910385
1.9602129459381104
1.683855514973402
1.804885908961296
2.104379117488861
1.9082915633916855
1.883397001773119
1.6076850704848766
1.7425175420939922
1.7852424010634422
2.049635261297226
2.157165214419365
1.5325790271162987
4.577587112784386
2.403795078396797
1.5360564514994621
1.4713906794786453
1.323035106062889
1.538887906819582
1.438629187643528
1.5532758459448814
1.6624982729554176
1.6040185987949371
1.8949327990412712
1.594163864850998
1.412860531359911
1.520707443356514
1.682479564100504
1.7962379679083824
1.9141649082303047
1.72801473736763
1.685845073312521
1.881136942654848
1.5953873842954636
1.710174310952425
1.528237871825695
1.4573939815163612
1.6039645969867706
1.3024950921535492
1.2992064766585827
1.428857248276472
1.3625063672661781
1.2061304412782192
1.5225169956684113
1.460929423570633
1.5305493362247944
1.8844010792672634
1.858571857213974
1.4932559542357922
1.4105652496218681
1.3927944377064705
1.7020331509411335
1.3664864040911198
1.6396527476608753
1.9298836141824722
1.5362137407064438
1.8062652423977852
1.6046091802418232
1.6657735779881477
1.5067710652947426
1.7427854537963867
1.4919956140220165
1.5606093779206276
1.438196375966072
1.5095776207745075
1.5244611129164696
1.6543879322707653
1.5580800250172615
1.5915880613029003
1.8148264363408089
1.6127299256622791
1.6415478587150574
1.3118024989962578
1.4926341250538826
1.8136788345873356
1.5333315767347813
1.6401924341917038
1.7500748187303543
1.8886455036699772
1.6444620676338673
1.6745190434157848
1.9389977268874645
1.6911951825022697
1.9343852624297142
1.7477057203650475
1.8616236671805382
1.6387066841125488
1.6886418275535107
1.7094279304146767
1.7401578798890114
1.75413191691041
1.8590544871985912
1.5306042097508907
1.4714944250881672
1.5921119824051857
1.622465841472149
1.6173713244497776
1.6879820004105568
1.7991569302976131
1.8418447114527225
1.9479955583810806
2.004382513463497
2.015862077474594
2.038850612938404
2.047430858016014
1.8855054825544357
1.9781736768782139
1.961777001619339
1.9600020423531532
2.0588474720716476
1.851057156920433
1.8973053433001041
2.0430381447076797
1.9347771629691124
1.9539418146014214
1.9388202391564846
1.943120613694191
1.8048552386462688
1.5238532945513725
1.6828841045498848
1.5556948743760586
1.5322347208857536
1.546815499663353
1.560209721326828
1.6981641612946987
1.6646743342280388
1.598702322691679
1.484726082533598
1.4493012242019176
1.4397611021995544
1.5016485713422298
1.6555863209068775
1.3303863853216171
1.71441300958395
1.8419336378574371
1.3427944481372833
1.5539524778723717
1.4888450615108013
1.4748728685081005
1.4873220138251781
1.521268092095852
1.6164519041776657
1.407407384365797
1.723761472851038
1.5414925888180733
1.4299416616559029
1.7481523752212524
1.4867963083088398
1.545130617916584
1.5166839621961117
1.4530339613556862
1.4311671741306782
1.5120124146342278
1.471677478402853
1.4699974954128265
1.4713013730943203
1.7941358424723148
1.4834636524319649
1.3843993358314037
1.442764826118946
1.6893438249826431
1.7626063711941242
1.4345312640070915
1.8603673689067364
1.7793105095624924
2.0009309500455856
1.7870356850326061
1.794021312147379
1.6072008833289146
1.6467315815389156
1.585136741399765
1.495941150933504
1.4633589386940002
1.4862562119960785
1.5629406422376633
1.5122438594698906
1.8171010166406631
1.6208203211426735
1.4885030686855316
1.4620417840778828
1.6112540028989315
1.4278538413345814
1.540925394743681
1.6632283367216587
1.7310924008488655
1.8440752550959587
1.6725349724292755
1.8288946524262428
1.5268409624695778
1.716166116297245
1.5839501842856407
1.6441905722022057
1.5532428584992886
1.5848572067916393
1.4729774110019207
1.2938040159642696
1.411465309560299
1.582294374704361
1.8212089464068413
1.7430939190089703
1.7714820057153702
1.6297068297863007
1.6324041597545147
1.4908858612179756
1.4938305132091045
1.447426088154316
1.5769866481423378
1.459132019430399
1.5983300507068634
1.504446692764759
1.5883672274649143
1.4941770397126675
1.6646217480301857
1.5410231426358223
1.7425962947309017
1.8020607605576515
1.71064767614007
1.6816466748714447
1.3970435932278633
1.5000259764492512
1.326066765934229
1.3216290809214115
1.5039397589862347
1.4146690890192986
1.541106440126896
1.3865236230194569
1.5961525328457355
1.523719247430563
1.2456072606146336
1.444020178169012
1.467398926615715
1.4173505306243896
1.6098626852035522
1.5742101408541203
1.385237094014883
1.3598865903913975
1.4285320714116096
1.736830621957779
1.6430835835635662
1.7712928429245949
1.4586803242564201
1.5906878635287285
1.446669615805149
1.3317438066005707
1.5772831812500954
1.577982872724533
1.3197093196213245
1.4009990580379963
1.6664234474301338
1.4736058004200459
1.423969577997923
1.3403438478708267
1.4627295210957527
1.4951474480330944
1.4588703997433186
1.4213572964072227
1.6033660508692265
1.5154943838715553
1.5642728321254253
1.4860915429890156
1.4447053521871567
1.4625935815274715
1.8885126449167728
1.6563518345355988
1.7425812296569347
1.4300548993051052
1.5026396960020065
1.727626919746399
1.515544269233942
1.5902258604764938
1.560892976820469
1.391566064208746
1.3669520765542984
1.53762461617589
1.4103536047041416
1.5752722918987274
1.8212758712470531
1.6470069848001003
1.7577574402093887
1.892787627875805
1.7404444329440594
1.8666251972317696
1.724447574466467
1.6981643363833427
1.600934274494648
1.4027484357357025
1.747957456856966
1.6428177393972874
1.692914605140686
1.808381613343954
1.7025986835360527
1.7888911813497543
1.641413640230894
1.8354272618889809
1.6359024830162525
1.5869003273546696
1.9309385865926743
1.724174614995718
1.473169319331646
1.7019265964627266
1.5725030601024628
1.4688176400959492
1.5532937161624432
1.7298821806907654
1.7003981433808804
1.8828645311295986
1.6719369515776634
1.6852674633264542
1.8629019185900688
1.9151237085461617
1.8396120555698872
1.8064022697508335
1.778243761509657
1.8071450591087341
1.9246283248066902
1.926725372672081
1.8460684046149254
1.8546332381665707
1.9294828176498413
2.0486279726028442
1.7617748863995075
1.8926865309476852
2.158081576228142
1.7624316960573196
2.1468876376748085
2.2349641993641853
2.036432236433029
2.2071311250329018
1.6101287081837654
5.71727779507637
1.9385372325778008
25.171479761600494
1.7934006340801716
20.7555975317955
1.8558900989592075
27.346416115760803
1.5998579673469067
26.791384875774384
26.784288108348846
27.21833485364914
27.653750240802765
2.473681591451168
27.259940922260284
27.123125851154327
26.797529578208923
27.245691537857056
9.66711750626564
27.338187515735626
27.326265335083008
27.03534644842148
27.05209368467331
3.28254234790802
27.095742344856262
2.033887565135956
26.813292026519775
26.522819876670837
26.39572310447693
27.376197576522827
26.983380496501923
8.524498850107193
26.980045974254608
27.284925937652588
26.69998347759247
27.16350519657135
26.971714854240417
4.798663005232811
3.05047807097435
20.147274136543274
6.064603880047798
4.516964972019196
2.9157354459166527
2.232324071228504
4.51555822789669
3.2446403875947
2.627642959356308
2.862348109483719
2.623966097831726
2.6696899756789207
2.669478379189968
2.062465153634548
4.00595223903656
1.9328992888331413
20.162192583084106
4.6062574833631516
3.331792101264
3.6313358545303345
2.1189053878188133
1.9494608081877232
2.4796110913157463
2.1715716496109962
2.024273656308651
2.1497349441051483
1.981619544327259
2.734519250690937
2.4621848315000534
2.2715575098991394
2.444546528160572
2.6074409931898117
2.1315224394202232
1.9509709775447845
2.1027680784463882
2.22519151866436
2.0929044932127
2.2829778641462326
2.1798986420035362
2.4098150953650475
2.2737997621297836
2.136336572468281
2.085947558283806
3.4493770226836205
2.43219330906868
2.467508554458618
2.3902404457330704
2.2696792408823967
2.2279221937060356
2.5359369963407516
2.2012036740779877
2.3568956330418587
2.4170341342687607
1.5326932407915592
2.7949846610426903
1.6494022198021412
8.013527482748032
3.9765501618385315
3.0611887872219086
2.7527917325496674
2.8337827920913696
2.8194155246019363
2.530096188187599
1.8241774961352348
7.672797918319702
4.379715129733086
2.924067944288254
3.2872810140252113
2.8804698139429092
1.5982711873948574
12.558945417404175
3.8311792761087418
3.3816118091344833
3.178502708673477
2.643520399928093
2.6025452315807343
3.3587296307086945
2.6488006934523582
2.938171334564686
1.7974728345870972
16.904923677444458
1.9999367073178291
26.99428027868271
10.877258539199829
27.776284098625183
27.188116490840912
28.060661017894745
27.81452053785324
28.072864770889282
27.958619117736816
27.576805233955383
26.930718660354614
10.49159961938858
6.070794984698296
4.555380865931511
3.591882213950157
3.137623392045498
2.8400559201836586
2.4256130382418633
2.791397273540497
2.359499767422676
2.2630570977926254
2.395992733538151
1.958983652293682
3.3089605271816254
2.3271757066249847
2.4863331392407417
2.3713891580700874
2.503150500357151
2.343098171055317
2.5614826753735542
2.4610313698649406
1.8437054343521595
5.284934476017952
3.197136662900448
2.3989618867635727
1.7941067852079868
1.7194799967110157
1.7108322456479073
1.773108296096325
1.7887201569974422
1.5754491537809372
1.8184660784900188
1.575206246227026
1.777101993560791
1.6294081397354603
1.8417562767863274
1.8311078995466232
1.766026884317398
2.0589299723505974
1.891995646059513
1.8459159806370735
1.6822908483445644
1.7696224451065063
1.8269270174205303
1.6616158038377762
1.4673642180860043
1.7346795946359634
1.583489764481783
1.6323665045201778
1.6341711655259132
1.8722216039896011
1.8052562102675438
1.7828541658818722
1.6279439367353916
1.6012057103216648
1.5007943361997604
1.2374605536460876
1.4136612825095654
1.4106556586921215
1.5038991495966911
1.5405189879238605
1.5190244428813457
1.3465696312487125
1.452376700937748
1.5290673114359379
1.5219332501292229
1.4630581960082054
1.6565152928233147
1.5051455609500408
1.3896690532565117
1.3578090146183968
1.6489243805408478
1.2654186189174652
1.4028476923704147
1.5580930560827255
1.6765310652554035
1.5800607725977898
1.7843206077814102
1.9012930989265442
1.9343994706869125
2.017926909029484
2.0274714902043343
1.7224349416792393
1.9308438748121262
2.1140660271048546
2.0460383892059326
1.5999603159725666
1.539910465478897
1.4004491679370403
1.3326612152159214
1.3429208770394325
1.6235663369297981
1.341692991554737
1.5047403387725353
1.558896642178297
1.5197771154344082
1.5939468704164028
1.617630060762167
1.7851333729922771
1.4817895777523518
1.6622276529669762
1.607397809624672
1.5908721387386322
1.4401115514338017
1.5327348299324512
1.7628370970487595
1.6453967206180096
1.7437585107982159
1.540947936475277
1.5683960020542145
1.4972560852766037
1.6272812485694885
1.7017504200339317
1.5702010095119476
1.4436383843421936
1.5974386185407639
1.7226111739873886
1.406079612672329
1.5289245396852493
1.4627263881266117
1.4212684817612171
1.527865868061781
1.6175910532474518
1.5304835140705109
1.3937970884144306
1.6278729438781738
1.586542997509241
1.593049295246601
1.4941306710243225
1.623298604041338
1.672370806336403
1.7449824921786785
1.712408635765314
1.9624756127595901
2.1004443168640137
1.6458006724715233
1.913632482290268
1.8700267150998116
2.0001117065548897
1.958921231329441
1.621433287858963
1.784241460263729
1.5525628365576267
1.7121797688305378
1.5808630995452404
1.5713472627103329
1.7107825465500355
1.7299262955784798
1.7624481692910194
1.7372251003980637
1.7278500087559223
1.9135603420436382
1.669489186257124
1.8694898150861263
1.8219147957861423
1.8218796961009502
1.6451958790421486
1.5355630069971085
1.7055183947086334
1.687530267983675
1.7597332298755646
1.7768544740974903
1.779149815440178
1.8334724456071854
1.658924411982298
1.6496659740805626
1.5845601074397564
1.686041560024023
1.6162327639758587
1.7817310392856598
1.6481202468276024
1.7878997810184956
1.7177922651171684
1.7827737033367157
1.9445235766470432
1.8761159926652908
1.7538486644625664
1.7793029621243477
1.7933986224234104
1.4574468545615673
1.5941824577748775
1.5550446435809135
1.6448721922934055
1.8675647117197514
1.8700080625712872
1.876806166023016
1.837853703647852
2.2226178348064423
1.9768173396587372
1.9401290267705917
1.600991152226925
1.403252199292183
1.715570092201233
1.4640935398638248
1.682636633515358
1.6571620106697083
1.662789225578308
1.6989869475364685
1.7595046684145927
1.473371621221304
1.5170153267681599
1.598629243671894
1.7794255837798119
1.4820940122008324
1.5376276709139347
1.5230906791985035
1.630528423935175
1.829303428530693
1.8066687695682049
1.807711124420166
1.9301820322871208
1.8627885915338993
1.8184478245675564
2.053460471332073
1.95650465041399
1.6444211266934872
1.7349309362471104
1.8711568526923656
1.945271898061037
1.8012062460184097
1.9504887387156487
1.587386030703783
1.4792898409068584
1.629037968814373
1.5626532025635242
1.6668640561401844
1.4125007838010788
1.428269986063242
1.5225965045392513
1.5601584985852242
1.2654737420380116
1.466282732784748
1.3802319318056107
1.486296683549881
1.582546204328537
1.434473805129528
1.6027957759797573
1.3782441467046738
1.5238493233919144
1.6389696151018143
1.6828491985797882
1.8452172689139843
1.6536400206387043
1.6578866206109524
1.4508398547768593
1.6675855554640293
1.7831832207739353
1.6931583881378174
1.5380199700593948
1.4950687661767006
1.7153114788234234
1.7042290084064007
1.5642683245241642
1.4054714478552341
1.4534604027867317
1.734871156513691
1.4570188522338867
1.778793502599001
1.5474334917962551
1.6027811244130135
1.6315885037183762
1.6219491623342037
1.860807154327631
1.6957412101328373
1.5680812075734138
1.6058829240500927
1.4893367737531662
1.5836692862212658
1.5310556925833225
1.4715603739023209
1.4987084828317165
1.5244258008897305
1.810964711010456
1.5428645014762878
1.5297047011554241
1.6680515184998512
1.422109767794609
1.3181867226958275
1.4165425896644592
1.450327381491661
1.4713656939566135
1.6130833178758621
1.3926452286541462
1.481799453496933
1.5394504554569721
1.7126082256436348
1.5632093846797943
1.5635988377034664
1.5417528934776783
1.464314129203558
1.6398863270878792
1.441306434571743
1.6960116662085056
1.6579181030392647
1.7347470633685589
1.569036066532135
1.6282301731407642
1.8504412844777107
1.5941287688910961
1.5449980609118938
1.4957064539194107
1.5411305464804173
1.481371145695448
1.2729232013225555
1.4954120703041553
1.4268109388649464
1.4211350455880165
1.5094385668635368
1.6399920880794525
1.578195545822382
1.4889507070183754
1.3269262984395027
1.353825282305479
1.6410044953227043
1.641718152910471
1.737895805388689
1.6548044569790363
1.5233513228595257
1.7192253209650517
1.544748965650797
1.7556591406464577
1.4343673884868622
1.4342459738254547
1.533804152160883
1.651136089116335
1.8098264895379543
1.825019370764494
1.5732689090073109
1.488705050200224
1.4812124073505402
1.4862403832376003
1.7838347665965557
1.7918312698602676
1.6402706913650036
1.5637552738189697
1.6975018456578255
1.684136237949133
1.7733443044126034
1.694567497819662
1.5219973847270012
1.418008528649807
1.300521593540907
1.3575548753142357
1.3849319443106651
1.3309900611639023
1.436198066920042
1.383284606039524
1.5433870553970337
1.5778767205774784
1.6576853916049004
1.7045204155147076
1.5473009422421455
1.7132192552089691
1.5118396282196045
1.853939488530159
1.8696808367967606
1.8586919717490673
1.61068494617939
1.6771996319293976
1.6592986434698105
1.5009068511426449
1.4664467461407185
1.2956467904150486
1.6067364551126957
1.441543035209179
1.4047927036881447
1.429329339414835
1.560299813747406
1.8212316446006298
1.5787487663328648
1.637138232588768
1.6205454133450985
1.6638480834662914
1.7943853922188282
1.6317962184548378
1.3937561549246311
1.5399234890937805
1.40372958406806
1.7756879776716232
1.76338529586792
1.7322252914309502
1.5764826126396656
1.5857992731034756
1.5837412439286709
1.5115683116018772
1.3963903449475765
1.5774286538362503
1.7725152522325516
1.8016952984035015
1.5705855339765549
1.6951086036860943
1.6741751432418823
1.903739683330059
1.878054577857256
1.6722785271704197
1.818050343543291
1.9368868470191956
1.9235407635569572
1.8728400133550167
1.8497174270451069
1.429690569639206
1.5234457813203335
1.5852153562009335
1.5088612250983715
1.3932865671813488
1.3859719969332218
1.5022048689424992
1.4526784867048264
1.5662423558533192
1.8988514207303524
1.7559679336845875
1.760863047093153
1.8861848339438438
1.9033602178096771
1.7916436716914177
1.85591334477067
1.6323406361043453
1.5852513574063778
1.7018651217222214
1.934622623026371
1.9180413410067558
1.964730367064476
1.6676244400441647
1.692412219941616
1.6832662038505077
1.5765365213155746
1.5780535750091076
1.4807365871965885
1.7969850786030293
1.521581031382084
1.6034371554851532
1.48453488945961
1.7989382967352867
1.8042033538222313
1.9072073586285114
1.6243299283087254
1.741477645933628
1.4197234474122524
1.475839339196682
1.6522966772317886
1.4128941111266613
1.7434941716492176
1.775830589234829
1.468014895915985
1.8712903745472431
1.837621245533228
1.8687696419656277
1.6060740873217583
1.524350255727768
1.5507997460663319
1.65490947291255
1.4825452491641045
1.6960174292325974
1.6351239755749702
1.4988405220210552
1.6226554289460182
1.2434412240982056
1.8064326420426369
1.4315168894827366
1.5637152157723904
1.5098797418177128
1.751404270529747
1.5177149586379528
1.501315500587225
1.2966196276247501
1.7762295380234718
1.492620773613453
1.3880745209753513
1.7899737395346165
1.5794158391654491
1.6389058083295822
1.5625939518213272
1.4486530609428883
1.3458520248532295
1.3175983428955078
1.5351116098463535
1.7403918281197548
1.6896373890340328
1.9680163599550724
1.6698925457894802
1.8815878629684448
1.6020190566778183
1.7176147513091564
1.4929763302206993
1.6913246884942055
1.5272524617612362
1.6787968799471855
1.376603540033102
1.5759233944118023
1.6639435291290283
1.361342679709196
1.4742433242499828
1.6429601311683655
1.6059164069592953
1.7641255222260952
1.812972478568554
1.8635918274521828
1.7037505134940147
1.6472743339836597
1.7455690763890743
1.519172303378582
1.5040377043187618
1.6399954780936241
1.5897962525486946
1.8212729133665562
1.6526433825492859
1.8083408661186695
1.665276639163494
1.8554679900407791
1.8376513235270977
1.6370239593088627
1.6748240105807781
1.6532053500413895
1.6487964689731598
1.839655663818121
1.980934277176857
1.640236634761095
1.8028322756290436
1.7257286719977856
1.8827282711863518
1.7543965019285679
1.8276234604418278
1.5851111523807049
1.8230165056884289
1.9873692691326141
1.7434672564268112
1.6263495087623596
1.5102323442697525
1.4377925768494606
1.3979840017855167
1.8420437425374985
1.5917013585567474
1.6573984995484352
1.7012732103466988
1.4635079950094223
1.6275293752551079
1.5710373558104038
1.7033497393131256
1.6076435968279839
1.751266434788704
1.929278425872326
1.4904666393995285
1.5011312030255795
1.4954803884029388
1.6752101443707943
1.342485573142767
1.7576617263257504
1.8080515526235104
1.6619458235800266
1.4792720451951027
1.527587991207838
1.8417395241558552
1.8133354783058167
1.7145530059933662
1.6549309082329273
1.5622096247971058
1.4713002443313599
1.4110473059117794
1.6670180223882198
1.4752089492976665
1.4832307659089565
1.6445773281157017
1.7266138270497322
1.9653390422463417
1.7960992902517319
1.9114786610007286
1.7431542500853539
1.7619846314191818
1.939806155860424
1.6515043713152409
1.567285519093275
1.5280570052564144
1.7450419217348099
1.8738544397056103
1.9948327466845512
1.705918863415718
1.5621710866689682
1.6685357242822647
1.456189040094614
1.5980519317090511
1.671054881066084
1.7546947486698627
1.6962507888674736
1.5488156341016293
1.4534758180379868
1.457111556082964
1.4770075753331184
1.471613336354494
1.5564241707324982
1.7518413215875626
1.8457880653440952
1.8257673867046833
1.4244966693222523
1.552487961947918
1.5014753602445126
1.3906254284083843
1.4514185115695
1.4753725305199623
1.5358501113951206
1.5263592526316643
1.415692526847124
1.4399921894073486
1.5811982713639736
1.7251686975359917
1.623197078704834
1.850779004395008
1.6944145858287811
1.6529351994395256
1.6993419118225574
1.5479864813387394
1.3846379183232784
1.5732664242386818
1.3805985040962696
1.5109901651740074
1.7847389951348305
1.7569436691701412
1.673802461475134
1.5987954810261726
1.5360098034143448
1.669976718723774
1.771803718060255
1.9588419049978256
1.4745875298976898
1.4173667803406715
1.6319120898842812
1.5106518492102623
1.6319258101284504
1.560497421771288
1.4280139431357384
1.4580211490392685
1.3771108873188496
1.5045909509062767
1.5033648572862148
1.618456307798624
1.3655590899288654
1.4818270802497864
1.501725971698761
1.300665844231844
1.5194682702422142
1.7092671431601048
1.7895231917500496
1.54507627338171
1.4717111587524414
1.5659274347126484
1.4094234891235828
1.4755573347210884
1.4141818396747112
1.4841702058911324
1.6509504057466984
1.4478424601256847
1.6158564127981663
