1.7452475242316723
1.9126049280166626
3.855146810412407
2.6524900794029236
2.3906431645154953
2.394076496362686
2.621405780315399
2.2587025985121727
27.719882428646088
3.5361238718032837
2.2543755248188972
18.44330793619156
11.237597972154617
6.429592147469521
4.8015474528074265
2.813133418560028
2.9030620381236076
3.433359779417515
3.1627540066838264
13.678992599248886
5.406553745269775
27.23779535293579
7.264927297830582
2.736764818429947
28.158600568771362
4.161900907754898
27.666929960250854
3.720729298889637
2.979935295879841
2.665026254951954
8.97578278183937
5.4552542716264725
3.7822641879320145
2.5055785924196243
16.30397653579712
10.14454174041748
6.738194212317467
27.26833689212799
25.874572813510895
26.63765776157379
26.441202521324158
20.921115159988403
5.220230266451836
27.03503030538559
25.570174753665924
3.5016719177365303
27.396856486797333
26.449325025081635
25.579623699188232
8.885513186454773
27.513097405433655
27.173344671726227
27.725394666194916
7.916355907917023
16.468207001686096
27.37945520877838
28.017481684684753
27.70305633544922
27.173129439353943
27.716826736927032
27.43388968706131
27.185965061187744
28.176560640335083
27.528174459934235
27.41681694984436
26.38412320613861
22.358093738555908
17.59925103187561
19.346345961093903
12.520658373832703
12.3685662150383
8.443156838417053
27.833539843559265
10.425318092107773
7.573084205389023
27.440770089626312
8.153131663799286
27.567842602729797
28.01000314950943
9.065050393342972
5.500510439276695
26.842918753623962
6.571034669876099
26.927638173103333
6.112787872552872
27.91419929265976
27.59109663963318
27.5128812789917
27.741616547107697
12.03579831123352
8.332961231470108
22.548843383789062
17.630203306674957
27.006527304649353
13.427421599626541
4.637273132801056
26.744478046894073
4.807441234588623
3.8946602791547775
15.157759189605713
11.196381241083145
7.997165501117706
7.176658809185028
7.674680560827255
4.739420622587204
27.173613905906677
27.27575331926346
13.106867134571075
6.612494260072708
4.192904964089394
20.33222985267639
7.651570975780487
18.105104744434357
4.926588252186775
28.094514966011047
27.68194979429245
26.644552052021027
27.825398325920105
26.65716975927353
27.476541578769684
27.89614063501358
27.06538563966751
26.887470960617065
27.039548635482788
27.376160383224487
27.265749275684357
26.511348068714142
27.04449361562729
26.958982825279236
27.137744784355164
26.44818776845932
26.681742787361145
27.651582062244415
27.447750329971313
26.537880420684814
26.2684468626976
27.322832822799683
26.871673464775085
27.199158787727356
27.41108775138855
27.227262437343597
26.440051078796387
23.574746131896973
12.065024584531784
27.447335720062256
16.853073179721832
18.910099029541016
27.554253697395325
27.128216326236725
27.708383321762085
27.838695347309113
27.656931340694427
27.372069239616394
20.166077196598053
8.21003344655037
27.4090558886528
9.326485723257065
26.38948827981949
8.81605640053749
6.782841265201569
20.1419660449028
23.783762097358704
24.3393195271492
22.609792172908783
19.8847177028656
10.67421069741249
11.871797621250153
9.075054973363876
5.085232496261597
27.871372044086456
26.0061354637146
17.35561031103134
7.674142509698868
7.496361970901489
10.97694382071495
6.168426886200905
27.95165640115738
27.070994079113007
26.996661067008972
18.111484587192535
25.43794423341751
26.979611039161682
27.334361732006073
13.571484476327896
19.054571568965912
27.105291843414307
27.55958664417267
27.48766565322876
27.5164253115654
28.046966075897217
27.687631249427795
26.950474500656128
27.37601864337921
27.24757170677185
27.596450805664062
27.85872483253479
27.796055376529694
27.897848546504974
26.321755826473236
28.085951566696167
27.0381361246109
27.15730607509613
27.754963636398315
27.025352001190186
27.401723206043243
27.65907073020935
27.98389232158661
27.262117862701416
19.343934774398804
26.93956357240677
27.53934234380722
27.358946919441223
27.124306797981262
27.766893923282623
26.737048387527466
27.281545042991638
20.49891459941864
25.51375949382782
19.45898562669754
26.041742503643036
16.201263785362244
26.93010640144348
18.815929651260376
26.953631103038788
16.312468349933624
27.075429677963257
12.865274846553802
27.38847041130066
9.36198353767395
26.900364756584167
27.144411861896515
26.683902263641357
27.538094997406006
26.135302484035492
14.876401335000992
28.15691512823105
13.12367096543312
27.908545672893524
27.215341091156006
12.850340783596039
27.411345422267914
12.481363534927368
28.340235590934753
21.26462346315384
8.62358272075653
27.70423597097397
23.148841321468353
21.340924322605133
26.661416053771973
9.983821779489517
25.480810821056366
26.932218849658966
26.495947539806366
26.12860119342804
27.000798404216766
25.50288611650467
20.342549800872803
9.180347263813019
27.12822461128235
27.547585248947144
7.307569921016693
27.765874207019806
27.445788204669952
27.059702575206757
27.430297911167145
27.316391110420227
27.76745617389679
27.33279836177826
27.14410012960434
27.4118509888649
27.767878830432892
27.039335072040558
26.979870200157166
26.408810555934906
26.7820046544075
27.57980614900589
27.59328418970108
25.690361380577087
19.789210200309753
27.399488866329193
27.205447554588318
26.785878539085388
27.307506561279297
27.50486546754837
27.177698969841003
26.934839129447937
18.084485828876495
14.02365529537201
9.124511897563934
22.551236391067505
18.902425527572632
16.212250590324402
9.251866847276688
7.906240731477737
11.691355496644974
9.336182475090027
22.382138431072235
12.788082093000412
8.528452008962631
21.598515689373016
18.532305240631104
13.269432127475739
26.71740972995758
6.3651354014873505
26.534287095069885
27.3338662981987
27.26683348417282
27.41537094116211
28.282236695289612
27.39561104774475
27.656014263629913
17.30520910024643
27.73945677280426
28.138351321220398
12.782708674669266
8.35144791007042
28.19786286354065
27.11829847097397
27.3097066283226
27.199486792087555
27.845105946063995
27.68802237510681
27.887243390083313
27.998420238494873
27.042337715625763
26.21324050426483
26.790936589241028
27.0804523229599
27.080034017562866
18.441169917583466
13.220630675554276
28.118050932884216
27.441638827323914
27.599260807037354
10.63366812467575
7.90057897567749
26.023425936698914
26.03097128868103
15.291369616985321
7.181931346654892
27.358923316001892
27.81861501932144
10.857539743185043
27.85967743396759
27.95503544807434
27.387554347515106
27.81068706512451
26.903011202812195
27.67372053861618
27.535216093063354
28.11847949028015
28.25258457660675
27.65048086643219
27.485577940940857
27.44315207004547
27.35710859298706
27.169227838516235
26.66189432144165
26.90858268737793
19.687635481357574
14.414657890796661
13.023279994726181
17.09951013326645
21.411843717098236
19.334036350250244
20.82150310277939
23.24478977918625
15.139555156230927
26.69715541601181
22.461125195026398
27.75983053445816
25.81288731098175
24.276987314224243
26.12252974510193
22.223351001739502
26.756446957588196
11.229186952114105
15.844352066516876
27.20252376794815
26.824707210063934
27.98106426000595
27.86773383617401
26.730790555477142
27.127070724964142
27.228479266166687
25.51216870546341
19.18094003200531
13.092927664518356
8.967956602573395
27.58972179889679
13.596193999052048
8.90093618631363
26.077500879764557
27.96450436115265
27.853607058525085
10.318134874105453
20.938917338848114
19.80413830280304
23.003190636634827
19.38924080133438
22.4010369181633
15.628536224365234
20.708770751953125
15.739217162132263
22.571997046470642
16.96746116876602
25.498021483421326
22.829169273376465
7.7016487419605255
6.933990880846977
12.961664974689484
10.839822947978973
12.034899413585663
8.63962572813034
17.299571692943573
11.223092943429947
7.964288294315338
9.790960937738419
10.726639986038208
8.085913091897964
5.779582679271698
15.447634994983673
15.039008438587189
23.984798192977905
19.521510541439056
26.78066098690033
12.866989761590958
5.928923606872559
4.485985696315765
21.068215250968933
13.292502224445343
9.7118039727211
8.643910944461823
6.247652545571327
5.28180555999279
14.093262165784836
10.966730117797852
27.669994175434113
6.70110285282135
24.625111937522888
4.966831088066101
27.498239755630493
6.4218060076236725
4.101267144083977
23.195335507392883
18.2119317650795
10.297641634941101
9.544889271259308
6.758232429623604
4.110524967312813
4.545636236667633
7.195577785372734
5.921006768941879
8.527775585651398
5.500342920422554
4.112159878015518
19.485623478889465
14.87305063009262
10.065262347459793
6.843223080039024
7.245755597949028
5.462591111660004
12.590442568063736
5.31291276216507
14.047759890556335
5.169238165020943
27.50186675786972
5.717036947607994
27.824814319610596
7.085264205932617
25.445381343364716
4.99442632496357
3.9712477326393127
4.653738558292389
4.805281832814217
3.8652771413326263
13.343647003173828
9.328508645296097
9.009080559015274
7.191805452108383
5.274478197097778
10.687843352556229
7.70851194858551
18.783988416194916
4.871477454900742
27.385822355747223
27.743262112140656
26.982100784778595
23.513407945632935
16.452859222888947
7.601581126451492
26.63058614730835
26.892826914787292
27.349504947662354
9.444236159324646
5.546343266963959
4.359341248869896
19.310808897018433
15.088663101196289
11.17008763551712
8.095576614141464
7.224797159433365
10.461588144302368
5.873973220586777
14.47196301817894
5.721845969557762
27.51465928554535
24.853143334388733
10.585897862911224
26.261165857315063
27.164301812648773
25.690509021282196
7.108823224902153
4.43915182352066
27.491316080093384
5.923530533909798
4.538105636835098
4.004727199673653
18.523813843727112
9.714208155870438
7.016787841916084
4.400636717677116
27.789169907569885
19.14214688539505
15.105295538902283
7.568735256791115
5.176929727196693
6.921975374221802
4.233773365616798
3.5004991590976715
17.05548459291458
11.792636305093765
20.300481736660004
22.502527832984924
23.01273810863495
27.421497702598572
26.632210850715637
7.047602042555809
27.22950804233551
4.701844558119774
27.000294864177704
27.14994215965271
27.617910385131836
26.83778154850006
27.256008803844452
27.971190929412842
27.398207545280457
27.98617148399353
26.875712037086487
26.97659295797348
27.919457495212555
24.275622069835663
14.792972803115845
11.615230321884155
8.14226245880127
11.06425029039383
6.479580417275429
6.065730199217796
11.631042152643204
9.04200166463852
15.040131986141205
9.842534691095352
8.617559134960175
5.5721388310194016
26.56266725063324
21.99805396795273
18.25735604763031
19.149548053741455
12.71351945400238
26.27038162946701
6.159071743488312
27.36405599117279
26.61159873008728
6.8605897128582
4.514111444354057
4.084001734852791
13.077615410089493
9.055600970983505
8.104058533906937
6.529202803969383
8.169090449810028
4.623182103037834
26.666859447956085
4.720311656594276
5.009485527873039
26.894295752048492
4.668112635612488
3.9058452397584915
27.951489984989166
16.383630335330963
5.2539553344249725
7.513128072023392
3.67522631585598
25.4080011844635
17.454463839530945
8.081919938325882
4.256444990634918
3.5186691880226135
2.631190039217472
27.370078444480896
5.373314246535301
3.7832175344228745
3.6157387420535088
2.6190613359212875
26.6084144115448
24.320742785930634
9.672694891691208
4.624278828501701
3.1759400218725204
24.116497099399567
14.737898647785187
9.779375493526459
6.439365744590759
6.318632155656815
7.874764248728752
5.566136941313744
3.689137317240238
27.0589457154274
17.85754370689392
7.464541628956795
27.41073828935623
3.1744083240628242
27.687960028648376
27.637756049633026
27.033143281936646
26.728413462638855
28.07815033197403
27.28486794233322
27.461068868637085
27.132371425628662
27.53377741575241
14.994530022144318
16.39770346879959
18.67579972743988
10.271353334188461
27.91157966852188
8.282751053571701
7.927807092666626
15.411837220191956
12.463332772254944
13.958944439888
12.008858472108841
16.525264978408813
12.221258729696274
16.02517521381378
9.707260012626648
6.683061242103577
22.18355894088745
17.512070298194885
16.2852343916893
12.808205008506775
23.65553307533264
19.903388917446136
14.60906970500946
27.260879158973694
6.869604527950287
27.024974763393402
27.012810051441193
26.382208824157715
26.886048555374146
27.253724217414856
26.92691320180893
26.825453758239746
16.55829405784607
9.899860620498657
27.34835410118103
9.02550294995308
27.37175953388214
26.974302291870117
27.271134912967682
27.451506197452545
28.116828620433807
27.43106371164322
27.527205049991608
27.938246250152588
26.602809727191925
18.871739625930786
23.195804476737976
8.256567031145096
26.89078515768051
6.963183730840683
27.464336693286896
27.777147710323334
6.9014691561460495
27.805519759655
27.633628964424133
11.301461070775986
26.235786497592926
27.7992302775383
27.39016455411911
27.493216574192047
28.57714569568634
14.959069907665253
5.4848892241716385
27.81921422481537
27.722077906131744
27.85397642850876
27.362930178642273
26.753031730651855
27.508387863636017
10.219627380371094
28.25295454263687
26.577750205993652
25.364949822425842
27.787886559963226
9.48728209733963
22.46538996696472
27.36170494556427
27.703743040561676
26.952987253665924
27.29480803012848
12.592015624046326
10.812400758266449
7.598556846380234
6.863503038883209
5.819524496793747
5.385050758719444
4.476231679320335
10.233928918838501
4.4134544134140015
26.725978136062622
7.457573801279068
4.6370739787817
3.509224846959114
19.1419917345047
13.776629984378815
6.564203381538391
11.412892401218414
6.568221539258957
6.804331302642822
5.886539727449417
4.85288380086422
27.204558491706848
24.06801950931549
24.9020614027977
27.733790338039398
27.10718959569931
12.227632850408554
27.361131370067596
26.81758850812912
13.317743986845016
7.886756151914597
20.558954179286957
20.612485885620117
10.549367427825928
27.7291522026062
4.551697567105293
28.188746392726898
25.875847458839417
26.763480484485626
12.067212074995041
15.816839277744293
27.904733538627625
27.191450238227844
27.366604268550873
12.72380405664444
7.071102619171143
5.208437502384186
5.228154391050339
3.497091867029667
6.101928189396858
3.9520661681890488
7.703523516654968
3.761149451136589
27.847307920455933
4.736317366361618
3.3538860455155373
19.46847951412201
16.62472903728485
9.047957092523575
6.445715561509132
3.742871433496475
27.16275554895401
25.090659856796265
8.493898421525955
4.707228392362595
8.941307932138443
3.6098379492759705
16.32418990135193
5.818071112036705
20.142052352428436
3.721697211265564
20.25921195745468
9.179967075586319
3.4338400214910507
2.7824792116880417
19.46413344144821
11.905860632658005
27.545481026172638
5.980695739388466
27.78263008594513
15.437256872653961
27.143155813217163
27.292844593524933
27.070987939834595
27.96401846408844
26.781930804252625
27.49487155675888
27.146520614624023
27.697401881217957
27.515830278396606
27.887791872024536
27.62334954738617
28.082001209259033
27.422105252742767
27.234234273433685
26.57894653081894
26.23388522863388
12.405345231294632
27.675692439079285
26.95978307723999
27.902838110923767
14.70221096277237
25.283970654010773
27.433908820152283
8.708075255155563
14.072000741958618
27.967547059059143
26.934615671634674
27.097579658031464
27.957926869392395
26.74374347925186
15.614159345626831
10.34957504272461
9.270948022603989
13.994795799255371
15.285079836845398
14.092212706804276
11.598600089550018
6.777031868696213
4.71074241399765
17.309019804000854
17.673600256443024
15.816833972930908
17.29947543144226
6.80232709646225
22.935950458049774
20.334912300109863
25.092497944831848
26.683298349380493
5.777161151170731
28.123470067977905
26.864547848701477
27.0912663936615
26.948731005191803
27.190412044525146
15.393871784210205
6.938278689980507
5.652624472975731
27.670743465423584
20.813155949115753
16.158884525299072
12.167861759662628
6.885779097676277
21.644000351428986
7.602162837982178
27.446262419223785
22.478154957294464
20.31152033805847
27.589961528778076
18.964115738868713
25.09661501646042
19.470505952835083
27.23140424489975
25.88158804178238
23.27263605594635
22.089477956295013
15.44310748577118
27.550884187221527
27.592425048351288
23.78368330001831
11.324462652206421
27.342875599861145
12.580187767744064
26.51449817419052
9.981554239988327
25.795933783054352
26.72741585969925
10.183986634016037
26.917318105697632
27.116106033325195
25.943874835968018
25.88580346107483
26.150066435337067
26.731914401054382
26.670633912086487
26.37355327606201
12.859171628952026
25.320969998836517
27.171903491020203
13.973397314548492
8.513255387544632
28.014277935028076
7.732498914003372
27.650504648685455
9.44353798031807
26.58706223964691
27.46285569667816
27.216919541358948
27.04638373851776
28.022727489471436
27.59687453508377
27.14889621734619
27.188563108444214
26.959452867507935
14.976576209068298
26.33028733730316
10.602223515510559
27.57755547761917
26.796540558338165
26.642347812652588
26.535195648670197
13.503399819135666
7.931499361991882
25.957871198654175
27.549983382225037
25.7643483877182
10.539548367261887
27.213281631469727
27.591145992279053
27.399337232112885
28.223622262477875
27.66745263338089
26.789995849132538
27.457448303699493
27.806859493255615
27.660030126571655
27.57681769132614
28.10581374168396
25.691501259803772
26.957685708999634
11.511515974998474
9.866658598184586
16.052801728248596
15.146304368972778
8.038938224315643
27.386643052101135
6.803465157747269
28.138077557086945
7.185433059930801
25.424627423286438
6.665521398186684
27.2772119641304
5.650002494454384
27.06836688518524
4.9147961139678955
27.050961017608643
27.783330500125885
27.32328373193741
27.43878674507141
27.69438374042511
28.05028748512268
27.886958420276642
27.233357548713684
27.517520785331726
27.68451738357544
27.53458458185196
16.657784283161163
26.08712148666382
27.666533708572388
27.91044408082962
27.51368373632431
27.27977293729782
27.90495729446411
27.5691339969635
15.695297539234161
27.295820832252502
27.156652688980103
27.00695389509201
10.265545219182968
25.556461334228516
27.175739526748657
27.475787937641144
27.386541843414307
27.267590284347534
27.53119444847107
27.280422389507294
23.04305076599121
13.001077979803085
27.355552673339844
10.334554702043533
27.394000232219696
26.904008388519287
10.361382514238358
27.449842929840088
27.50567328929901
26.843852818012238
27.13133215904236
10.670941233634949
8.270159810781479
7.797641634941101
14.565703690052032
11.325328052043915
17.468270480632782
10.248558551073074
18.74920493364334
14.135106176137924
10.291819781064987
25.039717733860016
26.155861139297485
26.656704545021057
25.047699213027954
11.282523393630981
27.462763905525208
5.700641572475433
27.28832709789276
7.979725509881973
25.447580814361572
27.52541673183441
9.333901017904282
20.571063220500946
28.05122071504593
26.882326424121857
26.895622968673706
26.89130014181137
27.544845521450043
27.41194862127304
27.408025920391083
22.527691185474396
12.30957955121994
9.382165849208832
7.4614627957344055
21.34672248363495
18.397104680538177
20.71052771806717
16.229333639144897
15.585055887699127
9.51290825009346
28.066759288311005
17.538063049316406
6.6151053160429
26.95248395204544
25.050934374332428
16.486324727535248
27.059641003608704
27.647153615951538
26.77782142162323
27.930293917655945
27.638817071914673
28.013813376426697
27.88214886188507
27.028802633285522
27.493991792201996
27.753211617469788
28.598642647266388
27.778275907039642
28.030600011348724
13.478565901517868
26.822437942028046
26.48254007101059
26.98602604866028
26.83826607465744
27.311998665332794
26.541016280651093
26.45655006170273
17.128375351428986
12.126645982265472
19.724684834480286
26.729569256305695
26.81387996673584
27.574146926403046
27.78639531135559
26.778780043125153
17.196507155895233
10.899820476770401
27.511385202407837
11.265663295984268
26.79919469356537
9.548836499452591
27.79142165184021
15.142459720373154
23.136898636817932
13.48867329955101
27.511490762233734
27.19843465089798
27.04121220111847
27.43914121389389
26.88756561279297
19.656439900398254
26.938952922821045
18.496784508228302
23.354113161563873
17.817043006420135
19.47831118106842
13.144679725170135
26.953842639923096
15.341899275779724
27.553219974040985
20.62337976694107
25.467903673648834
18.203276813030243
26.495993435382843
19.17187386751175
22.607820570468903
26.95753574371338
11.665036261081696
25.952396988868713
25.946763515472412
26.2573681473732
25.04246151447296
24.921699583530426
10.41066262125969
7.769642323255539
27.513905346393585
22.963178038597107
10.962066173553467
7.294808775186539
22.16004067659378
13.499588400125504
17.26523059606552
7.540148437023163
28.07144021987915
21.893591105937958
12.611120402812958
12.175714552402496
8.097376316785812
26.794591903686523
9.024485856294632
6.7117142379283905
25.080832362174988
22.17555546760559
26.081546008586884
26.478789448738098
26.21014541387558
26.234115540981293
25.602895379066467
26.44983661174774
27.278947114944458
26.423186540603638
25.362109303474426
25.955164909362793
26.55643194913864
25.794253885746002
26.453730642795563
26.11864995956421
11.904708504676819
27.190460085868835
8.360331267118454
27.850975930690765
26.782574594020844
8.317562848329544
26.691763639450073
26.57357883453369
26.680052518844604
26.23383069038391
26.291187703609467
26.291314899921417
14.987127870321274
8.386632084846497
6.212676614522934
27.332248389720917
18.652142763137817
8.316273778676987
5.80219030380249
27.261048197746277
9.570759296417236
5.680502563714981
5.432285621762276
8.076279252767563
5.9052023738622665
17.52415418624878
8.65427514910698
5.903796926140785
4.159548655152321
4.544636130332947
7.8023399114608765
5.52519129216671
5.082097634673119
6.534435495734215
4.344114527106285
22.321997582912445
16.0271355509758
8.467759102582932
27.058180451393127
26.54378831386566
25.912556767463684
8.155815243721008
5.03662896156311
27.563199162483215
24.693041145801544
10.007100820541382
4.842843949794769
21.13822877407074
17.478067696094513
15.602803111076355
4.390268474817276
27.774611711502075
6.04552935063839
27.585057139396667
27.781127512454987
11.275355339050293
20.962557017803192
19.097876250743866
7.057180553674698
27.239801585674286
4.433696761727333
3.57260113209486
14.07858195900917
5.849259838461876
5.912283375859261
5.5167059898376465
4.714505076408386
8.55711716413498
4.128820315003395
3.629739709198475
12.111218303442001
8.917792558670044
7.150924056768417
5.262785628437996
3.9483243376016617
14.633434772491455
9.121243178844452
7.350365713238716
4.180374413728714
2.9922774583101273
13.096010029315948
8.46467411518097
6.176947206258774
5.699277967214584
4.77047473192215
21.968946933746338
5.4392313957214355
4.44812536239624
3.3081002235412598
18.8955180644989
10.160727590322495
26.76096248626709
14.501501768827438
3.625003568828106
27.411584854125977
4.851754605770111
27.19780421257019
3.4152283519506454
27.626690924167633
27.401446998119354
28.048400163650513
27.108373701572418
18.774471282958984
12.243493795394897
6.633456587791443
27.522781491279602
19.9757559299469
18.219638228416443
5.548845410346985
27.237991333007812
26.38695466518402
26.29084813594818
27.384366989135742
27.40610635280609
6.14952626824379
26.58880615234375
4.6744169890880585
27.502000510692596
26.86407083272934
25.9579057097435
26.067130625247955
26.94945526123047
25.50498515367508
15.023251056671143
28.17540830373764
27.064669132232666
25.960471630096436
24.62411504983902
8.764057725667953
27.367227017879486
22.905282855033875
27.303586840629578
16.113958716392517
27.958860099315643
27.852498948574066
27.650153517723083
28.073551416397095
28.62725853919983
27.34774523973465
27.01269543170929
18.588479459285736
18.537503004074097
12.889520645141602
27.28780245780945
9.817328721284866
27.45524150133133
8.266219824552536
27.80876111984253
12.0493745803833
12.751916766166687
27.68738305568695
27.845167875289917
26.874065697193146
27.856966257095337
27.792968034744263
27.53531002998352
27.219586670398712
27.881663143634796
27.08321237564087
27.87794601917267
26.834118366241455
21.261724770069122
15.087534487247467
10.246178358793259
27.610626697540283
26.25128710269928
10.181074857711792
26.198620080947876
6.607262492179871
27.87078732252121
6.744748562574387
5.990637645125389
18.308772087097168
16.58935683965683
25.9220090508461
26.175908029079437
27.90775638818741
7.649297088384628
27.166938364505768
27.750711977481842
27.272460162639618
22.294306576251984
26.290004551410675
20.302888214588165
15.677524149417877
7.368092060089111
27.104873180389404
4.9588387459516525
27.430152654647827
6.031966462731361
27.326268911361694
27.59060037136078
27.872998416423798
12.45590826869011
6.225073620676994
27.293364882469177
6.709677904844284
20.681778490543365
12.78759577870369
10.795572698116302
8.612316489219666
27.22917228937149
26.97843837738037
27.656291961669922
19.099894523620605
22.1692516207695
12.70841845870018
22.67138171195984
17.996055841445923
27.078175902366638
15.45166540145874
8.58033236861229
21.568338572978973
18.191236674785614
22.25257807970047
17.80534952878952
21.331192553043365
16.697043240070343
16.907816410064697
16.799215257167816
19.831997334957123
14.01504272222519
26.020688831806183
10.013760656118393
25.7107794880867
26.95180106163025
6.670944914221764
26.189117431640625
26.908792316913605
27.731608152389526
27.51893138885498
26.691991806030273
26.78311252593994
26.62680357694626
17.318308651447296
10.64494451880455
27.322143495082855
27.710302591323853
27.701013028621674
12.3695467710495
20.829009294509888
27.60250973701477
28.16656494140625
27.675161004066467
10.373277515172958
27.028903782367706
26.749673664569855
27.648391485214233
27.234438836574554
27.516259253025055
26.750569880008698
27.6528097987175
28.393710434436798
26.803490161895752
27.812143325805664
27.93381702899933
27.6843980550766
16.641093373298645
24.97229117155075
11.435828477144241
27.250896215438843
27.403417944908142
8.269692540168762
26.878882229328156
27.725436985492706
27.21430140733719
27.347520530223846
26.85893088579178
26.201664566993713
12.130452752113342
7.533843576908112
26.357593595981598
23.286031424999237
26.407406449317932
19.035045325756073
19.97172111272812
24.135031521320343
26.291880548000336
27.187127768993378
27.167022049427032
24.869406580924988
28.02339482307434
25.42060762643814
27.905817091464996
24.14713031053543
26.6418417096138
9.900946259498596
23.945900440216064
27.17719054222107
10.046403169631958
27.4826318025589
27.05654615163803
27.031769812107086
27.362432837486267
27.380374491214752
27.071316957473755
27.63366323709488
27.35199010372162
27.727089405059814
26.774885892868042
27.737841427326202
26.533286333084106
14.53374445438385
8.324873089790344
27.437010645866394
28.162753701210022
26.788881540298462
27.842298984527588
27.860060453414917
27.304539799690247
27.78229981660843
28.10507297515869
13.439147889614105
27.297649383544922
28.115846812725067
27.317930459976196
26.833037555217743
27.561750769615173
27.113159120082855
27.643218636512756
27.97219467163086
27.581897020339966
26.743892431259155
26.915857076644897
26.339492797851562
26.752317547798157
26.360357880592346
26.706322848796844
21.099722027778625
10.453076660633087
28.105953216552734
26.805384755134583
26.917950451374054
10.130204200744629
7.329121097922325
18.977166950702667
14.337597519159317
8.1529241502285
21.229363441467285
21.62692004442215
23.360037803649902
22.360595643520355
24.476709008216858
24.127292931079865
27.019615948200226
26.77843427658081
12.47794285416603
23.21826857328415
19.5307195186615
19.404431641101837
15.596190929412842
7.3235630095005035
19.599656999111176
22.67382514476776
25.03833705186844
25.367427706718445
27.202959179878235
26.853360295295715
26.259830236434937
19.98564475774765
25.822680175304413
18.505034387111664
23.745022118091583
16.654438734054565
21.412072002887726
8.162728011608124
27.36786639690399
18.881030797958374
27.055479884147644
17.189111948013306
27.718161404132843
28.27327048778534
27.64366865158081
27.90212219953537
26.50980716943741
20.90484082698822
20.915618658065796
9.294461131095886
9.149190545082092
14.35270869731903
12.295797735452652
6.5961476266384125
27.675665020942688
6.990903049707413
23.760815620422363
7.411969646811485
27.344395399093628
5.972735866904259
25.833969473838806
7.042667105793953
4.42321902513504
27.171696424484253
18.586712658405304
4.764167621731758
4.362322092056274
10.82065823674202
7.911172419786453
9.621268391609192
6.233518615365028
24.796553671360016
7.419365718960762
4.50850947201252
26.03184586763382
25.963124990463257
10.048537701368332
9.309451669454575
5.510531932115555
22.331449031829834
25.97373616695404
27.52977156639099
24.118049681186676
12.364009112119675
27.48543792963028
7.150639787316322
27.40098649263382
26.861084640026093
5.468566611409187
27.786112248897552
27.657022416591644
27.807088375091553
27.596818149089813
27.27725476026535
26.86066573858261
26.55667930841446
26.71176791191101
26.30363255739212
26.091277956962585
26.09702616930008
27.27993470430374
20.038316011428833
10.790152311325073
27.168745279312134
9.5629363656044
27.4877986907959
27.37427318096161
27.72790515422821
28.107443034648895
27.160655081272125
27.291235208511353
20.73327213525772
12.664908349514008
26.889152944087982
27.395089209079742
11.46545422077179
7.49078294634819
24.920019030570984
26.754954993724823
25.83759307861328
9.585651010274887
27.418001294136047
26.702919006347656
9.103586852550507
26.68903225660324
6.784257769584656
26.292453050613403
6.499458730220795
5.67968612909317
16.741201758384705
9.7803453207016
4.779448419809341
25.416384875774384
18.888032138347626
18.182471096515656
17.58969211578369
13.177778273820877
6.415909215807915
4.816529259085655
17.692621409893036
14.67553037405014
11.290394455194473
9.47783175110817
7.971484512090683
15.731879949569702
6.391546994447708
17.92414116859436
12.406456530094147
8.550651580095291
24.35836237668991
26.708219170570374
26.73189878463745
27.556529939174652
6.988884165883064
4.5182785987854
25.295337200164795
25.320974349975586
5.959143698215485
27.392493844032288
5.392660424113274
27.263948023319244
27.532627999782562
27.46527338027954
27.508354485034943
27.362407863140106
28.08892995119095
26.22501504421234
27.0506010055542
27.090887784957886
18.79930853843689
9.100456416606903
27.251846969127655
11.563706398010254
7.405382186174393
6.709546193480492
14.230154514312744
9.88687452673912
16.341901540756226
8.605359524488449
11.063388615846634
7.149140268564224
19.53097766637802
15.51619416475296
19.658422887325287
24.715757727622986
27.67011934518814
27.622958660125732
14.60179316997528
26.117769420146942
27.20114177465439
19.308433711528778
6.288522154092789
27.634762167930603
5.152097076177597
27.602351546287537
27.43534630537033
28.169973850250244
27.393058001995087
27.07469779253006
27.269479155540466
26.409341514110565
26.826971411705017
27.38461285829544
27.194036900997162
27.136032164096832
26.89798104763031
26.447206377983093
26.888379096984863
26.42588597536087
27.49239832162857
26.52291202545166
26.50664919614792
23.76585352420807
24.98135209083557
27.17368119955063
26.688404500484467
27.163987457752228
26.52438122034073
26.798794329166412
26.62174755334854
18.2856804728508
12.474072754383087
9.723509073257446
26.441909670829773
25.61115735769272
19.9651318192482
18.721254408359528
9.87364012002945
26.63967365026474
22.586875438690186
8.686565339565277
27.618534684181213
25.259687066078186
20.329689145088196
8.697765082120895
27.00975501537323
25.297046303749084
27.433130621910095
14.517548322677612
27.768918097019196
25.839736461639404
20.069561541080475
26.846372187137604
13.000173777341843
27.240137457847595
27.624850869178772
27.463534235954285
12.41060009598732
26.231243193149567
26.636695742607117
27.023004114627838
27.44113153219223
27.457040011882782
26.94407719373703
27.6930850148201
27.7539564371109
27.270007491111755
26.16292494535446
27.28183090686798
17.27664875984192
10.394438028335571
27.852242946624756
19.936401903629303
8.436253875494003
27.5124648809433
28.015311777591705
27.28566348552704
27.37237322330475
28.18848580121994
11.797362565994263
28.092926740646362
27.342281877994537
27.28782367706299
27.33439987897873
27.630202054977417
27.452925145626068
27.241745173931122
27.363662779331207
27.42264884710312
22.239322900772095
10.470562100410461
27.687102615833282
28.03590029478073
26.828489542007446
27.485311269760132
14.067992568016052
26.950203955173492
10.166111797094345
27.18425714969635
27.211544573307037
27.125798046588898
26.54242569208145
10.956766545772552
26.61568933725357
26.91871327161789
8.62844917178154
27.40596979856491
26.853914260864258
26.061100959777832
26.695426106452942
26.50069659948349
26.013686954975128
26.8933048248291
11.949882805347443
22.0164213180542
27.55721139907837
27.881324768066406
26.90298765897751
27.907000064849854
18.122227728366852
10.828823149204254
27.76421493291855
10.62949612736702
6.89888034760952
26.83010494709015
22.504914045333862
7.28469754755497
27.139252722263336
6.166738077998161
27.602183163166046
5.854742929339409
27.765311896800995
27.23757004737854
8.34682160615921
27.216317892074585
26.86192673444748
27.617764949798584
28.234452724456787
27.09085637331009
27.399727880954742
14.412234365940094
26.408724308013916
27.43489921092987
27.789242208003998
27.52843540906906
28.01512974500656
13.726435989141464
24.3705952167511
10.488922089338303
27.43139213323593
26.557123720645905
7.992821842432022
5.857335418462753
26.978800117969513
18.819893658161163
9.895552963018417
6.474348291754723
26.479776740074158
22.389382004737854
6.51827846467495
25.23209184408188
6.895591884851456
4.835061952471733
7.604718387126923
4.081787899136543
12.967174708843231
9.131956785917282
10.48243236541748
6.712857007980347
5.653825640678406
11.445877432823181
9.145113080739975
5.456849634647369
23.996902883052826
16.470690548419952
15.818254709243774
12.676580101251602
8.554493188858032
11.886188000440598
6.53864523768425
27.927238821983337
11.587381392717361
26.127209186553955
25.993095874786377
27.10845184326172
27.292387187480927
27.766227304935455
26.961682200431824
27.207595944404602
20.327915906906128
8.545136153697968
6.116963416337967
26.225839912891388
17.737453281879425
10.32668912410736
4.942351698875427
21.802770256996155
19.195949494838715
8.144417107105255
27.64633983373642
4.7254020273685455
27.263819336891174
20.081502735614777
17.324415504932404
16.568265855312347
27.807963848114014
26.790175557136536
17.02674037218094
23.45972740650177
24.618254005908966
25.178957223892212
27.482057511806488
27.25294190645218
24.88336616754532
15.543448209762573
26.943408250808716
13.71764600276947
27.22161716222763
27.316068410873413
27.273015320301056
26.621162176132202
26.94543981552124
27.34697824716568
14.334488987922668
21.157083809375763
12.686312973499298
27.223108887672424
18.881486177444458
8.585991263389587
6.374679774045944
26.687759518623352
26.116155207157135
13.387770861387253
7.426556318998337
6.365600690245628
14.482160329818726
11.348622769117355
27.06856644153595
5.157488942146301
27.40578955411911
10.695649981498718
21.62571483850479
10.759107142686844
27.292004823684692
27.48078715801239
27.76216435432434
19.399248003959656
27.647467255592346
11.616670697927475
26.640563905239105
27.69497686624527
27.57660001516342
27.343061447143555
15.50238835811615
8.337634176015854
28.209509909152985
7.578370198607445
17.460811614990234
12.486164152622223
10.616614997386932
26.50003081560135
26.824653029441833
25.94257879257202
14.656394869089127
12.751635730266571
26.39438706636429
12.71024951338768
10.12151226401329
6.725476861000061
6.750890299677849
5.450701370835304
18.179678201675415
16.4023317694664
11.638038367033005
6.8315961211919785
26.35163766145706
26.238735258579254
15.968826055526733
5.15824681520462
27.01351225376129
7.988593727350235
26.931616187095642
27.522390127182007
15.999091029167175
8.343984842300415
27.21716296672821
19.4793518781662
6.238158687949181
27.78820961713791
25.22302907705307
18.433491110801697
27.705335080623627
17.467482566833496
19.08073717355728
21.58069199323654
26.307466089725494
27.162589490413666
11.622394263744354
10.536811172962189
27.249674201011658
27.632600843906403
27.03376543521881
27.427865624427795
27.495265901088715
27.375360310077667
16.665533483028412
10.468548893928528
27.626163244247437
26.915685772895813
26.922425150871277
8.563291996717453
25.209647595882416
26.42562872171402
27.756540596485138
11.653712898492813
6.923695519566536
4.799459725618362
26.470638275146484
5.589195564389229
4.336920410394669
3.78993584215641
15.676820397377014
8.400369018316269
5.180593505501747
8.524161100387573
5.4517815709114075
6.871196880936623
4.659415513277054
11.97087624669075
6.65082448720932
5.911796748638153
4.2204942256212234
15.519534468650818
5.543068051338196
3.3739552423357964
4.104474186897278
7.974866718053818
5.678780511021614
3.7638819068670273
20.933647334575653
16.147421777248383
14.180937826633453
6.584169387817383
5.673560455441475
7.252622008323669
5.30317334830761
24.564144372940063
23.50546646118164
10.777876883745193
7.018106281757355
9.836520433425903
4.539968207478523
27.09310680627823
3.625173069536686
26.351272702217102
27.758843660354614
27.060122311115265
28.067559003829956
27.845176577568054
27.121978044509888
27.740035474300385
27.529996395111084
26.324766159057617
27.8361696600914
18.453280746936798
10.320465475320816
27.82533311843872
14.289612084627151
21.575345635414124
7.326194614171982
27.326508224010468
26.58318454027176
16.128718852996826
7.0423315316438675
26.60435837507248
6.269632324576378
27.478423953056335
10.613694339990616
23.873279213905334
5.350291192531586
27.19243758916855
27.103934109210968
25.06175422668457
22.390947818756104
24.779585659503937
22.692967414855957
9.679435014724731
25.796499729156494
20.489782631397247
27.048691153526306
12.835559725761414
27.15312111377716
27.46466600894928
27.223187386989594
26.606121718883514
10.756153672933578
7.060880824923515
26.979183077812195
14.804867625236511
5.795387238264084
25.427151024341583
5.642827481031418
26.82506173849106
5.495349854230881
26.05624693632126
5.52989649772644
27.002773821353912
13.440916985273361
5.734906166791916
26.97050029039383
26.28162771463394
25.284505784511566
6.727492481470108
3.874877095222473
3.9967579543590546
7.678512841463089
5.90142859518528
7.199842527508736
4.694365859031677
13.193176209926605
5.0223314464092255
3.3784559443593025
3.8166401237249374
5.497664958238602
3.9693243354558945
12.367775231599808
7.289945796132088
4.1810843497514725
27.652909636497498
4.721687585115433
3.3970443829894066
24.660406529903412
3.6630921810865402
26.57195270061493
27.766142427921295
27.43978261947632
26.505188465118408
25.43753880262375
26.212161481380463
8.86115550994873
24.936001241207123
26.65528780221939
27.580153167247772
26.36948925256729
26.215768933296204
27.185030341148376
26.959921836853027
26.585021138191223
11.94857433438301
8.273969620466232
18.798706769943237
21.252518475055695
7.445395350456238
27.856523156166077
25.61528605222702
7.824832409620285
26.888989746570587
26.46945995092392
6.28364135324955
26.820013225078583
27.29158890247345
26.53069943189621
26.57057785987854
25.82790470123291
25.94415718317032
25.78643262386322
25.566040098667145
11.073113828897476
7.000748440623283
26.52428650856018
25.619063019752502
26.70402365922928
26.881816744804382
26.78732943534851
27.12658131122589
26.1901513338089
27.271097898483276
26.81954801082611
27.12383359670639
26.888863503932953
11.792777597904205
17.79630982875824
27.016409993171692
27.91708815097809
27.200451612472534
27.659231543540955
27.6017929315567
26.170075178146362
13.055843591690063
7.655639141798019
27.36918216943741
26.273140847682953
22.29081153869629
11.498622953891754
21.420386731624603
25.95997804403305
26.972284615039825
26.70721048116684
14.679901957511902
26.77799916267395
27.53838360309601
9.387074738740921
6.993852972984314
22.543032348155975
24.76342737674713
23.899534344673157
19.840250372886658
8.265480011701584
26.01466691493988
6.357204854488373
26.964865267276764
27.070092022418976
25.014912128448486
26.385382413864136
20.38795703649521
11.664292007684708
6.700594380497932
19.100138902664185
26.18277257680893
22.01547360420227
26.488745272159576
25.864807963371277
26.043471097946167
8.746714860200882
26.582910180091858
5.247872546315193
26.650277733802795
4.529391035437584
26.812758445739746
26.847979962825775
27.66110372543335
26.925630569458008
27.096571028232574
27.445761501789093
26.96244168281555
16.29673945903778
9.554378718137741
26.629105389118195
20.2621608376503
24.657376408576965
12.742811977863312
27.096876442432404
25.962878465652466
28.402472615242004
12.055906474590302
21.80937820672989
27.45486283302307
27.99836951494217
27.161345839500427
27.373409807682037
27.17694318294525
28.042731523513794
27.76536238193512
15.748949527740479
27.629470229148865
27.868657767772675
10.358580887317657
6.057731255888939
5.135044991970062
22.278202176094055
9.978257924318314
9.70530852675438
7.206720992922783
21.108294785022736
23.176319420337677
27.283744513988495
26.05945611000061
10.320000767707825
6.887730777263641
18.74413812160492
16.59918886423111
22.26674199104309
19.985307335853577
19.878198742866516
24.047018229961395
16.023125886917114
24.692533552646637
23.537219643592834
24.843768894672394
22.60645467042923
25.83278101682663
22.052964627742767
27.240129590034485
8.659672141075134
26.405977606773376
26.5857834815979
26.70836043357849
26.27777737379074
27.05191743373871
26.886954724788666
16.50931978225708
8.914949744939804
26.86891132593155
28.162519097328186
27.800262928009033
27.90603393316269
11.66959735751152
26.73699188232422
26.774758040905
8.864645302295685
23.424780070781708
27.796751737594604
27.721718788146973
27.319517493247986
27.460342586040497
27.108789026737213
27.400255262851715
27.792057633399963
26.22817236185074
27.071973979473114
25.17432940006256
27.651587665081024
24.16763836145401
26.88449102640152
26.48653882741928
24.775854349136353
26.891185879707336
25.72444236278534
10.683309584856033
10.102001368999481
20.9095361828804
15.304833233356476
16.9469456076622
19.007229804992676
15.127134203910828
24.999475181102753
26.706825375556946
8.161960065364838
27.940031707286835
6.746173977851868
27.73761534690857
27.12228238582611
7.048254638910294
5.703117772936821
19.780966818332672
18.450799763202667
16.052733659744263
11.088337033987045
9.891813308000565
9.394472062587738
9.646676301956177
5.094845145940781
4.2333774715662
17.63056606054306
10.177554339170456
10.124311566352844
7.107332065701485
15.848041534423828
6.964678034186363
27.430775463581085
5.883746415376663
28.18722492456436
12.119380533695221
5.752356335520744
27.123000919818878
5.878887638449669
22.916770696640015
6.709690168499947
27.509918212890625
27.412100672721863
26.17232972383499
19.650838613510132
20.876306891441345
11.768444836139679
24.53945130109787
8.178371995687485
26.02552819252014
10.157013207674026
7.396947503089905
27.1903076171875
15.37321013212204
6.690253749489784
23.44496339559555
6.105437994003296
25.458872437477112
5.97691322863102
26.586527347564697
6.506269797682762
4.193821117281914
4.067232102155685
7.043585449457169
5.06029087305069
6.704494580626488
4.805255472660065
18.164281606674194
14.154434710741043
6.930411785840988
7.430409073829651
5.222004100680351
21.9813129901886
7.740396797657013
27.987212598323822
26.380692660808563
4.702425897121429
4.248781129717827
10.987045526504517
7.176470041275024
6.494727581739426
5.6086215525865555
3.2774049565196037
26.990027010440826
14.524125635623932
7.977113842964172
3.869030624628067
26.985185861587524
19.969419419765472
4.806965187191963
9.848253339529037
8.35299813747406
7.057259827852249
12.610653907060623
13.20887604355812
8.564425766468048
6.842455163598061
27.646145164966583
21.55391550064087
19.919812202453613
7.77541121840477
5.53269125521183
5.743309140205383
6.275504991412163
6.318840339779854
7.902937278151512
4.867370173335075
4.113220989704132
3.1012747660279274
26.33252841234207
12.204785108566284
4.624088257551193
27.612674951553345
4.467530801892281
2.776556633412838
21.1015345454216
11.358554273843765
8.05597773194313
4.395822063088417
6.349776402115822
3.895839497447014
3.274568185210228
13.965223878622055
4.451362892985344
4.523262798786163
3.1567162573337555
6.255201652646065
3.5349558740854263
2.987192764878273
2.514042280614376
8.341989070177078
4.597826883196831
2.3783403038978577
15.992049992084503
13.376645416021347
7.912409394979477
5.743575692176819
4.776129573583603
4.171840354800224
17.847523272037506
10.223720788955688
4.8272886127233505
2.832027390599251
15.842147469520569
9.026741832494736
7.652945041656494
5.968170985579491
10.91705584526062
4.050049409270287
28.154032766819
4.637465938925743
3.1675509810447693
27.266230583190918
9.806501656770706
4.5341669619083405
24.250878512859344
3.0918096005916595
27.233608543872833
26.662105679512024
26.566581904888153
25.009268522262573
10.52053314447403
4.877779886126518
27.033802807331085
8.19575321674347
3.7302978932857513
2.7048585787415504
2.7069070041179657
6.636709779500961
4.206354692578316
2.8876195177435875
8.569344818592072
6.322106748819351
21.1890669465065
20.524322628974915
16.542876064777374
9.666647732257843
2.9980049580335617
27.08400869369507
25.981787979602814
20.51147598028183
3.730617679655552
27.870495438575745
3.075239047408104
27.706990599632263
27.38555634021759
28.44129705429077
27.373933494091034
27.37349247932434
27.461927473545074
27.496849954128265
26.87090438604355
26.81514310836792
26.722527623176575
26.79509735107422
26.927860021591187
27.0545312166214
26.733925223350525
26.433768808841705
27.310204327106476
26.688256084918976
27.470322012901306
17.802007973194122
12.558579981327057
27.967129945755005
27.69233947992325
12.725559800863266
27.327169835567474
27.041382670402527
28.119259238243103
26.6607945561409
27.240210592746735
26.993387162685394
27.109475791454315
14.81744110584259
23.559487998485565
27.031804084777832
26.360905945301056
27.37089478969574
26.49721521139145
26.90552920103073
26.30232411623001
26.437706351280212
25.87121719121933
26.710383236408234
26.500098824501038
26.686807453632355
26.55868422985077
16.618246495723724
10.599973917007446
7.711364805698395
10.73269572854042
7.163074761629105
7.738793164491653
12.15587306022644
10.323749721050262
15.740411221981049
8.57841295003891
15.512207925319672
10.633503139019012
11.829244285821915
7.737499296665192
6.891195863485336
16.985945284366608
12.260540872812271
20.00177627801895
21.41427081823349
25.682778298854828
17.050751328468323
8.251557618379593
27.115305364131927
27.676533222198486
27.197850108146667
7.472256600856781
5.897714704275131
4.353535935282707
21.45206892490387
12.445553660392761
27.499190390110016
5.757480040192604
27.72125279903412
27.40987718105316
27.540996849536896
26.008335828781128
26.596329271793365
12.136892080307007
25.631211638450623
27.04474973678589
27.127375721931458
27.00541400909424
8.667333245277405
26.193781197071075
7.211254760622978
27.05606335401535
26.903844356536865
27.009684145450592
26.819492042064667
26.53363287448883
26.855636656284332
25.89981347322464
27.02231788635254
25.25275957584381
27.908399522304535
27.56344735622406
26.274990618228912
27.094363391399384
27.75042688846588
26.77648538351059
23.816747665405273
21.088009238243103
26.854270935058594
12.349551945924759
7.506006300449371
6.965551644563675
24.9576336145401
15.707585334777832
9.431366235017776
16.10954052209854
7.799751788377762
5.1424087435007095
27.024943232536316
16.66484546661377
4.9867768585681915
27.2741779088974
5.392213463783264
3.733465850353241
27.18436473608017
7.0564244389534
4.296621322631836
21.42701357603073
16.426225304603577
27.18056946992874
22.877594828605652
17.96117913722992
27.108817398548126
9.731487482786179
26.59982967376709
27.964549362659454
25.851105988025665
19.380199909210205
6.684725597500801
26.633422553539276
4.104175910353661
27.49331843852997
26.869811832904816
28.00737065076828
27.579440712928772
27.266759157180786
28.188438057899475
27.943795680999756
27.042402267456055
27.329130589962006
27.12315410375595
27.75948131084442
27.462525248527527
15.572997808456421
12.519815385341644
16.68425178527832
19.694575905799866
26.811242878437042
14.718319296836853
8.844943702220917
26.293737947940826
11.190117537975311
21.22073930501938
27.15067148208618
27.896034359931946
28.19221669435501
27.501463532447815
26.459284126758575
26.284322202205658
25.802003383636475
25.11373645067215
25.346601843833923
19.42416226863861
20.475982010364532
10.703013628721237
27.038189351558685
9.463427633047104
25.302749931812286
27.007685601711273
27.085667490959167
27.22028684616089
27.736367404460907
28.214734733104706
26.9185808300972
26.897694051265717
26.730098962783813
27.288353204727173
27.417602241039276
27.258172750473022
27.579970002174377
27.697604477405548
27.381352424621582
26.162015855312347
27.058104276657104
27.37565165758133
16.970746159553528
25.048750281333923
14.35731366276741
8.321926265954971
7.997044891119003
14.776241600513458
12.620368748903275
14.776273012161255
8.966967582702637
19.889195919036865
11.658754706382751
9.091654807329178
5.472468659281731
24.8970587849617
7.94157350063324
27.073018848896027
25.93415766954422
23.95757120847702
25.041239500045776
10.662149965763092
23.95552307367325
6.308636337518692
27.83449536561966
26.757376492023468
8.234846979379654
25.46354252099991
27.327638804912567
10.671889036893845
21.299993932247162
27.190606474876404
27.148566603660583
27.271986305713654
26.569225192070007
27.532596826553345
27.401270627975464
26.95190119743347
26.053297877311707
14.404329806566238
10.38611826300621
23.828536093235016
12.615368992090225
25.87581080198288
16.372938752174377
22.933387756347656
6.038697808980942
27.11345773935318
22.326773583889008
24.386225998401642
7.137241885066032
27.635443806648254
27.03877604007721
8.474667251110077
26.55050492286682
5.277828872203827
27.403354704380035
26.291854977607727
24.38329440355301
25.303842961788177
14.877664148807526
15.880707919597626
27.577183187007904
27.59360134601593
27.54752379655838
14.626158237457275
7.278394237160683
6.31793999671936
4.8429485857486725
19.347520172595978
11.400401622056961
8.077309787273407
9.461640685796738
6.046353831887245
11.090387880802155
7.209448218345642
4.978864088654518
10.459990113973618
5.4564918130636215
6.618311956524849
4.905893579125404
3.6721197366714478
25.27658861875534
14.561266332864761
9.044993698596954
4.520851030945778
12.471207171678543
5.870453357696533
11.983292400836945
6.859983429312706
5.218971237540245
27.074084639549255
27.534982442855835
19.003772497177124
20.286503672599792
16.839989244937897
14.79134687781334
9.368894845247269
21.42018163204193
9.900798738002777
7.16724719107151
25.98943042755127
23.659317016601562
22.326855897903442
27.432906568050385
26.833344399929047
24.581526458263397
10.551022380590439
27.656202018260956
25.58554172515869
22.327140510082245
7.395988404750824
27.169376969337463
26.678546369075775
9.431522816419601
27.019657909870148
28.265259861946106
27.024782478809357
28.192137598991394
27.668232917785645
20.596787810325623
10.019348502159119
6.618831783533096
8.09995087981224
5.038963004946709
6.864959761500359
4.262929245829582
6.128667265176773
4.051543265581131
5.1878198981285095
3.6496406123042107
9.765530705451965
4.7998532354831696
3.3410222604870796
6.18778233230114
3.584630496799946
12.33298471570015
4.577745258808136
4.37187984585762
3.2645848616957664
21.70980530977249
8.593420296907425
5.338606685400009
6.491120338439941
4.3124114871025085
2.884083718061447
17.000701427459717
6.631064608693123
3.5164428055286407
20.63373965024948
24.360482037067413
18.422610342502594
4.457295060157776
20.499087750911713
17.850331485271454
10.94224938750267
6.737396866083145
6.608450725674629
26.390856325626373
9.464433282613754
4.4076752960681915
25.635097563266754
12.539074540138245
23.89151495695114
27.10944938659668
26.16032838821411
25.419320046901703
24.2514209151268
24.819853365421295
10.35160830616951
26.310954213142395
26.019105195999146
25.365337371826172
26.264287412166595
25.93523120880127
25.414189040660858
25.454284131526947
25.423772513866425
25.481962382793427
24.88231658935547
24.873205482959747
9.496728241443634
25.557205379009247
26.45800656080246
6.5432073920965195
26.551408171653748
5.744231775403023
26.39068764448166
26.778802692890167
6.198588952422142
26.577008724212646
4.898569718003273
3.689423084259033
21.548435866832733
11.421054929494858
7.327427640557289
6.931686595082283
4.1584955006837845
27.781213223934174
4.50394731760025
3.9022011756896973
22.74069058895111
4.0821563601493835
2.8830613419413567
20.027479708194733
13.029120147228241
4.012891039252281
21.26367276906967
23.86850243806839
24.25489330291748
25.513236582279205
27.179820477962494
27.15062117576599
9.81023958325386
22.683919489383698
21.74375969171524
5.104605570435524
27.720204651355743
20.44772058725357
27.712294459342957
27.680720508098602
26.72745394706726
20.709292948246002
11.839905679225922
25.242287576198578
14.515375196933746
26.886788725852966
27.26622384786606
14.700833141803741
27.30209529399872
20.455596446990967
17.24866074323654
22.373493909835815
13.031023234128952
27.12396901845932
8.111628651618958
26.77760237455368
26.830582320690155
8.41477382183075
25.0837624669075
6.099806800484657
3.9510998129844666
27.126355051994324
4.786432400345802
27.514931082725525
4.2032477259635925
26.655679881572723
27.124045073986053
27.451317012310028
27.784944355487823
12.982197880744934
27.249493539333344
28.303998112678528
28.10644006729126
27.608892142772675
27.701311349868774
27.54366499185562
27.652201414108276
28.489556074142456
27.66677635908127
27.795865058898926
27.782031774520874
10.713110655546188
27.048114895820618
8.768470227718353
26.876554667949677
27.59946072101593
10.076678603887558
24.910480499267578
27.756134569644928
9.209116607904434
27.145716786384583
5.063772335648537
26.838815987110138
26.772373616695404
27.292360484600067
27.270230174064636
12.781979203224182
27.65414434671402
27.34273111820221
27.54643326997757
7.989402592182159
27.410934388637543
6.62942710518837
26.533408641815186
5.216318354010582
4.40218885242939
15.438227474689484
12.227143406867981
12.692512303590775
7.821745783090591
7.996919572353363
8.542985588312149
5.618175446987152
18.069220066070557
9.914418041706085
26.960983276367188
6.4932375848293304
26.899157524108887
4.266933292150497
27.662194311618805
27.579981446266174
27.1887469291687
27.421779990196228
28.406238675117493
27.354033827781677
27.800349056720734
23.965969443321228
27.185930728912354
27.67709171772003
27.525877058506012
27.618031680583954
27.71213859319687
27.102608025074005
27.434637665748596
27.854493618011475
27.160689175128937
9.514233618974686
27.443506836891174
9.14340940117836
27.376399040222168
9.30562087893486
13.285044640302658
5.893027022480965
27.19549947977066
5.882408753037453
4.515561416745186
4.675770059227943
6.572734996676445
5.579750046133995
3.762376129627228
14.332160532474518
8.907514750957489
7.926062375307083
4.106134369969368
26.726353645324707
25.852163016796112
12.896649897098541
3.5324113070964813
27.951475739479065
27.9163658618927
27.20751565694809
26.58053332567215
27.503137826919556
9.961883395910263
5.549838304519653
26.51651757955551
26.736546993255615
14.876920133829117
8.63306650519371
6.528509363532066
3.300345353782177
26.6623455286026
19.48491394519806
5.321769341826439
27.326733708381653
25.238687098026276
21.98254680633545
4.671285301446915
27.32555341720581
25.561163425445557
23.29357659816742
6.683034315705299
27.30012732744217
25.559422433376312
3.988128036260605
27.3302121758461
26.93705326318741
26.80324226617813
27.552487075328827
8.41818943619728
5.462402924895287
27.30129235982895
13.050261616706848
4.908669501543045
16.185950875282288
4.136946886777878
27.403487861156464
24.660144984722137
6.351776614785194
3.8987546414136887
26.597298085689545
4.530832841992378
26.93716287612915
26.84874266386032
26.426750123500824
27.577560663223267
14.7999107837677
7.804563343524933
27.964051961898804
27.409077167510986
5.6135817766189575
27.571077942848206
4.256528332829475
27.17729353904724
27.336998224258423
27.187045574188232
27.7239089012146
10.622839987277985
27.114387810230255
27.52674412727356
27.181549668312073
7.923639208078384
25.673200011253357
27.268000543117523
27.752753794193268
27.222119569778442
27.918610095977783
27.94654667377472
27.037400364875793
27.753299593925476
27.47256028652191
27.81556510925293
27.548641443252563
27.816602885723114
27.643228352069855
26.933177947998047
27.538002848625183
27.778099536895752
27.19044679403305
27.63697510957718
27.168619871139526
27.197102427482605
27.61915111541748
23.423409700393677
18.436001241207123
26.650882303714752
24.59279704093933
25.01185417175293
16.084347784519196
19.261758863925934
27.613583624362946
27.656348526477814
12.299105793237686
26.56120330095291
27.114230036735535
26.723421454429626
26.67772227525711
26.55102241039276
26.82029926776886
14.092360079288483
11.175620645284653
27.7951779961586
27.12221270799637
26.7309347987175
23.95468956232071
8.416640549898148
6.044520512223244
4.600197464227676
23.218540847301483
16.375238239765167
10.958070456981659
26.310438692569733
4.924165427684784
27.37983387708664
27.731438279151917
27.195500135421753
27.5370432138443
27.655364155769348
26.674091815948486
27.355402171611786
26.91228288412094
14.006340712308884
26.80089819431305
13.893005281686783
7.392195522785187
7.338497966527939
8.47408127784729
10.440274119377136
9.283879071474075
10.11270672082901
8.792480945587158
9.286422222852707
9.674764424562454
5.743987530469894
27.04121243953705
26.786844551563263
16.490879774093628
6.363996013998985
25.408960342407227
27.036488592624664
25.494298040866852
18.023188710212708
9.903310865163803
5.842704936861992
26.95116490125656
8.419386059045792
19.13154649734497
4.214763894677162
27.729853749275208
22.050101578235626
5.391643732786179
27.06386637687683
25.121553242206573
22.681706428527832
6.3960350304841995
27.81651520729065
5.561155393719673
27.691402554512024
26.64814531803131
27.18468713760376
27.55181384086609
14.796327650547028
7.689408868551254
27.171140730381012
27.046935975551605
15.525229156017303
10.452788263559341
28.03156888484955
27.994632124900818
26.822773456573486
21.767129778862
17.369041800498962
26.838890552520752
26.915821254253387
27.10859477519989
26.340776085853577
27.11184698343277
26.14937150478363
25.90187841653824
26.515647172927856
25.975964307785034
26.444306015968323
14.876649022102356
21.119762063026428
26.985545814037323
16.442205846309662
8.49915561079979
28.204063296318054
7.906416743993759
26.91850358247757
7.681289792060852
27.366379141807556
6.322329759597778
27.20754086971283
23.752754867076874
6.228210210800171
27.658405900001526
26.738164722919464
26.52013385295868
23.905767381191254
23.541490256786346
23.35575920343399
26.659296572208405
24.795150339603424
24.608221411705017
24.411948144435883
23.971919178962708
26.210001170635223
25.455926477909088
24.23359090089798
24.4731827378273
25.162264943122864
23.580222427845
26.730234503746033
24.47364354133606
25.362381279468536
25.04018270969391
9.925773084163666
27.192513287067413
27.375952064990997
26.8951632976532
26.045650601387024
25.006274223327637
25.2365705370903
24.611103117465973
23.976447820663452
25.741331934928894
25.34381854534149
25.035250306129456
24.70285975933075
11.642684787511826
25.68833237886429
25.479896128177643
8.524868905544281
27.371178090572357
24.503523647785187
25.259066462516785
24.222873866558075
24.048572778701782
23.61546301841736
7.268500164151192
27.544137954711914
26.455714404582977
24.40951108932495
12.271394670009613
19.64394760131836
27.589846909046173
27.179733455181122
26.399368107318878
24.9269956946373
24.824582874774933
24.144347071647644
24.483194530010223
23.06912851333618
16.54123955965042
21.606526732444763
27.14938884973526
8.17158591747284
26.258990466594696
6.5856475085020065
27.66689157485962
7.43400551378727
25.76820260286331
5.060204029083252
27.72368746995926
6.555441215634346
26.75638884305954
27.1969353556633
27.471475064754486
27.14370286464691
27.425623178482056
26.217274963855743
27.433646082878113
27.331652224063873
16.402543783187866
22.021713137626648
28.007875978946686
27.080440640449524
28.19846796989441
27.65695172548294
27.49930113554001
27.36203694343567
27.588288128376007
27.49632501602173
10.580008089542389
27.0756117105484
26.73782455921173
26.781734108924866
12.356593698263168
26.72935116291046
27.889573752880096
27.373835384845734
27.7152698636055
27.196687638759613
25.037135124206543
26.41486030817032
12.734846740961075
23.212782502174377
27.103869557380676
27.054644882678986
27.18424814939499
26.593966245651245
14.055625796318054
7.6669051349163055
27.448927342891693
6.776010081171989
27.48739355802536
28.095557749271393
27.341320872306824
26.69850867986679
27.54604160785675
27.072762548923492
12.193406790494919
22.90858107805252
27.59277504682541
8.07086181640625
5.989541903138161
5.928856298327446
7.741146832704544
7.721017271280289
7.0381181091070175
20.71349149942398
8.425586700439453
8.501086503267288
5.36269436776638
4.3409783244133
18.07574075460434
13.347794473171234
8.882338166236877
5.361796408891678
16.57769387960434
14.556920558214188
10.279853105545044
9.788015991449356
5.324874699115753
17.16564804315567
13.9279146194458
18.02167946100235
12.54473426938057
18.18796056509018
11.788274556398392
12.773746579885483
11.64644169807434
18.474081695079803
11.910730004310608
11.464793622493744
12.987607717514038
10.805526047945023
28.21453630924225
28.22199696302414
26.89009988307953
15.80492889881134
10.492867767810822
28.031167030334473
26.738273561000824
27.506721913814545
27.27834463119507
27.657792329788208
27.42052388191223
11.640996128320694
26.107487738132477
27.035995960235596
27.74593895673752
27.362481355667114
27.221621692180634
27.174277365207672
27.69724839925766
16.85283213853836
26.08638697862625
7.754368096590042
27.101402938365936
27.149517476558685
26.4875168800354
27.628580689430237
26.530950784683228
26.83073890209198
11.514453262090683
26.642609238624573
26.053475379943848
10.356599241495132
19.297860860824585
27.760155141353607
27.711604475975037
27.486437797546387
27.761146664619446
27.24590754508972
27.766906142234802
27.669320583343506
27.085790753364563
27.872462153434753
27.915892124176025
26.9053715467453
12.86854600906372
10.765954226255417
7.320501387119293
27.065851032733917
9.968134224414825
6.311224922537804
27.04659503698349
21.089357495307922
13.560913056135178
6.853022485971451
6.052858591079712
5.651358976960182
5.006921797990799
4.504001766443253
7.755493700504303
4.7123202830553055
19.16021704673767
16.19378036260605
13.845943450927734
14.856927812099457
11.089982390403748
13.017585009336472
9.912493199110031
7.914744317531586
17.661132276058197
7.864781141281128
21.32804137468338
14.151616275310516
11.460415005683899
7.376966744661331
4.235316947102547
26.242166697978973
21.939868807792664
20.36748516559601
8.937116295099258
6.084653928875923
27.053251326084137
20.566273391246796
9.647425383329391
7.57840684056282
6.323069766163826
4.008057609200478
26.495857536792755
16.907791435718536
5.059322506189346
8.77936726808548
5.657792553305626
17.81445151567459
13.267794758081436
22.456337928771973
12.636711031198502
9.205509215593338
23.987390637397766
7.983208537101746
5.57061305642128
21.384835064411163
20.480403006076813
16.339253544807434
9.108329743146896
11.126858085393906
8.56360313296318
8.815581500530243
6.849263295531273
23.63713252544403
7.660934537649155
5.46076013147831
26.28087866306305
16.07784879207611
4.411893039941788
26.86987578868866
27.38839489221573
27.157329857349396
7.152501806616783
27.500793159008026
19.297622203826904
20.024983048439026
4.896924704313278
27.019574642181396
14.417267829179764
5.521482035517693
26.945493698120117
6.3820327669382095
26.205135941505432
6.623632609844208
25.133414387702942
9.561135977506638
3.8746724128723145
18.800089716911316
12.729816347360611
12.205097496509552
11.750767797231674
10.299646317958832
4.344800353050232
23.185057818889618
9.517709910869598
4.0872254222631454
27.667434751987457
4.490603074431419
3.681287594139576
26.961345314979553
13.464687049388885
4.455481112003326
8.60280841588974
3.2075092047452927
28.043020009994507
22.065831243991852
7.523643299937248
4.369936630129814
27.334947109222412
20.784460961818695
3.6189597696065903
3.1549278497695923
8.234071344137192
5.351771637797356
3.2880710884928703
17.665530681610107
15.70557177066803
7.770798206329346
3.493131771683693
24.903655290603638
16.39090245962143
28.204230189323425
25.83374059200287
16.69630241394043
28.05542242527008
27.34392249584198
9.539427697658539
4.617559641599655
21.159811317920685
21.535037457942963
27.116236805915833
4.186912521719933
27.5592143535614
27.568154990673065
8.62714073061943
4.67076276242733
26.577737152576447
3.537061922252178
16.900555431842804
11.391981035470963
9.448553532361984
8.500059217214584
9.507541596889496
4.444108560681343
25.94535857439041
25.55630397796631
13.06352287530899
10.164075046777725
6.809270024299622
27.857347548007965
27.517988443374634
27.848099291324615
27.486494600772858
24.530644357204437
22.38595324754715
10.281972736120224
15.058799982070923
11.172155231237411
12.37867522239685
7.881161749362946
27.097634494304657
25.025059938430786
24.225369811058044
17.960409104824066
13.448735922574997
13.415813237428665
9.359250754117966
16.399003565311432
6.957853004336357
27.09732073545456
19.173874258995056
26.512678623199463
4.732602655887604
3.422581449151039
14.290914565324783
10.387210696935654
10.09097045660019
7.167473614215851
3.7872361689805984
22.816112339496613
13.713432312011719
11.05374014377594
9.667060494422913
7.481592923402786
3.95377916097641
27.50885045528412
25.914801478385925
12.581649661064148
4.446595191955566
13.745929032564163
7.690601229667664
4.719487637281418
26.617236971855164
22.12255507707596
10.325927913188934
27.305887937545776
20.592255771160126
6.62460121512413
3.3685801923274994
26.438421368598938
3.2926616594195366
27.524152874946594
27.652861654758453
26.93187814950943
27.493396520614624
26.491064369678497
26.369385302066803
27.655703604221344
26.48487776517868
27.38239175081253
26.659797072410583
15.782552003860474
23.799523413181305
26.81309574842453
27.106992304325104
12.862849801778793
19.111294209957123
28.07457685470581
26.831790149211884
11.192245334386826
6.819447636604309
5.86769725382328
8.444560021162033
4.779834821820259
7.098358064889908
4.350534692406654
13.778143972158432
8.521551638841629
7.108805224299431
9.453530132770538
6.146721348166466
26.724064528942108
13.202993631362915
5.117590978741646
26.256286025047302
9.761154919862747
15.817428588867188
27.51305902004242
27.279048025608063
27.42788290977478
27.856612861156464
9.71679675579071
7.6818139255046844
5.195807874202728
11.414207994937897
5.301959380507469
3.9891755431890488
6.955790877342224
4.367213204503059
4.166631609201431
3.3084708973765373
20.257024347782135
10.722894132137299
27.41542226076126
4.053108781576157
27.457631587982178
27.312406837940216
15.907396495342255
27.101697862148285
27.900380492210388
27.222084403038025
27.65606850385666
13.204822063446045
27.172076165676117
8.443708807229996
6.547462776303291
27.205485343933105
13.20730397105217
6.6664124727249146
14.717935413122177
14.182910412549973
7.631980448961258
23.414279997348785
22.044333338737488
11.66487243771553
27.516619980335236
22.433652222156525
19.057082295417786
26.493783354759216
28.551185369491577
26.82840132713318
20.206630885601044
27.731378734111786
19.415294528007507
8.764160931110382
6.36745722591877
6.3585745841264725
10.694740504026413
7.518693029880524
14.257272839546204
6.657040983438492
11.680862665176392
7.0324555188417435
12.117438942193985
5.243355467915535
18.101776599884033
15.158655822277069
22.89663928747177
16.564094603061676
27.291331708431244
26.23582673072815
20.48347681760788
26.099984645843506
17.39614647626877
27.45430099964142
4.864940673112869
26.806807696819305
27.296138286590576
27.527159452438354
27.507008850574493
18.781788885593414
26.103241324424744
27.031443238258362
27.601381719112396
27.4771785736084
27.648101210594177
27.876897037029266
27.108504951000214
12.49337974190712
6.998762622475624
4.69130551815033
24.835793673992157
15.041317403316498
5.202694997191429
25.377951741218567
6.638351038098335
3.3440153300762177
26.179413855075836
16.127826929092407
7.77194382250309
4.142634361982346
3.2745789512991905
14.130818337202072
7.365917667746544
6.987628877162933
4.997838705778122
9.552908033132553
3.985801577568054
27.581451952457428
25.617550432682037
4.914388984441757
25.508061587810516
4.747208938002586
25.386455297470093
13.033850848674774
4.264782652258873
26.80747926235199
25.744339406490326
12.147604018449783
12.8586206138134
25.278761327266693
25.92979806661606
15.373034596443176
17.714941263198853
8.350895792245865
27.160629510879517
14.304344892501831
27.8748939037323
24.67231798171997
15.012582778930664
9.572966754436493
26.301291346549988
23.34150719642639
22.958019196987152
7.27717362344265
27.413212537765503
27.254764199256897
26.861488342285156
7.215058133006096
5.012120753526688
15.159656941890717
11.198809683322906
17.516351461410522
23.042565286159515
19.845764935016632
22.929222106933594
19.952228009700775
25.033784687519073
5.346233621239662
27.538453817367554
3.893882527947426
27.438487946987152
27.082976460456848
6.306231588125229
27.626948475837708
27.37519121170044
6.1152104288339615
4.555135682225227
25.564187943935394
11.993098884820938
27.22363269329071
23.270103216171265
27.486225724220276
8.338570475578308
22.601189076900482
27.32863873243332
27.182784914970398
28.132975816726685
26.836098313331604
27.780464828014374
27.833822011947632
17.699674487113953
9.22475290298462
27.170874416828156
7.271894663572311
27.716788589954376
26.820253014564514
27.591356337070465
27.398661255836487
26.657584369182587
13.889881610870361
27.51626306772232
26.975762605667114
27.476829648017883
11.725279748439789
23.976679921150208
27.543836891651154
27.355194926261902
28.129599392414093
8.435853958129883
27.589406311511993
6.143198266625404
27.53915774822235
27.30308222770691
7.137864038348198
4.864306941628456
25.877966940402985
14.707728922367096
8.307387918233871
15.559057176113129
5.293512985110283
26.727485239505768
17.456747114658356
11.724902361631393
15.733333230018616
7.189708739519119
27.22318947315216
5.269752129912376
27.759942054748535
5.171579301357269
27.917405605316162
7.4494564682245255
27.078507602214813
7.103301763534546
27.349429428577423
5.694584175944328
27.158045768737793
15.773738324642181
11.335243225097656
27.703385055065155
20.22544252872467
22.965188205242157
25.644745528697968
27.832228004932404
18.93003350496292
24.714069306850433
13.88223522901535
8.90000569820404
21.219605445861816
16.55908715724945
19.99076235294342
5.204640671610832
4.366193801164627
4.175124958157539
9.324054330587387
5.216180130839348
4.061313271522522
21.2833970785141
12.429058164358139
8.397762656211853
8.734742313623428
6.325888827443123
3.9835755974054337
26.917153358459473
10.822160542011261
6.049707621335983
5.156711980700493
4.888240069150925
9.364724397659302
3.7689410746097565
26.169480979442596
17.9041246175766
10.181476891040802
5.763218119740486
6.494184792041779
3.8351387828588486
19.57644510269165
8.533764034509659
4.698223650455475
10.396881729364395
5.675464421510696
7.7148227840662
4.782784953713417
7.793701782822609
5.727407142519951
4.969857648015022
3.2259775176644325
21.771750330924988
9.603701740503311
4.374248772859573
17.809535801410675
4.053998976945877
27.33457624912262
3.230283759534359
27.164380609989166
27.08048701286316
27.23660147190094
27.371423482894897
27.90225648880005
24.66111445426941
12.977681875228882
7.2458606362342834
27.58150339126587
16.383584916591644
6.992344409227371
24.699997663497925
15.586382329463959
14.657079428434372
10.782937735319138
27.03922700881958
12.755450755357742
5.092759057879448
27.71270090341568
4.696501553058624
25.702576756477356
4.285572111606598
3.828926205635071
5.509347587823868
4.270064160227776
14.443268984556198
4.122005864977837
3.232361063361168
3.582317605614662
2.6461858078837395
2.643182098865509
4.158240020275116
3.100794978439808
17.822288513183594
3.113239608705044
21.620289027690887
5.275489270687103
4.839088663458824
3.7550907135009766
2.8352241441607475
3.442621573805809
2.6901399195194244
5.70968833565712
4.419829785823822
3.2468356862664223
4.805623188614845
3.515865206718445
11.923826068639755
5.299117222428322
3.7383317202329636
4.367777660489082
5.207174152135849
2.769169442355633
26.932009756565094
4.5847508162260056
3.1037963554263115
6.21443310379982
2.9915884286165237
22.653338611125946
5.107213154435158
4.500283598899841
2.701306626200676
26.182093501091003
4.430394396185875
2.69607400149107
16.6219339966774
9.549379140138626
27.10332477092743
3.426603615283966
27.010806441307068
27.54200929403305
28.53253263235092
6.308203786611557
27.631690800189972
3.9776430428028107
27.677505373954773
4.087428048253059
27.81625097990036
2.7336846217513084
27.841746509075165
27.27022510766983
27.279270589351654
27.07386153936386
27.396782100200653
26.086670875549316
27.105844616889954
18.392232656478882
9.016366481781006
28.06472498178482
26.925069093704224
27.672587037086487
27.870801329612732
27.132453441619873
27.194963335990906
27.719662249088287
12.080816119909286
27.36051118373871
27.206012427806854
26.72764301300049
27.572238087654114
27.061007797718048
26.522986948490143
26.818099439144135
26.651993811130524
26.856981992721558
26.793255388736725
27.147542893886566
27.120265424251556
26.97593605518341
27.10475528240204
27.022983372211456
14.23470824956894
24.15293514728546
26.91338086128235
27.693780183792114
26.952769994735718
27.230092644691467
27.074373483657837
13.878641486167908
17.508497536182404
28.345821499824524
27.481180608272552
8.755035430192947
5.321286976337433
26.399583399295807
22.74162667989731
24.604544162750244
16.188422083854675
6.806492388248444
19.948078274726868
19.54391098022461
7.975218892097473
27.64503836631775
5.351794317364693
27.85289740562439
26.22380042076111
18.853925228118896
27.46072882413864
26.866480827331543
18.514026403427124
26.992189168930054
13.968935430049896
12.278881847858429
15.492570638656616
19.322574615478516
23.007594108581543
16.228303492069244
9.141688644886017
23.634080171585083
19.65600472688675
24.28644335269928
7.867570698261261
27.012413322925568
6.599406510591507
27.40218096971512
7.477270990610123
4.995604872703552
21.79570823907852
23.317065596580505
13.00259530544281
27.4105361700058
26.493480920791626
15.083770275115967
6.01928323507309
4.176655352115631
4.1993668377399445
4.382247984409332
6.6048803627491
5.382429659366608
17.43049681186676
5.079596444964409
20.45892822742462
5.4751282930374146
27.87708342075348
4.793387323617935
27.485281586647034
27.690420508384705
27.99558389186859
27.184550940990448
27.601394295692444
27.36250764131546
13.830276817083359
27.316049814224243
27.78001618385315
27.166139364242554
26.766359269618988
27.545251607894897
27.869486689567566
27.22018563747406
27.454459846019745
27.18816566467285
27.540442168712616
27.715349853038788
26.419138729572296
26.97182446718216
27.593507051467896
27.538951337337494
26.93288826942444
27.35482746362686
27.11533087491989
26.77931648492813
26.998184025287628
26.87729424238205
27.38169240951538
27.382349133491516
27.258331775665283
27.517390251159668
15.176994919776917
27.30497771501541
26.484039425849915
28.433538734912872
27.430123150348663
27.691364884376526
27.001911222934723
26.32946068048477
26.44337111711502
26.15731167793274
27.123958230018616
26.632595002651215
15.591704845428467
22.998449623584747
27.447289884090424
27.725497901439667
26.16933536529541
24.50817984342575
26.507884204387665
21.700877904891968
9.671418249607086
26.692417204380035
27.3315150141716
13.985793858766556
27.277629494667053
27.52157175540924
27.54083824157715
28.14178317785263
10.847611129283905
7.167035385966301
6.366607651114464
4.942799091339111
19.798547327518463
5.332307070493698
5.994625449180603
4.376660406589508
5.336904942989349
6.643388673663139
5.597737357020378
9.683060854673386
5.287204399704933
13.102491438388824
7.7060061395168304
4.887936353683472
26.831554353237152
12.815688729286194
5.8968664556741714
4.87927283346653
27.02093929052353
9.337587088346481
4.58025349676609
24.488096117973328
25.34618753194809
25.131146013736725
8.679501086473465
4.2673428654670715
25.59994751214981
26.418103635311127
25.549658119678497
16.598746836185455
6.770326480269432
3.9850007593631744
24.887984812259674
8.253903299570084
28.004314422607422
25.8144109249115
20.93403947353363
27.2741522192955
27.866791486740112
27.636078536510468
26.95080453157425
26.692575752735138
22.14780342578888
27.581309139728546
26.662499010562897
27.687418162822723
22.63795703649521
26.8940070271492
24.355540692806244
12.357943207025528
27.131257712841034
26.749488711357117
10.725066304206848
7.2712594866752625
27.28026580810547
9.06018677353859
5.842291444540024
27.737702786922455
5.649027645587921
27.508462250232697
26.80542814731598
26.55945712327957
26.097123324871063
25.884327948093414
26.6387397646904
26.34561115503311
25.779770374298096
26.70784604549408
26.41186487674713
26.6431747674942
26.575288593769073
26.534470438957214
11.049787312746048
8.106907397508621
17.389831840991974
15.476062297821045
27.14264863729477
7.576615661382675
27.984602570533752
11.008952915668488
27.167425870895386
26.900806069374084
18.133750915527344
9.162813752889633
6.544315367937088
6.223716288805008
8.708106458187103
9.087418615818024
5.868623077869415
4.195234254002571
17.306196928024292
11.39645329117775
9.962621510028839
7.618779867887497
15.872358202934265
5.290501624345779
4.0845897346735
17.275726854801178
10.570368349552155
7.117482483386993
27.365687310695648
4.746018186211586
3.694269225001335
25.80235403776169
4.723603546619415
27.459497332572937
26.516063034534454
27.54448711872101
26.78834569454193
27.65189492702484
26.799146234989166
24.88020145893097
19.88151216506958
27.23980349302292
7.273547321557999
26.565888583660126
27.499566912651062
27.54769068956375
27.759197533130646
21.766170740127563
13.738619089126587
7.106286466121674
27.255702197551727
8.053878754377365
26.228861689567566
5.67623308300972
26.491954267024994
5.5821661204099655
27.437626123428345
27.103230357170105
26.92904156446457
9.252443373203278
24.761174082756042
5.894900411367416
27.220724403858185
26.42322850227356
25.10517293214798
24.577349483966827
25.039102613925934
24.999622762203217
25.334895253181458
10.708957374095917
26.948637902736664
26.679553151130676
24.289853811264038
24.60037511587143
23.939080238342285
8.673686265945435
25.925461769104004
24.687240600585938
6.320551112294197
27.4868825674057
26.859353244304657
25.4441556930542
10.286718249320984
25.81039160490036
27.051627933979034
27.378034591674805
27.42288029193878
27.542216300964355
26.471490919589996
8.451152622699738
6.7854786068201065
17.921886384487152
16.204734563827515
15.005939960479736
18.626665949821472
12.205364912748337
27.449783742427826
5.507373631000519
27.568805515766144
14.356549888849258
5.732117846608162
27.193174362182617
5.85671029984951
27.10635608434677
27.183125615119934
27.589025735855103
27.6666277050972
27.964882791042328
27.26832902431488
28.254461407661438
27.20685613155365
27.129348695278168
28.057050108909607
27.986551582813263
26.7838032245636
27.24774920940399
27.53484934568405
26.682000041007996
27.702253699302673
16.520614981651306
22.566271424293518
27.740266859531403
27.628754794597626
15.834440290927887
26.081114292144775
27.751671075820923
27.618488371372223
26.784226655960083
27.227119088172913
27.0972980260849
27.45160174369812
27.333993434906006
26.965292870998383
22.841048300266266
21.193786025047302
27.912890434265137
8.540219157934189
26.997263550758362
27.065564453601837
27.364419996738434
27.33008074760437
17.512166917324066
9.620740056037903
27.353921473026276
7.166381612420082
26.88680100440979
27.831797420978546
27.136889457702637
11.112945467233658
27.702017843723297
27.785581350326538
27.748315155506134
27.644046187400818
27.326428532600403
27.02318125963211
16.461371779441833
21.94270086288452
27.851460099220276
27.575333774089813
27.641663014888763
27.812639117240906
28.103288531303406
26.614322185516357
26.947298288345337
27.513577222824097
27.534311771392822
27.24434131383896
27.287756323814392
27.304946184158325
27.60987740755081
27.298661172389984
28.02249962091446
28.14697700738907
27.42324936389923
27.83437407016754
16.024028539657593
27.146638989448547
27.46355652809143
28.159092664718628
27.58278912305832
10.74977731704712
27.33076149225235
7.640958219766617
27.342947244644165
7.712173223495483
6.561471462249756
17.73822522163391
12.901266694068909
15.478589236736298
7.884781390428543
27.28062516450882
6.649259477853775
4.699622720479965
14.115473866462708
11.139568775892258
7.959710389375687
4.6468344777822495
25.606286942958832
16.818976163864136
6.5905627608299255
9.793364852666855
6.901396378874779
3.6440671384334564
26.11677622795105
6.836825266480446
25.227161169052124
3.707045793533325
3.2511214688420296
9.626345485448837
6.454938814043999
5.245049253106117
4.584091499447823
4.205821558833122
10.11423173546791
3.9266363978385925
6.157037749886513
3.456662580370903
3.982729882001877
4.5574192106723785
4.401018649339676
2.8690053150057793
25.160025238990784
10.022346198558807
27.042850375175476
3.9193604439496994
27.04931950569153
27.063953816890717
26.578369438648224
26.02935755252838
27.267646193504333
27.179619669914246
26.676355302333832
27.708183467388153
27.077610075473785
27.902874052524567
26.844613552093506
26.75998067855835
27.153845071792603
26.330748736858368
26.66103631258011
26.481141686439514
13.335802435874939
26.662671446800232
26.37159276008606
14.667697608470917
9.051932752132416
26.98164588212967
27.89298915863037
26.99163579940796
27.24430251121521
27.56882518529892
27.874720573425293
27.075188875198364
27.813469767570496
27.050228476524353
27.82885605096817
27.26021498441696
27.090472102165222
27.300725400447845
24.700612545013428
21.81865429878235
13.840620696544647
9.996768087148666
9.249236315488815
8.963010102510452
7.945262670516968
7.278864502906799
4.996733739972115
26.947337925434113
9.133416593074799
23.240130126476288
27.71102499961853
27.440037310123444
27.542264342308044
27.458853125572205
27.5583056807518
27.011498034000397
27.3689181804657
27.54173493385315
27.547648668289185
28.206208109855652
28.20531517267227
24.197975158691406
26.30450475215912
26.883443892002106
11.905689090490341
25.88722312450409
26.498654663562775
26.185099720954895
26.73122239112854
22.697455406188965
9.217816025018692
27.895288586616516
26.295785546302795
10.332891583442688
24.618609309196472
6.711089268326759
6.548557758331299
12.020504534244537
9.393594205379486
9.471778213977814
6.870509326457977
18.88830268383026
6.614956393837929
13.802540093660355
9.48503366112709
7.295784741640091
23.31704545021057
6.287653625011444
4.388124465942383
27.304120659828186
10.475088775157928
4.9911477863788605
4.298449277877808
14.886508852243423
10.044822245836258
8.537501960992813
6.595801115036011
5.802607461810112
10.63532617688179
6.211211830377579
9.330004900693893
5.864473789930344
13.651239812374115
16.412302315235138
10.08585461974144
5.189334481954575
3.926222488284111
3.8390131443738937
6.817507967352867
5.281088605523109
3.607352837920189
3.826357841491699
3.298765055835247
18.120906233787537
9.08482238650322
4.7070464342832565
3.5797549411654472
18.180804193019867
5.566902831196785
4.018062129616737
4.679072514176369
4.848511502146721
2.5359956324100494
24.474925816059113
4.694833889603615
27.779963314533234
24.903284788131714
23.912251591682434
23.358777821063995
23.25132304430008
25.749885380268097
8.803759336471558
26.487557411193848
26.089478194713593
25.094061076641083
24.967973947525024
24.29836142063141
25.566814482212067
24.77238267660141
24.54760706424713
23.684213519096375
26.192004323005676
12.865720987319946
13.609259694814682
27.45514005422592
27.333174228668213
27.41866898536682
27.377556264400482
27.86313259601593
27.57234674692154
27.47791677713394
27.782562017440796
15.736339807510376
9.507858395576477
7.621308624744415
6.235501259565353
5.1323171854019165
5.473937839269638
4.025135546922684
5.581082731485367
4.090528428554535
15.925824463367462
4.118893042206764
4.438753217458725
3.753917910158634
3.5832502245903015
6.239319831132889
3.092985063791275
26.750194013118744
4.519641801714897
3.2198441848158836
22.71558576822281
15.050248205661774
7.01785010099411
3.940128430724144
26.926841020584106
21.522075474262238
5.018177226185799
28.158832669258118
27.102205276489258
17.871316134929657
27.279041171073914
27.103849589824677
27.960521280765533
27.97942817211151
27.927472352981567
27.00929021835327
27.606176495552063
27.36534196138382
26.757928371429443
24.639295876026154
13.654734551906586
14.396139413118362
16.795921206474304
15.71216207742691
27.869727432727814
10.680435985326767
25.99496740102768
26.23450881242752
9.782652407884598
28.033798336982727
27.66628384590149
27.231520771980286
26.973379731178284
27.069590091705322
26.667059898376465
26.810345590114594
26.525161564350128
27.439605832099915
27.57258415222168
26.662272036075592
26.796429872512817
27.039137065410614
26.100093960762024
26.5573872923851
27.02494579553604
27.03159350156784
27.175635814666748
26.067561864852905
26.077690958976746
27.168950498104095
26.522006928920746
17.910624861717224
14.016210287809372
27.600669145584106
27.132427632808685
14.6518434882164
27.510702967643738
15.614860892295837
20.731410205364227
26.828055202960968
27.76914542913437
27.285112977027893
27.17764240503311
27.675895035266876
27.221359491348267
27.453006863594055
28.221844971179962
27.29973667860031
26.91400980949402
27.229039251804352
17.36149823665619
16.43586277961731
19.616280257701874
19.43262803554535
26.404713094234467
22.839067578315735
26.3873473405838
11.550192832946777
26.00064206123352
24.40413272380829
27.42699784040451
22.18100655078888
25.556480765342712
12.052177846431732
25.909133076667786
24.65876215696335
7.268659085035324
27.484633684158325
24.783490002155304
24.43780118227005
7.0609361827373505
27.965555131435394
25.471564650535583
24.637156665325165
24.30947995185852
6.313642039895058
27.571722447872162
24.916332602500916
25.169714212417603
25.286712765693665
25.317413568496704
9.252128452062607
26.205736219882965
26.43745106458664
24.908241152763367
8.027786582708359
26.708543121814728
6.490062236785889
27.40909594297409
27.2198343873024
25.814976036548615
25.869953632354736
26.581380248069763
26.448436856269836
13.335569709539413
20.43766051530838
27.166048109531403
27.79055643081665
26.763450503349304
8.729522794485092
27.209569990634918
27.605066120624542
27.387063920497894
27.134741723537445
26.867111265659332
13.353107899427414
25.982086062431335
26.666900157928467
11.483106225728989
14.574129790067673
5.4028492122888565
27.58296376466751
6.437371373176575
4.223279967904091
4.22152903676033
9.74597117304802
5.659988880157471
7.164393097162247
4.771373316645622
4.622384920716286
10.800665140151978
4.96560475230217
20.953594624996185
22.108753740787506
26.670844733715057
4.371593236923218
27.750049471855164
23.183476150035858
10.704372376203537
4.823660686612129
26.89914619922638
5.174580097198486
21.752720773220062
9.176535069942474
27.844356894493103
28.04989778995514
26.3673255443573
20.98971402645111
16.921475052833557
18.084075808525085
11.48543718457222
11.43480196595192
23.912980556488037
24.99194872379303
21.98162567615509
26.404821753501892
24.274897813796997
25.943845868110657
24.439825236797333
26.812531292438507
23.13607269525528
26.927576541900635
23.637040734291077
9.675953269004822
27.37796640396118
26.97790366411209
16.766871511936188
27.384422481060028
27.182316541671753
28.051177382469177
27.667929649353027
16.125709116458893
9.057509452104568
27.506266117095947
12.147266507148743
6.226274028420448
27.9870468378067
6.510416120290756
27.377445101737976
5.340297415852547
27.718912661075592
27.623353242874146
27.631125807762146
9.821015298366547
26.71931666135788
26.197075128555298
27.379932701587677
27.63274610042572
27.010648369789124
27.453873097896576
27.596667766571045
27.449029564857483
27.69319611787796
28.020952105522156
27.177707314491272
27.582966089248657
28.03213995695114
20.015091359615326
11.750710517168045
27.31999433040619
27.793940603733063
11.303718656301498
27.74863636493683
27.317474246025085
27.337395548820496
16.640599310398102
19.422734141349792
17.5209321975708
15.184976756572723
27.238803267478943
19.448598504066467
26.814392149448395
15.834904551506042
26.83650714159012
17.45548129081726
9.737987160682678
28.173344314098358
11.307922631502151
7.161973655223846
27.441651165485382
12.196763455867767
7.147407531738281
27.02942043542862
15.108620047569275
6.859695017337799
26.138713836669922
6.775554642081261
27.19150811433792
27.427622973918915
27.924696147441864
27.531387388706207
27.306524217128754
11.893459022045135
12.21921843290329
6.9069864153862
27.03810966014862
12.046514600515366
6.579094290733337
27.567054271697998
15.55198848247528
7.662023767828941
27.909673869609833
5.417103260755539
26.914154529571533
7.315587729215622
27.56837695837021
8.161083459854126
26.7993261218071
7.1303636729717255
27.413827538490295
10.105209022760391
5.844440117478371
27.53895229101181
5.328787684440613
13.421911507844925
10.19607400894165
8.710282772779465
27.318285644054413
26.936155796051025
27.826414465904236
27.40772008895874
27.780417501926422
27.01940494775772
27.004830360412598
26.773932218551636
20.48357594013214
26.852773308753967
26.38438129425049
11.714151173830032
10.335692048072815
21.859844744205475
22.912761569023132
27.33420020341873
20.47091656923294
10.125897824764252
27.44084519147873
16.12572169303894
26.48921674489975
28.002479195594788
27.82218110561371
14.16437542438507
26.2935191988945
9.426455289125443
25.79836893081665
26.259916365146637
6.75886195898056
26.43856978416443
27.061469316482544
27.345935821533203
27.744993925094604
27.273181974887848
27.42405277490616
27.7445210814476
27.453111112117767
16.642990052700043
27.425729990005493
27.18286770582199
26.934140264987946
27.05130559206009
26.908920228481293
26.880122184753418
19.195943415164948
8.912162572145462
27.541868925094604
27.657204270362854
27.69682741165161
27.549847841262817
27.648313403129578
27.68953537940979
8.50065216422081
28.093152403831482
27.580823481082916
8.00458887219429
27.726205348968506
27.02797293663025
27.649203538894653
28.074936151504517
26.73489671945572
27.48646706342697
27.420054614543915
10.057660579681396
27.34760171175003
27.22814255952835
26.25059860944748
27.24048799276352
11.57014387845993
6.923537328839302
26.933707892894745
10.680980235338211
5.962873488664627
27.355297803878784
15.53811401128769
6.53177484869957
27.26867812871933
9.153038620948792
23.83809196949005
9.154598593711853
27.289587676525116
25.622976899147034
27.65052318572998
18.96075177192688
15.0083087682724
19.81312656402588
26.063077092170715
26.176637709140778
7.400806561112404
27.465959310531616
27.719702422618866
27.48529553413391
27.377888202667236
27.173970580101013
27.142597913742065
27.435969829559326
27.516752004623413
11.406563252210617
27.366881132125854
26.519432246685028
9.898108392953873
21.663428962230682
27.264756500720978
27.722952604293823
26.79275405406952
12.137899160385132
27.67253977060318
26.263917684555054
15.898065984249115
27.292621314525604
27.329290509223938
24.66716468334198
27.372045278549194
27.358661592006683
27.69059407711029
27.025700390338898
26.99866771697998
26.873368561267853
27.13786345720291
26.66890376806259
27.224145531654358
27.406980633735657
27.352686882019043
27.26807463169098
27.63463807106018
26.463852882385254
27.30115520954132
15.803659737110138
11.59958964586258
19.34373766183853
25.70796799659729
26.442102670669556
9.152398198843002
26.214978516101837
26.989952862262726
27.65040296316147
26.710916876792908
27.05760759115219
26.93512737751007
26.1679385304451
26.47531819343567
26.60106611251831
26.902125000953674
26.15600687265396
26.01429796218872
26.25237798690796
26.80450266599655
26.71610552072525
27.364602267742157
26.717771649360657
