1.7452475242316723
1.6229405663907528
1.6244136989116669
1.5606002658605576
1.5070430785417557
1.3949021883308887
1.6357701979577541
1.466354001313448
1.6542461104691029
1.501998409628868
1.5454734973609447
1.5280208736658096
1.524845164269209
1.8285896107554436
1.5339521616697311
1.7435966841876507
1.6876661852002144
1.5052874721586704
1.6356641240417957
1.5075708590447903
1.4303342141211033
1.5325575210154057
1.7454869002103806
1.5252422988414764
1.5864401422441006
1.6076409183442593
1.5905989930033684
1.9399215057492256
1.8137249052524567
1.9774738550186157
1.7773131392896175
1.5413514226675034
1.8349340707063675
1.6727620102465153
1.6953722350299358
1.7875870987772942
1.6104328110814095
1.6743244230747223
1.5400716960430145
1.7094753831624985
1.4852798618376255
1.5065531507134438
1.601299624890089
1.6737752743065357
1.66403341665864
1.4718915447592735
1.5023941360414028
1.6027455404400826
1.6933912746608257
1.8306938111782074
1.6941575929522514
1.4632723107933998
1.712299931794405
1.4777027368545532
1.6235150247812271
1.5153758116066456
1.487066812813282
1.632609773427248
1.485049806535244
1.5724591352045536
1.6500284411013126
1.6118261329829693
1.6365511789917946
1.5795090161263943
1.65313133969903
1.6171777062118053
1.422326359897852
1.658485185354948
1.506337221711874
1.5054017417132854
1.65874582529068
1.3637922778725624
1.4826510958373547
1.4730681627988815
1.6971113197505474
1.4243290536105633
1.6676199100911617
1.5085902102291584
1.60995839163661
1.4004779569804668
1.5130569823086262
1.5971079282462597
1.6571026891469955
1.5237641520798206
1.6203950010240078
1.6260019950568676
1.5016675479710102
1.6773119270801544
1.5185706913471222
1.4264527931809425
1.5175011493265629
1.4731267541646957
1.6556142196059227
1.6839380264282227
1.711066473275423
1.605854619294405
1.8114134930074215
1.7316990457475185
1.8574414104223251
1.6786895468831062
1.477656826376915
1.6292473748326302
1.5628661029040813
1.6966848596930504
1.6772388778626919
1.5349875204265118
1.3915180042386055
1.4420173279941082
1.584100067615509
1.5670445188879967
1.5990076214075089
1.6309011951088905
1.7288087271153927
1.697922695428133
1.725325733423233
1.7191598787903786
1.7077124007046223
1.6704140342772007
1.4988827109336853
1.659124132245779
1.9867089837789536
1.8252146989107132
1.8057886026799679
1.8141924031078815
1.6146909445524216
1.5189168192446232
1.687151089310646
1.54930105432868
1.5670861564576626
1.6578318066895008
1.57405237108469
1.5687945000827312
1.5805076099932194
1.594398207962513
1.7302859500050545
1.7804404124617577
1.5793525539338589
1.4521825276315212
1.632067658007145
1.658454779535532
1.4323683753609657
1.6482577323913574
1.6439982950687408
1.3794775493443012
1.6375078149139881
1.4282478727400303
1.783793106675148
1.7307951897382736
1.6951310336589813
1.829897340387106
1.6492408402264118
1.5900896601378918
1.4581317603588104
1.5233671180903912
1.5893468745052814
1.7688044309616089
1.5098446235060692
1.4120937176048756
1.59658595174551
1.5938127599656582
1.5498848408460617
1.7500052489340305
1.857222143560648
1.7475600726902485
1.714438822120428
1.7869107984006405
2.055785708129406
1.88953947275877
1.8356486484408379
1.7523984536528587
1.816730909049511
1.49537518247962
1.7438287883996964
1.7027760036289692
1.5328383296728134
1.432628121227026
1.5894708260893822
1.502848356962204
1.4717411510646343
1.6556372083723545
1.6674972996115685
1.4860870689153671
1.6625719629228115
1.7250001803040504
1.6755438558757305
1.7397536896169186
1.6958971954882145
1.496860597282648
1.8149043023586273
1.5050702020525932
1.6792268566787243
1.7059258557856083
1.7057709135115147
1.6035087443888187
1.4653986804187298
1.6068640686571598
1.714765701442957
1.489094264805317
1.5894950777292252
1.8251668028533459
1.688636127859354
1.8764614313840866
1.7279167361557484
1.8479312285780907
1.5842374972999096
1.6321677044034004
1.9240168631076813
2.0081807896494865
1.5445865392684937
1.6102061346173286
1.588554348796606
1.6982323229312897
1.5489572659134865
1.560369361191988
1.6919042766094208
1.3793540596961975
1.4098644107580185
1.4211289696395397
1.6913751922547817
1.7370064705610275
1.7299672290682793
1.8425622433423996
1.8064965084195137
1.4361968114972115
1.5374478958547115
1.8876150660216808
1.6552256159484386
1.5412206053733826
1.5280953906476498
1.328104492276907
1.365325041115284
1.7124876454472542
1.5027483068406582
1.51463857665658
1.5579865202307701
1.4046265743672848
1.4695068188011646
1.7346004731953144
1.5648646466434002
1.5376392528414726
1.6985575035214424
1.7776541113853455
1.836467795073986
1.7693069875240326
1.8261509947478771
1.7624388337135315
1.8134150765836239
1.8615878038108349
1.6948241777718067
1.5504059344530106
1.6162271797657013
1.6215450428426266
1.648398246616125
1.529026784002781
1.6843172647058964
1.6679235696792603
1.8296717144548893
1.491212360560894
1.6386962495744228
1.8055582344532013
1.4172492921352386
1.420670509338379
1.5220217071473598
1.460006471723318
1.6053532175719738
1.566468246281147
1.7150630131363869
1.5638171434402466
1.4653514809906483
1.7772580236196518
1.5820859670639038
1.5967566221952438
1.443653915077448
1.569935217499733
1.3838633708655834
1.4810700491070747
1.4794102236628532
1.4620932899415493
1.5063122361898422
1.804029904305935
1.7524930536746979
1.9233211651444435
1.847362119704485
1.6099365949630737
1.726715162396431
1.7244616895914078
1.5697769708931446
1.793215051293373
1.812906887382269
1.461778450757265
1.8304864168167114
1.6044188924133778
1.5768766477704048
1.4204091019928455
1.6305394433438778
1.545554168522358
1.6843231357634068
1.3844700492918491
1.4111232459545135
1.6600628718733788
1.5988156273961067
1.7414872236549854
1.3588971719145775
1.6146335564553738
1.4676482491195202
1.7390732057392597
1.4846846833825111
1.6746946424245834
1.6260574609041214
1.3909118883311749
1.6756067425012589
1.6709785647690296
1.5607710219919682
1.445190817117691
1.514100071042776
1.5673903003335
1.631264604628086
1.6842338778078556
1.570123691111803
1.6827641427516937
1.6678984090685844
1.6459613032639027
1.6729674935340881
1.487722285091877
1.6589911617338657
1.5100819170475006
1.664367526769638
1.3931210339069366
1.6140211373567581
1.6312520951032639
1.6878425851464272
1.5796394869685173
1.669908445328474
1.808237973600626
1.855127226561308
1.9435692727565765
1.6883858479559422
1.8217380493879318
1.8126198798418045
1.9495029151439667
1.7624187543988228
1.8861857652664185
1.97660394012928
2.0082219690084457
1.8475711531937122
1.9572767466306686
1.8510251492261887
1.992201492190361
1.8350344598293304
1.9945015907287598
1.979773685336113
1.9289293587207794
1.873943753540516
2.0084139853715897
1.900460623204708
1.9454943388700485
1.7399327754974365
1.672064434736967
1.6116190403699875
1.551579810678959
1.5480303578078747
1.646980881690979
1.382617425173521
1.609637275338173
1.6516732387244701
1.7215111143887043
1.561899408698082
1.5196220092475414
1.558808907866478
1.8222074061632156
1.355777308344841
1.5892855674028397
1.541446790099144
1.4945813305675983
1.4788413494825363
1.5289268530905247
1.6128696650266647
1.4932592175900936
1.6399107612669468
1.4647998623549938
1.6336114034056664
1.657639518380165
1.776235669851303
1.6158564798533916
1.5245041511952877
1.7520487383008003
1.5874543711543083
1.396310716867447
1.4067463353276253
1.532374832779169
1.4327044486999512
1.5302448980510235
1.47295755520463
1.4839274697005749
1.508942786604166
1.5692754313349724
1.7576868124306202
1.562409594655037
1.5743464790284634
1.7288701869547367
1.6106975004076958
2.01480969786644
1.8972551487386227
1.8958666399121284
1.9164095520973206
1.8980942778289318
1.778040811419487
1.867016602307558
1.9405431672930717
1.863891914486885
1.8719436712563038
1.846333134919405
1.4784220308065414
1.7246530950069427
1.7537967413663864
1.653791919350624
1.4201678410172462
1.6480461061000824
1.4150797314941883
1.2704375237226486
1.5247313790023327
1.5125328041613102
1.4154282175004482
1.4740560837090015
1.5678614862263203
1.6321605034172535
1.75010559335351
1.7954883202910423
1.7324271388351917
1.6411475874483585
1.8156593888998032
1.5896713845431805
1.7380400002002716
1.7739276960492134
1.8832488059997559
1.7896714583039284
1.959649384021759
1.7337300293147564
1.429665893316269
1.5950211696326733
1.4639635533094406
1.6382404193282127
1.5248044058680534
1.5012502670288086
1.496694814413786
1.7394632063806057
1.2804847545921803
1.6572142280638218
1.7298516891896725
1.5463535822927952
1.697667844593525
1.5427901335060596
1.6611542254686356
1.691145647317171
1.7763471975922585
1.4461907148361206
1.6249829940497875
1.7701316364109516
1.5463802963495255
1.7412373311817646
1.5690194107592106
1.4562414027750492
1.3894020691514015
1.4612947255373
1.3810149356722832
1.441317580640316
1.4809718951582909
1.336539976298809
1.5108702667057514
1.5325762778520584
1.697350401431322
1.5631190948188305
1.7679140716791153
1.4704336822032928
1.4381876662373543
1.5574112311005592
1.8196757063269615
1.5104924961924553
1.507068496197462
1.5086439400911331
1.5112397782504559
1.5031558088958263
1.4927040487527847
1.6267363391816616
1.711862675845623
1.6780791021883488
1.669217012822628
1.8286064378917217
1.5885490141808987
1.7582949250936508
1.7017203271389008
1.5806106366217136
1.4797173663973808
1.5432833805680275
1.7177356332540512
1.6137672439217567
1.732494805008173
1.535124510526657
1.6443053260445595
1.6289435252547264
1.5288474708795547
1.5954512357711792
1.4785419069230556
1.5844959504902363
1.6844851560890675
1.5385651364922523
1.579328328371048
1.6630831249058247
1.5910939127206802
1.6084453985095024
1.6507435403764248
1.6659599468111992
1.5120484121143818
1.538234993815422
1.5835883058607578
1.507441058754921
1.414772842079401
1.5191924832761288
1.5083561390638351
1.4506025537848473
1.7390010803937912
1.5370909124612808
1.5080346837639809
1.6042107716202736
1.695466086268425
1.744758278131485
1.5706803686916828
1.4749496839940548
1.7232533246278763
1.637507762759924
1.447926539927721
1.5154028981924057
1.555625032633543
1.7352485544979572
1.6051453649997711
1.6828158535063267
1.4732665345072746
1.4097589403390884
1.4434633329510689
1.6718113832175732
1.5098062828183174
1.6543665528297424
1.5052196756005287
1.573555313050747
1.5990661792457104
1.5717233009636402
1.7492840439081192
1.5401237457990646
1.6635591052472591
1.7398125864565372
1.8813046365976334
1.7641309015452862
1.5245306640863419
1.6804381273686886
1.4153036288917065
1.703279010951519
1.6807635016739368
1.7609389126300812
1.7531582675874233
1.6249519363045692
1.6981750801205635
1.7194479443132877
1.6180739663541317
1.6706321351230145
1.5344863422214985
1.5615965612232685
1.6261759027838707
1.8302664756774902
1.6860024705529213
1.63658307492733
1.5204457305371761
1.7165497913956642
1.5815508030354977
1.6171616204082966
1.4961053654551506
1.6844814755022526
1.4936561100184917
1.527884267270565
1.4699670262634754
1.4586248882114887
1.50493748113513
1.6322642378509045
1.594916868954897
1.8456507921218872
1.5541159361600876
1.44538439437747
1.4082698225975037
1.4463819600641727
1.6885285302996635
1.4399282597005367
1.472708161920309
1.6092065125703812
1.7361203730106354
1.7664492651820183
1.6731508113443851
1.7761252038180828
1.5514776594936848
1.5740901753306389
1.4681244231760502
1.5349949859082699
1.5628569386899471
1.7181394658982754
1.770814884454012
1.7064525447785854
1.6223635263741016
1.430164460092783
1.5103395283222198
1.5188329964876175
1.407883070409298
1.3844501376152039
1.4337878488004208
1.4283631034195423
1.481669694185257
1.500024076551199
1.4318799413740635
1.4932291470468044
1.5872381329536438
1.7639733478426933
1.836512342095375
1.6352482438087463
1.6072362177073956
1.4816968776285648
1.600378930568695
1.5164391174912453
1.4455445259809494
1.6109674833714962
1.5829891338944435
1.5888555087149143
1.6032700948417187
1.5017046108841896
1.2936627939343452
1.4894269928336143
1.6044600866734982
1.7432713061571121
1.8350905291736126
1.609975267201662
1.7811903841793537
1.6357390247285366
1.8900058418512344
1.967470072209835
1.7525679916143417
1.7647700943052769
1.7363083213567734
1.7815379090607166
1.5551902279257774
1.5121860392391682
1.5397605560719967
1.5065852738916874
1.4404022730886936
1.5932823494076729
1.4228187389671803
1.4237281568348408
1.2677144445478916
1.3505298234522343
1.485265664756298
1.4868251234292984
1.4842033125460148
1.2770892195403576
1.6255208887159824
1.6624362282454967
1.7293556295335293
1.5311411432921886
1.454384669661522
1.509353581815958
1.6025364585220814
1.5663192607462406
1.6198454797267914
1.3072371520102024
1.6486626639962196
1.4730166085064411
1.6272538974881172
1.5805395878851414
1.4097773395478725
1.5634455159306526
1.3138805851340294
1.5200009271502495
1.351108156144619
1.3730325251817703
1.3829743564128876
1.432983748614788
1.633672010153532
1.599389910697937
1.4841847606003284
1.6548100300133228
1.594079826027155
1.5842961259186268
1.5811249054968357
1.4140397682785988
1.4467954486608505
1.4933694265782833
1.4174188636243343
1.6853202544152737
1.5784148648381233
1.6683453880250454
1.6332865431904793
1.5753390714526176
1.7116328291594982
1.4466987252235413
1.498563952744007
1.3547970354557037
1.5144395530223846
1.5246840789914131
1.4377276711165905
1.5405771881341934
1.4562713131308556
1.4022721648216248
1.492092665284872
1.6755333803594112
1.6595697216689587
1.4323221817612648
1.4103791043162346
1.526536300778389
1.6931076124310493
1.4588312581181526
1.5601077564060688
1.3818880394101143
1.3126776479184628
1.4873846769332886
1.5404650270938873
1.4872630164027214
1.5007181279361248
1.4286994189023972
1.56984319165349
1.6340904720127583
1.37930404022336
1.5192202925682068
1.4417157135903835
1.6621633507311344
1.6513616852462292
1.8177033551037312
1.7911096289753914
1.9067013673484325
1.646579299122095
1.590479377657175
1.5774150155484676
1.4145232252776623
1.5075378604233265
1.515307903289795
1.4825628362596035
1.660500641912222
1.5868356935679913
1.652655728161335
1.4995189495384693
1.5422267690300941
1.6502045057713985
1.5872212201356888
1.6805105581879616
1.759208768606186
1.6035827659070492
1.7365009635686874
1.6508617773652077
1.6815428510308266
1.755338728427887
1.572674322873354
1.7879117354750633
1.6820282526314259
1.9465427622199059
1.625659592449665
1.681328747421503
1.5910072475671768
1.5781361795961857
1.469955664128065
1.7531406097114086
1.7419786863029003
1.7514593861997128
1.8015754483640194
1.747077751904726
1.768138449639082
1.7575118504464626
1.6472964063286781
1.5425178930163383
1.7655400410294533
1.733672320842743
1.4822627305984497
1.5193132795393467
1.6862151883542538
1.61594033613801
1.4658223614096642
1.55868299305439
1.6650249883532524
1.6124807111918926
1.9145947992801666
1.6915376335382462
1.8486908376216888
1.8499906808137894
1.7657229714095592
1.7581973001360893
1.902920376509428
1.6856923773884773
1.826707698404789
1.964463159441948
2.1089991852641106
1.9513895511627197
1.823145229369402
1.8301947042346
1.7130315080285072
2.186434790492058
1.825539667159319
1.9820004031062126
1.7492703311145306
1.559578314423561
1.6338758952915668
1.7411283664405346
1.6367764733731747
1.5453248918056488
1.6367234848439693
1.7263282351195812
1.6903445161879063
1.6274069473147392
1.7231925204396248
1.923070214688778
1.8060689829289913
1.7758958972990513
1.9951143339276314
2.0445055067539215
1.913056567311287
2.004943333566189
2.0624023377895355
1.99834293872118
1.8569779470562935
1.9994945153594017
1.908562771975994
1.6596122235059738
1.7125766091048717
1.7973861508071423
1.8963197506964207
1.7230853103101254
1.679733820259571
1.6772873364388943
1.6361908465623856
1.6735486835241318
1.6496883034706116
1.8675826974213123
1.9080970734357834
1.934255175292492
1.7998658046126366
1.8163721784949303
1.770832009613514
1.9364936277270317
1.8698703348636627
1.8967984318733215
2.012040451169014
1.7362000308930874
2.0391544327139854
1.6870173774659634
1.7946401350200176
1.4541272781789303
1.7463782280683517
1.7047567926347256
1.7920227609574795
1.6818077340722084
1.7299537807703018
1.626859463751316
1.6291665509343147
1.9226453006267548
1.9388836659491062
1.8180431760847569
1.6713273860514164
2.0047361254692078
1.596456777304411
1.7353284507989883
2.0191464126110077
2.010453589260578
1.663105171173811
1.678772684186697
1.6227103024721146
1.7071615904569626
1.6233877502381802
1.4631099551916122
1.5142150074243546
1.5141174718737602
1.6279718205332756
1.6934377253055573
1.6212530694901943
1.4736904986202717
1.8260643035173416
1.586429413408041
1.4911018013954163
1.3986139819025993
1.3294908329844475
1.610940482467413
1.4720598682761192
1.5543493777513504
1.4604710191488266
1.5112197883427143
1.62028069794178
1.6042332537472248
1.5838025473058224
1.6523424051702023
1.6585404835641384
1.638991292566061
1.7374225445091724
1.636934544891119
1.6011275574564934
1.6690627411007881
1.5768699012696743
1.4968344159424305
1.458553858101368
1.4700385183095932
1.388714212924242
1.5231750905513763
1.637934472411871
1.4681002125144005
1.5352449715137482
1.7220632247626781
1.6805109828710556
1.9282915368676186
1.5561549477279186
1.8428298607468605
1.6974323876202106
1.9882977455854416
1.636774018406868
1.965195193886757
1.6825072020292282
1.8063569255173206
1.7413075268268585
1.8465694040060043
1.8854028135538101
1.6610482595860958
1.6384735479950905
1.561802364885807
1.7258271537721157
1.5086326114833355
1.6543456949293613
1.5211471617221832
1.7922953590750694
1.5769559666514397
1.5842521227896214
1.4565266892313957
1.5975938476622105
1.7392926029860973
1.6048481352627277
1.5787730664014816
1.5959281735122204
1.4706608653068542
1.655607521533966
1.345358945429325
1.5366958938539028
1.6759203635156155
1.8004744723439217
1.6940141133964062
1.7009122632443905
1.59287553653121
1.7507939599454403
1.6040685772895813
1.556398916989565
1.5229606442153454
1.574898861348629
1.7016869485378265
1.7396082431077957
1.7265388295054436
2.0001947432756424
1.7397427447140217
1.4480553157627583
1.7804941572248936
1.4284938909113407
1.4130291528999805
1.6627343893051147
1.5475994236767292
1.6677562668919563
1.7398148104548454
1.6766472235321999
1.56601158156991
1.5106915347278118
1.604468334466219
1.546348661184311
1.4574190452694893
1.3359577804803848
1.3594309091567993
1.5340547822415829
1.269234787672758
1.472592681646347
1.4712535589933395
1.90143633633852
1.6546344757080078
1.6734543666243553
1.7052845358848572
1.8720954582095146
2.012909509241581
1.7822177782654762
1.7031181007623672
1.9724851250648499
1.7450912818312645
1.9330524057149887
1.8347915187478065
1.9750679284334183
1.8283060155808926
1.939775973558426
2.084470510482788
1.827326625585556
1.8124200887978077
1.7453271001577377
1.909798614680767
2.0081525668501854
1.582004752010107
1.7297775633633137
1.7058056481182575
1.613388154655695
1.5523098520934582
1.5993706844747066
1.4873616360127926
1.3256838917732239
1.5058474615216255
1.4774421229958534
1.5028275847434998
1.542835246771574
1.431993953883648
1.3386430703103542
1.537324421107769
1.4250860586762428
1.3346612192690372
1.5285718329250813
1.5590044036507607
1.5292309559881687
1.3435962907969952
1.4483693316578865
1.3813073635101318
1.7370193973183632
1.4174768067896366
1.5764877907931805
1.5219630561769009
1.8060438595712185
1.8415375873446465
1.805565558373928
1.9414226412773132
1.8976306468248367
1.8389074318110943
1.8350874744355679
1.7925546988844872
1.6444649584591389
1.5350339747965336
1.616173692047596
1.4169664047658443
1.453141175210476
1.5404338352382183
1.4585782773792744
1.5410393476486206
1.3903175592422485
1.6307684369385242
1.458477657288313
1.4263652712106705
1.6708908714354038
1.5702024400234222
1.5319424606859684
1.6726515851914883
1.5834295377135277
1.560151219367981
1.7111633531749249
1.5507755614817142
1.5380561798810959
1.7921967580914497
1.6035415828227997
1.5923353508114815
1.4459379240870476
1.6261023692786694
1.58956615999341
1.7127788551151752
1.508445918560028
1.706364318728447
1.6467853039503098
1.6249653473496437
1.5984620600938797
1.467031016945839
1.5992571860551834
1.5226385220885277
1.5836155898869038
1.5458325035870075
1.6875765696167946
1.8063651993870735
1.9219703525304794
1.5723280496895313
1.4303957261145115
1.4876705631613731
1.3311750963330269
1.3729715794324875
1.4186398684978485
1.4831056892871857
1.5544654913246632
1.4468984156847
1.4614764600992203
1.485242746770382
1.4822905510663986
1.5678035207092762
1.4737807363271713
1.5988612622022629
1.5446090027689934
1.5093262642621994
1.552797619253397
1.4700560756027699
1.6195304095745087
1.5563268437981606
1.7500625438988209
1.8927373215556145
1.6717391349375248
1.489249099045992
1.4923302233219147
1.3480855338275433
1.3942700698971748
1.4584852159023285
1.4993493258953094
1.440599050372839
1.4440350122749805
1.5119292214512825
1.4422750286757946
1.3311345390975475
1.5335422307252884
1.508780561387539
1.6477916315197945
1.686291515827179
1.7717930786311626
1.5239775143563747
1.7311402224004269
1.9921993166208267
1.6495656408369541
2.1427593752741814
1.7675335630774498
1.693687979131937
1.7787290811538696
1.9826182499527931
1.6962722353637218
1.709636501967907
1.7382378913462162
1.5988251380622387
1.4546076245605946
1.5309951081871986
1.8925999104976654
1.5285191014409065
1.9883690252900124
1.7298597246408463
1.4824173003435135
1.8738524615764618
1.7203182466328144
1.6385001577436924
1.524641390889883
1.5405224822461605
1.3864108696579933
1.4071607142686844
1.5670442543923855
1.5380314402282238
1.4705252051353455
1.6242562532424927
1.5993493050336838
1.5565276704728603
1.5100475959479809
1.4710871540009975
1.6769349351525307
1.6679565198719501
1.807642139494419
1.836083084344864
1.6103399507701397
1.6749068945646286
1.5653147995471954
1.51398741081357
1.6452201269567013
1.6294672079384327
1.5357081815600395
1.563499417155981
1.4030103906989098
1.4264207556843758
1.6138746552169323
1.4359790943562984
1.60729643329978
1.7786698788404465
1.6285276301205158
1.5965912081301212
1.5194299221038818
1.4680555649101734
1.602981511503458
1.6202016547322273
1.7557284571230412
1.5695716589689255
1.5909436158835888
1.464697688817978
1.6015541702508926
1.6668906658887863
1.5273199565708637
1.3855684325098991
1.4957543946802616
1.4954818859696388
1.8135483339428902
1.7325417697429657
1.9323024228215218
1.9023688733577728
1.6929197050631046
1.822023555636406
2.0207103565335274
2.0191764011979103
1.8160300552845001
1.8066594302654266
1.8601470366120338
1.6819106601178646
1.5667625330388546
1.5201092883944511
1.4256650134921074
1.5966315194964409
1.5991211757063866
1.8702456429600716
1.553808394819498
1.7113529108464718
1.8010409362614155
1.4140523970127106
1.7783280573785305
1.3392351046204567
1.4380504786968231
1.6472661197185516
1.3861488439142704
1.5920207127928734
1.6065178997814655
1.7959905080497265
1.5783508382737637
1.6916488334536552
1.8336730897426605
1.6771340779960155
1.7690812647342682
1.5871936082839966
1.897271003574133
1.732086293399334
1.8048916012048721
1.7564280852675438
1.6112870797514915
1.6549691408872604
1.6805414333939552
1.4659772403538227
1.564132820814848
1.6584082692861557
1.3678900636732578
1.6182577051222324
1.5793607011437416
1.6912276819348335
1.273126408457756
1.371529694646597
1.3758573569357395
1.4113810770213604
1.4187374487519264
1.6721731387078762
1.4824754744768143
1.5302251987159252
1.4752442575991154
1.3830744698643684
1.3280428275465965
1.4863757640123367
1.534488394856453
1.4861077442765236
1.3713132105767727
1.4015635326504707
1.487260963767767
1.8283279538154602
1.7274713292717934
1.6631878949701786
1.7271278537809849
1.6424944289028645
1.563621111214161
1.5761987306177616
1.561239767819643
1.6083780825138092
1.397033903747797
1.660293459892273
1.6700887754559517
1.5944380350410938
1.778946429491043
1.6267050802707672
1.8526530042290688
1.769103616476059
1.8412093482911587
1.9364138767123222
1.601757314056158
1.9502651989459991
1.570201564580202
1.5423372983932495
1.7051913626492023
1.8291721381247044
1.7769232206046581
1.6384660638868809
1.4790031239390373
1.6661533154547215
1.877542246133089
1.5467823520302773
1.4465767815709114
1.6182476729154587
1.8263024128973484
1.5034927278757095
1.5379229448735714
1.6687109880149364
1.4151620902121067
1.410212505608797
1.6497209034860134
1.460254218429327
1.4970187842845917
1.3364846967160702
1.4790674485266209
1.5503300577402115
1.4476685486733913
1.4712425135076046
1.4667913056910038
1.5082168690860271
1.6704211756587029
1.4746426343917847
1.5394789725542068
1.546942699700594
1.458518698811531
1.4730466566979885
1.685769621282816
1.7844271138310432
1.400598369538784
1.3708927482366562
1.4005461297929287
1.4891285374760628
1.4380665011703968
1.410053540021181
1.5189893953502178
1.7116407379508018
1.5903548300266266
1.6523472853004932
1.5511107221245766
1.732562828809023
1.6017999574542046
1.716240905225277
1.657169472426176
1.6707119159400463
1.514297015964985
1.497633844614029
1.4314797297120094
1.6257369108498096
1.4826149195432663
1.6204932816326618
1.5124631337821484
1.4879872649908066
1.310351476073265
1.3679426610469818
1.4760177843272686
1.398405283689499
1.6016374342143536
1.5903641507029533
1.520560123026371
1.5920646078884602
1.483069334179163
1.576418001204729
1.5464295744895935
1.5516515485942364
1.7611119374632835
1.6904097944498062
1.685753483325243
1.4833665043115616
1.6260122433304787
1.581761460751295
1.629446942359209
1.3558000661432743
1.4652450680732727
1.6773401238024235
1.4283307157456875
1.4117322228848934
1.3321424759924412
1.3725519180297852
1.5200836285948753
1.6087623722851276
1.652647752314806
1.806900043040514
1.5570925362408161
1.6419741287827492
1.7282934114336967
1.7669238559901714
1.6712394170463085
1.657127033919096
1.6860460229218006
1.794108834117651
1.7421126142144203
1.622733049094677
1.7011381350457668
1.6032979637384415
1.6519714146852493
1.6668650396168232
1.6652569100260735
1.57735238596797
1.7687279805541039
1.8776696175336838
1.7415216006338596
1.824895303696394
1.890994869172573
1.6524850837886333
1.6000292114913464
1.5724526196718216
1.695895653218031
1.4183038622140884
1.5641256012022495
1.4809106849133968
1.6122328452765942
1.5687284655869007
1.6250033304095268
1.3449723422527313
1.6236398480832577
1.7096005156636238
1.3974388726055622
1.6965031772851944
1.8148227855563164
1.6261658370494843
1.679275307804346
1.4032708294689655
1.4208340793848038
1.278265867382288
1.4662180058658123
1.4469649568200111
1.5261414609849453
1.5619077272713184
1.6303395815193653
1.5056136846542358
1.4388485439121723
1.4147115796804428
1.5207284688949585
1.665208950638771
1.714973408728838
1.6362405717372894
1.7592360749840736
1.7763639092445374
1.7322451621294022
1.7190196476876736
1.7747469060122967
1.7749020531773567
1.5934994518756866
1.7702139802277088
1.9057993404567242
1.7450148984789848
1.7335779443383217
1.5758043937385082
1.7050040401518345
1.8796625472605228
1.476196687668562
2.0321976244449615
1.6764824278652668
1.8786951825022697
1.7361798360943794
1.457010705024004
1.3806932680308819
1.4021420553326607
1.4327084124088287
1.452286396175623
1.2492141984403133
1.4789286255836487
1.709178116172552
1.505887009203434
1.4768143706023693
1.6806326657533646
1.6888513267040253
1.63940554484725
1.446017175912857
1.6435757204890251
1.6257078275084496
1.4636107198894024
1.3601799681782722
1.4059188663959503
1.5021054558455944
1.6489862650632858
1.4793478660285473
1.478105589747429
1.3791025169193745
1.6305876560509205
1.6346332766115665
1.6225927956402302
1.4811719059944153
1.410273414105177
1.5008730329573154
1.5673148445785046
1.4670809097588062
1.464218981564045
1.6226990185678005
1.7918267659842968
1.5988285094499588
1.5345049872994423
1.66590541228652
1.5378128439188004
1.3898138888180256
1.4033550918102264
1.3887812830507755
1.264728058129549
1.5828384198248386
1.4492274299263954
1.4172742664813995
1.380758572369814
1.4977066777646542
1.5932160541415215
1.5282582342624664
1.7022465206682682
1.5043090395629406
1.5499352738261223
1.3813861683011055
1.4445703141391277
1.7018888518214226
1.4306553602218628
1.4656806997954845
1.5428916588425636
1.6182004064321518
1.480290625244379
1.6353507675230503
1.5645185932517052
1.4998400211334229
1.399074211716652
1.4242671690881252
1.3391373567283154
1.360231377184391
1.4311815239489079
1.4782791696488857
1.6897500604391098
1.4592250995337963
1.4260951839387417
1.4689489640295506
1.7579262144863605
1.3199630118906498
1.4655677825212479
1.8912664949893951
1.691907074302435
1.687972106039524
1.5586329884827137
1.6098255887627602
1.9077613838016987
1.7670046277344227
1.900523655116558
2.01877424120903
1.6700514107942581
1.9581931978464127
1.745308492332697
1.9693744629621506
1.925500102341175
1.6249216385185719
1.8268145695328712
2.035219207406044
1.9138495400547981
2.100398138165474
1.937469519674778
1.6154596135020256
1.6591215915977955
1.6348818428814411
1.694963727146387
1.5430408902466297
1.4961159825325012
1.4114324413239956
1.5215155817568302
1.5667112357914448
1.62026908993721
1.6795937083661556
1.5693426840007305
1.6315564587712288
1.4293582886457443
1.5688061155378819
1.5608530566096306
1.6361043639481068
1.98080725222826
1.7065810300409794
1.7615277878940105
1.6396358124911785
1.689328558743
1.6209723576903343
1.5775022469460964
1.4631553962826729
1.5769792944192886
1.5564021989703178
1.5673619285225868
1.4888626411557198
1.463654924184084
1.835408192127943
1.5927154086530209
1.4454865083098412
1.4196892380714417
1.5744387432932854
1.519680354744196
1.6675831973552704
1.563870120793581
1.5098204538226128
1.5560530610382557
1.3857057616114616
1.506172075867653
1.4523429311811924
1.426484789699316
1.5015299282968044
1.3907286003232002
1.2553068660199642
1.458950437605381
1.4809233658015728
1.4921288266777992
1.4223871901631355
1.304260578006506
1.4299049973487854
1.5590311288833618
1.6878271847963333
1.679023377597332
1.9831909388303757
1.8668969348073006
1.7247719280421734
1.6626697666943073
1.710232000797987
1.5618781968951225
1.6055929772555828
1.430350050330162
1.5493451058864594
1.4321387596428394
1.4444971829652786
1.6801904439926147
1.4478639513254166
1.4206058382987976
1.3741588406264782
1.638865388929844
1.4090596474707127
1.9045683294534683
1.4904967360198498
1.4071603566408157
1.4904330670833588
1.6997228786349297
1.6605950258672237
1.7363179065287113
1.5799981206655502
1.5851541422307491
1.4736298583447933
1.494264166802168
1.6223129592835903
1.6152231730520725
1.5865986235439777
1.7387489043176174
1.80680475756526
1.5822118185460567
1.7710398212075233
1.6827996671199799
1.5623051561415195
1.3882616646587849
1.5748716704547405
1.3925769962370396
1.5398277267813683
1.3888199999928474
1.3673645444214344
1.8060500472784042
1.7073457315564156
1.6108100935816765
1.5035531409084797
1.5301971063017845
1.3354711197316647
1.4767019711434841
1.358389351516962
1.6395648643374443
1.6107278801500797
1.4609016217291355
1.549855973571539
1.7627266831696033
1.5550872683525085
1.6861163228750229
1.5639062896370888
1.510744784027338
1.4080688655376434
1.2470725402235985
1.5848876014351845
1.4012842290103436
1.6180822663009167
1.6999972760677338
1.6521495692431927
1.7365435063838959
1.63393310084939
1.4789893701672554
1.5931064188480377
1.7244066968560219
1.6225500144064426
1.6765583120286465
1.6162841320037842
1.427015420049429
1.6122143976390362
1.483954407274723
1.501845270395279
1.5661708265542984
1.5244456827640533
1.6922785826027393
1.3167918659746647
1.4121395908296108
1.4903955534100533
1.393867913633585
1.527354147285223
1.5661443136632442
1.5789285562932491
1.5250656008720398
1.6102634742856026
1.572824452072382
1.4718449264764786
1.513611450791359
1.4309037663042545
1.4523317068815231
1.710429459810257
1.651733998209238
1.5644461251795292
1.393615085631609
1.4192149825394154
1.537684340029955
1.4367304109036922
1.4449860602617264
1.2078976221382618
1.5263620875775814
1.297608956694603
1.3969899527728558
1.4721588529646397
1.4152388088405132
1.3573908060789108
1.4696978442370892
1.4296230375766754
1.5576915815472603
1.5355276614427567
1.465599860996008
1.5534392222762108
1.5482947677373886
1.6233250610530376
1.6246086470782757
1.7790500298142433
1.2427086271345615
1.7222666814923286
1.4933107569813728
1.455020621418953
1.4944442883133888
1.44832269474864
1.4487334415316582
1.3320966847240925
1.56840530782938
1.4551524259150028
1.4345361106097698
1.6162840314209461
1.464957106858492
1.5986364744603634
1.554368034005165
1.66986333578825
1.757389660924673
1.6501867398619652
1.7575975731015205
2.0460593327879906
1.6750727370381355
1.6245477013289928
1.610908828675747
1.4955764599144459
1.5947219505906105
1.4962586797773838
1.5913426764309406
1.607104517519474
1.684729639440775
1.7268047258257866
1.6015330962836742
1.325726717710495
1.612335927784443
1.4699800126254559
1.3861477337777615
1.3767638206481934
1.3991634510457516
1.5290453843772411
1.3775330670177937
1.5127831771969795
1.638402484357357
1.5714271925389767
1.6268142014741898
1.7120987884700298
1.4616091772913933
1.6971650123596191
1.7176577746868134
1.4751352109014988
2.046353556215763
1.7987572439014912
1.594295535236597
1.514073420315981
1.8334753215312958
1.7129662409424782
1.6396029517054558
1.4801567643880844
1.653856035321951
1.7771057449281216
1.724384866654873
1.5091766901314259
1.4827754348516464
1.3640970960259438
1.4086174927651882
1.5931073799729347
1.5769648179411888
1.51851711794734
1.4330447129905224
1.31806268543005
1.4882013350725174
1.4048728868365288
1.2959462702274323
1.4800243340432644
1.3479557372629642
1.575787078589201
1.5699938461184502
1.3563266396522522
1.314548458904028
1.3559016920626163
1.579411044716835
1.616071630269289
1.656787145882845
1.5081432722508907
1.4160243310034275
1.6746762059628963
1.6083780713379383
1.4029361754655838
1.8316181562840939
1.6377042531967163
1.4950348623096943
1.5407064147293568
1.6004871875047684
1.613818895071745
1.5229219011962414
1.3984406478703022
1.4746184647083282
1.3125638142228127
1.3231534846127033
1.3033621907234192
1.5192689262330532
1.4214557111263275
1.3648016043007374
1.3473228625953197
1.5851842127740383
1.3450231179594994
1.2932256571948528
1.506199050694704
1.4658774845302105
1.5685444697737694
1.4740988053381443
1.5643471293151379
1.7258670777082443
1.4219602271914482
1.5856562033295631
1.483300406485796
1.4542318545281887
1.5422993898391724
1.5114156007766724
1.6336794383823872
1.6374442428350449
1.67267956584692
1.91598329693079
1.684462245553732
1.576218694448471
1.879872441291809
1.8322219960391521
1.6491335667669773
1.5644186325371265
1.6672689989209175
1.8217810206115246
1.5303208827972412
1.6615112125873566
1.570541638880968
1.3314959406852722
1.5981803834438324
1.6131515316665173
1.7725910916924477
1.5635518543422222
1.357633076608181
1.3966314569115639
1.6387134529650211
1.6114700324833393
1.5532934181392193
1.5664575546979904
1.6158654987812042
1.6637180149555206
1.6797824688255787
1.7665778696537018
1.8510937914252281
1.5751628540456295
1.5239674225449562
1.4650416895747185
1.3120862729847431
1.534440252929926
1.3559763059020042
1.6240074932575226
1.5334565229713917
1.7927754670381546
1.55384998396039
1.3627472929656506
1.6023196764290333
1.7006528042256832
1.7776334509253502
1.590745322406292
1.4509502910077572
1.413071472197771
1.4944221675395966
1.354561984539032
1.5020003505051136
1.637143388390541
1.6455352157354355
1.6911513693630695
1.621504195034504
1.6350833140313625
1.6992331184446812
1.853901095688343
1.7509290017187595
1.6316644325852394
1.7223085910081863
1.7680455334484577
1.6450982131063938
1.6409005299210548
1.469323057681322
1.4300042055547237
1.5279022231698036
1.4905884116888046
1.6461338959634304
1.5157419219613075
1.7895394675433636
1.6166486255824566
1.6376973688602448
1.8399428687989712
1.8239941820502281
1.893049392849207
1.6790570132434368
1.5245323814451694
1.905801199376583
1.7707247696816921
1.8018663451075554
1.8639979399740696
1.6637751497328281
1.653019342571497
1.6163287088274956
1.7655497379601002
1.4393728971481323
1.7466559559106827
1.4261843413114548
1.4104032777249813
1.3711469173431396
1.4841662794351578
1.5569288209080696
1.5135807804763317
1.4229329228401184
1.3532750308513641
1.4606343246996403
1.6648419424891472
1.6682560481131077
1.5988224633038044
1.7043812312185764
1.7662995792925358
1.6315749064087868
1.635443527251482
1.8098581470549107
1.9363944865763187
1.601304903626442
1.5178869366645813
1.5880764052271843
1.7019799910485744
1.639513038098812
1.6140468753874302
1.8629579059779644
1.6972161643207073
1.5984970889985561
1.7350965701043606
1.9170410744845867
1.7532924301922321
1.6666087545454502
1.6548708342015743
1.9370057955384254
2.0287274345755577
1.7680443972349167
1.8228513598442078
1.7630618028342724
1.5866893343627453
1.8810595273971558
1.944936528801918
1.7873221896588802
1.8674214221537113
1.9064850807189941
1.8250055313110352
1.65438287332654
1.781144067645073
1.7706904038786888
1.7984807528555393
1.574212208390236
1.617013044655323
1.504246085882187
1.3609081283211708
1.2711280845105648
1.5618465766310692
1.3904820568859577
1.5123891271650791
1.5006606951355934
1.4201329350471497
1.5448094122111797
1.4934153482317924
1.4510517492890358
1.5764510855078697
1.6309123635292053
1.7088382318615913
1.5533011741936207
1.656861737370491
1.4043059423565865
1.6426681652665138
1.7251992039382458
1.6581956781446934
1.6416446678340435
1.6462873592972755
1.4878711476922035
1.723756354302168
1.6175088845193386
1.7754330299794674
1.5307306498289108
1.7054071351885796
1.6309491731226444
1.5234712660312653
1.4977952167391777
1.6572788320481777
1.339562103152275
1.4992952980101109
1.567470122128725
1.3979181461036205
1.6106247045099735
1.4190096221864223
1.6054795682430267
1.395613331347704
1.2929515354335308
1.423633225262165
1.4833836928009987
1.4106173478066921
1.4673940800130367
1.4467854425311089
1.6093894317746162
1.5228909738361835
1.472666122019291
1.4946614243090153
1.4373117834329605
1.380427312105894
1.490303847938776
1.6361973248422146
1.7560710832476616
1.618951428681612
1.4913311153650284
1.6156328320503235
1.6153223104774952
1.4422556571662426
1.5762671567499638
1.5184621550142765
1.4074955098330975
1.5375216826796532
1.4094882048666477
1.447987586259842
1.5211168602108955
1.5295211635529995
1.4055542945861816
1.4081242084503174
1.2893004305660725
1.3763439394533634
1.4530146420001984
1.3768152222037315
1.5257173962891102
1.4994017779827118
1.5100993663072586
1.6141285859048367
1.3754190988838673
1.4879179149866104
1.5012012906372547
1.7008819319307804
1.6635761335492134
1.5144557692110538
1.635047536343336
1.6106366701424122
1.5116074718534946
1.446003183722496
1.790342666208744
1.6828765198588371
1.6770554184913635
1.6283853016793728
1.6107890382409096
1.7372617684304714
1.9986322522163391
1.8276398479938507
1.763092540204525
1.9444410800933838
1.7748770974576473
1.7606733664870262
1.8177617527544498
1.8245062716305256
1.666268166154623
1.7282341420650482
1.5896367244422436
1.7448732070624828
1.9068199470639229
1.5999911949038506
1.924257542937994
1.6851253360509872
1.7046378031373024
1.5326769314706326
1.4063087441027164
1.4398560412228107
1.3910692036151886
1.4368523322045803
1.6652973778545856
1.5000168234109879
1.4727862291038036
1.3201015144586563
1.4559443965554237
1.5982397869229317
1.6171883642673492
1.6110306419432163
1.5999656729400158
1.7885034754872322
1.702438473701477
1.7184492088854313
1.8024831786751747
1.69510942324996
1.8566347397863865
1.6511335708200932
1.6295847035944462
1.4942462258040905
1.76666696742177
1.6762982867658138
1.5581484399735928
1.5493230000138283
1.3503212966024876
1.548868216574192
1.5881413519382477
1.3910784907639027
1.4234112948179245
1.4576755836606026
1.613839652389288
1.5160644613206387
1.4915981963276863
1.5034419298171997
1.593872856348753
1.6715129800140858
2.0285849794745445
1.6648743338882923
1.547730702906847
1.4568236321210861
1.4022494293749332
1.5030449368059635
1.4586086459457874
1.4805723503232002
1.5907460041344166
1.644559871405363
1.6488428302109241
1.6021413542330265
1.5076133608818054
1.662171881645918
1.5489535257220268
1.439969725906849
1.4276656433939934
1.6627599708735943
1.354103222489357
1.4444970041513443
1.4399471655488014
1.424775119870901
1.6965665221214294
1.5563920475542545
1.804554756730795
1.640016920864582
1.5533026084303856
1.600975714623928
1.808677289634943
1.92887943983078
1.6908112093806267
1.4628483913838863
1.422365713864565
1.433023288846016
1.4848777614533901
1.6943105794489384
1.5250557884573936
1.534337155520916
1.3923941291868687
1.5081656649708748
1.4121537432074547
1.3624106645584106
1.6096155047416687
1.548456583172083
1.5004911832511425
1.4902394525706768
1.5107075572013855
1.6792636886239052
1.5603761449456215
1.5246509574353695
1.7242138162255287
1.4331664852797985
1.3490060903131962
1.6674507781863213
1.6306602098047733
1.5150432027876377
1.6912171989679337
1.3854266703128815
1.374152697622776
1.450719553977251
1.4567750059068203
1.519250512123108
1.4064355343580246
1.2990484088659286
1.6119234189391136
1.3964481204748154
1.4266195595264435
1.2827028520405293
1.3998910784721375
1.3806922882795334
1.2726737633347511
1.398324590176344
1.3879447653889656
1.6401672549545765
1.5565595515072346
1.633895207196474
1.4009398706257343
1.6986193247139454
1.7822514586150646
1.7196325473487377
1.456992082297802
1.7570257894694805
1.6856582202017307
1.7331266328692436
1.6937089748680592
1.9425047636032104
1.8389358967542648
1.7364423647522926
1.4591561630368233
1.6325371451675892
1.572348304092884
1.45376256108284
1.3860994726419449
1.3912378810346127
1.4948368109762669
1.6994762942194939
1.4342087097465992
1.6415307819843292
1.5981248058378696
1.6324370838701725
1.6844062879681587
1.4696233049035072
1.6149856746196747
1.5763040259480476
1.5820666514337063
1.7602538876235485
1.5152394324541092
1.5021612793207169
1.5353726297616959
1.5784661695361137
1.70284104347229
1.6516345366835594
1.6837143898010254
1.7563794292509556
1.514025516808033
1.600196447223425
1.65543207898736
1.4188799820840359
1.5491640530526638
1.458922691643238
1.4552870579063892
1.3906699419021606
1.4150406382977962
1.4560254141688347
1.337908387184143
1.4377757720649242
1.6640028059482574
1.538975965231657
1.5964728891849518
1.573952130973339
1.5455920360982418
1.5307413041591644
1.7542595490813255
1.7665468901395798
1.6352099999785423
1.6011352576315403
1.5609826259315014
1.7616894915699959
1.8785147108137608
1.659627627581358
1.8640111349523067
1.6264562867581844
1.5393427684903145
1.539677258580923
1.4703195504844189
1.5156850405037403
1.3477497324347496
1.5580221228301525
1.5757491625845432
1.4444752112030983
1.3894917331635952
1.4620496220886707
1.3609924279153347
1.591746348887682
1.8193167820572853
1.7254544012248516
1.8846672475337982
1.5050843879580498
1.4847594238817692
1.634010635316372
1.6388001888990402
1.6085527576506138
1.4744508937001228
1.320472065359354
1.5367513671517372
1.5164005905389786
1.4744290597736835
1.569577481597662
1.766627948731184
1.7096602357923985
1.632087517529726
1.7317228317260742
1.6602906957268715
1.9218782112002373
1.9033195339143276
1.7519864067435265
1.761687457561493
1.889752708375454
1.5956050679087639
1.7739855125546455
1.6084774248301983
1.6049246490001678
1.673848431557417
1.583523914217949
1.8649296164512634
1.6667465455830097
1.395126935094595
1.5482255071401596
1.5951918959617615
1.4072178937494755
1.5124046467244625
1.5757945738732815
1.5379937887191772
1.406797368079424
1.2857245318591595
1.4412929192185402
1.4226829931139946
1.5974757485091686
1.4792531952261925
1.423656690865755
1.4048123769462109
1.441912841051817
1.566246546804905
1.6362706273794174
1.4640338011085987
1.3051474392414093
1.5138205885887146
1.5248850509524345
1.3688899390399456
1.594382170587778
1.539946936070919
1.7267810441553593
1.6308224871754646
1.617702554911375
1.6534290835261345
1.8565500043332577
1.6050941795110703
1.7137366235256195
1.5929413363337517
1.604844268411398
1.5710252486169338
1.528611022979021
1.529970794916153
1.7058957777917385
1.6395391002297401
1.9398261904716492
1.6507970467209816
1.6964408420026302
1.8297885619103909
1.6886998862028122
1.6941520683467388
1.6611799634993076
1.7210750505328178
1.6164039112627506
1.7335201911628246
1.641389425843954
1.6528780162334442
1.5846646502614021
1.5442781634628773
1.6865353770554066
1.4659887924790382
1.4056127294898033
1.43018252030015
1.4613215774297714
1.5006572045385838
1.5151766501367092
1.5142898373305798
1.375523030757904
1.600628711283207
1.6350975707173347
1.783523052930832
1.5832499042153358
1.5447223670780659
1.5735568180680275
1.5039179027080536
1.3703785762190819
1.44709462672472
1.3981274105608463
1.4375533312559128
1.449123702943325
1.3305689133703709
1.5781133435666561
1.7970081269741058
1.6086309999227524
1.6264982894062996
1.3583380244672298
1.3219804801046848
1.5341251902282238
1.3943377323448658
1.7157204262912273
1.7164457626640797
1.5359880849719048
1.6860774643719196
1.6674595698714256
1.8152425773441792
1.802916992455721
1.6753644160926342
1.846258096396923
1.8409067690372467
1.6833174861967564
1.7904603444039822
1.8328155539929867
1.9590341821312904
1.8620579615235329
1.9134382158517838
1.8262654058635235
1.8438276126980782
1.9140155874192715
1.7273097522556782
1.7512275762856007
1.6452708877623081
1.710881695151329
1.7606280073523521
1.4806406795978546
1.4990479685366154
1.4960117563605309
1.581187292933464
1.6164026334881783
1.7285975255072117
1.7316956408321857
1.6104763373732567
1.5693523585796356
1.5342925637960434
1.4752853848040104
1.4698452427983284
1.5421664081513882
1.6381785497069359
1.5019530393183231
1.676864106208086
1.6473961099982262
1.626023631542921
1.6606210209429264
1.6177224442362785
1.427157137542963
1.6963532157242298
1.5303973779082298
1.576268058270216
1.6922722533345222
1.3664274774491787
1.404843844473362
1.3179155364632607
1.485925231128931
1.493295319378376
1.5729691125452518
1.4609859324991703
1.4118858613073826
1.3394831791520119
1.464366290718317
1.5743489488959312
1.6280642673373222
1.744270447641611
1.4432478696107864
1.6787410005927086
1.8645895421504974
1.74017333984375
1.4603825844824314
1.6524919159710407
1.6623331420123577
1.5036226660013199
1.5843713581562042
1.547512385994196
1.4819256253540516
1.5311864577233791
1.5521324947476387
1.500936884433031
1.5336348973214626
1.603692065924406
1.5647473149001598
1.6655876226723194
1.6916702277958393
1.5230551660060883
1.5826659202575684
1.6496282666921616
1.505012359470129
1.7323959544301033
1.5055832117795944
1.3235700279474258
1.5122247897088528
1.3949222564697266
1.5791616924107075
1.5349100641906261
1.4944288060069084
1.6145648248493671
1.6384708397090435
1.5476061217486858
1.484694179147482
1.5823029056191444
1.5113888047635555
1.7093721702694893
1.5564697533845901
1.4678660817444324
1.4382919892668724
1.5549848452210426
1.4680788405239582
1.516745150089264
1.6206268407404423
1.618680264800787
1.55250870808959
1.347017265856266
1.445674266666174
1.6692242808640003
1.5631133131682873
1.6846358962357044
1.3832749985158443
1.4485267288982868
1.510429061949253
1.585289154201746
1.7032752074301243
1.6192843616008759
1.6375946961343288
1.4250647202134132
1.4208615832030773
1.6507710069417953
1.6403081342577934
1.6640832498669624
1.3894002623856068
1.6329923495650291
1.5712479203939438
1.399984210729599
1.72541468963027
1.5815647393465042
1.7529181689023972
1.8768031671643257
1.5615556947886944
1.7033146806061268
1.664141409099102
1.5834942534565926
1.498947363346815
1.7288315892219543
1.516714472323656
1.584569901227951
1.3362617529928684
1.5793940462172031
1.4302545823156834
1.4659440480172634
1.3628524094820023
1.38926050812006
1.6336312517523766
1.5068062581121922
1.5172193013131618
1.5355693474411964
1.524062667042017
1.5294740535318851
1.4577731899917126
1.5688975974917412
1.9063666462898254
1.5933525450527668
1.7170361764729023
1.8563483357429504
1.6995771080255508
1.6428525149822235
1.5832072831690311
1.5804369561374187
1.3956188149750233
1.4162072837352753
1.5778700672090054
1.7042287662625313
1.7495172806084156
1.482696145772934
1.5733541510999203
1.4817932918667793
1.5294166393578053
1.6695348881185055
1.2408647760748863
1.22633833065629
1.352357428520918
1.4501791931688786
1.6306592375040054
1.6196772381663322
1.4770564399659634
1.4361944124102592
1.478298768401146
1.5186565034091473
1.5475530624389648
1.5089632980525494
1.4994581490755081
1.554795227944851
1.4221122227609158
1.6057000681757927
1.7562421783804893
1.4805122092366219
1.5526839457452297
1.6924391612410545
1.569890309125185
1.744093906134367
1.7179032526910305
1.6903125047683716
1.6769808866083622
1.7812708280980587
1.6571312993764877
1.825206696987152
1.6702570617198944
1.6836910285055637
1.5246023647487164
1.4701402857899666
1.8065261617302895
1.4189128018915653
1.3948958478868008
1.2938464358448982
1.6302082352340221
1.3556069992482662
1.725417047739029
1.57895328104496
1.420420352369547
1.4073400273919106
1.5067385248839855
1.5339586399495602
1.4738178849220276
1.5262814983725548
1.522228877991438
1.474883247166872
1.6610192656517029
1.4144769348204136
1.7009350173175335
1.4971650019288063
1.7111585810780525
1.5606687292456627
1.6874799020588398
1.7222889512777328
1.8202847242355347
1.5369530245661736
1.507368914783001
1.6281292289495468
1.3768901266157627
1.560100857168436
1.3510201834142208
1.5554552339017391
1.6492454931139946
1.436136431992054
1.3477664925158024
1.509889580309391
1.3684780560433865
1.472367201000452
1.4314350225031376
1.3600777424871922
1.5224525034427643
1.452930573374033
1.4891880340874195
1.4678387306630611
1.4559647850692272
1.4441359899938107
1.5395404249429703
1.5284674316644669
1.4645903781056404
1.332370586693287
1.4608729146420956
1.3228000923991203
1.3788432590663433
1.5358316861093044
1.3810030072927475
1.3532607294619083
1.4541552104055882
1.4381793923676014
1.2420316226780415
1.5086127296090126
1.43365328758955
1.4956333599984646
1.2837564013898373
1.4803118109703064
1.3754770085215569
1.3877987004816532
1.3800311759114265
1.6064516603946686
1.362754862755537
1.4466697946190834
1.43651357665658
1.389185044914484
1.4149811528623104
1.3983474858105183
1.5199313908815384
1.3334304951131344
1.3300757482647896
1.449506338685751
1.4723022431135178
1.7747171558439732
1.5843904316425323
1.4987452179193497
1.5876168943941593
1.5141280703246593
1.3075055181980133
1.5838819742202759
1.5713443532586098
1.4511357434093952
1.4976382218301296
1.5005282126367092
1.560373891144991
1.5782210417091846
1.5721743404865265
1.7110092714428902
1.6238319054245949
1.6943486705422401
1.6762474551796913
1.898264966905117
1.9618443623185158
1.726654078811407
1.7008337005972862
1.6811385191977024
1.7315325886011124
1.686886016279459
1.878811776638031
1.7939581014215946
1.6542812883853912
1.885825328528881
1.9458644837141037
1.895647581666708
1.5771839171648026
1.5150611586868763
1.8145420141518116
1.7855193428695202
1.6440393440425396
1.7632396332919598
1.765336275100708
1.7972011901438236
1.8868426978588104
1.8792149052023888
1.7602281495928764
1.5401190035045147
1.7228239327669144
1.694370310753584
1.6437410227954388
1.7356474436819553
1.7492947727441788
1.3839019685983658
1.530259694904089
1.5213961377739906
1.687553159892559
1.358863726258278
1.4182521812617779
1.5052425600588322
1.3412967175245285
1.5381654761731625
1.4903875887393951
1.680492378771305
1.733510099351406
1.6123219355940819
1.6200711019337177
1.7249871529638767
1.709109254181385
1.6604516878724098
1.6778699830174446
1.6665768511593342
1.9144016690552235
1.5650181099772453
1.668496560305357
1.6825580224394798
1.8878790736198425
1.7607822604477406
1.786094605922699
1.753477543592453
1.6881187371909618
1.7279885150492191
1.7402768209576607
1.5622598752379417
1.5703942477703094
1.5814538337290287
1.4660296253859997
1.6359802559018135
1.4979755394160748
1.6501150913536549
1.6734610460698605
1.6899686828255653
1.6088313162326813
1.6990868337452412
1.545982040464878
1.658270824700594
1.624615952372551
1.5624674931168556
1.4542930461466312
1.7315312139689922
1.4548031464219093
1.4053835459053516
1.4595503732562065
1.2629955597221851
1.5100307539105415
1.4029436148703098
1.538451749831438
1.4977068714797497
1.4931028336286545
1.662279549986124
1.5226420648396015
1.8320907577872276
1.8328455612063408
1.6488979831337929
1.584052987396717
1.7032481469213963
1.6551445126533508
1.5044743828475475
1.2720682583749294
1.5251431502401829
1.4579467587172985
1.6312703639268875
1.7445277497172356
1.431651085615158
1.718428187072277
1.7412399761378765
1.8580155223608017
1.7319665774703026
1.68229541182518
1.7972904592752457
1.6973857171833515
1.4608776606619358
1.6692985743284225
1.5384256914258003
1.289318896830082
1.6249316856265068
1.574377380311489
1.4604980610311031
1.7491870261728764
1.4892758801579475
1.6140485294163227
1.7379046082496643
1.7291418351233006
1.4420883655548096
1.6507545411586761
1.5217733420431614
1.519153632223606
1.3778781369328499
1.6138523556292057
1.3680348619818687
1.5613852739334106
1.5666799508035183
1.7188109271228313
1.5416934378445148
1.7253489643335342
1.7979445531964302
1.536824218928814
1.6918399669229984
1.8405770845711231
1.7457328103482723
1.6264854818582535
1.609745442867279
1.5267186760902405
1.6969513893127441
1.7769197709858418
1.611360389739275
1.6343177556991577
1.3546090200543404
1.33774334192276
1.5204093381762505
1.5425976477563381
1.6440062709152699
1.5510669238865376
1.61558623239398
1.5125453434884548
1.437271997332573
1.3217372559010983
1.5393385514616966
1.3265380002558231
1.2764695547521114
1.4774202294647694
1.4519950114190578
1.378822896629572
1.6243936978280544
1.3554200865328312
1.6079448498785496
1.6454488635063171
1.5121712945401669
1.827269684523344
1.6431059502065182
1.5891122817993164
1.5522710978984833
1.6247599981725216
1.6848393604159355
1.4511788226664066
1.6142870783805847
1.5058775059878826
1.5614047087728977
1.7800719179213047
1.5798772685229778
1.770643625408411
1.6142610386013985
1.4846933148801327
1.6303880661725998
1.5299289301037788
1.8328366950154305
1.581239715218544
1.5375659838318825
1.450695052742958
1.389625072479248
1.3781452998518944
1.3880633749067783
1.4656585901975632
1.3540843091905117
1.3220147751271725
1.475577175617218
1.3698138743638992
1.4296751581132412
1.6314866952598095
1.6421288810670376
1.692481890320778
1.808149415999651
1.642375510185957
1.6853124350309372
1.6317125670611858
1.6416025198996067
1.6640302129089832
1.768008030951023
1.438627876341343
1.5699357464909554
1.582300554960966
1.471353143453598
1.5285517163574696
1.5957412272691727
1.4546439126133919
1.6190014369785786
1.5027786865830421
1.4746304713189602
1.4369227699935436
1.4838513657450676
1.403672780841589
1.2885389104485512
1.5692494548857212
1.5767061561346054
1.582975398749113
1.634426310658455
1.6477382443845272
1.5694339200854301
1.6243694573640823
1.5116619803011417
1.339107435196638
1.528829101473093
1.5054569654166698
1.6748860850930214
1.550785593688488
1.6511740311980247
1.545162808150053
1.8779928609728813
1.784775696694851
1.6703429855406284
1.6194552406668663
1.5402540266513824
1.6816329210996628
1.5467493757605553
1.3958195000886917
1.504720065742731
1.4964026845991611
1.724340546876192
1.6548426076769829
1.4359195120632648
1.5176362842321396
1.5480288490653038
1.5758324898779392
1.6645893938839436
1.5893600434064865
1.6811288334429264
1.4780343286693096
1.2429903857409954
1.5133260488510132
1.4751878343522549
1.3632708564400673
1.4984359219670296
1.308094248175621
1.4830747842788696
1.3670187257230282
1.6195485778152943
1.6158708594739437
1.4825103990733624
1.5772753357887268
1.5126798897981644
1.6372548155486584
1.4964344501495361
1.2950324453413486
1.4303543977439404
1.3621286824345589
1.6343217752873898
1.5446638278663158
1.6622919216752052
1.7927998080849648
1.5902127251029015
1.531835425645113
1.6422784589231014
1.6423422284424305
1.7346327044069767
1.5677640959620476
1.72207747772336
1.483025349676609
1.4146388433873653
1.5201860442757607
1.6329668946564198
1.6243874281644821
1.860497374087572
1.7044261880218983
1.9144602119922638
1.7375578135252
1.7072232216596603
1.628759492188692
1.5182695984840393
1.5297511704266071
1.4663770347833633
1.536421850323677
1.573682464659214
1.5748413689434528
1.4124013930559158
1.570856511592865
1.4321717359125614
1.3582971133291721
1.509112574160099
1.3610645532608032
1.529044572263956
1.5352025553584099
1.4887774363160133
1.510692872107029
1.4716508761048317
1.5536804273724556
1.6660316698253155
1.6303565837442875
1.5483099780976772
1.300956480205059
1.6425304412841797
1.6940734051167965
1.6484732739627361
1.7181094624102116
1.545356199145317
1.4358459077775478
1.511978019028902
1.6358920522034168
1.4315960817039013
1.5427310094237328
1.3676575049757957
1.3190140165388584
1.457597341388464
1.3855925388634205
1.4197661317884922
1.4597673080861568
1.5001982636749744
1.513964205980301
1.5262435004115105
1.4721149951219559
1.6354866735637188
1.4527525790035725
1.3831992633640766
1.7273750305175781
1.2730467170476913
1.5462463721632957
1.6293435767292976
1.7879327982664108
1.6671763993799686
1.608112558722496
1.7018709033727646
1.7879701294004917
1.9056401550769806
1.5833766162395477
1.3537794277071953
1.6581536419689655
1.5452780164778233
1.5094457417726517
1.3623445481061935
1.4086757600307465
1.4957841373980045
1.57550198584795
1.4672195948660374
1.4888291135430336
1.3030178509652615
1.3564758524298668
1.5753576643764973
1.2785084955394268
1.5047298967838287
1.563758485019207
1.1466639749705791
1.4723004512488842
1.4499250948429108
1.340607412159443
1.4184107929468155
1.4460902363061905
1.4721935838460922
1.65427490696311
1.504567675292492
1.4415101371705532
1.4262648858129978
1.4107241369783878
1.5489903464913368
1.4614291861653328
1.2974866405129433
1.4158287979662418
1.5469687804579735
1.7426353096961975
1.4144351407885551
1.665051855146885
1.4403862692415714
1.6040777936577797
1.4657396338880062
1.4318137466907501
1.607912514358759
1.5098141096532345
1.506708338856697
1.3875902108848095
1.4064533859491348
1.503289870917797
1.4703549034893513
1.4640152156352997
1.4849229156970978
1.313275434076786
1.4265159480273724
1.376092106103897
1.4540981948375702
1.5548522658646107
1.6209703162312508
1.2683499939739704
1.5197384655475616
1.427855707705021
1.3552374877035618
1.321727842092514
1.6049957908689976
1.408553022891283
1.2594005092978477
1.4929932542145252
1.5883558355271816
1.644464936107397
1.4417458698153496
1.5583474673330784
1.6965024173259735
1.5654628947377205
1.4831185229122639
1.437575340270996
1.3820064850151539
1.5180744417011738
1.523340918123722
1.4253374114632607
1.3770116120576859
1.5593018233776093
1.453573152422905
1.2307882122695446
1.419938676059246
1.718152817338705
1.4671988897025585
1.3808837309479713
1.554546095430851
1.4468549080193043
1.5613762326538563
1.6725606247782707
1.7431934215128422
1.7357311099767685
1.5145816840231419
1.451732326298952
1.4103413447737694
1.4778844267129898
1.3568237125873566
1.4462675154209137
1.5019378326833248
1.3690464720129967
1.4052013270556927
1.3013049848377705
1.4511131681501865
1.3265922516584396
1.3838574588298798
1.433115892112255
1.37706458568573
1.6644878797233105
1.3436006903648376
1.620286725461483
1.5417858958244324
1.4454901367425919
1.619160857051611
1.7273657992482185
1.6345466785132885
1.7584140673279762
1.5098405852913857
1.5803007036447525
1.7644753120839596
1.6746359504759312
1.692941166460514
1.8546883575618267
1.6672693081200123
1.6471788175404072
1.6140890680253506
1.5295909903943539
1.3711771182715893
1.6092183887958527
1.5305565036833286
1.6081580333411694
1.4553381577134132
1.4937058091163635
1.466998104006052
1.446739248931408
1.5807430371642113
1.4465531073510647
1.5116416178643703
1.5066877417266369
1.4204041473567486
1.7187925688922405
1.5243763737380505
1.9227511435747147
1.4124773927032948
1.6410745531320572
1.5897048227488995
1.4247448295354843
1.3999604657292366
1.5286651328206062
1.2542600333690643
1.4650046303868294
1.4345514588057995
1.5068524330854416
1.6860545612871647
1.4357441663742065
1.4529001116752625
1.6562654003500938
1.620470929890871
1.4417985081672668
1.5414144471287727
1.587758332490921
1.341340009123087
1.5856376327574253
1.5781103782355785
1.8863071016967297
1.624741092324257
1.4941984452307224
1.647880893200636
1.4268993623554707
1.552923273295164
1.544631239026785
1.4484849087893963
1.5252386778593063
1.5568597950041294
1.4707810580730438
1.5027291141450405
1.8167804405093193
1.5645625405013561
1.5820131562650204
1.7206499949097633
1.6883409284055233
1.6075351424515247
1.6275527961552143
1.3619415163993835
1.4780768156051636
1.4091923721134663
1.375341471284628
1.452306479215622
1.3131233379244804
1.3243285603821278
1.5079218409955502
1.6468549109995365
1.5988907366991043
1.507307343184948
1.53145507350564
1.477575946599245
1.5488410517573357
1.5161247327923775
1.8913658931851387
1.6598714999854565
1.6444533988833427
1.7636133022606373
1.8744139447808266
1.8202688805758953
1.8172439336776733
1.6554349958896637
1.6297154948115349
1.5582963861525059
1.340874344110489
1.4250687845051289
1.4028625302016735
1.2248263880610466
1.5940518975257874
1.681075531989336
1.4899091310799122
1.3524404466152191
1.533751755952835
1.5903097800910473
1.629488654434681
1.6954033002257347
1.6410995833575726
1.9027270190417767
1.5352488718926907
1.5822334550321102
1.8387388847768307
1.9062904454767704
1.7469104416668415
1.5410269424319267
1.6169796735048294
1.7672795169055462
1.4412810951471329
1.4327816776931286
1.4778356663882732
1.7166705541312695
1.5904519967734814
1.2883830666542053
1.4121554605662823
1.3743067532777786
1.6023793034255505
1.5884804278612137
1.5281662084162235
1.5166459903120995
1.4827427454292774
1.4336116760969162
1.4518779441714287
1.61320298910141
1.6197612211108208
1.1732190884649754
1.5399017632007599
1.5144459679722786
1.3024023547768593
1.3871240094304085
1.5356583967804909
1.4375478960573673
1.5749511271715164
1.716325055807829
1.4864434972405434
1.4785077907145023
1.5530777089297771
1.4840476624667645
1.3906825669109821
1.3924286551773548
1.3630478419363499
1.4274688698351383
1.4951508305966854
1.5753179527819157
1.4744043201208115
1.4746845066547394
1.583331622183323
1.6107335947453976
1.3836065866053104
1.5223091654479504
1.4270339533686638
1.559639822691679
1.529660988599062
1.7768081650137901
1.5859221369028091
1.5352067947387695
1.6881404966115952
1.5956817045807838
1.572073221206665
1.5876882262527943
1.6832570359110832
1.5852685682475567
1.6174557507038116
1.455059353262186
1.6866788305342197
1.417684268206358
1.5755178593099117
1.6637095734477043
1.7643162533640862
1.5896815545856953
1.562055703252554
1.6893788129091263
1.6903321892023087
1.7647953927516937
1.8111853413283825
1.6898554787039757
1.5587643682956696
1.6412766762077808
1.6019792668521404
1.5000129491090775
1.4903292544186115
1.5972593650221825
1.4356478936970234
1.4867051169276237
1.375585574656725
1.3640612177550793
1.6681257411837578
1.4493744783103466
1.3029263839125633
1.5944030731916428
1.3690800592303276
1.4828332737088203
1.7441835589706898
1.4417561925947666
1.7886758297681808
1.5950599387288094
1.3908035904169083
1.3160080015659332
1.4596300013363361
1.4355276599526405
1.4398877583444118
1.6836373843252659
1.6663003489375114
1.579214472323656
1.6030974127352238
1.736180141568184
1.843482743948698
1.7441046237945557
1.7591116428375244
1.7256115190684795
1.7796277068555355
1.7518413178622723
1.7482449859380722
1.7918052077293396
1.5521627850830555
1.7166964709758759
1.9212901219725609
1.8368989862501621
1.852980598807335
1.7511960752308369
1.7113735303282738
1.6731444634497166
1.714329782873392
1.8163811154663563
1.7052170149981976
1.4030104018747807
1.6582853496074677
1.6986461207270622
1.6496411487460136
1.7013012655079365
1.4887103512883186
1.6156495325267315
1.4877306707203388
1.573574647307396
1.5231240950524807
1.4151926450431347
1.7226392142474651
1.8526317700743675
1.6593286097049713
1.5916774347424507
1.832945629954338
1.7049269899725914
1.8439034447073936
1.756344061344862
1.521573655307293
1.7428124360740185
1.756459828466177
1.3976038433611393
1.566045492887497
1.6839139461517334
1.6724704205989838
1.5973814874887466
1.5728753246366978
1.354033038020134
1.3999493084847927
1.4085408672690392
1.6613467261195183
1.4765122681856155
1.4384623728692532
1.7067225463688374
1.5293556787073612
1.674523126333952
1.4049968272447586
1.5513857454061508
1.6451430544257164
1.6792406626045704
1.461288895457983
1.7525400556623936
1.8542290180921555
1.4583317562937737
1.5668666027486324
1.6846373416483402
1.6102042980492115
1.736769411712885
1.6560903638601303
1.7067501805722713
1.7597107626497746
1.8518127426505089
2.1010972782969475
2.044757694005966
1.7915785983204842
1.6559621691703796
2.1841036677360535
1.9937861263751984
2.074200928211212
1.9196817427873611
2.204662561416626
2.020829029381275
1.9016412682831287
1.919535093009472
1.743136391043663
1.604941576719284
1.7789507918059826
1.792847003787756
1.540457572788
1.6321116164326668
1.436878491193056
1.5939730890095234
1.7979668527841568
1.5821500942111015
1.409922357648611
1.6293506287038326
1.5875932797789574
1.282230418175459
1.5249411463737488
1.5369059219956398
1.4178018048405647
1.814778320491314
1.6220777295529842
1.5815539546310902
1.9867458194494247
1.8755945600569248
1.7373245134949684
1.6284548752009869
1.4260157085955143
1.5398083850741386
1.6328600160777569
1.4674818962812424
1.4558547995984554
1.4930250197649002
1.7869720719754696
1.6870259270071983
1.5129790641367435
1.6720740348100662
1.7691390700638294
1.6414316147565842
2.0761770009994507
1.6263697296380997
1.7476604767143726
1.7382893115282059
1.6085796430706978
1.550641991198063
1.6977462992072105
1.7620325349271297
1.4480106830596924
1.4208721593022346
1.5148438215255737
1.6161765232682228
1.451199036091566
1.3421285785734653
1.530476838350296
1.4546256847679615
1.5161281749606133
1.4344186335802078
1.6407074108719826
1.8063268177211285
1.497253954410553
1.4859244301915169
1.579672709107399
1.4694879725575447
1.541654359549284
1.364945713430643
1.5241093449294567
1.4246404431760311
1.4111579395830631
1.7303760312497616
1.7606474682688713
1.6955090425908566
1.7571693249046803
1.7971944250166416
1.8663131818175316
1.7610659077763557
1.552637405693531
1.5539665594696999
1.7145310305058956
1.5496089793741703
1.6691857650876045
1.6740364879369736
1.626337755471468
1.7858669348061085
1.7248285338282585
1.3217800967395306
1.3911763168871403
1.4166540801525116
1.6468033269047737
1.7499641813337803
1.566838402301073
1.7005470283329487
1.5265100672841072
1.5762957856059074
1.3817634098231792
1.6349110342562199
1.5861777812242508
1.5812575295567513
1.433362990617752
1.2917686849832535
1.5574132055044174
1.7491011954843998
1.9611970372498035
1.6200854033231735
1.7732843942940235
1.7014774084091187
1.8096642009913921
1.7407854609191418
1.5320897698402405
1.327969964593649
1.3842879496514797
1.4386334903538227
1.4469304978847504
1.741148017346859
1.5366690941154957
1.465016096830368
1.409869834780693
1.5338099971413612
1.395716443657875
1.5404556021094322
1.4813454747200012
1.259953461587429
1.3873877674341202
1.5532199554145336
1.3116281554102898
1.6744482852518559
1.4277468249201775
1.4058933109045029
1.5613245330750942
1.3774804174900055
1.7384887412190437
1.5668599717319012
1.6391320526599884
1.4011832885444164
1.3953043036162853
1.4292405731976032
1.4746250919997692
1.589388258755207
1.621334757655859
1.540439534932375
1.5899470783770084
1.5937591195106506
1.5882710739970207
1.7263489812612534
1.482319414615631
1.5122819915413857
1.7379133887588978
1.5475719720125198
1.5597956962883472
1.4886039085686207
1.4822055287659168
1.6179096847772598
1.3337497673928738
1.4773725718259811
1.461310986429453
1.4201592020690441
1.4197205156087875
1.2883636467158794
1.459963120520115
1.6764522157609463
1.4789268486201763
1.2581146620213985
1.4347707070410252
1.441142238676548
1.5651450455188751
1.4984330758452415
1.6526199877262115
1.6278161816298962
1.6141188144683838
1.6640634685754776
1.6535161770880222
1.7902673333883286
1.7362996861338615
1.7888433374464512
1.8396543487906456
1.4637527577579021
1.6465350799262524
1.598766591399908
1.560445711016655
1.7225622981786728
1.7716839537024498
1.7232004515826702
1.6378761529922485
1.6067481227219105
1.6379534676671028
1.3228340707719326
1.4652580842375755
1.4609964676201344
1.4768072292208672
1.3755173981189728
1.5126347616314888
1.670117326080799
1.410288654267788
1.6349290385842323
1.489794533699751
1.4645340703427792
1.7052464596927166
1.4102241918444633
1.4994522891938686
1.414799489080906
1.5527417622506618
1.7197458185255527
1.6975812688469887
1.6039564944803715
1.6481007486581802
1.5951096266508102
1.7528616227209568
1.6066525541245937
1.4953250885009766
1.3893778622150421
1.621121596544981
1.4194928780198097
1.4933207035064697
1.2791548110544682
1.3856961652636528
1.3850428611040115
1.5173139534890652
1.4864606410264969
1.604308407753706
1.4889639653265476
1.360053390264511
1.562442198395729
1.5767228677868843
1.6118133328855038
1.7004486583173275
1.551940768957138
1.303936704993248
1.448447585105896
1.414485163986683
1.4916813224554062
1.5265864357352257
1.7156378403306007
1.7254244424402714
1.5216550529003143
1.4477477110922337
1.3956490494310856
1.6870944388210773
1.5165730826556683
1.4265051260590553
1.4278022721409798
1.4263834170997143
1.453199341893196
1.4991798028349876
1.5010464303195477
1.4600230045616627
1.4227905943989754
1.6257665567100048
1.6051401533186436
1.658466026186943
1.8412076905369759
1.8794306442141533
1.8119619078934193
1.8892532177269459
1.7859549149870872
1.6813714504241943
1.4052006416022778
1.5617796145379543
1.5872205160558224
1.6149132438004017
1.5828020982444286
1.4221772477030754
1.54223295673728
1.3245590031147003
1.5723260156810284
1.407423935830593
1.372025478631258
1.3140370920300484
1.4432471208274364
1.4116691313683987
1.481658548116684
1.558251116424799
1.49687834456563
1.8345715627074242
1.6396360397338867
1.445047553628683
1.46699832752347
1.5861464813351631
1.6726297438144684
1.5368925407528877
1.5642427057027817
1.65290692076087
1.5601759441196918
1.6960493549704552
1.5933511331677437
1.659416887909174
1.6982816830277443
1.4378848522901535
1.4732844643294811
1.5826441757380962
1.6214661188423634
1.4937021546065807
1.4780867546796799
1.5047321766614914
1.7091310061514378
1.601284608244896
1.5093213431537151
1.4983958825469017
1.5445859096944332
1.5392016358673573
1.5521998852491379
1.510731615126133
1.5545303747057915
1.5326848328113556
1.5760697983205318
1.6399348676204681
1.3726148419082165
1.4385096207261086
1.3877504393458366
1.354524239897728
1.4406511783599854
1.5849031545221806
1.6011003367602825
1.551780253648758
1.4552361369132996
1.5990789495408535
1.3247074075043201
1.472448956221342
1.5503744035959244
1.4456810243427753
1.367369920015335
1.2594085074961185
1.5183682218194008
1.6199011206626892
1.6614573001861572
1.80646288767457
1.7128581255674362
1.6065975204110146
1.3498355522751808
1.498677596449852
1.8733635246753693
1.6630245745182037
1.5954167693853378
1.5494657270610332
1.5373735129833221
1.3922695443034172
1.5974965579807758
1.5549224242568016
1.4541435055434704
1.4578862749040127
1.5271557718515396
1.4893008545041084
1.417822178453207
1.5372117199003696
1.4180223979055882
1.4725493043661118
1.6244693771004677
1.5458003655076027
1.4775602743029594
1.787314034998417
1.5805504657328129
1.5435604602098465
1.4552841037511826
1.932769499719143
1.6742763444781303
1.6612028256058693
1.9238876551389694
1.6959416344761848
1.6323914118111134
1.9972808957099915
1.870048776268959
1.5033903792500496
1.7345202006399632
1.5458877868950367
1.4352660067379475
1.626123983412981
1.5272410213947296
1.5675418116152287
1.5821582525968552
1.4266523495316505
1.5483432337641716
1.607762549072504
1.6489018239080906
1.41957076638937
1.8586083762347698
1.552104752510786
1.5817638970911503
1.5886790491640568
1.2923279963433743
1.5591209791600704
1.6125087775290012
1.3203678093850613
1.5498649142682552
1.6018597409129143
1.608819555491209
1.5305024422705173
1.6251270622015
1.449787013232708
1.422220803797245
1.4615708142518997
1.3979331478476524
1.5990703962743282
1.275168389081955
1.4425660893321037
1.4077053591609001
1.5487142577767372
1.5347052440047264
1.4568991884589195
1.7051240876317024
1.5811194218695164
1.6503811962902546
1.494846623390913
1.6829716227948666
1.5671307668089867
1.702702559530735
1.4435556456446648
1.60579115152359
1.6941731572151184
1.76333811506629
1.5235726088285446
1.530959539115429
1.5029209703207016
1.3847508952021599
1.5892395488917828
1.5371716618537903
1.5008597932755947
1.5130759663879871
1.6370966620743275
1.486448422074318
1.4952406510710716
1.6124538220465183
1.5758458897471428
1.455934088677168
1.872967328876257
1.9202062524855137
1.7448708787560463
1.8062523528933525
2.073146976530552
1.6997210159897804
1.8205866739153862
1.7004364058375359
1.6716063506901264
1.7137584649026394
1.5975788794457912
1.696801409125328
1.4972591027617455
1.687858521938324
1.5934700928628445
1.65864871814847
1.6020568870007992
1.6729787290096283
1.5113411024212837
1.4800024889409542
1.467448964715004
1.5101667158305645
1.55641133710742
1.4861331433057785
1.6423556841909885
1.6439495906233788
1.7276005111634731
1.769262671470642
1.7413306944072247
1.8677723929286003
1.6786963269114494
1.5642405711114407
1.8886130340397358
1.9414245933294296
1.9287349432706833
1.7512926757335663
1.5827047415077686
1.7452603876590729
1.5224614702165127
1.4069820456206799
1.5272624865174294
1.437110248953104
1.5014608427882195
1.4644712954759598
1.4613776057958603
1.4741807095706463
1.589273627847433
1.6648149751126766
1.6484635323286057
1.7588023282587528
1.7021477669477463
1.770312111824751
1.6670464724302292
1.6819377467036247
1.67641057446599
1.8291314356029034
1.7255881316959858
1.7892016805708408
1.6412882804870605
1.7696880251169205
1.9365332685410976
1.6659731939435005
1.9661578759551048
1.8653123676776886
1.7336353100836277
1.7631411887705326
1.8005934171378613
1.7737380787730217
1.7058665789663792
1.942839339375496
1.8883079551160336
1.8334042504429817
1.9397430643439293
1.7070943117141724
1.886690404266119
1.9271749034523964
1.5216707549989223
1.952072724699974
1.8026414923369884
1.7590672560036182
1.7884062677621841
1.9685357734560966
1.9553054720163345
2.0066357776522636
1.6876213066279888
1.8335312902927399
1.8838157132267952
2.023839518427849
1.9309931099414825
1.5905018784105778
1.6884269416332245
1.5800814479589462
1.7042065635323524
1.7824577204883099
1.6319883279502392
1.416701816022396
1.5372841581702232
1.5020321272313595
1.4970983527600765
1.519735012203455
1.812124878168106
1.3594649098813534
1.4820441454648972
1.475354801863432
1.4573206640779972
1.53065587580204
1.5722653195261955
1.6413419991731644
1.368645116686821
1.5897988639771938
1.7293747812509537
1.5685408785939217
1.542001597583294
1.6200753338634968
1.596387930214405
1.4401434808969498
1.4868189617991447
1.5228445194661617
1.454239334911108
1.3222049474716187
1.4256476871669292
1.4938198775053024
1.5809404514729977
1.6405601501464844
1.5342831946909428
1.78762411698699
1.6735778450965881
1.6256050132215023
1.610101643949747
1.4441938549280167
1.6217237710952759
1.4158613197505474
1.4915182553231716
1.583911020308733
1.5422665663063526
1.60806143283844
1.5249801352620125
1.5180634148418903
1.784147221595049
1.580644953995943
1.580179426819086
1.519458681344986
1.4848038777709007
1.4108779020607471
1.4102875217795372
1.5205887332558632
1.3982659727334976
1.6104889661073685
1.3570438884198666
1.4091296717524529
1.5610874593257904
1.5399382673203945
1.6265565045177937
1.7255981341004372
1.5955299064517021
1.6313993223011494
1.6433861628174782
1.8072424195706844
1.6179263815283775
1.5135004706680775
1.5912028066813946
1.6070579066872597
1.5280432403087616
1.4892879389226437
1.3944588787853718
1.52058170363307
1.4551632031798363
1.4461872205138206
1.403173416852951
1.509436808526516
1.6039155274629593
1.3746436350047588
1.4603367187082767
1.3682557828724384
1.5519998781383038
1.5814585238695145
1.2110379859805107
1.3929374478757381
1.736149650067091
1.5646459944546223
1.5736687295138836
1.5978124514222145
1.4521360993385315
1.3424433283507824
1.4719592332839966
1.3564684577286243
1.3864701986312866
1.432775467634201
1.3836561664938927
1.36845126375556
1.2754812650382519
1.3651944994926453
1.3273251913487911
1.553207941353321
1.384221512824297
1.4341839402914047
1.3834778405725956
1.3063304908573627
1.309032779186964
1.4367560744285583
1.4432165175676346
1.4938317313790321
1.5470344014465809
1.4602631777524948
1.641375109553337
1.4922377951443195
1.528812550008297
1.3977024294435978
1.5976678803563118
1.7027308940887451
1.6447435803711414
1.5386606715619564
1.5510530322790146
1.6827005445957184
1.6732631921768188
1.7187855243682861
1.5339982956647873
1.6219000294804573
1.5609907656908035
1.7468488775193691
1.5319236181676388
1.3387346714735031
1.3972855657339096
1.625023741275072
1.6709978729486465
1.5759787149727345
1.4009735248982906
1.4888539351522923
1.3572698943316936
1.5376049876213074
1.4576798230409622
1.7416301853954792
1.4925440698862076
1.6288887187838554
1.8340628780424595
1.7753016166388988
1.5979917161166668
1.7213000655174255
1.6626416184008121
1.7086707577109337
1.6997997649013996
1.534513134509325
1.540390893816948
1.5524942427873611
1.828554406762123
1.4863401055335999
1.636598102748394
1.641797725111246
1.536533810198307
1.563488781452179
1.7734673582017422
1.7888808734714985
1.816589616239071
1.5284091010689735
1.4915647953748703
1.6873196847736835
1.482184048742056
1.5197433717548847
1.4935243614017963
1.5082355439662933
1.6992954052984715
1.6511254459619522
1.6394946351647377
1.5627115406095982
1.483419131487608
1.418436411768198
1.5786999613046646
1.5966718196868896
1.6158513762056828
1.567066840827465
1.3548392914235592
1.7223635092377663
1.6358853615820408
1.5034943483769894
1.3394642025232315
1.4926666021347046
1.3793394193053246
1.4219388701021671
1.4673706032335758
1.505343608558178
1.6185707449913025
1.5156881138682365
1.8839726820588112
1.4609528370201588
1.5771122947335243
1.6189569383859634
1.5941787213087082
1.4336465559899807
1.4988997541368008
1.5790532305836678
1.572505135089159
1.4446602389216423
1.458051074296236
1.5283282175660133
1.564596351236105
1.4957271255552769
1.765405811369419
1.5841806456446648
1.5060878917574883
1.6210332661867142
1.5850485749542713
1.746462520211935
1.6752125024795532
1.575275931507349
1.6274403519928455
1.6767445243895054
1.6527661308646202
1.9251778535544872
1.7441752664744854
1.659419383853674
1.5198227241635323
1.5738419741392136
1.3679699562489986
1.5390762202441692
1.5740392617881298
1.4356749467551708
1.4492585398256779
1.4080730266869068
1.532624427229166
1.3891391307115555
1.5280545726418495
1.47731339558959
1.5510680451989174
1.8124441504478455
1.7626878321170807
1.6653395369648933
2.0296377316117287
1.664183434098959
1.6538520269095898
1.7485351487994194
1.879759307950735
1.842920210212469
1.815781645476818
1.9371048733592033
1.9283474832773209
1.7928554452955723
1.9330344796180725
2.0299158096313477
1.8113729991018772
1.9373945631086826
1.8967570215463638
1.8455345444381237
2.0097059458494186
1.7146568186581135
1.7126853317022324
1.804631944745779
1.9224714636802673
1.7811626680195332
1.7677748836576939
1.7198876403272152
1.614660818129778
1.847759909927845
1.636544194072485
1.833490252494812
1.632445976138115
1.4760075360536575
1.4536367654800415
1.4787693247199059
1.36997339874506
1.42981843277812
1.509760282933712
1.7618321143090725
1.5149247609078884
1.4400388970971107
1.445971742272377
1.5383130200207233
1.3900056816637516
1.3889811635017395
1.3154355734586716
1.4846315830945969
1.3434597179293633
1.4236118383705616
1.4040259569883347
1.4327918626368046
1.4735542424023151
1.3881883062422276
1.4707081504166126
1.481237344443798
1.2732314094901085
1.3091636449098587
1.4546931125223637
1.4050334952771664
1.4043207727372646
1.3891983218491077
1.5492784976959229
1.5666054375469685
1.3428704850375652
1.665659386664629
1.548860926181078
1.6668343134224415
1.7111853957176208
1.6373052038252354
1.826149083673954
1.7435977458953857
1.7021979577839375
1.786846574395895
1.7533689253032207
1.7005896233022213
1.571263913065195
1.832020364701748
1.4893378540873528
1.6860149502754211
1.696923889219761
1.6976087130606174
1.4697946682572365
1.7251497767865658
1.5456042401492596
1.5347708947956562
1.5752863138914108
1.6408318653702736
1.7263980358839035
1.4152862057089806
1.476604051887989
1.5757312960922718
1.4206497855484486
1.4462303444743156
1.6025382950901985
1.5778313390910625
1.5595191791653633
1.6535406224429607
1.556269284337759
1.8003174550831318
1.7634067758917809
1.9813908338546753
1.9138068482279778
1.470833521336317
1.4670798368752003
1.4451204873621464
1.3627341836690903
1.3315944224596024
1.5240055285394192
1.5262670926749706
1.3745420537889004
1.501193206757307
1.5897941067814827
1.4430216252803802
1.4177552238106728
1.4327586218714714
1.4784822538495064
1.434792347252369
1.5672374963760376
1.4583215452730656
1.4182968363165855
1.3974119201302528
1.4110917039215565
1.2989389337599277
1.6737090982496738
1.540085032582283
1.5181314572691917
1.3677443638443947
1.417147021740675
1.5771879591047764
1.5759600698947906
1.6955500468611717
1.5191148109734058
1.3921879902482033
1.3837196677923203
1.5400433391332626
1.7347023412585258
1.8334961533546448
1.5950767137110233
1.413683220744133
1.52613066136837
1.5049984082579613
1.5034102834761143
1.6683162935078144
1.601747740060091
1.3979164250195026
1.7455349005758762
1.7221642173826694
1.6166157349944115
1.7276719808578491
1.699036493897438
1.7233759313821793
1.6051013134419918
1.7899740301072598
1.6392637640237808
1.4069445692002773
1.4476470425724983
1.465908981859684
1.6141932532191277
1.39198786765337
1.515977207571268
1.5216210931539536
1.7003695592284203
1.563723124563694
1.6804691664874554
1.6233885288238525
1.6979202292859554
1.6855975054204464
1.347730003297329
1.4475420229136944
1.6169852055609226
1.5022841058671474
1.7026124633848667
1.5342588908970356
1.6094221509993076
1.6511193290352821
1.6618991047143936
1.8517686910927296
1.766582578420639
1.7261283844709396
1.62573167309165
1.759586088359356
1.6831239387392998
1.6675500981509686
1.540012501180172
1.8373437151312828
1.7772556021809578
1.6708261147141457
1.6505532413721085
1.5883129015564919
1.475363615900278
1.6726123467087746
1.7190860360860825
1.8027069121599197
1.8744973316788673
1.561352465301752
1.4984034784138203
1.788586363196373
1.7160728424787521
1.8383991345763206
1.6399972774088383
1.6118470579385757
1.3984648920595646
1.5709798634052277
1.3996528796851635
1.4491635151207447
1.3823120035231113
1.4256769083440304
1.3696287907660007
1.6336181536316872
1.4337917678058147
1.369820386171341
1.392981693148613
1.4667554423213005
1.4799909181892872
1.6318605430424213
1.5375181213021278
1.5430131033062935
1.687173504382372
1.5533546321094036
1.5662072226405144
1.6859986186027527
1.6899389922618866
1.7055086828768253
1.7356846295297146
1.8774027079343796
1.4776595942676067
1.4045750610530376
1.5378347150981426
1.3378535360097885
1.3843836449086666
1.359498880803585
1.49026670306921
1.512321587651968
1.334034003317356
1.3993012681603432
1.4449384547770023
1.511420864611864
1.603709015995264
1.758070606738329
1.769358728080988
1.974910881370306
1.787686750292778
1.8293734900653362
1.6544377356767654
1.8611898310482502
1.9016250371932983
1.4438291229307652
1.5766294784843922
1.4902153946459293
1.5002293325960636
1.436547502875328
1.6002634167671204
1.4580192416906357
1.5179751254618168
1.4439930021762848
1.6357664242386818
1.6860915124416351
1.6239773035049438
1.6541972272098064
1.702943630516529
1.9477926306426525
1.8052347414195538
1.9799719043076038
2.0428164079785347
1.7923664785921574
1.9129703715443611
1.772872667759657
2.0605418756604195
1.9141811728477478
1.941708318889141
1.7561968676745892
1.9593827463686466
2.01774475723505
1.746787242591381
1.9542557746171951
1.9086426869034767
1.8952698335051537
1.918539859354496
1.94596017152071
1.6047401688992977
1.6929604448378086
1.6071106120944023
1.714708611369133
1.4890900440514088
1.6772664189338684
1.6364798992872238
1.8635268285870552
1.714635830372572
1.5747995302081108
1.484621848911047
1.4719976708292961
1.4804467596113682
1.5868659876286983
1.4533689133822918
1.3305730149149895
1.5385326854884624
1.530723787844181
1.44622153788805
1.6127931624650955
1.5718659348785877
1.3943710178136826
1.5507150031626225
1.7239116095006466
1.5943728536367416
1.4158057197928429
1.7452530302107334
1.6696321554481983
1.6141149811446667
1.2229936495423317
1.4526291638612747
1.4925143532454967
1.4478432051837444
1.6330229826271534
1.6025362387299538
1.5487084686756134
1.7870572805404663
1.5920490957796574
1.5439204946160316
1.6062512248754501
1.6453644670546055
1.4923314489424229
1.3531286902725697
1.4957970157265663
1.457375381141901
1.4210734069347382
1.475025687366724
1.6809511445462704
1.6780815608799458
1.6160499192774296
1.4815344586968422
1.4326474778354168
1.4538233131170273
1.3233444578945637
1.4081921428442001
1.2976914681494236
1.328224778175354
1.4657432548701763
1.5557521022856236
1.547302819788456
1.537450548261404
1.6023446023464203
1.6036487743258476
1.6783013567328453
1.6169088557362556
1.4929250590503216
1.6007622182369232
1.3883673399686813
1.3372826427221298
1.396672897040844
1.7324348464608192
1.3787355609238148
1.4969402626156807
1.3324355334043503
1.677526630461216
1.4335602447390556
1.4972746334969997
1.5071874521672726
1.3846392147243023
1.346633043140173
1.4385077096521854
1.5309859961271286
1.5559487603604794
1.463297288864851
1.6139994971454144
1.5053405463695526
1.3741312250494957
1.4761462919414043
1.4325859285891056
1.4263911843299866
1.3451970554888248
1.6821472607553005
1.459440652281046
1.6191696152091026
1.5166807062923908
1.6673015356063843
1.5141335017979145
1.6189459525048733
1.6562775261700153
1.6973323225975037
1.675460297614336
1.6571693606674671
1.6245830059051514
1.6682115830481052
1.458157330751419
1.7711374387145042
1.6421936266124249
1.4020500257611275
1.5043138526380062
1.4323404878377914
1.4665056616067886
1.6184600703418255
1.6594958081841469
1.49759029597044
1.3575665690004826
1.4453451670706272
1.4723368845880032
1.5234854519367218
1.4912198223173618
1.4704997725784779
1.4369918815791607
1.5227638371288776
1.5981049686670303
1.4224590249359608
1.3343460112810135
1.394763570278883
1.4951658695936203
1.5581220127642155
1.4933675825595856
1.5836814194917679
1.6152643896639347
1.492372665554285
1.6379127204418182
1.5684911720454693
1.643603429198265
1.5187957175076008
1.4849434234201908
1.4228592440485954
1.3806839883327484
1.452403623610735
1.5453050397336483
1.447631984949112
1.5126241631805897
1.590585459023714
1.4507664740085602
1.282104093581438
1.4149907976388931
1.6414630115032196
1.7288984768092632
1.6725140437483788
1.5395110249519348
1.5546728447079659
1.5495980083942413
1.5471897162497044
1.3204719983041286
1.316247921437025
1.45967673137784
1.5283438190817833
1.5694582909345627
1.6074725948274136
1.4348695129156113
1.558299757540226
1.6188113801181316
1.4595796689391136
1.4765237905085087
1.5971028953790665
1.6995967030525208
1.713062047958374
1.580676145851612
1.7374334037303925
1.7407542392611504
1.5029683969914913
1.563744429498911
1.582538552582264
1.5354928448796272
1.4668815582990646
1.642242543399334
1.7398315221071243
1.6947878748178482
1.5164372846484184
1.7929772026836872
1.700575340539217
1.6670502312481403
1.7739119865000248
1.5868599377572536
1.7401805184781551
1.6256049610674381
1.782309502363205
1.80520461499691
1.7210341282188892
1.5460442081093788
1.5000442862510681
1.3766409046947956
1.464359823614359
1.3322095982730389
1.5405267216265202
1.4432027228176594
1.6843176521360874
1.7160186432301998
1.6794685907661915
1.6623670756816864
1.696960661560297
1.5630985833704472
1.6485846675932407
1.5169861800968647
1.4075613096356392
1.5950038395822048
1.4846266880631447
1.4889546185731888
1.2291646115481853
1.2437536269426346
1.3372785784304142
1.3282281085848808
1.4355536289513111
1.1732869930565357
1.55830854550004
1.2556259259581566
1.5411807894706726
1.3499254286289215
1.428050309419632
1.384823251515627
1.3907955549657345
1.2948446683585644
1.5822907947003841
1.26298039406538
1.4276432506740093
1.4675604365766048
1.5885120555758476
1.5803332477807999
1.3403581194579601
1.4863707050681114
1.5364690609276295
1.2576220370829105
1.333578784018755
1.3911698572337627
1.3522222265601158
1.4308588467538357
1.5843470096588135
1.7090390883386135
1.447501040995121
1.4188410229980946
1.7009806632995605
1.4054810516536236
1.5652213655412197
1.5000904574990273
1.7412605620920658
1.6113521121442318
1.5537221357226372
1.4451681226491928
1.4723390340805054
1.538208220154047
1.3253787122666836
1.5142740905284882
1.3975031785666943
1.272157933562994
1.3410416953265667
1.423791315406561
1.438723385334015
1.3126132525503635
1.3899613842368126
1.4620541743934155
1.4874182045459747
1.4745219051837921
1.4933823868632317
1.5155901163816452
1.5748300403356552
1.629308331757784
1.4514554031193256
1.4376853741705418
1.2968374527990818
1.4391798190772533
1.8672442138195038
1.4329330138862133
1.6544905789196491
1.563469611108303
1.4585021510720253
1.872707862406969
1.655531670898199
1.7726783268153667
1.6726149767637253
1.622967291623354
1.7114745005965233
1.5844051279127598
1.5713145770132542
1.5916712656617165
1.5734013468027115
1.3559674359858036
1.3475493416190147
1.4038086533546448
1.5592144541442394
1.6588292978703976
1.4411418251693249
1.3991382233798504
1.6330188810825348
1.390933834016323
1.3984892517328262
1.6140915490686893
1.5390714444220066
1.6086443215608597
1.548280093818903
1.7031448259949684
1.881731927394867
1.8350090086460114
1.9780032262206078
2.096027545630932
1.8841410279273987
1.8351002112030983
1.9804677441716194
2.0008063688874245
2.214811682701111
1.9381309524178505
2.2511641904711723
2.1190198361873627
1.5973901264369488
1.7616159543395042
1.7957443445920944
1.4744362942874432
1.4570430144667625
1.4179836437106133
1.4572233483195305
1.6327744610607624
1.418622300028801
1.3859879970550537
1.4105871208012104
1.4644097499549389
1.4414732977747917
1.6238128319382668
1.5226121917366982
1.422543402761221
1.4108574837446213
1.418086215853691
1.742374986410141
1.6353286020457745
1.6378020830452442
2.032315604388714
1.844994768500328
1.5471203848719597
1.4783704280853271
1.6184198036789894
1.563645999878645
1.3476740829646587
1.4780990853905678
1.5687919296324253
1.4349483959376812
1.6348774209618568
1.8177651092410088
1.6369077414274216
1.746443085372448
1.6894238889217377
1.7688585966825485
1.478075560182333
1.7760272175073624
1.637862779200077
1.7906468100845814
1.5979650355875492
1.7035228535532951
1.822489857673645
1.8001290708780289
1.683034610003233
1.7255473472177982
1.6777236834168434
1.5396403782069683
1.6134767197072506
1.737826619297266
1.5959233567118645
1.742393709719181
1.480157770216465
1.4660590142011642
1.41280547529459
1.4738663583993912
1.4999264813959599
1.4194972328841686
1.6036474779248238
1.4140786975622177
1.6121616549789906
1.6562954746186733
1.5572498366236687
1.6912535391747952
1.5594085529446602
1.9073188118636608
1.7174236103892326
1.6174010299146175
1.562997717410326
1.711238257586956
1.5960408933460712
1.6865353435277939
1.5885267555713654
1.6583621613681316
1.6884786859154701
1.5514604859054089
1.6411243006587029
1.8029647171497345
1.384346153587103
1.646612897515297
1.5389530919492245
1.5865756087005138
1.579647421836853
1.6685852147638798
1.5284338183701038
1.850337091833353
1.531862486153841
1.282592311501503
1.3016773127019405
1.541050013154745
1.281233824789524
1.6772917360067368
1.6883380375802517
1.427437026053667
1.433508113026619
1.35270681604743
1.6233041994273663
1.5575499795377254
1.4991272799670696
1.4981808848679066
1.363626878708601
1.4919633716344833
1.4639280810952187
1.5592042952775955
1.5549297258257866
1.3593932539224625
1.4725194685161114
1.4736455604434013
1.3100577257573605
1.4336089231073856
1.54072867333889
1.4040700905025005
1.3033086992800236
1.5031835809350014
1.5192475393414497
1.3309777565300465
1.4910121075809002
1.5774961896240711
1.5658196173608303
1.6981992945075035
1.7351102717220783
1.894958857446909
1.5842717997729778
1.3798493221402168
1.4126404859125614
1.4634797014296055
1.2521534897387028
1.3155281580984592
1.4603555016219616
1.3650034181773663
1.681614201515913
1.5019249022006989
1.684424165636301
1.69850192964077
1.8130580969154835
1.6278947293758392
1.6184632331132889
1.5015042424201965
1.4523779973387718
1.6608201265335083
1.606367513537407
1.4958497881889343
1.6031091660261154
1.453840009868145
1.6126294508576393
1.4788606651127338
1.529432162642479
1.398742664605379
1.5438798926770687
1.4830657616257668
1.5385189726948738
1.705427672713995
1.6449062414467335
1.7175101973116398
1.6420825831592083
1.5660202614963055
1.4435054436326027
1.516551360487938
1.596697449684143
1.6426491476595402
1.4196493811905384
1.5532901212573051
1.4380394294857979
1.3987150490283966
1.3488766811788082
1.5120776519179344
1.3411151804029942
1.5501888282597065
1.6776450239121914
1.696894932538271
1.5726239569485188
1.589390266686678
1.4646353088319302
1.494228258728981
1.5471189729869366
1.6162055507302284
1.5935776010155678
1.3898341916501522
1.4526174999773502
1.4684746749699116
1.5049786902964115
1.758920717984438
1.5795455984771252
1.6672202721238136
1.510173488408327
1.587611310184002
1.4383566156029701
1.6540603078901768
1.5246305130422115
2.029936820268631
1.5458220280706882
1.7071904875338078
1.7757340371608734
1.7613763511180878
1.626774836331606
1.8607843779027462
1.8685670904815197
1.8172009550035
1.9959840402007103
1.9731660187244415
1.7343318052589893
1.5165511220693588
1.458548791706562
1.545556716620922
1.4816603809595108
1.7647006548941135
1.5203483402729034
1.8389495611190796
1.6657453402876854
1.7498350255191326
1.7424318566918373
1.5695659443736076
1.6576575338840485
1.6661637425422668
1.6215747073292732
1.6630540639162064
1.5845025181770325
1.7284691520035267
1.55789240822196
1.8443237468600273
1.5412532426416874
1.5082939378917217
1.526662852615118
1.3828178457915783
1.4805367551743984
1.6209308095276356
