1.8605491295456886
1.617441862821579
1.6518023125827312
1.4563022330403328
1.7676818668842316
1.7456003576517105
1.494186658412218
1.6170008853077888
1.491033736616373
1.7202669568359852
1.508467886596918
1.5121531039476395
1.4963582716882229
1.469833493232727
1.629117462784052
1.5041977129876614
1.4326171167194843
1.5263855531811714
1.4749188274145126
1.6633828580379486
1.5982644855976105
1.7912934869527817
1.4461017288267612
1.6644875258207321
1.525938756763935
1.341459020972252
1.5923760756850243
1.441476121544838
1.5983234569430351
1.5166415572166443
1.5828262604773045
1.731715876609087
1.5353692024946213
1.5614294558763504
1.684449452906847
1.4869351796805859
1.4913089834153652
1.372529935091734
1.439794521778822
1.47823154181242
1.5260014571249485
1.5910298265516758
1.5030256882309914
1.7799130268394947
1.8074302598834038
1.7490493841469288
1.6357239224016666
1.56558258831501
1.6192092187702656
1.5140229240059853
1.5149642266333103
1.548726499080658
1.7185880839824677
1.6698549054563046
1.6182567365467548
1.7248896397650242
1.682326104491949
1.4415433071553707
1.5102002546191216
1.8162275850772858
1.686191588640213
1.5350115895271301
1.687819641083479
1.760340329259634
1.8059284165501595
1.5479809567332268
1.717100266367197
1.6345687247812748
1.8269158266484737
1.7831175923347473
1.6475284807384014
1.857507649809122
1.684865653514862
1.6388605497777462
1.6070932149887085
1.6343901567161083
1.507381435483694
1.7556055709719658
1.671910099685192
1.6564935743808746
1.5516328513622284
1.5556521601974964
1.4182093888521194
1.4622533954679966
1.6050202809274197
1.5054908730089664
1.3743961155414581
1.4464887082576752
1.5353371426463127
1.5990770943462849
1.7566738091409206
1.6487464308738708
1.5414632074534893
1.4409491829574108
1.466757733374834
1.5841171070933342
1.3589178994297981
1.5489386208355427
1.6209574826061726
1.5214571617543697
1.5066171325743198
1.5578178577125072
1.6291551552712917
1.4576297476887703
1.6271540336310863
1.468317672610283
1.4490086063742638
1.7730655148625374
1.6606499962508678
1.5747199431061745
1.6737919822335243
1.6736723072826862
1.6370451860129833
1.6151975952088833
1.644638579338789
1.8167189955711365
1.7841662056744099
1.796163659542799
1.8150630071759224
1.6666683442890644
1.8264349736273289
1.622211281210184
1.567212786525488
1.4935200437903404
1.5813276544213295
1.4991584718227386
1.7057290636003017
1.3473424836993217
1.4204839617013931
1.7031070441007614
1.395426008850336
1.5397507511079311
1.7139206379652023
1.3847509399056435
1.408580906689167
1.4936982057988644
1.540484569966793
1.6375440172851086
1.5014736838638783
1.5712041556835175
1.4829104281961918
1.5030521266162395
1.6748144589364529
1.8116562888026237
1.5964177995920181
1.4443252459168434
1.4504621736705303
1.3883785419166088
1.6173520311713219
1.4042368978261948
1.5593497939407825
1.5803931504487991
1.4272205978631973
1.4985747560858727
1.4734238684177399
1.4826864525675774
1.5866625607013702
1.5578204281628132
1.7890423573553562
1.7097924649715424
1.60469164326787
1.758732058107853
1.6170534640550613
1.7349733337759972
1.4674480743706226
1.8037235401570797
1.7207373417913914
1.550466325134039
1.5100768320262432
1.431294821202755
1.5451900474727154
1.6650661453604698
1.4333272315561771
1.510998360812664
1.6272329278290272
1.4602937586605549
1.4144786037504673
1.5443166121840477
1.486709538847208
1.493865191936493
1.6817238815128803
1.6220507994294167
1.4124425165355206
1.6264385655522346
1.4570114649832249
1.5264683812856674
1.354982752352953
1.7455925457179546
1.586414609104395
1.5236882120370865
1.7368714287877083
1.402358453720808
1.439355194568634
1.3646449334919453
1.387776244431734
1.517958853393793
1.5709038265049458
1.6513472087681293
1.4725416339933872
1.3993731886148453
1.3728566467761993
1.4752179756760597
1.3288305774331093
1.4359275735914707
1.4338548332452774
1.559742670506239
1.2815388925373554
1.4229523427784443
1.541799869388342
1.5013196356594563
1.5089899562299252
1.3363542519509792
1.3600609861314297
1.5167161226272583
1.4823014661669731
1.4590380154550076
1.542453870177269
1.5265154242515564
1.4708630591630936
1.6212474815547466
1.4105295166373253
1.2852015122771263
1.5164400339126587
1.5639584958553314
1.4581571631133556
1.448162492364645
1.3500303998589516
1.5617399848997593
1.569020938128233
1.411863248795271
1.6012084931135178
1.6213645078241825
1.606368761509657
1.5071961544454098
1.5597201734781265
1.448739878833294
1.531487189233303
1.6574817895889282
1.5022012069821358
1.4079855531454086
1.5137520730495453
1.6088770665228367
1.4635941907763481
1.4585596807301044
1.489208847284317
1.4837966449558735
1.473288930952549
1.4231783635914326
1.7981342114508152
1.645568873733282
1.6026523560285568
1.4708810038864613
1.6699646227061749
1.3996966555714607
1.458735752850771
1.5026025585830212
1.5599026083946228
1.5064787343144417
1.6642719507217407
1.6712800525128841
1.7114272341132164
1.5548682399094105
1.5171929858624935
1.488584902137518
1.6499160192906857
1.5249338783323765
1.6344899646937847
1.656498596072197
1.5026575773954391
1.6223561353981495
1.5466144867241383
1.47909539565444
1.4057196229696274
1.4677881374955177
1.6818233616650105
1.394020315259695
1.4198117889463902
1.3941851556301117
1.6214520633220673
1.4356251396238804
1.4641260132193565
1.4849364794790745
1.489882543683052
1.425324723124504
1.424053642898798
1.5534284114837646
1.580703478306532
1.5285568460822105
1.6906054057180882
1.5332775563001633
1.3986014239490032
1.337584976106882
1.5500536561012268
1.5039037987589836
1.5084800757467747
1.5259536020457745
1.7007115446031094
1.6930622905492783
1.6765434592962265
1.7412928976118565
1.5619390271604061
1.6621362827718258
1.6839338652789593
1.3348789438605309
1.4113365560770035
1.3648616746068
1.4570900462567806
1.5757881961762905
1.460102815181017
1.5389480479061604
1.4423254542052746
1.5338349603116512
1.4682337865233421
1.3393725119531155
1.4687211997807026
1.3679376356303692
1.4324543625116348
1.366006139665842
1.4852711334824562
1.3958438336849213
1.3611164838075638
1.430963009595871
1.4684765823185444
1.4383056983351707
1.383041825145483
1.4610382281243801
1.4870073571801186
1.5989412516355515
1.4817852079868317
1.473170466721058
1.4830587096512318
1.7480418346822262
1.7262365221977234
1.594941146671772
1.664630752056837
1.557077594101429
1.4968387819826603
1.7768446616828442
1.570473987609148
1.4771538898348808
1.3744524344801903
1.3745787180960178
1.5187498033046722
1.5227022618055344
1.4076412208378315
1.5056351833045483
1.5356452986598015
1.6368316747248173
1.3943632952868938
1.5446471720933914
1.5735425762832165
1.428153395652771
1.439396496862173
1.656304243952036
1.6940821968019009
1.5791934244334698
1.5043609701097012
1.5655544959008694
1.5230105035007
1.6639162711799145
1.6298493705689907
1.5384953953325748
1.6860590167343616
1.8805546127259731
1.716676838696003
1.9607221260666847
1.6540062949061394
1.691984098404646
1.8494270481169224
1.8330710753798485
1.5677117593586445
1.6777598522603512
1.5151014775037766
1.419078789651394
1.579784493893385
1.4616092927753925
1.6361534520983696
1.6235155388712883
1.604718018323183
1.7142861783504486
1.644481923431158
1.5457071661949158
1.6031469888985157
1.5014656409621239
1.6628028862178326
1.5344105027616024
1.555259883403778
1.6599905081093311
1.4312379769980907
1.540339544415474
1.8593843765556812
1.767915703356266
1.8310410380363464
1.4958584792912006
1.596217144280672
1.5433032475411892
1.5521701574325562
1.6046903245151043
1.5116849280893803
1.550810918211937
1.465327125042677
1.584123183041811
1.6461150906980038
1.6582093834877014
1.7632134817540646
1.6335873939096928
1.622527476400137
1.575861744582653
1.6817057020962238
1.5037542916834354
1.6463801302015781
1.4893120042979717
1.6597700119018555
1.4517087377607822
1.4588106386363506
1.6811033748090267
1.4909780398011208
1.556773655116558
1.4427505768835545
1.5924564562737942
1.5512502416968346
1.5857566967606544
1.5026224367320538
1.7108838483691216
1.6660948880016804
1.6168250292539597
1.8288601599633694
1.6574613451957703
1.8463659137487411
1.7005391158163548
1.8644564636051655
1.814488958567381
1.944873671978712
1.6831772439181805
1.813519012182951
1.8624252267181873
1.6341781318187714
1.8150327652692795
1.7973089404404163
1.6926487237215042
1.6102303192019463
1.568314466625452
1.4690043106675148
1.7281561009585857
1.6505913622677326
1.572415318340063
1.6195413246750832
1.586041796952486
1.77441980317235
1.6164957135915756
1.6397502347826958
1.5967304110527039
1.7166499309241772
1.7713298574090004
1.826884686946869
1.486567422747612
1.5480356998741627
1.431137092411518
1.5008612498641014
1.5941663719713688
1.4980256482958794
1.34329342097044
1.4903302751481533
1.4807217419147491
1.5599060617387295
1.5718656070530415
1.5059146024286747
1.5933152846992016
1.4166678376495838
1.5867763124406338
1.4831359833478928
1.4010631069540977
1.5259664803743362
1.5383868515491486
1.5672382041811943
1.6046653091907501
1.6284826807677746
1.695320714265108
1.5176096260547638
1.4261458851397038
1.5741332806646824
1.4785631261765957
1.6544435992836952
1.6002712734043598
1.5070731081068516
1.4705788753926754
1.4270861931145191
1.5995033271610737
1.448511105030775
1.4309133030474186
1.5566133745014668
1.4780644699931145
1.4686658941209316
1.417552787810564
1.4215625375509262
1.5015049017965794
1.5287296772003174
1.3539521619677544
1.6028571762144566
1.566320575773716
1.4726889170706272
1.5914361551404
1.440034493803978
1.3238247968256474
1.544068906456232
1.3810078762471676
1.4620817378163338
1.3251140862703323
1.369518768042326
1.6124285273253918
1.4673287756741047
1.532077468931675
1.5187027789652348
1.5877724513411522
1.4853543378412724
1.5511711649596691
1.7427881956100464
1.6512548625469208
1.724295075982809
1.609071720391512
1.5853128843009472
1.3503988981246948
1.5274873562157154
1.4701139740645885
1.6527566872537136
1.6290204860270023
1.695068821310997
1.536731544882059
1.5632907450199127
1.734645951539278
1.55526053160429
1.4532833881676197
1.373502478003502
1.5463145822286606
1.4698368310928345
1.4714123867452145
1.6723737232387066
1.6761255413293839
1.8576052002608776
1.64927813783288
1.8528023958206177
1.619166612625122
1.6034083776175976
1.7179448939859867
1.5603327676653862
1.57151585444808
1.5967227555811405
1.6496726758778095
1.6565731838345528
1.5687849670648575
1.6259726360440254
1.5652881562709808
1.8237472139298916
1.3915588110685349
1.4825396202504635
1.6440136432647705
1.655837308615446
1.516105093061924
1.4589306116104126
1.591814674437046
1.5513208210468292
1.5321781188249588
1.5260718204081059
1.4747644811868668
1.6478126607835293
1.4661319330334663
1.6265712678432465
1.5880088657140732
1.7668304704129696
1.429595448076725
1.449316918849945
1.3786067217588425
1.5717213153839111
1.3408623673021793
1.620565950870514
1.5294284671545029
1.5168046951293945
1.5900402329862118
1.5676351711153984
1.6313301473855972
1.5569568537175655
1.4581457413733006
1.3448769859969616
1.4809093177318573
1.4435476586222649
1.5894476398825645
1.5127586089074612
1.6218211837112904
1.5062932036817074
1.3182512894272804
1.5486357919871807
1.605183880776167
1.4394077435135841
1.48683762550354
1.381631325930357
1.5197337456047535
1.4499203823506832
1.69472024589777
1.5710830762982368
1.3354315422475338
1.6037646606564522
1.5044381506741047
1.547459602355957
1.3538857400417328
1.3132600001990795
1.6250184439122677
1.4574392102658749
1.4384949319064617
1.6049974896013737
1.3358444422483444
1.4745268300175667
1.447923719882965
1.444774903357029
1.496688850224018
1.481066670268774
1.6475763991475105
1.622622199356556
1.656557034701109
1.6437689438462257
1.6130935661494732
1.7336843349039555
1.5554093308746815
1.4010741971433163
1.5215952061116695
1.5023399889469147
1.4095948077738285
1.5073660723865032
1.3818914741277695
1.3805243410170078
1.6248144917190075
1.4938135407865047
1.4778159335255623
1.3201371878385544
1.5280230082571507
1.5423680543899536
1.605998195707798
1.6352540701627731
1.6269761510193348
1.7417327240109444
1.605400275439024
1.6386724635958672
1.3760132417082787
1.5960471294820309
1.7152344211935997
1.790003277361393
1.6734353639185429
1.4707370102405548
1.8041471652686596
1.6520375832915306
1.4702556319534779
1.7185257747769356
1.9007062949240208
1.5867922753095627
1.6947748139500618
1.8218511193990707
1.818787157535553
1.7876552753150463
1.8335643634200096
1.8701166287064552
2.05401311814785
1.7067224346101284
1.7963155694305897
1.6798460446298122
1.9010993279516697
1.8558738119900227
1.8557259440422058
1.6615542694926262
1.3423766382038593
1.535224337130785
1.6568747125566006
1.8343570120632648
1.6102980598807335
1.5916078574955463
1.6320200823247433
1.4636776745319366
1.5432226657867432
1.5418969169259071
1.6901359632611275
1.5743273869156837
1.483789049088955
1.6615526974201202
1.73790830001235
1.587292443960905
1.686807632446289
1.472662776708603
1.4916441217064857
1.4388824738562107
1.576387021690607
1.5503411553800106
1.6285743825137615
1.5352607741951942
1.3664334900677204
1.5253802500665188
1.48926817253232
1.4968939907848835
1.6216608546674252
1.5493377558887005
1.465769685804844
1.4065203554928303
1.4847925044596195
1.439403224736452
1.6053417474031448
1.628478191792965
1.395963378250599
1.5948593840003014
1.5506068281829357
1.5779209919273853
1.5170793309807777
1.5089494995772839
1.531010553240776
1.436265118420124
1.6056310161948204
1.4456575997173786
1.5918888039886951
1.6034835129976273
1.3438453562557697
1.3630830645561218
1.4730043672025204
1.495922114700079
1.5559104308485985
1.5163264386355877
1.4684319980442524
1.2710572928190231
1.3713909275829792
1.3424142114818096
1.4179053008556366
1.4020792320370674
1.5016483664512634
1.6401949003338814
1.5098642818629742
1.3712329678237438
1.5459105931222439
1.6038744263350964
1.6323257461190224
1.563450027257204
1.3254782147705555
1.3799750283360481
1.4559288062155247
1.5909553952515125
1.5853920169174671
1.5601978041231632
1.5250182189047337
1.4263318590819836
1.3970382176339626
1.4327483624219894
1.6970067657530308
1.511776465922594
1.4862567037343979
1.6160773485898972
1.4977728053927422
1.6451110355556011
1.6052229441702366
1.5483988337218761
1.70893419906497
1.4076874740421772
1.4949704520404339
1.6118959374725819
1.4756413847208023
1.4413917511701584
1.5922448225319386
1.6293004862964153
1.5978553965687752
1.6806779690086842
1.5089531876146793
1.5504997782409191
1.4740668274462223
1.7226393483579159
1.4283849336206913
1.4702204279601574
1.3846095241606236
1.5147128701210022
1.4279114045202732
1.4568026550114155
1.4269557893276215
1.4374265596270561
1.7027125172317028
1.5824726596474648
1.5890231616795063
1.5236091241240501
1.4555019848048687
1.3573620580136776
1.445536281913519
1.5499984063208103
1.3248734846711159
1.5068385563790798
1.46673171967268
1.4409047402441502
1.4282500073313713
1.4785098880529404
1.5597824230790138
1.4168075025081635
1.504925049841404
1.8145179338753223
1.5607412345707417
1.5672162435948849
1.3972698897123337
1.3386240862309933
1.5432753264904022
1.4941634871065617
1.9112937301397324
1.6573785170912743
1.4933376461267471
1.7256377190351486
1.5836487226188183
1.4738213568925858
1.561990063637495
1.4319874197244644
1.4617487117648125
1.5401250310242176
1.4983111061155796
1.3498402945697308
1.4483905732631683
1.3443955704569817
1.4696667045354843
1.3585737943649292
1.4685943722724915
1.345316268503666
1.4754336588084698
1.4081872925162315
1.6017541363835335
1.4719674065709114
1.734137386083603
1.6945611648261547
1.6035107411444187
1.5536969266831875
1.6190078146755695
1.6731596663594246
1.451387494802475
1.5660899206995964
1.6046668253839016
1.627522699534893
1.352839957922697
1.6060803830623627
1.4760604985058308
1.4705977998673916
1.4684993363916874
1.5355766713619232
1.4363783858716488
1.3720595240592957
1.3223070055246353
1.5561315789818764
1.311236146837473
1.4765846095979214
1.392335869371891
1.5067164115607738
1.291841197758913
1.3177819214761257
1.5858039036393166
1.4372913390398026
1.4174399636685848
1.51013970002532
1.3745621144771576
1.5520920678973198
1.6605886705219746
1.3309656716883183
1.6336473412811756
1.498206153512001
1.4833271652460098
1.5166704095900059
1.6941607110202312
1.5446265451610088
1.3547516539692879
1.3679452426731586
1.3252760954201221
1.3653728812932968
1.5503494180738926
1.478299643844366
1.4346744678914547
1.5054145641624928
1.5036508962512016
1.436746995896101
1.4051649793982506
1.5924672707915306
1.5049521774053574
1.5160086564719677
1.4880968928337097
1.5036900602281094
1.4699333794414997
1.4109517559409142
1.5056975558400154
1.5244762785732746
1.6791834272444248
1.3311595879495144
1.3188056983053684
1.4978583417832851
1.5053725093603134
1.4860233999788761
1.45693027228117
1.3851098269224167
1.4960862956941128
1.4259420409798622
1.5400649830698967
1.5320520140230656
1.5832926742732525
1.481462113559246
1.6155748032033443
1.736746869981289
1.6053516045212746
1.8598710782825947
1.6930248439311981
1.8314278833568096
1.6197234578430653
1.7545344941318035
1.6198974438011646
1.599020093679428
1.506388507783413
1.5103446207940578
1.4449725337326527
1.5580182485282421
1.4992777779698372
1.4683463536202908
1.524213932454586
1.481424618512392
1.600732859224081
1.5579245202243328
1.5223988853394985
1.7625662833452225
1.373066708445549
1.5450052097439766
1.404971931129694
1.35153953358531
1.4196557588875294
1.4851233065128326
1.5773633867502213
1.4588230699300766
1.6366609260439873
1.6096491366624832
1.4512899406254292
1.4786633364856243
1.5989417806267738
1.481132484972477
1.5550985857844353
1.3634416945278645
1.307621255517006
1.3890809454023838
1.55232547596097
1.5056586936116219
1.3917150609195232
1.3305260017514229
1.4276777692139149
1.453268390148878
1.5246403515338898
1.4994800761342049
1.5201907604932785
1.4114047959446907
1.7057679444551468
1.3587558716535568
1.2941145934164524
1.3489740192890167
1.5334784351289272
1.6809472665190697
1.4587297327816486
1.733853779733181
1.4306973367929459
1.4005359672009945
1.433223720639944
1.2266637831926346
1.3848271183669567
1.3464575298130512
1.353254221379757
1.5477814674377441
1.3793192394077778
1.2848160080611706
1.4366926923394203
1.442492287606001
1.5125592984259129
1.450539767742157
1.574341457337141
1.3034823015332222
1.4835191667079926
1.390720423310995
1.558887492865324
1.715677909553051
1.4316520355641842
1.5085764676332474
1.5882998444139957
1.527554702013731
1.4342627488076687
1.3630362786352634
1.3196096867322922
1.4348904453217983
1.3629042096436024
1.5079533383250237
1.4122366346418858
1.4234845489263535
1.5460669845342636
1.655740398913622
1.5547062307596207
1.4484664909541607
1.5133039392530918
1.5960994064807892
1.4462386257946491
1.525645736604929
1.3226651549339294
1.4885887242853642
1.5084981843829155
1.5834232494235039
1.7114707939326763
1.6392108462750912
1.6860958561301231
1.4740958325564861
1.607372798025608
1.5938778668642044
1.6103319227695465
1.29023577272892
1.231678657233715
1.5066171251237392
1.4687335416674614
1.4147039949893951
1.356486264616251
1.4758267290890217
1.6242724768817425
1.4870109297335148
1.4956645853817463
1.3949017189443111
1.4216052889823914
1.492965992540121
1.6038598529994488
1.3825601935386658
1.41344852745533
1.750756073743105
1.4750193357467651
1.5104152970016003
1.5032700784504414
1.6228856332600117
1.3087353333830833
1.5892578475177288
1.6428673639893532
1.7492166608572006
1.6157807745039463
1.3466863296926022
1.5284910462796688
1.4993790425360203
1.7725229524075985
1.4420934617519379
1.5070604421198368
1.4078636467456818
1.631487637758255
1.6764934249222279
1.5432646535336971
1.4521900527179241
1.3569326251745224
1.4664653465151787
1.3142727501690388
1.4853623025119305
1.7314010635018349
1.4826456159353256
1.503269501030445
1.411801751703024
1.6469802409410477
1.4820926897227764
1.473018791526556
1.3780266493558884
1.4019235633313656
1.4276319034397602
1.576974906027317
1.3070115149021149
1.4893437698483467
1.3853943683207035
1.4848128482699394
1.629742369055748
1.5039605982601643
1.528418231755495
1.4670538753271103
1.4867478385567665
1.4898221977055073
1.3039796203374863
1.5173181369900703
1.457411952316761
1.3364166840910912
1.3673167414963245
1.490967620164156
1.3427042998373508
1.380367435514927
1.5097399167716503
1.4390447288751602
1.3667304776608944
1.3419217467308044
1.4231548011302948
1.4742146618664265
1.5745358988642693
1.4210401475429535
1.5819684341549873
1.4174832962453365
1.445249304175377
1.4524823427200317
1.4596021808683872
1.3538240194320679
1.4642123617231846
1.446165520697832
1.4806645140051842
1.4160763062536716
1.4841275550425053
1.2309532351791859
1.4302514903247356
1.5178000405430794
1.3870011381804943
1.4015594571828842
1.2824945114552975
1.6524231657385826
1.4290319196879864
1.4293519146740437
1.5904709435999393
1.3036543428897858
1.6277041397988796
1.5828853398561478
1.4756250008940697
1.4881221801042557
1.5600913725793362
1.579602673649788
1.5281057804822922
1.5313673056662083
1.501289900392294
1.5070979595184326
1.514450814574957
1.2545089721679688
1.5732167474925518
1.3986783102154732
1.52059455960989
1.4764353409409523
1.5454926267266273
1.3012088425457478
1.476442240178585
1.5881511010229588
1.638166882097721
1.6430560238659382
1.5021235346794128
1.658830899745226
1.3990726843476295
1.4551054276525974
1.5623203814029694
1.6242108531296253
1.5087049379944801
1.5118868611752987
1.4708858877420425
1.4188356585800648
1.398442205041647
1.4800200909376144
1.4236515872180462
1.394019816070795
1.7133084945380688
1.3499058410525322
1.3346431218087673
1.5334915705025196
1.570127073675394
1.525496318936348
1.49225814640522
1.4589446932077408
1.466183103621006
1.3054088354110718
1.419165588915348
1.2940900847315788
1.4985913150012493
1.5027850642800331
1.562794666737318
1.4927119128406048
1.5975802578032017
1.5405296012759209
1.5740924216806889
1.4728292748332024
1.5353584736585617
1.6333449631929398
1.5677973963320255
1.5091675259172916
1.50530469045043
1.3496165983378887
1.2516326196491718
1.369764618575573
1.4859172441065311
1.5047746300697327
1.605090692639351
1.5823727399110794
1.6052586361765862
1.6095948368310928
1.932941548526287
1.8737051039934158
1.631817676126957
1.5654336214065552
1.6569733060896397
1.5900198593735695
1.8072864562273026
1.6913676708936691
1.7312487252056599
1.7764582484960556
1.630031954497099
1.7045051418244839
1.6705040484666824
1.5401128195226192
1.537255086004734
1.643602840602398
1.4969118013978004
1.6139806807041168
1.5099831633269787
1.4864966571331024
1.467799823731184
1.4315924569964409
1.4650946967303753
1.5078182816505432
1.4448081701993942
1.5524683892726898
1.5636600516736507
1.408180270344019
1.5717696584761143
1.7135789804160595
1.4344537779688835
1.598048284649849
1.5535336136817932
1.542143814265728
1.3602493964135647
1.4326225370168686
1.4480922296643257
1.3454275950789452
1.4463232308626175
1.5420533418655396
1.3913410864770412
1.569486252963543
1.7324192486703396
1.525712177157402
1.5936581045389175
1.5343298874795437
1.4437644705176353
1.329923264682293
1.6146555989980698
1.5565100722014904
1.4982881918549538
1.4632763490080833
1.5260526277124882
1.48671343177557
1.4054587930440903
1.6275101229548454
1.350937657058239
1.74650564417243
1.5072922743856907
1.583269227296114
1.5623532719910145
1.6633468829095364
1.4711830206215382
1.5352123454213142
1.5658610723912716
1.3966457210481167
1.5256269201636314
1.619561079889536
1.4170985147356987
1.6891121119260788
1.588824324309826
1.591115828603506
1.6306666433811188
1.6530175283551216
1.6127041764557362
1.6016648598015308
1.5241264142096043
1.6398052126169205
1.6274698972702026
1.6017993092536926
1.4635058119893074
1.5899609066545963
1.5922970548272133
1.4434510804712772
1.3901744559407234
1.3903745524585247
1.4932754933834076
1.6263212822377682
1.616379488259554
1.459410909563303
1.4152888134121895
1.3818117640912533
1.59212751314044
1.5922451354563236
1.4078515358269215
1.486404426395893
1.616783656179905
1.4917105957865715
1.5083097331225872
1.59669666364789
1.694822445511818
1.6129153817892075
1.5538107492029667
1.5649222508072853
1.4728700928390026
1.5705753043293953
1.4873257726430893
1.4296154007315636
1.569027155637741
1.404621921479702
1.6379440426826477
1.2695346400141716
1.511080864816904
1.3535766936838627
1.5200137719511986
1.6088922657072544
1.4946978613734245
1.5542420372366905
1.4461859054863453
1.5910496935248375
1.5622273162007332
1.3424122519791126
1.3285718820989132
1.4973640032112598
1.5856331065297127
1.4471916407346725
1.5526875406503677
1.456032745540142
1.4245281144976616
1.5627944581210613
1.3974836058914661
1.2518832311034203
1.4356005974113941
1.4007359333336353
1.4678259156644344
1.3274005949497223
1.4515737891197205
1.5994786769151688
1.4271357730031013
1.453186959028244
1.4493279233574867
1.4051495417952538
1.475657369941473
1.6149993315339088
1.5550263039767742
1.4823301956057549
1.4869997948408127
1.5034766979515553
1.5369471870362759
1.3232104666531086
1.4479345008730888
1.2454053238034248
1.431041181087494
1.5344718880951405
1.5812354199588299
1.7303284592926502
1.5966589078307152
1.514680277556181
1.7029872499406338
1.6714662089943886
1.7310767769813538
1.704996544867754
1.5762303844094276
1.4496488235890865
1.5605270080268383
1.5620025917887688
1.458216417580843
1.4669252783060074
1.4032200798392296
1.3996739760041237
1.4319817125797272
1.397440418601036
1.4727606289088726
1.4511392898857594
1.5248212181031704
1.3775027729570866
1.3632246069610119
1.4056597985327244
1.458882074803114
1.3329660408198833
1.3677027374505997
1.5176674127578735
1.5080961473286152
1.3545472547411919
1.4957759454846382
1.64521699026227
1.637645710259676
1.5783027671277523
1.4560657106339931
1.5580159574747086
1.6203189045190811
1.6043191812932491
1.540660060942173
1.6962724328041077
1.5478059351444244
1.5708448104560375
1.363707397133112
1.554699506610632
1.4975089691579342
1.4427857734262943
1.393063746392727
1.5906313955783844
1.6578147895634174
1.7040242850780487
1.4975471198558807
1.563902486115694
1.8055271692574024
1.6735450513660908
1.8222802467644215
1.7698166854679585
1.8518427722156048
1.7878938652575016
1.5818269364535809
1.5829771123826504
1.6229040063917637
1.3545842356979847
1.4373508021235466
1.3605256900191307
1.4219031035900116
1.3527072668075562
1.3149030953645706
1.3842689171433449
1.509552724659443
1.5541479550302029
1.4029124528169632
1.7162407711148262
1.3830753937363625
1.3749165497720242
1.4703127481043339
1.5802073813974857
1.4525323621928692
1.5103334859013557
1.391617864370346
1.5320316404104233
1.5818195901811123
1.5293733291327953
1.3825581781566143
1.5779341161251068
1.5707868970930576
1.5543676689267159
1.5085787251591682
1.5656597130000591
1.6024421378970146
1.676004346460104
1.4322873428463936
1.5782489851117134
1.4898803606629372
1.739570114761591
1.9074274078011513
1.4659930244088173
1.690599910914898
1.862081378698349
1.5282926075160503
1.3702402114868164
1.4118734039366245
1.4458588287234306
1.565976072102785
1.465709064155817
1.60927364975214
1.2437946759164333
1.3336240872740746
1.5976551212370396
1.3370935283601284
1.4719607308506966
1.5507288053631783
1.4203650876879692
1.3982151821255684
1.5988362953066826
1.2905505895614624
1.5979413874447346
1.461128644645214
1.4461225233972073
1.6343942768871784
1.5574107468128204
1.4962422139942646
1.4740507490932941
1.5269925519824028
1.5190876945853233
1.5793031863868237
1.4081475175917149
1.702690552920103
1.3990960158407688
1.5195582509040833
1.3937213607132435
1.3909624852240086
1.376184418797493
1.5753153525292873
1.5186089724302292
1.6070526577532291
1.6593059822916985
1.5206560380756855
1.527603518217802
1.60971774533391
1.434085637331009
1.53001219779253
1.5478000342845917
1.4829687997698784
1.5089837536215782
1.4299828186631203
1.5036558248102665
1.4280274957418442
1.2923226840794086
1.4403620027005672
1.6473422721028328
1.4255987666547298
1.359090767800808
1.3023121282458305
1.6284311786293983
1.4359006807208061
1.442729227244854
1.422196950763464
1.5737245380878448
1.4085986912250519
1.4323637634515762
1.3744103349745274
1.3269038014113903
1.4579574652016163
1.4076974801719189
1.3728460557758808
1.4365904219448566
1.5593980625271797
1.5325166247785091
1.6112027950584888
1.4213783480226994
1.4994941093027592
1.5622290447354317
1.4973703362047672
1.4953637719154358
1.3517338633537292
1.5648205615580082
1.5063701532781124
1.4562336578965187
1.5575125962495804
1.4827060364186764
1.7021982930600643
1.4527211971580982
1.5029115192592144
1.6090104766190052
1.6697966642677784
1.664833553135395
1.7562123574316502
1.5690687373280525
1.602882046252489
1.8603295162320137
1.657292190939188
1.451029546558857
1.4612795487046242
1.4527887776494026
1.487646970897913
1.4809426218271255
1.476555224508047
1.4874038100242615
1.5206728540360928
1.5685113668441772
1.4543695375323296
1.4382068254053593
1.6876391880214214
1.5607411935925484
1.7293280474841595
1.6467623375356197
1.8309861198067665
1.5445162057876587
1.924175202846527
1.708412267267704
1.7352256700396538
1.6444179713726044
1.4551319852471352
1.524160910397768
1.5794912576675415
1.4089183621108532
1.3625747188925743
1.3599493987858295
1.2352665141224861
1.383679460734129
1.5284937657415867
1.2062420137226582
1.444850079715252
1.378119308501482
1.4716813638806343
1.5586140975356102
1.4020796418190002
1.6012152321636677
1.5555439665913582
1.487962994724512
1.3820716589689255
1.3667264208197594
1.5360909178853035
1.342850148677826
1.4517113454639912
1.2335701547563076
1.4324223101139069
1.346318829804659
1.3787714019417763
1.2572075240314007
1.54377381503582
1.4244591780006886
1.5666162855923176
1.420789960771799
1.65602670237422
1.5713330656290054
1.4601856209337711
1.3627880737185478
1.4711547009646893
1.5529964752495289
1.3950206004083157
1.4606661051511765
1.5132850296795368
1.2658972665667534
1.3717075139284134
1.522520538419485
1.453609962016344
1.3747648857533932
1.4906235933303833
1.6972799077630043
1.4774654656648636
1.675008799880743
1.4196382090449333
1.4204361699521542
1.5421638488769531
1.3826407417654991
1.723026730120182
1.4609791189432144
1.4268458932638168
1.5163428261876106
1.4389427714049816
1.4453162178397179
1.495963916182518
1.4492035917937756
1.422128789126873
1.4727500267326832
1.588199209421873
1.4123405665159225
1.5236359909176826
1.3965786471962929
1.4482722878456116
1.3647984489798546
1.527219220995903
1.6002690456807613
1.4808386825025082
1.438146959990263
1.5714198499917984
1.6801327653229237
1.623218398541212
1.6629475466907024
1.4609208330512047
1.5208090096712112
1.55779580026865
1.7449183873832226
1.6002516224980354
1.6270764358341694
1.5477450042963028
1.4961552806198597
1.4705159924924374
1.7016988322138786
1.5762521736323833
1.562800895422697
1.6208728104829788
1.6388728879392147
1.533958539366722
1.7856747433543205
1.6172409690916538
1.4053761325776577
1.466728549450636
1.6024078503251076
1.5629468858242035
1.6482024937868118
1.568465892225504
1.4252002909779549
1.6726850531995296
1.426891028881073
1.4775077551603317
1.5267002433538437
1.5313867814838886
1.3932552821934223
1.4236581325531006
1.5025948733091354
1.5477877631783485
1.3987400345504284
1.345454152673483
1.4365735277533531
1.3179890550673008
1.5290023051202297
1.680969137698412
1.475806076079607
1.4042477831244469
1.405200533568859
1.4839470572769642
1.5268952399492264
1.5073655880987644
1.8032937310636044
1.5298514738678932
1.779516976326704
1.5646804422140121
1.6731536760926247
1.5025685019791126
1.5976701900362968
1.484069600701332
1.6137875318527222
1.7029210031032562
1.4899218268692493
1.522984903305769
1.3590118661522865
1.5020334012806416
1.528568435460329
1.4326200596988201
1.3174593225121498
1.4944501928985119
1.5758854076266289
1.349707629531622
1.5548862144351006
1.635377213358879
1.3833137527108192
1.3820026107132435
1.5268378518521786
1.6027251370251179
1.334808349609375
1.447801735252142
1.3156586661934853
1.4096910580992699
1.323154654353857
1.3790245465934277
1.3681244142353535
1.4340726658701897
1.512085247784853
1.4215937405824661
1.4313903376460075
1.5433185771107674
1.4495362266898155
1.471466802060604
1.7189562767744064
1.2747696079313755
1.6523207128047943
1.5175208821892738
1.4105405025184155
1.6007106229662895
1.4960675574839115
1.345274444669485
1.5184569582343102
1.4028365723788738
1.589632660150528
1.5855714865028858
1.443897407501936
1.5422312580049038
1.6279109567403793
1.4097936935722828
1.2716472819447517
1.3439314737915993
1.5197915881872177
1.4067253917455673
1.2534318566322327
1.3523228205740452
1.4828297309577465
1.6376097910106182
1.5746007151901722
1.6665385253727436
1.5512195900082588
1.562501348555088
1.4932484589517117
1.5836977697908878
1.5351822525262833
1.498940173536539
1.4346261471509933
1.5171217136085033
1.4389783218502998
1.5665421336889267
1.4494770914316177
1.4554098509252071
1.5099766291677952
1.6962553896009922
1.4466878660023212
1.2914397679269314
1.2970658726990223
1.5810632668435574
1.580150805413723
1.6751700229942799
1.7400921620428562
1.72877948731184
1.7389843724668026
1.4659085385501385
1.6401170194149017
1.859635129570961
1.721042312681675
1.7172173745930195
1.441005427390337
1.5981068313121796
1.6059973388910294
1.540474746376276
1.531532384455204
1.7633059993386269
1.4059896022081375
1.567504107952118
1.425415851175785
1.4870428815484047
1.4302892088890076
1.599581751972437
1.4786999337375164
1.4749247841536999
1.506526805460453
1.3743490017950535
1.4089402221143246
1.4145557507872581
1.302582610398531
1.4346844218671322
1.377213355153799
1.5743949972093105
1.5992745868861675
1.323242336511612
1.4959203749895096
1.45490987226367
1.6763090528547764
1.4080984219908714
1.3751171678304672
1.5021652951836586
1.356934703886509
1.4348531067371368
1.5897933170199394
1.5582619234919548
1.2914897575974464
1.4495741575956345
1.441387090831995
1.4320584647357464
1.4394624903798103
1.4350256137549877
1.3778712712228298
1.6100040078163147
1.461287971585989
1.4915205985307693
1.47271366417408
1.504548441618681
1.3151375837624073
1.3888329602777958
1.3628154546022415
1.5540263392031193
1.5411202162504196
1.3939301073551178
1.4430576525628567
1.414807491004467
1.4046096913516521
1.3295010961592197
1.5540788769721985
1.341336715966463
1.515802975744009
1.5134757794439793
1.456262268126011
1.4844907708466053
1.5821570418775082
1.424507923424244
1.4989010579884052
1.2787946499884129
1.5809575617313385
1.6889932416379452
1.6861697994172573
1.464761108160019
1.61428739503026
1.4632670655846596
1.732152447104454
1.417676217854023
1.5733728483319283
1.4146499894559383
1.3481576032936573
1.5262116491794586
1.4121169447898865
1.3769491240382195
1.5179777964949608
1.457092136144638
1.3502949848771095
1.6186258643865585
1.262239784002304
1.4547830522060394
1.490202285349369
1.3473706282675266
1.3953227885067463
1.2772288136184216
1.5102703720331192
1.4370131008327007
1.448207426816225
1.6370143182575703
1.4943582005798817
1.476890154182911
1.592551652342081
1.5103980116546154
1.5410805605351925
1.3984487503767014
1.5766075998544693
1.4353013224899769
1.2635168246924877
1.5561039373278618
1.2898049540817738
1.4479971788823605
1.612786777317524
1.39446185156703
1.5972031727433205
1.3388171717524529
1.5858981423079967
1.6539305113255978
1.4744105450809002
1.482152033597231
1.3992378003895283
1.4963674545288086
1.6500635370612144
1.3792696297168732
1.3922249004244804
1.4066723100841045
1.4208462461829185
1.3670163340866566
1.3951295465230942
1.4502514488995075
1.3727037981152534
1.405227918177843
1.5178131125867367
1.3210298232734203
1.4556482583284378
1.506854958832264
1.4578825943171978
1.4215306341648102
1.5485147051513195
1.4483738616108894
1.505377572029829
1.5999494530260563
1.6360708065330982
1.6147877611219883
1.7862487807869911
1.4470933340489864
1.562326654791832
1.7039388492703438
1.6044496484100819
1.7311320826411247
1.6786089017987251
1.554627139121294
1.6934838891029358
1.572258848696947
1.4346735551953316
1.4781490303575993
1.5977729558944702
1.5514048002660275
1.5360800474882126
1.548367653042078
1.603497713804245
1.7792833968997002
1.5981135107576847
1.7223071418702602
1.458482626825571
1.3602519370615482
1.3402459248900414
1.4501813128590584
1.5724888779222965
1.5236546732485294
1.4381610043346882
1.3649437353014946
1.5173469819128513
1.441819854080677
1.5559641122817993
1.3857714422047138
1.397851224988699
1.7277913428843021
1.5543862245976925
1.6661978401243687
1.612160611897707
1.9035533890128136
1.7713356353342533
1.6567106805741787
1.9028723984956741
1.850706372410059
1.5861746519804
1.7786267958581448
1.576365239918232
1.6029116846621037
1.6479397043585777
1.5674571581184864
1.5302539095282555
1.4024722501635551
1.6131887659430504
1.6754352897405624
1.421694166958332
1.3783227019011974
1.5085691548883915
1.457409605383873
1.596249807626009
1.4656062498688698
1.454445991665125
1.4571701809763908
1.5825174823403358
1.370480965822935
1.3990665599703789
1.4576930478215218
1.5151437148451805
1.3900865241885185
1.5187321044504642
1.5010341070592403
1.4026572369039059
1.485269732773304
1.6537313163280487
1.4875175319612026
1.4640273340046406
1.684948481619358
1.5773803628981113
1.6874408721923828
1.6747124753892422
1.958534136414528
1.7454498186707497
1.6548693105578423
1.8034488037228584
1.6889032125473022
1.7609685249626637
1.7563556022942066
1.6917374916374683
1.6904878951609135
1.9082940593361855
1.6246261522173882
1.6839090771973133
1.6491367034614086
1.3996189646422863
1.5662660785019398
1.37179347127676
1.488183319568634
1.7193472348153591
1.4946643374860287
1.3486915528774261
1.3499511741101742
1.4757632948458195
1.5057674683630466
1.6465389840304852
1.463752955198288
1.741097953170538
1.2889469489455223
1.6664619147777557
1.5470165312290192
1.578014638274908
1.5166606679558754
1.5007610768079758
1.5987509824335575
1.687671709805727
1.5183611400425434
1.5438987724483013
1.3608881384134293
1.633129008114338
1.5840946733951569
1.4368241541087627
1.4542484246194363
1.5140269622206688
1.577507022768259
1.4632868766784668
1.4925454296171665
1.6996743828058243
1.4877331890165806
1.4554410502314568
1.578296560794115
1.5788965076208115
1.619062788784504
1.557518258690834
1.5017777383327484
1.5997614786028862
1.4792512655258179
1.562067400664091
1.5387387052178383
1.4680786654353142
1.4033405929803848
1.4199401065707207
1.5662514977157116
1.5110594034194946
1.5279123671352863
1.624607864767313
1.668240737169981
1.5934643670916557
1.4681640416383743
1.4623803608119488
1.480643231421709
1.4183205030858517
1.4259780570864677
1.3733594752848148
1.5546412132680416
1.6017756760120392
1.5348824486136436
1.4906647615134716
1.4375337287783623
1.5936916321516037
1.4860023632645607
1.7157589234411716
1.702804859727621
1.4486482702195644
1.5579958856105804
1.3792379945516586
1.5830273777246475
1.5253141224384308
1.402943141758442
1.517966415733099
1.4935610443353653
1.2949447222054005
1.348622340708971
1.2656830176711082
1.5278181657195091
1.5143156424164772
1.4244330897927284
1.355867512524128
1.3701519221067429
1.4328278116881847
1.408652987331152
1.4098424799740314
1.3768435008823872
1.4338303916156292
1.335640236735344
1.4020176641643047
1.51000115275383
1.5596545860171318
1.5414481200277805
1.3597235605120659
1.4946331903338432
1.3928618170320988
1.4888228476047516
1.3886076919734478
1.550265733152628
1.8090963624417782
1.383981615304947
1.4118644297122955
1.3849256075918674
1.3879546150565147
1.4038362242281437
1.3578197620809078
1.504950437694788
1.5461647398769855
1.3885409198701382
1.3987464644014835
1.3667694255709648
1.5567806772887707
1.5083513781428337
1.386658251285553
1.4282179549336433
1.5142331421375275
1.4099678732454777
1.4325040727853775
1.548394676297903
1.4551833868026733
1.3528820276260376
1.3912933319807053
1.4310846477746964
1.5657762810587883
1.362352468073368
1.5789717771112919
1.4463551603257656
1.3584859296679497
1.4951704628765583
1.4385037273168564
1.2932251654565334
1.361342515796423
1.345702838152647
1.3292441815137863
1.3870448879897594
1.3178592063486576
1.671123806387186
1.655745092779398
1.7487246952950954
1.567874401807785
1.511512417346239
1.5602497719228268
1.7083625979721546
1.5181973576545715
1.56737220287323
1.717585202306509
1.5871314406394958
1.622029148042202
1.4011097364127636
1.558169711381197
1.6333165690302849
1.6150120869278908
1.5776816830039024
1.621938619762659
1.6120727472007275
1.6183208599686623
1.5487954802811146
1.5396879725158215
1.5684404373168945
1.5817487835884094
1.6468534506857395
1.5885639637708664
1.6786781586706638
1.6854606233537197
1.6582839153707027
1.5924721919000149
1.700388666242361
1.4453182518482208
1.560670617967844
1.514469102025032
1.5752302557229996
1.4464295469224453
1.552495587617159
1.4872062280774117
1.6507145911455154
1.381786871701479
1.4297731444239616
1.5055077634751797
1.4603430442512035
1.5873364359140396
1.5143509209156036
1.2879683896899223
1.4609414115548134
1.3402000702917576
1.4910233616828918
1.387384556233883
1.4594067223370075
1.4368113949894905
1.4715331345796585
1.4232835285365582
1.4388891533017159
1.5866730511188507
1.4788129962980747
1.8314943388104439
1.5226026512682438
1.638046246021986
1.5997506119310856
1.79981829226017
1.8113079741597176
1.5057334788143635
1.7192222774028778
1.6494323834776878
1.7111670821905136
1.7298025861382484
1.5242448337376118
1.4080532379448414
1.604964468628168
1.4110946506261826
1.46160027384758
1.4317372366786003
1.6914490051567554
1.5226188823580742
1.634652242064476
1.425744779407978
1.5445562712848186
1.4191053062677383
1.5423085950314999
1.447098158299923
1.3681769892573357
1.374662909656763
1.459527775645256
1.3912811391055584
1.3366803228855133
1.2892447225749493
1.6263414956629276
1.6441287621855736
1.4129799418151379
1.4657669514417648
1.5175874680280685
1.4910638071596622
1.3425214439630508
1.4992859363555908
1.5140141174197197
1.5196903198957443
1.5685277506709099
1.4991638772189617
1.4744620695710182
1.6053194105625153
1.6385154351592064
1.3902596794068813
1.5617555491626263
1.2072106637060642
1.3879927955567837
1.3491597771644592
1.3986072801053524
1.590079989284277
1.6774067804217339
1.5345170199871063
1.3947469145059586
1.473185881972313
1.4662102237343788
1.5945107638835907
1.4419939331710339
1.4699184484779835
1.5832553803920746
1.3886259905993938
1.5460555888712406
1.3943947479128838
1.405464556068182
1.243105921894312
1.4536688029766083
1.4625031016767025
1.6076811254024506
1.5690291561186314
1.5039014630019665
1.3808984868228436
1.4746587797999382
1.4375757053494453
1.4621285796165466
1.5539572089910507
1.4031775072216988
1.388030007481575
1.3743663467466831
1.3885878548026085
1.3532192595303059
1.5622862130403519
1.6076988577842712
1.4033186510205269
1.5801525563001633
1.3069573529064655
1.4886387884616852
1.332166913896799
1.5408565811812878
1.407777152955532
1.5297979712486267
1.603770513087511
1.5615528523921967
1.5918316543102264
1.8324001096189022
1.830519750714302
1.7507987655699253
1.6345793530344963
1.690168734639883
1.6453522741794586
1.819949235767126
1.7933528274297714
1.700461208820343
1.7417312636971474
1.7921714819967747
1.7312473244965076
1.915300939232111
1.5887985900044441
1.676533866673708
1.665123164653778
1.97898605838418
1.4896266609430313
1.5590332187712193
1.6473280601203442
1.630349401384592
1.5481785386800766
1.4665784798562527
1.5765190608799458
1.6440351195633411
1.5652545280754566
1.240748055279255
1.5354117825627327
1.451210379600525
1.488965131342411
1.3669083714485168
1.4626013822853565
1.4103472754359245
1.5699992962181568
1.3650633953511715
1.4038342237472534
1.4836415499448776
1.5652945935726166
1.372032456099987
1.5472593232989311
1.4052399918437004
1.553323619067669
1.5906291417777538
1.4134163782000542
1.4455122537910938
1.5351704619824886
1.6519897021353245
1.6018627472221851
1.5877959467470646
1.682097028940916
1.722874827682972
1.7507902793586254
1.515726264566183
1.643154826015234
1.4511951841413975
1.4234679117798805
1.5647841021418571
1.3561677485704422
1.3361131474375725
1.3941508829593658
1.4674768224358559
1.478965900838375
1.3561254441738129
1.3049912117421627
1.4086146242916584
1.436267200857401
1.524577684700489
1.3817052096128464
1.3483113944530487
1.4745742343366146
1.4906702227890491
1.5416911840438843
1.4527946077287197
1.5215217247605324
1.5138690322637558
1.5049993097782135
1.5066482461988926
1.3243035860359669
1.6294247210025787
1.3919631838798523
1.3196493498981
1.2794911041855812
1.5425904653966427
1.318910874426365
1.361484918743372
1.3749158717691898
1.5979419015347958
1.4877907074987888
1.7710594907402992
1.5823036283254623
1.7104829959571362
1.6960721127688885
1.732226312160492
1.5739073120057583
1.724080353975296
1.7214000262320042
1.8802378103137016
1.7660194747149944
1.8065754398703575
1.8278010971844196
1.7507743500173092
1.8464314602315426
1.7269988097250462
1.8443954698741436
1.777659323066473
1.6714470721781254
1.6657611206173897
1.7734237499535084
1.5435043200850487
1.6111216731369495
1.5540204010903835
1.6951098889112473
1.5092965960502625
1.4366071820259094
1.5914394296705723
1.439494576305151
1.4999395161867142
1.4359841495752335
1.6087312065064907
1.4237918742001057
1.6609451659023762
1.5131528712809086
1.3595923036336899
1.47940206900239
1.4794419333338737
1.4647904373705387
1.5456498377025127
1.5346504002809525
1.3590600937604904
1.5666463375091553
1.4419974833726883
1.4255416207015514
1.4392462186515331
1.5104138068854809
1.4554578550159931
1.3561450690031052
1.5588746778666973
1.4253929518163204
1.2680958583950996
1.563254565000534
1.4955391436815262
1.3810967579483986
1.6018821001052856
1.370186559855938
1.362103570252657
1.470223281532526
1.4685221165418625
1.4030693396925926
1.3772740848362446
1.4977973103523254
1.529003120958805
1.443722628057003
1.6165894530713558
1.5108437351882458
1.5330589897930622
1.5444450043141842
1.5997801534831524
1.5199681296944618
1.7288573570549488
1.5473993867635727
1.4898087941110134
1.3991206958889961
1.3971724286675453
1.6950828209519386
1.7189463265240192
1.9395802468061447
1.684873353689909
1.8213617838919163
1.4956428185105324
1.651927214115858
1.6983641013503075
1.7768747471272945
1.4464189670979977
1.7528740614652634
1.781846608966589
1.5384618490934372
1.499122355133295
1.530317384749651
1.5000304244458675
1.404146134853363
1.6015641763806343
1.457791492342949
1.3989243395626545
1.4882024638354778
1.4758616015315056
1.5897058211266994
1.5106090493500233
1.337078832089901
1.3451610431075096
1.4398728497326374
1.2957414463162422
1.4605194702744484
1.4885673634707928
1.437068298459053
1.5517396181821823
1.4069252908229828
1.7036829218268394
1.3875766396522522
1.4936135299503803
1.3683943077921867
1.5143867619335651
1.4033582620322704
1.5037887915968895
1.382115751504898
1.4151334762573242
1.5137691907584667
1.4573067873716354
1.5769979543983936
1.3731633014976978
1.4879442676901817
1.630024928599596
1.3700712285935879
1.5010557547211647
1.4716084636747837
1.4863192923367023
1.6367628015577793
1.5599925518035889
1.421286717057228
1.442208904772997
1.3827272169291973
1.590841919183731
1.5576787777245045
1.3550615757703781
1.5210788697004318
1.4228255823254585
1.4814951829612255
1.285866241902113
1.3694134652614594
1.4978384040296078
1.3301494382321835
1.3336159773170948
1.5277763940393925
1.363129984587431
1.460092943161726
1.2809101305902004
1.2701461166143417
1.391138445585966
1.443384487181902
1.5011153481900692
1.4177669323980808
1.4596542678773403
1.247371181845665
1.342570949345827
1.5263051129877567
1.604413691908121
1.3781858570873737
1.4229438416659832
1.514327209442854
1.512269526720047
1.4372873418033123
1.3569171875715256
1.4600014984607697
1.343508780002594
1.2910384982824326
1.4698845259845257
1.7710152752697468
1.4269517548382282
1.4392414912581444
1.5254440009593964
1.3830474056303501
1.5041439682245255
1.7539412714540958
1.6007161736488342
1.862653210759163
1.884901575744152
1.6178753040730953
1.725488517433405
1.7604238986968994
1.5998282879590988
1.4657932259142399
1.7790023386478424
1.9727681651711464
1.7382455170154572
1.5989126935601234
1.7072845548391342
1.621958453208208
1.7285604514181614
1.6333138011395931
1.8033036887645721
1.9071995429694653
2.1166864708065987
1.7495855800807476
1.8126544430851936
1.6943452656269073
1.59913819283247
1.458639070391655
1.5597519911825657
1.6180552653968334
1.5579649209976196
1.5683846324682236
1.4865734800696373
1.6671595722436905
1.568065606057644
1.4973128698766232
1.4084634631872177
1.5955802351236343
1.5903132520616055
1.4746693074703217
1.6419929526746273
1.6053602248430252
1.6609418727457523
1.5104228258132935
1.5451013073325157
1.7204429395496845
1.650817595422268
1.6023633666336536
1.550547268241644
1.4863135442137718
1.5138005763292313
1.4562277346849442
1.5167048908770084
1.3171340338885784
1.462450049817562
1.5294478833675385
1.34947057813406
1.6224174983799458
1.6896819025278091
1.4260758198797703
1.7374487854540348
1.305232547223568
1.6378512009978294
1.4218932427465916
1.4694864191114902
1.517260517925024
1.4077859446406364
1.6906399428844452
1.3146944977343082
1.3744008243083954
1.4610739424824715
1.57797334715724
1.3543232046067715
1.5851177647709846
1.3237067982554436
1.3696444183588028
1.3634597845375538
1.2986484579741955
1.4992777481675148
1.3846816308796406
1.392306350171566
1.3838973492383957
1.3093110471963882
1.4949482567608356
1.4849547371268272
1.430062010884285
1.4797124341130257
1.240199364721775
1.5455927476286888
1.6468743905425072
1.3584457151591778
1.5561577267944813
1.4625407382845879
1.4921345189213753
1.474336963146925
1.446965679526329
1.3431086838245392
1.4263137243688107
1.5442139655351639
1.5280395336449146
1.5722794346511364
1.4754972532391548
1.5995656624436378
1.4320928156375885
1.5170532912015915
1.4270070530474186
1.5748002231121063
1.5629255287349224
1.520234365016222
1.6741062141954899
1.357990488409996
1.4760636910796165
1.507193773984909
1.47585853561759
1.7104910649359226
1.5407749898731709
1.6229867823421955
1.404357697814703
1.5454374067485332
1.4546838030219078
1.5591996684670448
1.551262579858303
1.4346715025603771
1.5658521316945553
1.4268571771681309
1.5044512301683426
1.493200622498989
1.4880137629806995
1.4368062280118465
1.4750678017735481
1.527795858681202
1.6210497617721558
1.4550008438527584
1.4687773250043392
1.4134927950799465
1.5364905931055546
1.6407081112265587
1.4451116770505905
1.5792144984006882
1.6996863931417465
1.6052274517714977
1.3927852250635624
1.671055682003498
1.6033821031451225
1.83827393501997
1.9735275134444237
1.7192192822694778
1.7448912523686886
1.6613169647753239
1.6051279716193676
1.49661910161376
1.6532200053334236
1.5432142242789268
1.617297101765871
1.5458427146077156
1.480075117200613
1.4414894059300423
1.5095666833221912
1.5282393917441368
1.5416576862335205
1.4487349092960358
1.5703611001372337
1.357826393097639
1.6108469441533089
1.4196102432906628
1.4481492079794407
1.4208190217614174
1.4803702272474766
1.2999481298029423
1.4681720957159996
1.5052445530891418
1.3386274091899395
1.3860160782933235
1.2676603980362415
1.6642526760697365
1.4782280549407005
1.4803822971880436
1.451952002942562
1.6863585524260998
1.4809428043663502
1.5838174186646938
1.3999668657779694
1.548215325921774
1.4636092968285084
1.6262188479304314
1.56778210029006
1.319245096296072
1.526843547821045
1.4761403873562813
1.5170953795313835
1.4250422678887844
1.3872447833418846
1.449799370020628
1.6832545697689056
1.4339222982525826
1.3190877549350262
1.3917920663952827
1.4649943336844444
1.5657362677156925
1.4129492565989494
1.3647745847702026
1.5952451825141907
1.6109113432466984
1.5163168720901012
1.5522316917777061
1.7268248423933983
1.4334598742425442
1.4377324730157852
1.5486350618302822
1.4376531019806862
1.6538936160504818
1.4313660934567451
1.5369160436093807
1.4480384066700935
1.4657907038927078
1.4808352664113045
1.4832330644130707
1.512644913047552
1.4234825000166893
1.5187427401542664
1.3309073932468891
1.4556128606200218
1.4448807202279568
1.4345695823431015
1.4278942197561264
1.3971132412552834
1.2777965031564236
1.5789384543895721
1.6120756082236767
1.6213233843445778
1.5265565775334835
1.7395467944443226
1.6237753108143806
1.5430391617119312
1.4640349224209785
1.5633543655276299
1.5558745563030243
1.518420197069645
1.4135702475905418
1.4683615416288376
1.428826980292797
1.424827005714178
1.4670026749372482
1.5096557699143887
1.4188468009233475
1.3967094011604786
1.3199512101709843
1.5885659977793694
1.5295177921652794
1.724488914012909
1.643514983355999
1.3696816749870777
1.5202315747737885
1.3081273064017296
1.454809259623289
1.533910233527422
1.409526962786913
1.4148828722536564
1.3663357868790627
1.5552964583039284
1.3453582562506199
1.42671437561512
1.5917392298579216
1.344043605029583
1.3170102201402187
1.3995618261396885
1.3331982418894768
1.5518913008272648
1.42240359634161
1.9035588391125202
1.4017911590635777
1.433856338262558
1.5740143284201622
1.390916083008051
1.4345898851752281
1.6533799096941948
1.4631489776074886
1.3049156852066517
1.332531027495861
1.6956768967211246
1.306291464716196
1.4157629422843456
1.4085064269602299
1.473363522440195
1.3448067121207714
1.6042693629860878
1.4803198724985123
1.4249648936092854
1.4904562458395958
1.4554645344614983
1.5803252197802067
1.4231467545032501
1.5955195277929306
1.4003628343343735
1.5047226957976818
1.5406204834580421
1.560047958046198
1.6697726510465145
1.563304252922535
1.5630060248076916
1.6588830836117268
1.5193440467119217
1.5704410262405872
1.6375928185880184
1.7004043571650982
1.512842059135437
1.6735129579901695
1.821158915758133
1.794173888862133
1.6560580916702747
1.549353078007698
1.4865662418305874
1.4078879654407501
1.6027494594454765
1.5693866461515427
1.693493116647005
1.6979530528187752
1.5407684408128262
1.720282893627882
1.6171386912465096
1.7025571316480637
1.599769551306963
1.570044420659542
1.5571360439062119
1.3613622821867466
1.461788460612297
1.5285278111696243
1.4162920638918877
1.4047902897000313
1.4799653179943562
1.5081351399421692
1.5952088125050068
1.651312444359064
1.3634588159620762
1.446947418153286
1.407713159918785
1.5072633661329746
1.5544563941657543
1.3630604334175587
1.3908624276518822
1.439459003508091
1.4970227591693401
1.4175009280443192
1.5263170972466469
1.695539578795433
1.7201423346996307
1.6829803586006165
1.7354901880025864
1.658601276576519
1.7412745729088783
1.474869605153799
1.6397123001515865
1.5906609147787094
1.6519084721803665
1.6847909912467003
1.4224472418427467
1.5069686844944954
1.3762183040380478
1.5266194120049477
1.3650457337498665
1.4612611383199692
1.2864634469151497
1.6292066909372807
1.5858209505677223
1.4508143402636051
1.5516748502850533
1.4456040672957897
1.4474942982196808
1.4225645251572132
1.6267480291426182
1.3305446840822697
1.3000209107995033
1.4375848546624184
1.3126558139920235
1.4317009411752224
1.2745799124240875
1.435117032378912
1.496344055980444
1.4657001681625843
1.5678738355636597
1.5612021200358868
1.4419786483049393
1.5973901562392712
1.3845134153962135
1.677323341369629
1.2500187084078789
1.4804407060146332
1.3884738758206367
1.3770141154527664
1.5652831606566906
1.548017282038927
1.604185875505209
1.5017139986157417
1.5796886086463928
1.6051887273788452
1.5447777695953846
1.4250020384788513
1.6391584947705269
1.6211585588753223
1.6425460502505302
1.37563855946064
1.4730465486645699
1.5543451942503452
1.563953459262848
1.5423369258642197
1.5987066105008125
1.6715022586286068
1.6193933188915253
1.5398194007575512
1.7479256056249142
1.4651233665645123
1.6612068973481655
1.489635318517685
1.6027468964457512
1.4824291244149208
1.494081486016512
1.4899697043001652
1.5455445125699043
1.4905218183994293
1.3332723937928677
1.4369767718017101
1.5648333691060543
1.5860331319272518
1.610268458724022
1.6930040158331394
1.641901545226574
1.6441409327089787
1.6830733455717564
1.7074278853833675
1.6545932963490486
1.5416197665035725
1.6089829802513123
1.5722614265978336
1.7798464410007
1.5715167000889778
1.6554739251732826
1.6604689061641693
1.5061958506703377
1.4156348630785942
1.5173439048230648
1.4442895762622356
1.344209797680378
1.4687445797026157
1.3599694408476353
1.4393987581133842
1.436653733253479
1.4159081727266312
1.6303545944392681
1.3513700179755688
1.5180912427604198
1.542442038655281
1.5095795914530754
1.560623187571764
1.484421256929636
1.3889383748173714
1.6471683233976364
1.4276232719421387
1.6152106411755085
1.4610804207623005
1.4741974212229252
1.6646586023271084
1.4589683338999748
1.5479948557913303
1.518674097955227
1.4737730771303177
1.3880449496209621
1.3072099275887012
1.5353802591562271
1.5662229545414448
1.5990427657961845
1.4180616922676563
1.194604504853487
1.3168731108307838
1.4610822051763535
1.4586838595569134
1.452767539769411
1.3985620066523552
1.527064111083746
1.3741970583796501
1.5630051754415035
1.471329614520073
1.641892246901989
1.4982272759079933
1.5232316069304943
1.4876883514225483
1.4084133505821228
1.4360962137579918
1.3931913748383522
1.399121381342411
1.4697435721755028
1.3671029694378376
1.3561687655746937
1.4453408382833004
1.3150706365704536
1.5302900411188602
1.327210046350956
1.48653344810009
1.3544659428298473
1.5685656182467937
1.5155687592923641
1.5811565853655338
1.2090314216911793
1.2832807525992393
1.4639665372669697
1.5784436091780663
1.3715701252222061
1.4512104280292988
1.400593489408493
1.3953222818672657
1.4984102882444859
1.424312673509121
1.3710240125656128
1.379825633019209
1.4385144338011742
1.3196271397173405
1.3510020077228546
1.5742135606706142
1.317703738808632
1.6218578517436981
1.3507568165659904
1.4440159611403942
1.4748380854725838
1.3676225952804089
1.3475082516670227
1.5331011153757572
1.4132467322051525
1.5141682513058186
1.519289843738079
1.591600924730301
1.4729331322014332
1.4863530993461609
1.3637465611100197
1.4049894958734512
1.3982083015143871
1.3497433997690678
1.4442926608026028
1.2935080341994762
1.4821454621851444
1.3380857855081558
1.3359280191361904
1.5778127573430538
1.3871291987597942
1.3153710253536701
1.4692178294062614
1.619112517684698
1.3768901862204075
1.5374169126152992
1.5949654541909695
1.6921993903815746
1.6228706799447536
1.4974450133740902
1.4503301829099655
1.5616495683789253
1.36360527202487
1.6474089436233044
1.513211201876402
1.4350220449268818
1.5557808987796307
1.5690716467797756
1.5075230412185192
1.5535048767924309
1.5200533270835876
1.4576471708714962
1.5609688237309456
1.3407158628106117
1.3994792848825455
1.6473000533878803
1.6704958155751228
1.7471023127436638
1.7101299352943897
1.627379860728979
1.557849757373333
1.4112927727401257
1.5868109129369259
1.4622408114373684
1.46082429215312
1.4024696946144104
1.3711100593209267
1.4102489165961742
1.4224988408386707
1.5863381922245026
1.2625620774924755
1.431434754282236
1.3833995647728443
1.4148465804755688
1.4118898026645184
1.3882066681981087
1.407743938267231
1.3246522955596447
1.3685732893645763
1.5006143040955067
1.497707448899746
1.6853479407727718
1.4951360151171684
1.4645815342664719
1.5062441751360893
1.538350347429514
1.6108338795602322
1.4751400798559189
1.4962638020515442
1.5557582639157772
1.4442112408578396
1.391722358763218
1.5191410779953003
1.4101631045341492
1.5746544115245342
1.5047083422541618
1.5172717720270157
1.511675775051117
1.4311015978455544
1.546058639883995
1.5337915495038033
1.6172165535390377
1.6064529493451118
1.5024485401809216
1.4674513712525368
1.628307718783617
1.6270661018788815
1.6414218544960022
1.5575119741261005
1.6133854873478413
1.4407107643783092
1.7692947536706924
1.7023739144206047
1.7916065081954002
1.7560239471495152
1.648138515651226
1.82275053486228
1.6969747357070446
1.8444859012961388
1.76424103602767
1.6560506112873554
1.7962087616324425
1.771609853953123
1.84431342035532
1.642779741436243
1.6277482397854328
1.4862723238766193
1.4467388056218624
1.540319874882698
1.420824158936739
1.5355416759848595
1.6655050069093704
1.659322366118431
1.3987998887896538
1.5153638385236263
1.5209296084940434
1.5333732031285763
1.5673878230154514
1.8200807683169842
1.5916264355182648
1.7901132628321648
1.6401478424668312
1.5362737998366356
1.5777519941329956
1.450664073228836
1.4326612390577793
1.5582403391599655
1.5078685097396374
1.448716551065445
1.4511988833546638
1.4607399441301823
1.4299573972821236
1.5961762554943562
1.357594322413206
1.4050767831504345
1.6674296259880066
1.5848565772175789
1.4330403432250023
1.6028761342167854
1.6402079351246357
1.6063841432332993
1.4840366020798683
1.4450991190969944
1.3837515898048878
1.4632652327418327
1.5464553460478783
1.4391185827553272
1.6144939064979553
1.62526610866189
1.5029570423066616
1.6551443189382553
1.519673090428114
1.4118296466767788
1.5186529755592346
1.4278332106769085
1.5192088894546032
1.424658503383398
1.4295692928135395
1.4314673654735088
1.6063226871192455
1.515039298683405
1.4957144558429718
1.6197814345359802
1.6114437952637672
1.826721403747797
1.6616969630122185
1.5262005217373371
1.4896461740136147
1.374979704618454
1.6512650772929192
1.6461549252271652
1.3172350339591503
1.4720373935997486
1.372962363064289
1.3805871680378914
1.5368858464062214
1.416594970971346
1.481250375509262
1.470809195190668
1.3941362090408802
1.5042758919298649
1.5498186759650707
1.3070055395364761
1.4855925999581814
1.4975901879370213
1.4745326898992062
1.511023998260498
1.5099890381097794
1.359505295753479
1.3192893005907536
1.4759653210639954
1.524337287992239
1.5768380425870419
1.5519210323691368
1.6004425324499607
1.3738769739866257
1.357043419033289
1.4452741295099258
1.5226312428712845
1.31835450604558
1.477957870811224
1.398598924279213
1.2568539269268513
1.3974567763507366
1.5484357066452503
1.297263391315937
1.3756155669689178
1.404742881655693
1.5952509455382824
1.4402607716619968
1.3270347826182842
1.5827738270163536
1.4772216193377972
1.646149504929781
1.5673239044845104
1.5721824988722801
1.6379565857350826
1.5717888809740543
1.5687750577926636
1.5585922338068485
1.459099419414997
1.591792706400156
1.3639042563736439
1.3928394578397274
1.5397833213210106
1.3872683569788933
1.4879421889781952
1.4392093494534492
1.459104310721159
1.3498727045953274
1.3056357465684414
1.3719851300120354
1.2285408824682236
1.2589200101792812
1.420030388981104
1.6471333056688309
1.5108835734426975
1.421673223376274
1.4116290993988514
1.3079462684690952
1.4934529177844524
1.5685981810092926
1.5520496517419815
1.403263296931982
1.7159900106489658
1.3425885401666164
1.5779504999518394
1.562521431595087
1.4807902909815311
1.7603723257780075
1.5066475868225098
1.5102363638579845
1.3447770476341248
1.4643558822572231
1.5031815208494663
1.4322268590331078
1.5961468406021595
1.554482951760292
1.5651803947985172
1.4520826041698456
1.5584229119122028
1.567002896219492
1.4993978030979633
1.5106068551540375
1.6566673144698143
1.4144763015210629
1.5776221193373203
1.5620847679674625
1.4490417651832104
1.3664542958140373
1.5247491709887981
1.5740465559065342
1.5901411212980747
1.439166583120823
1.7381907664239407
1.6023870594799519
1.583277154713869
1.6981925442814827
1.7226740904152393
1.8205066695809364
1.7161088101565838
1.7173217870295048
1.8792095705866814
1.6464273408055305
1.9839017018675804
1.6130269728600979
1.7147212661802769
1.6693187691271305
1.369693323969841
1.518785696476698
1.486226461827755
1.4833996780216694
1.4364452846348286
1.4399199895560741
1.5315915904939175
1.379098266363144
1.7568545937538147
1.4762521237134933
1.5011615082621574
1.6069875806570053
1.5795468278229237
1.6441351100802422
1.6254706345498562
1.5098449885845184
1.4805896505713463
1.4392778426408768
1.4410459883511066
1.4536941088736057
1.490919817239046
1.5814132317900658
1.559938482940197
1.5506341382861137
1.4466846399009228
1.587620571255684
1.5690623447299004
1.5597995296120644
1.5370209068059921
1.3510157391428947
1.462194811552763
1.3449560068547726
1.2474243678152561
1.4536473751068115
1.467319343239069
1.421019446104765
1.5747955851256847
1.3773967623710632
1.4347552321851254
1.5345184206962585
1.5434596240520477
1.6015624664723873
1.46294866502285
1.4085872508585453
1.4768401868641376
1.5402002073824406
1.5154975466430187
1.5149529874324799
1.654957726597786
1.4624520614743233
1.6508872173726559
1.6412966847419739
1.680124145001173
1.672538086771965
1.809927612543106
1.7734069004654884
1.668868813663721
1.5460279025137424
1.6093043126165867
1.4005479477345943
1.5621791295707226
1.4420766197144985
1.3706825114786625
1.4155874513089657
1.4737961515784264
1.4311901032924652
1.3815301433205605
1.4800535030663013
1.4762612394988537
1.4364991709589958
1.4010974317789078
1.5488839522004128
1.5369104221463203
1.4854151122272015
1.7209828831255436
1.7146529369056225
1.5993130430579185
1.5106042250990868
1.6119325831532478
1.4964415207505226
1.5508507415652275
1.4870154671370983
1.4197667054831982
1.321459587663412
1.5517369359731674
1.5066046603024006
1.3815527483820915
1.5434642732143402
1.6269040182232857
1.5878095887601376
1.6337310262024403
1.5587791614234447
1.7418648935854435
1.6996950916945934
1.6772938780486584
1.592522893100977
1.529184140264988
1.5348356366157532
1.557252898812294
1.5118908807635307
1.6841181442141533
1.5676064118742943
1.6177662834525108
1.7485325559973717
1.6569962352514267
1.9186114966869354
1.7915877811610699
1.6574946120381355
1.8016513176262379
1.761849444359541
1.8730762600898743
1.9885817281901836
1.6986915282905102
1.770682517439127
1.8165158070623875
1.63224021717906
1.8069786131381989
1.7764773555099964
1.7186612524092197
1.647684246301651
1.6173786632716656
1.521654061973095
1.7683974653482437
1.5590655580163002
1.4767966382205486
1.4714925549924374
1.6111497730016708
1.5485957637429237
1.5059986747801304
1.5692346803843975
1.8022868670523167
1.8210264816880226
1.740526169538498
1.7013444639742374
1.556965745985508
1.438593715429306
1.4816836565732956
1.5413654334843159
1.5877950973808765
1.4210821241140366
1.633037842810154
1.6001868098974228
1.5398724973201752
1.434737753123045
1.5453673154115677
1.8887686505913734
1.6342600248754025
1.6663811057806015
1.7991399392485619
1.7162045538425446
1.8284891620278358
1.6753478683531284
1.5730572529137135
1.553782906383276
1.7558233141899109
1.6023861430585384
1.60209796205163
1.3847126923501492
1.6543436646461487
1.7276091612875462
1.4427951090037823
1.6141692101955414
1.364465281367302
1.565668448805809
1.318659719079733
1.397593729197979
1.5343264117836952
1.4948325008153915
1.402432568371296
1.4447717890143394
1.4818925522267818
1.3996258452534676
1.47049043700099
1.4491134583950043
1.4664883948862553
1.5570916570723057
1.5776867605745792
1.440122615545988
1.6345489621162415
1.5918038487434387
1.4232265837490559
1.3741007149219513
1.4620816074311733
1.3324605450034142
1.3220336511731148
1.5346105955541134
1.4462621361017227
1.588175404816866
1.47629189863801
1.4470586813986301
1.3669451884925365
1.525526449084282
1.426230825483799
1.4062136560678482
1.4891159124672413
1.3062046207487583
1.4506286941468716
1.5518963001668453
1.4990882016718388
1.3631332777440548
1.5127714090049267
1.5553233735263348
1.500219639390707
1.3953962251543999
1.3894229717552662
1.5154391750693321
1.6088571101427078
1.4949579164385796
1.5891004353761673
1.6559530086815357
1.7356451153755188
1.6380818709731102
1.7555422559380531
1.738939255475998
1.5792463161051273
1.7016446739435196
1.7864742130041122
1.7085721604526043
2.025232158601284
1.8860034868121147
1.8194514773786068
1.7454718053340912
1.7701616398990154
1.725196734070778
1.8565215729176998
1.8278066292405128
1.7749029621481895
1.965706616640091
1.5701440051198006
1.69521514326334
1.6217888034880161
1.5349435321986675
1.7313863560557365
1.6401715315878391
1.5636165402829647
1.5895356200635433
1.541626788675785
1.5892648287117481
1.521639596670866
1.5326485224068165
1.4780454896390438
1.3792029544711113
1.5449917763471603
1.5194504857063293
1.3884073719382286
1.5885993465781212
1.4922125041484833
1.568682100623846
1.5324687249958515
1.5261539183557034
1.3772514015436172
1.626964047551155
1.5071800388395786
1.4561858251690865
1.3664112873375416
1.4949244149029255
1.5447301305830479
1.3294640220701694
1.5084113702178001
1.4018595963716507
1.7060326263308525
1.340103704482317
1.5860199332237244
1.5901901610195637
1.685181137174368
1.4626291207969189
1.5085280314087868
1.3752773478627205
1.3807991370558739
1.3796290047466755
1.3383253626525402
1.4685318395495415
1.4677639119327068
1.461306158453226
1.3696663565933704
1.458652302622795
1.4470419883728027
1.4444594271481037
1.4737524800002575
1.4488747864961624
1.2813657596707344
1.3782204650342464
1.3388710021972656
1.486955601722002
1.6147523447871208
1.5475899204611778
1.5643289871513844
1.397091954946518
1.5855750143527985
1.6104972250759602
1.5565719082951546
1.7350789420306683
1.5679222531616688
1.6878172494471073
1.5103793814778328
1.66455951705575
1.3962152488529682
1.5784708596765995
1.4729836583137512
1.4269390627741814
1.4902266897261143
1.5431290045380592
1.4946050755679607
1.5340145006775856
1.548631925135851
1.4636180959641933
1.4759225584566593
1.4829660132527351
1.3571023419499397
1.576470784842968
1.4677426479756832
1.4458672143518925
1.400893222540617
1.2697768807411194
1.3337226435542107
1.4573216959834099
1.2742348685860634
1.4733128882944584
1.365524847060442
1.421756748110056
1.387285441160202
1.419422335922718
1.5194575525820255
1.5693770833313465
1.525553934276104
1.3327010497450829
1.2800634317100048
1.5196939408779144
1.55291348695755
1.37894007563591
1.442383661866188
1.6739068627357483
1.488347813487053
1.258409421890974
1.5477281473577023
1.5048069581389427
1.4810819700360298
1.4922113865613937
1.3645116947591305
1.4999866858124733
1.586974360048771
1.5330760814249516
1.356918666511774
1.5533086322247982
1.3042202554643154
1.5227765329182148
1.316693153232336
1.512088906019926
1.4367062449455261
1.5188162215054035
1.2932302616536617
1.4566174000501633
1.3410385474562645
1.3591999001801014
1.2927591428160667
1.511777762323618
1.367966365069151
1.6588320657610893
1.6375319547951221
1.6651957519352436
1.4822672009468079
1.48812997341156
1.388048056513071
1.3695208579301834
1.388255063444376
1.4612963609397411
1.4323717094957829
1.5822085179388523
1.4877913482487202
1.5239517986774445
1.4368506409227848
1.409323439002037
1.1286287754774094
1.3726725354790688
1.5365890339016914
1.5838522277772427
1.2704719044268131
1.3895727321505547
1.4096534587442875
1.459199469536543
1.5269982032477856
1.5791458263993263
1.4038843251764774
1.5573727525770664
1.5915418453514576
1.608300931751728
1.2864976041018963
1.420271374285221
1.3826215006411076
1.3535904251039028
1.2597364597022533
1.6017006672918797
1.5381819941103458
1.4841730929911137
1.3977546133100986
1.347023967653513
1.363302767276764
1.3442566245794296
1.3909089267253876
1.518870770931244
1.423895351588726
1.3872558660805225
1.4202794767916203
1.352888334542513
1.723248302936554
1.5199737213551998
1.5169597081840038
1.5497280731797218
1.5035049989819527
1.7521296292543411
1.3364526629447937
1.4486886709928513
1.5678564719855785
1.5982396937906742
1.4633693732321262
1.3936919867992401
1.585831444710493
1.555812906473875
1.4400073066353798
1.2887024246156216
1.4939518496394157
1.3452409245073795
1.419966921210289
1.4605931527912617
1.3001114651560783
1.420046117156744
1.5224467888474464
1.396700818091631
1.5314384959638119
1.41082314401865
1.4084884449839592
1.4408253952860832
1.3147854804992676
1.5567998886108398
1.452371347695589
1.3485304936766624
1.4098025001585484
1.4403109028935432
1.3046635016798973
1.5499879829585552
1.3744624629616737
1.236943431198597
1.5366105735301971
1.4584950655698776
1.552822232246399
1.3894846215844154
1.368327286094427
1.3703017979860306
1.613115593791008
1.4830995723605156
1.39285521581769
1.4117164723575115
1.7131330408155918
1.4339633584022522
1.7349418103694916
1.5323141068220139
1.3900969363749027
1.347415216267109
1.5288213156163692
1.5824301056563854
1.457554902881384
1.4446401707828045
1.45959497615695
1.6359125450253487
1.49780448153615
1.6180831864476204
1.6718009747564793
1.6043946743011475
1.5744594000279903
1.5260709077119827
1.5845489837229252
1.353219211101532
1.3833673745393753
1.7210694141685963
1.5779637917876244
1.633558627218008
1.625180747359991
1.5570217072963715
1.5320214442908764
1.606931235641241
1.456849817186594
1.4642437845468521
1.6775113381445408
1.4408487752079964
1.554928321391344
1.4664459079504013
1.536581613123417
1.500273708254099
1.4877708181738853
1.4452055357396603
1.456540260463953
1.3669251687824726
1.6310288533568382
1.5324725024402142
1.225769191980362
1.460984855890274
1.3859669119119644
1.43814193084836
1.4754380583763123
1.5114524848759174
1.604148916900158
1.4335409477353096
1.6224823147058487
1.4539965130388737
1.4947176687419415
1.5677381120622158
1.6383697800338268
1.4503884874284267
1.4849108532071114
1.367715872824192
1.4434386529028416
1.6485884599387646
1.6338967457413673
1.707014538347721
1.5142953917384148
1.6586341150105
1.5479752533137798
1.5252818912267685
1.3176876679062843
1.732240367680788
1.5300083719193935
1.4991252906620502
1.555327668786049
1.5200217515230179
1.6144522242248058
1.5764064826071262
1.5576546229422092
1.699703324586153
1.4298372007906437
1.3633514121174812
1.4054383300244808
1.4664174541831017
1.6052890717983246
1.4797965586185455
1.5962378084659576
1.5182642675936222
1.3418697901070118
1.3506039567291737
1.5368959829211235
1.3278204165399075
1.4564473815262318
1.4308592826128006
1.4135892391204834
1.4673762395977974
1.42893560603261
1.6355675011873245
1.342247273772955
1.2899573110044003
1.4701331406831741
1.4168174527585506
1.2513336651027203
1.4296706765890121
1.3982328958809376
1.3735929466784
1.3007067255675793
1.5303075276315212
1.2776933014392853
1.3920299895107746
1.5422102510929108
1.3493689522147179
1.5164353102445602
1.5124884434044361
1.3135955855250359
1.4184803515672684
1.2950942814350128
1.4806409031152725
1.5859011597931385
1.3701714873313904
1.2670074924826622
1.4720216616988182
1.4378820061683655
1.5778321735560894
1.4652408324182034
1.6393321193754673
1.613795019686222
1.5741726011037827
1.6626377329230309
1.6627017185091972
1.6582400389015675
1.8676460422575474
1.6942057646811008
1.7518254518508911
1.725462056696415
1.508752677589655
1.4619298502802849
1.581150185316801
1.5759412571787834
1.5345115959644318
1.4245492592453957
1.3240764774382114
1.6057679504156113
1.4255397990345955
1.4339284114539623
1.5286040417850018
1.6089286506175995
1.5863538980484009
1.4327094182372093
1.4591385759413242
1.5003105476498604
1.3082781359553337
1.5718218609690666
1.4084307290613651
1.5640044324100018
1.5231600739061832
1.4771764352917671
1.514922395348549
1.4045493081212044
1.4169049337506294
1.58566165715456
1.7051761373877525
1.6507118307054043
1.6578155606985092
1.5546677596867085
1.6142098270356655
1.564387772232294
1.470397874712944
1.5867805667221546
1.4510992802679539
1.6688476726412773
1.4593721963465214
1.6443563550710678
1.5714791528880596
1.454593226313591
1.5113856419920921
1.5512792095541954
1.4302516765892506
1.5488580986857414
1.2797958441078663
1.437754139304161
1.3488447740674019
1.4909036457538605
1.5682338140904903
1.4828954264521599
1.4950768165290356
1.4470265954732895
1.7307081036269665
1.598382942378521
1.5606524758040905
1.5208852961659431
1.3764816597104073
1.281429462134838
1.4405963197350502
1.5636555887758732
1.2814245820045471
1.5762273110449314
1.3742814399302006
1.4852392598986626
1.51789191365242
1.4182794652879238
1.4172085486352444
1.428960394114256
1.3254076167941093
1.311596978455782
1.3417857773602009
1.3855550549924374
1.3041603304445744
1.682713232934475
1.4262444153428078
1.3498015813529491
1.5364919565618038
1.475227765738964
1.3514420874416828
1.465202584862709
1.3528949581086636
1.465836588293314
1.2113468758761883
1.4073746874928474
1.4332288578152657
1.4253225177526474
1.3690654300153255
1.7139027528464794
1.5568836852908134
1.5892790257930756
1.4671879038214684
1.3197313100099564
1.6371451951563358
1.3952311500906944
1.4992296360433102
1.3881094679236412
1.5317817367613316
1.3810087069869041
1.589640349149704
1.4919003583490849
1.5818241871893406
1.4185406304895878
1.5905790105462074
1.503836814314127
1.591953944414854
1.4514136873185635
1.5280092619359493
1.5452386438846588
1.3729238733649254
1.485065747052431
1.555436473339796
1.4040684141218662
1.4671710282564163
1.383768118917942
1.5479169450700283
1.465795673429966
1.561683975160122
1.6697583459317684
1.4042585603892803
1.5701632425189018
1.6657413244247437
1.4956283904612064
1.4598789624869823
1.688441950827837
1.688072420656681
1.4925294369459152
1.5461995042860508
1.5113881677389145
1.3671036027371883
1.4830526784062386
1.4348674453794956
1.496630970388651
1.4221116825938225
1.8626260198652744
1.5939024277031422
1.5063121989369392
1.5938419587910175
1.6915196254849434
1.6533194370567799
1.5940937884151936
1.776590134948492
1.4957251884043217
1.5865263380110264
1.610850390046835
1.6678493432700634
1.4840109311044216
1.6589599177241325
1.6284050084650517
1.4490248002111912
1.5525336153805256
1.2887987047433853
1.5306073613464832
1.4854641780257225
1.5025663003325462
1.4712866619229317
1.531814768910408
1.5588639974594116
1.5339519754052162
1.6182681806385517
1.2996200881898403
1.3638746589422226
1.5874173566699028
1.494893491268158
1.5106388479471207
1.4235245361924171
1.3186178244650364
1.424321036785841
1.5147579424083233
1.4229133985936642
1.4227340184152126
1.5485108606517315
1.568562563508749
1.4646389372646809
1.5838229693472385
1.3829383216798306
1.361926332116127
1.407726675271988
1.3930902257561684
1.4678577929735184
1.5217472799122334
1.4855786487460136
1.4667516462504864
1.349877905100584
1.4431227073073387
1.4232239536941051
1.3097544237971306
1.467723038047552
1.609856091439724
1.5804893299937248
1.2910532243549824
1.3277014344930649
1.3393363654613495
1.2585976533591747
1.3542193248867989
1.407198492437601
1.4088110066950321
1.3971106372773647
1.3833270221948624
1.395580269396305
1.4696138985455036
1.483833771198988
1.5536534674465656
1.39285197108984
1.5322723686695099
1.2228618375957012
1.2664002291858196
1.4734946116805077
1.5206832736730576
1.3118710778653622
1.3308619186282158
1.4756371453404427
1.6525429785251617
1.6066738776862621
1.7151680961251259
1.5829724445939064
1.228058461099863
1.5641220472753048
1.4102921783924103
1.2137241810560226
1.47992492467165
1.411984447389841
1.4077399708330631
1.334947444498539
1.474464662373066
1.5758280456066132
1.566629022359848
1.648184895515442
1.2345126867294312
1.3671496249735355
1.4934336990118027
1.4463608786463737
1.6401331424713135
1.5471864566206932
1.4886610507965088
1.5155415050685406
1.4433354064822197
1.5920115672051907
1.6250888369977474
1.484164860099554
1.4690747819840908
1.4717213995754719
1.4464516639709473
1.392682258039713
1.435376200824976
1.4177799224853516
1.541337814182043
1.6054580211639404
1.746784221380949
1.70761688798666
1.6851496137678623
1.5427678413689137
1.646968211978674
1.5661876872181892
1.3454404808580875
1.3337697610259056
1.598936740309
1.596517588943243
1.416007362306118
1.433590430766344
1.6439412832260132
1.5216059014201164
1.2636804021894932
1.546844881027937
1.4597503021359444
1.515139862895012
1.4215880557894707
1.251516681164503
1.551595851778984
1.530055470764637
1.6202533021569252
1.5441496670246124
1.414083793759346
1.463500514626503
1.3460095562040806
1.3894203454256058
1.4435518234968185
1.476158332079649
1.3336961306631565
1.6490117907524109
1.4803843386471272
1.42753417044878
1.6741291172802448
1.5639779418706894
1.4848061203956604
1.326767921447754
1.3596649765968323
1.4947856850922108
1.2390333376824856
1.5391802452504635
1.3294926434755325
1.2811204306781292
1.381213255226612
1.4339835420250893
1.3525202609598637
1.428925447165966
1.3211610950529575
1.3877165727317333
1.523138165473938
1.389715239405632
1.4189856685698032
1.5261882059276104
1.5437318608164787
1.4989425390958786
1.3301173448562622
1.2839075811207294
1.3522488288581371
1.4565293602645397
1.2219313122332096
1.5272775180637836
1.4060199372470379
1.5532639548182487
1.519352026283741
1.483550313860178
1.5434252209961414
1.4263293221592903
1.5465878695249557
1.4484968557953835
1.3321061618626118
1.634876824915409
1.3067852891981602
1.4110223166644573
1.4732147864997387
1.546490367501974
1.324827428907156
1.4364696815609932
1.4699567034840584
1.200736165046692
1.4381276443600655
1.5531032234430313
1.3729687258601189
1.4802340008318424
1.5726305209100246
1.3767295703291893
1.5667452104389668
1.4891704581677914
1.4841888286173344
1.682624265551567
1.287826031446457
1.4313707798719406
1.4724254496395588
1.470983400940895
1.3477308191359043
1.5159673765301704
1.3798390664160252
1.4873082265257835
1.4299656972289085
1.511798407882452
1.4280714355409145
1.487302839756012
1.600188422948122
1.4448925852775574
1.4240624718368053
1.518496248871088
1.3973231576383114
1.4252771101891994
1.3922377228736877
1.4794218316674232
1.3027531392872334
1.4400377571582794
1.5314257368445396
1.8241959251463413
1.6729307398200035
1.5530324280261993
1.570029053837061
1.7383218593895435
1.7586562968790531
1.517862182110548
1.6328063197433949
1.6085968874394894
1.5575410537421703
1.8131032809615135
1.5990562848746777
1.5002141892910004
1.6891853213310242
1.6514280587434769
1.6311885379254818
1.6294954530894756
1.6357559449970722
1.6199666559696198
1.7188416570425034
1.6485679782927036
1.7672081850469112
1.7850463204085827
1.5558002293109894
1.5287253595888615
1.4447058029472828
1.4473401345312595
1.5189743489027023
1.5481086820363998
1.3697505071759224
1.5563288368284702
1.2038233913481236
1.3569498620927334
1.390202708542347
1.3746292293071747
1.6829639300704002
1.5375553257763386
1.3203157037496567
1.528631567955017
1.67103486135602
1.6576208136975765
1.7272196374833584
1.4885790571570396
1.5155104398727417
1.3082589022815228
1.5475438944995403
1.5012028701603413
1.828623939305544
1.6959707364439964
1.5678007155656815
1.5208045840263367
1.7651552110910416
1.666057351976633
1.6151855178177357
1.6589083522558212
1.5929554551839828
1.4045857973396778
1.642124641686678
1.4429107941687107
1.2978996373713017
1.4679900147020817
1.3984809443354607
1.5138107985258102
1.4869196265935898
1.6103057973086834
1.4752101488411427
1.6046645753085613
1.2752434685826302
1.4356761425733566
1.382509931921959
1.4207332022488117
1.4940353259444237
1.5479516983032227
1.630609605461359
1.300877507776022
1.445031937211752
1.5081460699439049
1.3655362538993359
1.3164866790175438
1.453694473952055
1.3474491499364376
1.316321525722742
1.4119214713573456
1.497535727918148
1.3705793097615242
1.4869696721434593
1.451680239289999
1.473490871489048
1.5744704976677895
1.3760948739945889
1.4101514928042889
1.4857774414122105
1.4986409358680248
1.4599978476762772
1.474793717265129
1.5416826009750366
1.6083544865250587
1.5584508553147316
1.536889635026455
1.74311837926507
1.6290734112262726
1.6324491314589977
1.4531026221811771
1.5484116598963737
1.4427347928285599
1.4771167188882828
1.4789062291383743
1.4662392027676105
1.316045269370079
1.5566209144890308
1.3207345455884933
1.3997699581086636
1.4694507010281086
1.3988933861255646
1.4396336004137993
1.4542882032692432
1.463745679706335
1.467123031616211
1.4065907262265682
1.6259331069886684
1.420019131153822
1.637392520904541
1.6102718077600002
1.4956853687763214
1.6638610810041428
1.4942212216556072
1.6967386789619923
1.399953581392765
1.5180245265364647
1.7251156754791737
1.6625301539897919
1.45401955768466
1.5722576826810837
1.3810129538178444
1.395270224660635
1.3569745495915413
1.5674027428030968
1.3325518518686295
1.471281036734581
1.3492615669965744
1.5351661406457424
1.3753009252250195
1.641736064106226
1.3079237788915634
1.4391698017716408
1.4165874794125557
1.3166079260408878
1.3320243395864964
1.347069013863802
1.3246644251048565
1.4449875988066196
1.3346286937594414
1.4077532961964607
1.3596943840384483
1.600737288594246
1.399707656353712
1.3926614113152027
1.6573284789919853
1.4388761334121227
1.3452960811555386
1.3511972315609455
1.3769350051879883
1.4902533553540707
1.395558837801218
1.4597577191889286
1.5165672451257706
1.5676505416631699
1.460936576128006
1.643120899796486
1.5173721015453339
1.4346573166549206
1.3548305109143257
1.3755874931812286
1.401213500648737
1.4884525053203106
1.452965784817934
1.5008071325719357
1.417882028967142
1.4425243698060513
1.4066947177052498
1.5027842707931995
1.1780705824494362
1.4556569829583168
1.334586814045906
1.268643531948328
1.3906914368271828
1.5528845861554146
1.4183481000363827
1.3747208006680012
1.5794522985816002
1.410415891557932
1.5009132698178291
1.484257947653532
1.421895433217287
1.4667989239096642
1.5539603903889656
1.4811911694705486
1.4277358576655388
1.4410411641001701
1.650894209742546
1.3046223782002926
1.550129245966673
1.456455323845148
1.5245646983385086
1.4025719612836838
1.345783282071352
1.5685070641338825
1.380657583475113
1.5936249792575836
1.3906162343919277
1.4339669793844223
1.4417407736182213
1.338690984994173
1.4358216226100922
1.393459528684616
1.4687258899211884
1.516041249036789
1.393550269305706
1.5909199863672256
1.349913377314806
1.4949376657605171
1.5733797326683998
1.1957230865955353
1.613878507167101
1.594802848994732
1.4072183407843113
1.437094520777464
1.3589955642819405
1.4667840488255024
1.539549145847559
1.481734488159418
1.4998877756297588
1.2116118147969246
1.4532651901245117
1.3758102133870125
1.4419015012681484
1.3416512235999107
1.3862444125115871
1.3986205607652664
1.3791878186166286
1.4941864386200905
1.5094646662473679
1.3299076445400715
1.2941212244331837
1.2383281700313091
1.4176633805036545
1.3410168066620827
1.4248690083622932
1.3914912231266499
1.432507287710905
1.5951008200645447
1.3974567465484142
1.523477889597416
1.4304528683423996
1.370959646999836
1.458282645791769
1.4662373438477516
1.3630189336836338
1.6671666502952576
1.5972320884466171
1.5009021908044815
1.4380632676184177
1.5000951997935772
1.3259357325732708
1.436074323952198
1.3456245101988316
1.4933799467980862
1.6855348199605942
1.466786652803421
1.5676114931702614
1.6083843633532524
1.4953208416700363
1.3483382649719715
1.4190653041005135
1.5213596001267433
1.447849579155445
1.6243277676403522
1.4396017380058765
1.3725604303181171
1.3846884965896606
1.4223592318594456
1.7625952549278736
1.5062585920095444
1.6143056564033031
1.3392607010900974
1.5091523043811321
1.5406526029109955
1.294723380357027
1.35252545773983
1.3642019405961037
1.4897282160818577
1.4092348478734493
1.416942872107029
1.4321184232831001
1.2457899302244186
1.4857735112309456
1.8778747655451298
1.5896197222173214
1.6970046535134315
1.645206704735756
1.6664418764412403
1.5364699102938175
1.6606148481369019
1.6244446113705635
1.5102554708719254
1.644845262169838
1.687495406717062
1.7530337423086166
1.5755857788026333
1.816441711038351
1.4775437787175179
1.3971255235373974
1.523581188172102
1.6320828013122082
1.4812962003052235
1.2828513346612453
1.4516533091664314
1.5024673119187355
1.3671848513185978
1.5231560207903385
1.4036234207451344
1.3514054790139198
1.5308329947292805
1.4415335059165955
1.5287856496870518
1.5505724400281906
1.657681304961443
1.5904880799353123
1.3050731904804707
1.4575928561389446
1.5917591787874699
1.317856878042221
1.397513523697853
1.343310285359621
1.4336480982601643
1.4001095406711102
1.5532894320786
1.3131017908453941
1.466286912560463
1.416039988398552
1.441396303474903
1.3965232521295547
1.3390981666743755
1.43067567050457
1.3149377778172493
1.419520866125822
1.4717925824224949
1.4108145460486412
1.5040544718503952
1.5818915031850338
1.470030352473259
1.4159814603626728
1.6262807212769985
1.5217254050076008
1.5669820345938206
1.4693955034017563
1.7324193865060806
1.4040297381579876
1.3939551189541817
1.4590448923408985
1.3221503421664238
1.5329694040119648
1.4726125411689281
1.4289039075374603
1.518521398305893
1.6586227640509605
1.3929304257035255
1.6970719322562218
1.4699435718357563
1.3648274540901184
1.5920925438404083
1.592692095786333
1.6299422942101955
1.380008839070797
1.29651815071702
1.7475825063884258
1.4692552387714386
1.5701267831027508
1.442329030483961
1.4397529289126396
1.280603103339672
1.3179940693080425
1.5782954916357994
1.3261310458183289
1.4069411344826221
1.3557055220007896
1.2670923173427582
1.4853158593177795
1.5138843320310116
1.3787874691188335
1.426443014293909
1.5560959614813328
1.471445832401514
1.41134187951684
1.5738805495202541
1.6268835738301277
1.7111336216330528
1.6566763333976269
1.48749366030097
1.6224327944219112
1.54618401825428
1.5868845023214817
1.5397992953658104
1.5684589222073555
1.5513786859810352
1.4975075162947178
1.5299244858324528
1.5442215390503407
1.630250446498394
1.6198747716844082
1.5133599936962128
1.5466580726206303
1.5788074061274529
1.6471308432519436
1.7235235311090946
1.6845356225967407
1.6062124334275723
1.4253989532589912
1.7000761926174164
1.5996759533882141
1.4539664313197136
1.4703482948243618
1.2548765875399113
1.4887082874774933
1.5414859764277935
1.5177179351449013
1.614218931645155
1.6829570047557354
1.5008041188120842
1.310614738613367
1.4721478000283241
1.5852225348353386
1.5292248241603374
1.3595907911658287
1.406688030809164
1.3418467603623867
1.5931879244744778
1.523160170763731
1.576382614672184
1.4682480692863464
1.480909377336502
1.4789266288280487
1.4382864274084568
1.3631318137049675
1.4423424564301968
1.5690833665430546
1.4606734290719032
1.270072791725397
1.4667274951934814
1.3830606006085873
1.4694681651890278
1.1980217210948467
1.5227681621909142
1.5688621029257774
1.357519868761301
1.4333154670894146
1.5839522816240788
1.3401520438492298
1.4466953910887241
1.4757621735334396
1.4041229076683521
1.6815296784043312
1.4084922336041927
1.520442195236683
1.4707490392029285
1.3631660342216492
1.559561811387539
1.248096026480198
1.6123206317424774
1.4102597199380398
1.2102171517908573
1.498728595674038
1.3795055784285069
1.3239098154008389
1.624513391405344
1.5000140331685543
1.584885872900486
1.5278472937643528
1.7799041979014874
1.3602533638477325
1.3656111061573029
1.7843597941100597
1.5937430672347546
1.488066729158163
1.4242349676787853
1.425581380724907
1.5479034669697285
1.5727531053125858
1.5648462176322937
1.6852122396230698
1.7227085120975971
1.5351588986814022
1.7252809293568134
1.6174717582762241
1.629047006368637
1.6185320056974888
1.5150441899895668
1.4814211837947369
1.3685143254697323
1.5392704792320728
1.4746385551989079
1.4603362940251827
1.5816704221069813
1.5339559689164162
1.4786073751747608
1.4534461870789528
1.4846378453075886
1.4512582458555698
1.419297643005848
1.4827975295484066
1.4756810367107391
1.2980890832841396
1.614280954003334
1.5373991020023823
1.5845529809594154
1.5681968443095684
1.600295677781105
1.6073169596493244
1.6877688616514206
1.423992346972227
1.6939493902027607
1.7974467352032661
1.5511012971401215
1.7703393697738647
1.8699035495519638
1.8216822482645512
1.6709183305501938
1.5814700983464718
1.5205578245222569
1.6050417385995388
1.5262599848210812
1.7880358211696148
1.6605985090136528
1.598395500332117
1.4194839969277382
1.3939691595733166
1.5676293261349201
1.5297571495175362
1.553237184882164
1.4991567693650723
1.4878439158201218
1.5053392238914967
1.5040207728743553
1.46830652654171
1.5920557118952274
1.4490359872579575
1.6220605038106441
1.596559576690197
1.422478411346674
1.5360820405185223
1.553835578262806
1.4151126071810722
1.417624767869711
1.2084214203059673
1.535959616303444
1.7255062572658062
1.4611078388988972
1.2835417054593563
1.5553957745432854
1.6960080303251743
1.4272714406251907
1.51874440908432
1.4306635186076164
1.4359509460628033
1.400099653750658
1.3701431453227997
1.6633578576147556
1.524190779775381
1.4158830679953098
1.4000073671340942
1.50943922996521
1.5604445300996304
1.468770932406187
1.4456191584467888
1.4594004265964031
1.4060316160321236
1.522455807775259
1.3538398556411266
1.3745919801294804
1.4648880697786808
1.4205020107328892
1.6842919662594795
1.442520596086979
1.4383342936635017
1.5544495470821857
1.4159096032381058
1.6249424368143082
1.5336493961513042
1.2651668898761272
1.2321769073605537
1.5428787656128407
1.498527530580759
1.4155832417309284
1.5081353858113289
1.5837131664156914
1.551644992083311
1.4108362421393394
1.5660954155027866
1.4117763489484787
1.4238360859453678
1.3555471077561378
1.4610291831195354
1.4670244753360748
1.5391906313598156
1.5181962475180626
1.5426792576909065
1.6776996962726116
1.6422956511378288
1.7794171757996082
1.4115398302674294
1.4461220540106297
1.602281842380762
1.594346258789301
1.3554633185267448
1.5220104828476906
1.7410707771778107
1.598783802241087
1.5105738453567028
1.5337972454726696
1.2586067616939545
1.3547234125435352
1.4569373801350594
1.4384808205068111
1.5448739640414715
1.4249260686337948
1.5556046068668365
1.6293899603188038
1.458891648799181
1.4510283656418324
1.396549317985773
1.3687516674399376
1.5967049822211266
1.3666046112775803
1.554056778550148
1.5085857659578323
1.5130948089063168
1.4045070558786392
1.3913440071046352
1.4486835114657879
1.6289293952286243
1.5612291917204857
1.5755185894668102
1.3362154550850391
1.324612382799387
1.346984926611185
1.3955802917480469
1.3516560196876526
1.4590035155415535
1.401354145258665
1.5818309634923935
1.5287445969879627
1.5295819453895092
1.4315894581377506
1.2770724035799503
1.3133683241903782
1.4712776131927967
1.3592504560947418
1.4370287768542767
1.378504116088152
1.4773134291172028
1.6127734296023846
1.5819410867989063
1.6480472311377525
1.6219677105545998
1.8699306771159172
1.4338730685412884
1.6325665414333344
1.544209036976099
1.5634597390890121
1.5337769575417042
1.5321566350758076
1.4786630719900131
1.6796836405992508
1.5231127999722958
1.8308789692819118
1.5066064856946468
1.573855385184288
1.7258272096514702
2.0376968532800674
1.5526474565267563
1.6646423898637295
1.613878522068262
1.6833763048052788
1.5675012990832329
1.463281374424696
1.485846385359764
1.3386740796267986
1.4937524646520615
1.4785727299749851
1.511890735477209
1.4735531397163868
1.5113429017364979
1.5696356520056725
1.4256576113402843
1.4845627173781395
1.3579211086034775
1.513019546866417
1.519658762961626
1.5266079157590866
1.4223983585834503
1.577064085751772
1.4837384819984436
1.4379175901412964
1.5635277181863785
1.44265778362751
1.4708464741706848
