1.5448289327323437
1.7322672791779041
1.4330266453325748
1.67355852201581
1.6992786452174187
1.45767130702734
1.8112106956541538
1.61638905107975
1.6406732946634293
1.4552607908844948
1.4682531654834747
1.5456710532307625
1.5676768273115158
1.4373936839401722
1.428242303431034
1.5848171301186085
1.4761993922293186
1.5464467070996761
1.573108609765768
1.5507168918848038
1.5823369845747948
1.471064206212759
1.7016302160918713
1.6147222518920898
1.601923193782568
1.6118239015340805
1.5517730228602886
1.4616144597530365
1.689427923411131
1.523024171590805
1.4768552519381046
1.6231464594602585
1.5431368127465248
1.5031180754303932
1.4349657110869884
1.4329721815884113
1.7025498412549496
1.549732018262148
1.6570325568318367
1.5620410740375519
1.598752785474062
1.623123001307249
1.6110767349600792
1.6288562566041946
1.5434609055519104
1.5561203248798847
1.4649013206362724
1.5417940132319927
1.6534642241895199
1.5125277265906334
1.440997127443552
1.4115640968084335
1.5278373770415783
1.4324368759989738
1.5870053991675377
1.5151318050920963
1.5401548147201538
1.4220928028225899
1.404215969145298
1.6119402386248112
1.7550987005233765
1.506353858858347
1.5837898924946785
1.3495687991380692
1.4931830577552319
1.6549614816904068
1.4993339888751507
1.3688673563301563
1.5845806300640106
1.4940489754080772
1.5622738935053349
1.3961829729378223
1.4412586502730846
1.2987837344408035
1.4649230353534222
1.404442973434925
1.395119559019804
1.5210236571729183
1.5094963125884533
1.487515900284052
1.4264401532709599
1.4466080889105797
1.39147262647748
1.4216991066932678
1.4101316444575787
1.7364343628287315
1.5793515592813492
1.5377789847552776
1.7148174978792667
1.5495610497891903
1.5975976772606373
1.5032773651182652
1.527931336313486
1.6181669123470783
1.4516367986798286
1.4805446229875088
1.3378328159451485
1.4045491330325603
1.698967918753624
1.34878246858716
1.5312937647104263
1.5238771922886372
1.4500694870948792
1.5605816692113876
1.547951616346836
1.5203956365585327
1.5849263183772564
1.464438833296299
1.7112350203096867
1.46752492710948
1.4623063281178474
1.4781783670186996
1.545395366847515
1.3227966390550137
1.4276096038520336
1.4425863549113274
1.6598265133798122
1.4428443051874638
1.4944568611681461
1.4164466336369514
1.595972079783678
1.5150201395154
1.5558404996991158
1.4438058957457542
1.4942664466798306
1.5494760498404503
1.5063258036971092
1.4616396129131317
1.5984352342784405
1.511861003935337
1.4409142658114433
1.4697848334908485
1.6407836079597473
1.6036265790462494
1.466945819556713
1.5630671568214893
1.3831942714750767
1.4706711247563362
1.4324002638459206
1.5724228248000145
1.6797380186617374
1.6676460690796375
1.6319248117506504
1.662525873631239
1.4599067717790604
1.6236842572689056
1.5364716835319996
1.5701823011040688
1.6645231768488884
1.5327222868800163
1.475735817104578
1.5544922538101673
1.5115345306694508
1.4716147631406784
1.4221287369728088
1.4405907355248928
1.4019059352576733
1.5708842389285564
1.5970809869468212
1.4737685583531857
1.6208688095211983
1.7528683133423328
1.718211431056261
1.6211741119623184
1.5074254870414734
1.5490205734968185
1.506867904216051
1.5615998096764088
1.5038375034928322
1.6834347434341908
1.556135207414627
1.668095402419567
1.6912587992846966
1.4388386122882366
1.6338480040431023
1.486173078417778
1.7590321116149426
1.6591749489307404
1.5299988202750683
1.5310432463884354
1.5821421332657337
1.5186107233166695
1.4776048846542835
1.5452137850224972
1.5332817025482655
1.7720565721392632
1.5232260823249817
1.4811052232980728
1.598920051008463
1.6938805915415287
1.4898730218410492
1.5404042713344097
1.5743620805442333
1.5727619118988514
1.6032071597874165
1.439757764339447
1.5140451863408089
1.4644653238356113
1.551023706793785
1.5387290082871914
1.4472310915589333
1.4907643012702465
1.5371021814644337
1.4427885375916958
1.559119138866663
1.560050830245018
1.4427380003035069
1.6069109588861465
1.466027446091175
1.5130917578935623
1.583488941192627
1.516836293041706
1.5422584787011147
1.521163634955883
1.5725111924111843
1.3515629470348358
1.4725422263145447
1.410185046494007
1.388309121131897
1.4523861482739449
1.4753943495452404
1.5768272280693054
1.6371557302772999
1.4951275140047073
1.5537510924041271
1.5924090072512627
1.582459058612585
1.4560919217765331
1.4424459338188171
1.52102779597044
1.4954513162374496
1.419756457209587
1.5203301087021828
1.3662821017205715
1.4526647180318832
1.6970696561038494
1.6707781367003918
1.5903516747057438
1.5836744904518127
1.4522919915616512
1.4217146970331669
1.6634316593408585
1.460710596293211
1.590169969946146
1.5562306828796864
1.5229641124606133
1.4724360257387161
1.3959996588528156
1.497986163944006
1.4979644976556301
1.2751088999211788
1.4334656186401844
1.5295725800096989
1.4571977816522121
1.7378839254379272
1.4622024074196815
1.4255817830562592
1.6326913088560104
1.5784443467855453
1.5812357626855373
1.4880782589316368
1.4216430075466633
1.45415398478508
1.5553069300949574
1.5851352661848068
1.594972349703312
1.6924776881933212
1.6271285004913807
1.4008495397865772
1.3769495747983456
1.4744446352124214
1.4609644077718258
1.40822234749794
1.640895552933216
1.5253568515181541
1.519679594784975
1.5135981924831867
1.5768167711794376
1.4078193195164204
1.2612075060606003
1.4882106371223927
1.5438170433044434
1.4391051270067692
1.630178164690733
1.5124838054180145
1.5680187344551086
1.308639146387577
1.4020377956330776
1.5545687153935432
1.5007006898522377
1.4096722975373268
1.2792634703218937
1.4313040487468243
1.3328823521733284
1.446367796510458
1.4994076192378998
1.5053189136087894
1.556382056325674
1.4862441942095757
1.5594699755311012
1.4748292416334152
1.5005795769393444
1.3781807273626328
1.4570480845868587
1.4039303213357925
1.601824875921011
1.5048311203718185
1.537393320351839
1.499518271535635
1.4703205041587353
1.3661436848342419
1.4113143123686314
1.496766984462738
1.3447104208171368
1.3322871327400208
1.4942378289997578
1.4473900683224201
1.7476461455225945
1.4734730385243893
1.4674926809966564
1.719957921653986
1.5808455385267735
1.3169017061591148
1.505113672465086
1.5897227190434933
1.323242999613285
1.6835022680461407
1.4443556889891624
1.5916613712906837
1.3673724718391895
1.4343785382807255
1.473838310688734
1.4650597982108593
1.498324066400528
1.4850894622504711
1.4805375225842
1.3810434229671955
1.2567647658288479
1.4924965798854828
1.5352310203015804
1.4295266307890415
1.3526306375861168
1.3696413412690163
1.511756356805563
1.382631704211235
1.5244246907532215
1.6088233068585396
1.4941862374544144
1.521042950451374
1.521827306598425
1.6049682684242725
1.6014248095452785
1.5280091688036919
1.5310636721551418
1.394404087215662
1.3730604872107506
1.5110098533332348
1.5331416241824627
1.4394767507910728
1.3952713757753372
1.2725697830319405
1.478752575814724
1.480430506169796
1.4801873192191124
1.5172619260847569
1.4820469468832016
1.3998304195702076
1.545421052724123
1.3937286660075188
1.490459382534027
1.3943134918808937
1.55570587515831
1.5644949823617935
1.4344004057347775
1.4968274645507336
1.5528210327029228
1.5935304127633572
1.393437448889017
1.5328863523900509
1.3070806376636028
1.533825196325779
1.5334072597324848
1.4828024730086327
1.3684291578829288
1.572353534400463
1.4444778561592102
1.4689248763024807
1.3648099042475224
1.359683770686388
1.371179424226284
1.7771905437111855
1.5236188247799873
1.4830928854644299
1.5274533107876778
1.4816300868988037
1.525643240660429
1.540375791490078
1.498299278318882
1.4856804460287094
1.4681460447609425
1.5232100896537304
1.475893497467041
1.4426326677203178
1.3258110992610455
1.4230864383280277
1.3297728672623634
1.4242407828569412
1.5564775057137012
1.3557854518294334
1.3563737608492374
1.5314623042941093
1.4822895154356956
1.5245417468249798
1.4521162882447243
1.570356298238039
1.5608282834291458
1.6033013686537743
1.3939310237765312
1.560308288782835
1.5047771707177162
1.3661834485828876
1.5288383476436138
1.4562565460801125
1.477576781064272
1.6462461911141872
1.553506214171648
1.5807315483689308
1.4509080164134502
1.4378601387143135
1.3525624983012676
1.518651358783245
1.6104963794350624
1.5337574519217014
1.6955184899270535
1.43159494176507
1.637075986713171
1.5548909902572632
1.4594313688576221
1.5429230853915215
1.572868388146162
1.4688522890210152
1.3733552768826485
1.4598093666136265
1.5069945305585861
1.4589018486440182
1.4497524090111256
1.3669069558382034
1.2642834559082985
1.536523338407278
1.495118796825409
1.2821361348032951
1.6538847535848618
1.4059963151812553
1.3739710785448551
1.4247339367866516
1.3820815198123455
1.4579997472465038
1.3671930767595768
1.4087769649922848
1.5113601945340633
1.3019963316619396
1.441671784967184
1.451392013579607
1.373540036380291
1.525789774954319
1.6317915730178356
1.522117007523775
1.3481491282582283
1.4359835386276245
1.4988929629325867
1.4165870994329453
1.5755914337933064
1.3601367734372616
1.5456087924540043
1.4025150462985039
1.5757200755178928
1.5429792068898678
1.5509531274437904
1.624545481055975
1.4783495552837849
1.500536236912012
1.4284306541085243
1.584224134683609
1.335284423083067
1.5185523703694344
1.3221464902162552
1.5519178546965122
1.560341078788042
1.3334626741707325
1.5591277554631233
1.454452358186245
1.5562344454228878
1.6774887442588806
1.4700084514915943
1.6258576214313507
1.6238426715135574
1.5522625520825386
1.2381715066730976
1.5743670649826527
1.4991361610591412
1.3746413066983223
1.5343472063541412
1.3843684643507004
1.3960662297904491
1.5657812878489494
1.4333523884415627
1.632538728415966
1.485951442271471
1.4153146520256996
1.4751210063695908
1.531937636435032
1.483152873814106
1.5284688360989094
1.4370928928256035
1.3874376378953457
1.577302347868681
1.464037798345089
1.5528523325920105
1.450715258717537
1.4552368186414242
1.274537943303585
1.536186408251524
1.448922336101532
1.3694502711296082
1.4575473740696907
1.3889203071594238
1.5192215964198112
1.3303092531859875
1.505826536566019
1.5193341262638569
1.4619230404496193
1.4276826977729797
1.400778241455555
1.5577901974320412
1.5831159502267838
1.4120753109455109
1.5561544373631477
1.4125109277665615
1.261773243546486
1.3614369966089725
1.5811466313898563
1.5630628168582916
1.4300916902720928
1.5378582514822483
1.3803821057081223
1.4628931321203709
1.5986530669033527
1.5625510178506374
1.4428591281175613
1.3502694964408875
1.4936090037226677
1.4312892369925976
1.5080501213669777
1.4034610651433468
1.4141267165541649
1.4409863501787186
1.4171220250427723
1.5703199580311775
1.5339752845466137
1.4338410571217537
1.4416479282081127
1.4763421341776848
1.4857890643179417
1.5450629740953445
1.3074561320245266
1.3522939756512642
1.466318815946579
1.5293301865458488
1.5099717788398266
1.5520050674676895
1.407341107726097
1.5790951028466225
1.5184296891093254
1.4709585458040237
1.6730581521987915
1.5404086410999298
1.2858780696988106
1.4432204961776733
1.489963412284851
1.4454785361886024
1.5001493208110332
1.5805793330073357
1.4735380373895168
1.2855707630515099
1.4588052704930305
1.488828457891941
1.630948007106781
1.5112903974950314
1.4785668142139912
1.597238328307867
1.3944199979305267
1.6946271508932114
1.3833065629005432
1.5206226371228695
1.6071419939398766
1.4416902288794518
1.5144172385334969
1.504471566528082
1.6216756626963615
1.5366408936679363
1.7051010690629482
1.4400694333016872
1.678891558200121
1.6047280356287956
1.5465597286820412
1.4916387908160686
1.5235234387218952
1.6362342052161694
1.7057885229587555
1.569137740880251
1.7050871960818768
1.567389365285635
1.6565753296017647
1.5118591263890266
1.534201469272375
1.6271834783256054
1.3983716554939747
1.4241822846233845
1.5852706730365753
1.5295098386704922
1.5643889158964157
1.5204276777803898
1.3258584141731262
1.6416211426258087
1.42933090031147
1.6132357344031334
1.7232607007026672
1.67336730286479
1.503515761345625
1.4739801101386547
1.453036081045866
1.595193199813366
1.437336765229702
1.5195467174053192
1.3982696011662483
1.4830004423856735
1.4287720322608948
1.506563849747181
1.327480223029852
1.4540241174399853
1.4170615002512932
1.366240169852972
1.5570466071367264
1.5328930281102657
1.384634293615818
1.59616382047534
1.5521667711436749
1.5330607742071152
1.5574718713760376
1.6085787862539291
1.4591208025813103
1.5310140699148178
1.5566259250044823
1.3865895420312881
1.4392001666128635
1.3133055791258812
1.574223630130291
1.5445077829062939
1.4510660655796528
1.487636737525463
1.4126880280673504
1.2991735823452473
1.3851621262729168
1.4538496062159538
1.5469091646373272
1.4702948741614819
1.4237074106931686
1.5548733957111835
1.4783997870981693
1.274077545851469
1.5233430229127407
1.4218469336628914
1.3679672852158546
1.4477725327014923
1.4111641310155392
1.4047951735556126
1.4023802764713764
1.586631204932928
1.3628337793052197
1.3617162220180035
1.547144178301096
1.5805307142436504
1.5654750503599644
1.450691506266594
1.3229441158473492
1.5352607481181622
1.4817796684801579
1.4937273152172565
1.771741770207882
1.5054631866514683
1.445093933492899
1.5955957174301147
1.4813172854483128
1.38309221342206
1.5437863282859325
1.543239288032055
1.34157008305192
1.2898828126490116
1.4570818096399307
1.498526219278574
1.4288905523717403
1.309440191835165
1.5923510640859604
1.3556894101202488
1.4042045809328556
1.451462235301733
1.4881810322403908
1.60085841268301
1.4239119961857796
1.3847293592989445
1.6203624531626701
1.4308869168162346
1.480567142367363
1.7428186871111393
1.568010549992323
1.5432618483901024
1.4059919975697994
1.3914258517324924
1.5403692498803139
1.3882770501077175
1.3985330052673817
1.4554126299917698
1.4117559753358364
1.4644079096615314
1.5242926813662052
1.490173526108265
1.4505845755338669
1.4404256530106068
1.313797079026699
1.4569163732230663
1.3162224777042866
1.3996386751532555
1.521062459796667
1.528163481503725
1.3999817445874214
1.480905782431364
1.4805630221962929
1.5518697872757912
1.3084241524338722
1.4799613915383816
1.4684549197554588
1.5045384876430035
1.5277716778218746
1.400561474263668
1.3793561309576035
1.2999263815581799
1.5600058399140835
1.4994463510811329
1.4522416852414608
1.3666923753917217
1.506509780883789
1.548028040677309
1.2768340595066547
1.488136138767004
1.3879341594874859
1.4248164147138596
1.6356677003204823
1.5963384583592415
1.5152457617223263
1.2992474734783173
1.4236279092729092
1.5746355019509792
1.595985535532236
1.448658388108015
1.5050493068993092
1.4369922876358032
1.4491133205592632
1.5184728130698204
1.6370861642062664
1.5435684695839882
1.601199634373188
1.5176580026745796
1.5041637793183327
1.6933303736150265
1.5503750368952751
1.5282696262001991
1.5070862993597984
1.6164472103118896
1.62193688377738
1.4960572607815266
1.2858922593295574
1.4568706378340721
1.3889346905052662
1.406581323593855
1.4187560975551605
1.4904312081634998
1.347964808344841
1.6246035918593407
1.4635356292128563
1.4900344982743263
1.3512576930224895
1.3442454561591148
1.302059106528759
1.4968386441469193
1.552155613899231
1.5823541581630707
1.3110998459160328
1.5625314004719257
1.4542481489479542
1.385101430118084
1.356564573943615
1.537386417388916
1.604226816445589
1.5101400017738342
1.6145948022603989
1.529549267143011
1.6396498568356037
1.5405978672206402
1.3318406492471695
1.3563239499926567
1.4045766480267048
1.4958394840359688
1.4878278151154518
1.2991841956973076
1.5006719045341015
1.571710292249918
1.5484845489263535
1.5546057783067226
1.50632905960083
1.5121397748589516
1.5077015273272991
1.4323003180325031
1.5090265907347202
1.5448866114020348
1.6208660453557968
1.5301992818713188
1.3971389643847942
1.5251681469380856
1.4347148202359676
1.2974930107593536
1.560461413115263
1.3709441535174847
1.574054654687643
1.3820086047053337
1.374892771244049
1.424320388585329
1.6148958764970303
1.436704110354185
1.5447635017335415
1.4749045819044113
1.3957935236394405
1.4143611527979374
1.4651743546128273
1.490716453641653
1.4743728935718536
1.3751181848347187
1.4231483936309814
1.48337896540761
1.4020494222640991
1.4005019031465054
1.4654068052768707
1.394654307514429
1.4072373174130917
1.5604000017046928
1.4914118573069572
1.4425485171377659
1.540954276919365
1.404771227389574
1.3959950022399426
1.4293258301913738
1.4219330698251724
1.4420290105044842
1.453152034431696
1.479895256459713
1.559789277613163
1.3144065998494625
1.4715307727456093
1.3389979377388954
1.396628562361002
1.4162157252430916
1.3934279531240463
1.5992632322013378
1.4602768942713737
1.4860009290277958
1.4195429421961308
1.554112259298563
1.4111615382134914
1.5689706541597843
1.501269169151783
1.4242504090070724
1.392256949096918
1.512281198054552
1.382346000522375
1.5356800071895123
1.3767310082912445
1.477090559899807
1.4179208762943745
1.5976428650319576
1.3743856437504292
1.3507749140262604
1.425882637500763
1.2905757203698158
1.631883081048727
1.499291442334652
1.5278418734669685
1.5340125188231468
1.4862611182034016
1.470001731067896
1.4289680793881416
1.3376469537615776
1.602679554373026
1.376233085989952
1.4915855154395103
1.2227797880768776
1.5597992315888405
1.4513652585446835
1.6150534600019455
1.3256122209131718
1.3690419010818005
1.5310697108507156
1.5397816076874733
1.5027325451374054
1.3074375428259373
1.653950784355402
1.3835663571953773
1.4694359377026558
1.4293890856206417
1.5748166404664516
1.453752264380455
1.4913999028503895
1.4519640021026134
1.4263720884919167
1.3245667852461338
1.4413905143737793
1.4976974911987782
1.3070175386965275
1.4706616140902042
1.6195048838853836
1.555679827928543
1.5377118475735188
1.5382655784487724
1.5191850736737251
1.5873278453946114
1.557815495878458
1.3588923662900925
1.4770795069634914
1.412143912166357
1.429514478892088
1.4214019104838371
1.436439748853445
1.5206135362386703
1.610087864100933
1.3608213551342487
1.3110664039850235
1.4826957061886787
1.46668566390872
1.3724916353821754
1.6201258711516857
1.4311765767633915
1.5490965470671654
1.4343500584363937
1.3121945336461067
1.3572444207966328
1.4308898821473122
1.299136396497488
1.438694305717945
1.4690607637166977
1.4254618994891644
1.613203153014183
1.4267257377505302
1.3194461166858673
1.387064315378666
1.3897921480238438
1.6221285685896873
1.5329719632863998
1.5484758913516998
1.5758635886013508
1.6037574112415314
1.6026817671954632
1.5125963315367699
1.4902001582086086
1.5283360183238983
1.5388042591512203
1.5029962360858917
1.593364018946886
1.4208008162677288
1.4794024266302586
1.3800158463418484
1.3287984356284142
1.4348072335124016
1.4323590509593487
1.4314303919672966
1.6548729538917542
1.5556499287486076
1.3925012461841106
1.573164951056242
1.4002781361341476
1.4712542705237865
1.6182882115244865
1.466388788074255
1.502997163683176
1.3720037564635277
1.4496821872889996
1.4860584735870361
1.4052369743585587
1.5534730292856693
1.3873827829957008
1.5077973790466785
1.3620013631880283
1.5773178972303867
1.351534940302372
1.3679782710969448
1.246991153806448
1.439463797956705
1.4327062666416168
1.7194650694727898
1.5052217803895473
1.611167386174202
1.4008999392390251
1.5780678130686283
1.48348618298769
1.5061312392354012
1.4879795238375664
1.3612721376121044
1.3154575936496258
1.4470524303615093
1.5339423343539238
1.4643398858606815
1.570316817611456
1.4572392292320728
1.4879019781947136
1.4487805888056755
1.59002173691988
1.443619430065155
1.4410622492432594
1.5038915984332561
1.2407779917120934
1.2529703825712204
1.4370639100670815
1.509958889335394
1.414946861565113
1.3220605067908764
1.294230367988348
1.443241335451603
1.402633436024189
1.4037140123546124
1.2284604869782925
1.2927841283380985
1.5529884099960327
1.4904101714491844
1.323267351835966
1.3928283490240574
1.367329090833664
1.2449531815946102
1.4044076353311539
1.4325885474681854
1.358889129012823
1.4032402709126472
1.462488979101181
1.324291966855526
1.494871310889721
1.295128494501114
1.181914560496807
1.3994899317622185
1.3104214668273926
1.4258449785411358
1.405606597661972
1.3474559150636196
1.443993654102087
1.3654601871967316
1.430244691669941
1.3326450996100903
1.7568058781325817
1.367237202823162
1.2582932896912098
1.5000646077096462
1.382714781910181
1.2272419817745686
1.3499793820083141
1.5016987025737762
1.5325581915676594
1.478588704019785
1.474845040589571
1.3735853172838688
1.4184015467762947
1.4944342970848083
1.4617323242127895
1.514202043414116
1.4272319972515106
1.2910548225045204
1.3452196009457111
1.4352496638894081
1.4893621057271957
1.3596178255975246
1.299097590148449
1.5113408342003822
1.4566586464643478
1.4519313350319862
1.5207437872886658
1.5972835831344128
1.4015876725316048
1.4394261240959167
1.5199444219470024
1.3875358887016773
1.6669065579771996
1.3909652642905712
1.4721009843051434
1.5815800800919533
1.3946446180343628
1.5529496632516384
1.5280575044453144
1.3979199267923832
1.3933327421545982
1.5139929614961147
1.5203027352690697
1.549398209899664
1.5347857251763344
1.418644480407238
1.4935407899320126
1.586662881076336
1.3149385675787926
1.3240405954420567
1.5088202469050884
1.3234535120427608
1.2844660691916943
1.3757933303713799
1.3986810259521008
1.5082665421068668
1.4432301931083202
1.381931122392416
1.3785732463002205
1.308031465858221
1.4015391282737255
1.3875556327402592
1.3422043696045876
1.468978688120842
1.5169176124036312
1.5356850363314152
1.3648775517940521
1.549357820302248
1.4686085805296898
1.5643131136894226
1.461583275347948
1.3853947445750237
1.3974847458302975
1.4554408267140388
1.5336988382041454
1.4727316349744797
1.4866538122296333
1.6757578328251839
1.4528152607381344
1.365146242082119
1.4691074527800083
1.3476713672280312
1.4727185331285
1.4935680776834488
1.4830505661666393
1.5913856588304043
1.4753781333565712
1.340643372386694
1.4030368588864803
1.4852347746491432
1.3951067440211773
1.4656025394797325
1.487966202199459
1.5022904202342033
1.5712200179696083
1.5854960307478905
1.4504029154777527
1.612780686467886
1.3867963328957558
1.4741534814238548
1.4925578460097313
1.501331266015768
1.526052225381136
1.2886477783322334
1.405697762966156
1.4898302666842937
1.5174600146710873
1.5039153471589088
1.53101621940732
1.3563746064901352
1.422483243048191
1.4080756455659866
1.4729165956377983
1.4215163998305798
1.399043932557106
1.4376190528273582
1.6451907120645046
1.573953539133072
1.4801717028021812
1.433419182896614
1.495759055018425
1.5300926975905895
1.5824216194450855
1.5453218147158623
1.5338146388530731
1.258819341659546
1.4819869846105576
1.4348092712461948
1.4718564674258232
1.5012771785259247
1.3910606540739536
1.531487800180912
1.4084151647984982
1.386190626770258
1.511128418147564
1.6271629706025124
1.326622188091278
1.406554203480482
1.3137516751885414
1.407089564949274
1.5444095097482204
1.4950172156095505
1.476311631500721
1.588335320353508
1.2635295502841473
1.4330174513161182
1.3617877587676048
1.3477313928306103
1.5943258963525295
1.5055176466703415
1.4185106046497822
1.462077796459198
1.4678208455443382
1.4592728354036808
1.5330794677138329
1.4575197398662567
1.459825824946165
1.28250477835536
1.3808167465031147
1.249029379338026
1.519198801368475
1.6169947162270546
1.516486994922161
1.4894219301640987
1.3602441847324371
1.3202888742089272
1.5324823893606663
1.39311084151268
1.4567625112831593
1.6299363262951374
1.4771063700318336
1.27493454515934
1.3059995733201504
1.3558892644941807
1.3945334665477276
1.4873338863253593
1.4997077323496342
1.396704189479351
1.3299847282469273
1.4949415251612663
1.6374972611665726
1.4105666652321815
1.71577800065279
1.4731508195400238
1.6534552238881588
1.5126546807587147
1.5116625428199768
1.6179233640432358
1.5329644419252872
1.4400733597576618
1.4832565374672413
1.6922131180763245
1.5220535695552826
1.4164303839206696
1.4001557491719723
1.7174115106463432
1.474887777119875
1.5272669419646263
1.4895141832530499
1.500026784837246
1.7754088416695595
1.6481675207614899
1.5224868953227997
1.4498587101697922
1.6549588665366173
1.4792555570602417
1.5093341916799545
1.491216842085123
1.5071170330047607
1.5533471405506134
1.4422443322837353
1.5249247066676617
1.4799778759479523
1.6275462284684181
1.3545300029218197
1.3785975687205791
1.6376258209347725
1.4803351014852524
1.407612919807434
1.602728508412838
1.4857127331197262
1.60026153922081
1.6454674489796162
1.5882298462092876
1.5874185115098953
1.4084540531039238
1.6119304299354553
1.6266737841069698
1.5251038931310177
1.5859916247427464
1.3550912328064442
1.5703488737344742
1.3970956318080425
1.6354742050170898
1.6020994633436203
1.3309581689536572
1.5165411680936813
1.4312882870435715
1.4687761813402176
1.403912864625454
1.5843750983476639
1.4029845632612705
1.4524234421551228
1.4190880544483662
1.4145134501159191
1.355773102492094
1.5968450903892517
1.4367537312209606
1.3018298596143723
1.4027392007410526
1.3952481970191002
1.3492940664291382
1.4891942217946053
1.2547878921031952
1.3822573386132717
1.2103367522358894
1.7021452710032463
1.2965467423200607
1.4132990203797817
1.3388795219361782
1.4895840771496296
1.4493153877556324
1.2890652604401112
1.4051504656672478
1.3658562377095222
1.3851349912583828
1.4332447610795498
1.454517651349306
1.2979042828083038
1.4988921843469143
1.4065327309072018
1.5456966198980808
1.4145597219467163
1.4385700561106205
1.3706432990729809
1.4638497307896614
1.4663331024348736
1.3568287156522274
1.4372132159769535
1.277856208384037
1.4498037323355675
1.424425147473812
1.37192627415061
1.3362759090960026
1.4981860965490341
1.4913357980549335
1.4638036377727985
1.3714446276426315
1.3066709898412228
1.4222369082272053
1.4293075501918793
1.489834912121296
1.5491670742630959
1.3810858391225338
1.4869756139814854
1.437071356922388
1.5504363663494587
1.2514318265020847
1.3550774417817593
1.4915932528674603
1.3394928686320782
1.3857469484210014
1.3669741973280907
1.4719607830047607
1.396068774163723
1.6218947358429432
1.418224524706602
1.4142709039151669
1.6306562833487988
1.3834538757801056
1.3680719584226608
1.4693731479346752
1.5184857919812202
1.4359376393258572
1.4861269928514957
1.4291138611733913
1.3998200483620167
1.5396182835102081
1.496435470879078
1.396067876368761
1.4640066921710968
1.4115369208157063
1.3337391465902328
1.4368053153157234
1.5600985400378704
1.3347789607942104
1.4236565940082073
1.5825160183012486
1.3425442799925804
1.35023108497262
1.3986582420766354
1.5114583671092987
1.5237269289791584
1.484721764922142
1.3542174026370049
1.6113556548953056
1.484238464385271
1.5476267114281654
1.4838836379349232
1.4792820289731026
1.438279416412115
1.2634923681616783
1.275630597025156
1.4574513211846352
1.4316162467002869
1.4036546424031258
1.4458646923303604
1.385414719581604
1.5174703039228916
1.4548434242606163
1.4441916681826115
1.4709474928677082
1.393456555902958
1.5196872353553772
1.4401057660579681
1.2988311983644962
1.4829388223588467
1.4767283350229263
1.3545915484428406
1.4953087456524372
1.3888844661414623
1.5605494007468224
1.4655674770474434
1.5018232204020023
1.2762733958661556
1.5129264891147614
1.4000105485320091
1.4048551097512245
1.5121739506721497
1.4062371887266636
1.669060617685318
1.411367416381836
1.5104517750442028
1.6500170081853867
1.459148783236742
1.6223682388663292
1.3790132626891136
1.4735214672982693
1.401315115392208
1.5510847494006157
1.4223272018134594
1.4339426420629025
1.3927053958177567
1.6443708315491676
1.4755612313747406
1.4677759818732738
1.4638713374733925
1.4360256306827068
1.3806853778660297
1.4349406622350216
1.4185268878936768
1.5785838849842548
1.5163762457668781
1.6790783442556858
1.4638265259563923
1.4989503137767315
1.5584543496370316
1.5827206335961819
1.4279613122344017
1.3393128849565983
1.4343535043299198
1.4774068780243397
1.5238873735070229
1.5767428278923035
1.5074886344373226
1.4170213490724564
1.4541201069951057
1.3483586348593235
1.532316394150257
1.5558905489742756
1.417638462036848
1.3895649760961533
1.4545269794762135
1.483338799327612
1.4250145368278027
1.519158635288477
1.3406063728034496
1.4703846648335457
1.4503660947084427
1.3163002207875252
1.2008806727826595
1.4419151805341244
1.3265800923109055
1.4315503016114235
1.6807741075754166
1.5031584165990353
1.3294501900672913
1.3964112140238285
1.4526762291789055
1.5445842035114765
1.522493176162243
1.3608951903879642
1.4583701863884926
1.2897674180567265
1.3746736608445644
1.433998491615057
1.401867963373661
1.3671938702464104
1.3232493698596954
1.4777916707098484
1.4514624364674091
1.4104492366313934
1.5207539722323418
1.4595098719000816
1.4691384695470333
1.471981294453144
1.448502380400896
1.6659944094717503
1.4443489909172058
1.5310613922774792
1.4771687425673008
1.4732206836342812
1.4924952946603298
1.564205840229988
1.4222578518092632
1.4566540941596031
1.3454597741365433
1.4645182862877846
1.3607882410287857
1.3328038528561592
1.546212274581194
1.1351121328771114
1.5114570707082748
1.411479141563177
1.4212689511477947
1.3779425583779812
1.4658234529197216
1.4457645826041698
1.3807130306959152
1.4529845863580704
1.4750701896846294
1.3391728140413761
1.4571832604706287
1.5920793823897839
1.417933464050293
1.406396184116602
1.387864876538515
1.2612412236630917
1.4230245240032673
1.532503668218851
1.2600466758012772
1.339653640985489
1.5345447659492493
1.3636641316115856
1.4429255984723568
1.484586164355278
1.4813837371766567
1.4875177256762981
1.6320155821740627
1.482899472117424
1.411333940923214
1.5107398331165314
1.5069691240787506
1.5133425034582615
1.3756534792482853
1.576049454510212
1.341786801815033
1.4658440053462982
1.6481577046215534
1.3794659562408924
1.4600832872092724
1.4197131842374802
1.6654505617916584
1.408519484102726
1.3715028427541256
1.2908500656485558
1.4448988437652588
1.4510615207254887
1.3778558447957039
1.4454507194459438
1.5729889385402203
1.3756120279431343
1.6781753301620483
1.5470029413700104
1.434599582105875
1.3491710498929024
1.4348467998206615
1.4659432172775269
1.5285253748297691
1.3774405159056187
1.6530715972185135
1.4857693873345852
1.373348105698824
1.400367897003889
1.5116192735731602
1.5140848755836487
1.5240809097886086
1.4728125296533108
1.4415092170238495
1.5600237660109997
1.4077330939471722
1.6566112637519836
1.3796226158738136
1.5693800263106823
1.595501709729433
1.4521539621055126
1.491973988711834
1.3782807253301144
1.3852993361651897
1.5395019352436066
1.4008436314761639
1.4583970755338669
1.4996642619371414
1.486373893916607
1.402760125696659
1.4473615437746048
1.391818530857563
1.5154207646846771
1.5436873026192188
1.4057025164365768
1.5043870359659195
1.5887246169149876
1.5512043423950672
1.3547143377363682
1.360902063548565
1.4215899035334587
1.386836551129818
1.5145573243498802
1.331551544368267
1.3758802376687527
1.4826898835599422
1.6065827198326588
1.501331090927124
1.4080287367105484
1.4279249347746372
1.4558682590723038
1.6305656023323536
1.4552479982376099
1.5717545039951801
1.3539077118039131
1.540945004671812
1.569426741451025
1.4824973568320274
1.5257275514304638
1.5822600796818733
1.5320480465888977
1.4424429908394814
1.4360940419137478
1.6826362535357475
1.3978541158139706
1.6765889637172222
1.5593057051301003
1.5869187898933887
1.5242426358163357
1.4905861876904964
1.5462570525705814
1.474936030805111
1.4148936048150063
1.502807255834341
1.486185748130083
1.5438277311623096
1.542047955095768
1.447990771383047
1.5041163675487041
1.36712646484375
1.4075683876872063
1.6153097711503506
1.4388662055134773
1.5763667896389961
1.6788463033735752
1.3980492874979973
1.415326301008463
1.4079791009426117
1.460139699280262
1.4395216926932335
1.5783143304288387
1.4957755729556084
1.6723334342241287
1.649197194725275
1.4375694654881954
1.5102524235844612
1.5726895779371262
1.4437717385590076
1.4637263007462025
1.5591789409518242
1.475241381675005
1.640732429921627
1.5713260844349861
1.5387920401990414
1.5191936194896698
1.556473445147276
1.6503263339400291
1.4608793556690216
1.5805161967873573
1.5597634315490723
1.2574388571083546
1.4702592119574547
1.5206046774983406
1.503519494086504
1.592352669686079
1.4273963496088982
1.4758202880620956
1.4658602997660637
1.538780577480793
1.3205611146986485
1.2393619231879711
1.3076356165111065
1.4825311489403248
1.6313772797584534
1.4739848263561726
1.3977895081043243
1.2640582360327244
1.2437694519758224
1.4495180174708366
1.4856196381151676
1.3950400985777378
1.4797974787652493
1.4927578829228878
1.4322019331157207
1.4706212505698204
1.3440973721444607
1.4567853659391403
1.4579550735652447
1.5439377948641777
1.350473340600729
1.4274031184613705
1.5592707768082619
1.3300454281270504
1.5489249117672443
1.3706719018518925
1.511613067239523
1.3847911357879639
1.3557489514350891
1.397287119179964
1.3926832936704159
1.4592536017298698
1.4558804333209991
1.434540219604969
1.4548842422664165
1.4207336939871311
1.3078248426318169
1.5004677549004555
1.4994015246629715
1.3499004319310188
1.496454268693924
1.389055274426937
1.4439123533666134
1.598897099494934
1.517714463174343
1.59899677708745
1.6692234016954899
1.5814977139234543
1.4182840250432491
1.5707985870540142
1.532533347606659
1.4968312308192253
1.4390725530683994
1.4779417924582958
1.4647927209734917
1.530097920447588
1.4873742870986462
1.4722257852554321
1.3706953562796116
1.5370450019836426
1.4552560709416866
1.5373407043516636
1.3761545084416866
1.4613832384347916
1.5211933627724648
1.5217404998838902
1.4914107769727707
1.4933437667787075
1.4832954294979572
1.4980653524398804
1.445047341287136
1.3023950904607773
1.6334505826234818
1.326841875910759
1.3216464817523956
1.4309215135872364
1.467751994729042
1.4608280062675476
1.2820933647453785
1.4627858586609364
1.3795995712280273
1.387363214045763
1.3942323736846447
1.3608483895659447
1.3746203817427158
1.5423947237432003
1.5620039254426956
1.4118901081383228
1.4986362010240555
1.29776094481349
1.5054873563349247
1.433580432087183
1.33104108273983
1.434829592704773
1.4458493515849113
1.4201322942972183
1.3134773895144463
1.3689969256520271
1.357260823249817
1.3321079649031162
1.3793476223945618
1.4162942804396152
1.3012100979685783
1.510590847581625
1.400098979473114
1.2453509718179703
1.5239541120827198
1.3125858530402184
1.5283146016299725
1.3824224546551704
1.4257120862603188
1.427443154156208
1.4245411977171898
1.3909492492675781
1.5034345276653767
1.4735787585377693
1.4281952045857906
1.307744063436985
1.481797780841589
1.558418296277523
1.4141870103776455
1.3920748606324196
1.2503742948174477
1.3380314223468304
1.4551098011434078
1.3907246105372906
1.5006768219172955
1.3316157050430775
1.2719655595719814
1.2921738475561142
1.3798402287065983
1.448142983019352
1.3846308253705502
1.472792137414217
1.5028473250567913
1.2166230529546738
1.5117929317057133
1.3581361323595047
1.3562661372125149
1.4431283622980118
1.4758326299488544
1.5746750682592392
1.4500273019075394
1.5764619931578636
1.371812917292118
1.4247111082077026
1.4718597047030926
1.4615440219640732
1.4599274098873138
1.4347049444913864
1.4715093895792961
1.4807874858379364
1.524246983230114
1.494491383433342
1.5280568897724152
1.2898775152862072
1.3821233548223972
1.451308947056532
1.3224610686302185
1.3572397008538246
1.4488284401595592
1.5188970193266869
1.4570973813533783
1.4546969719231129
1.6310016326606274
1.3994084633886814
1.7043503187596798
1.376281712204218
1.5600089728832245
1.4748156294226646
1.4887562617659569
1.5186398662626743
1.6280963979661465
1.4379863142967224
1.3926178775727749
1.5602210350334644
1.3971046954393387
1.4513471126556396
1.4083939120173454
1.2983999773859978
1.4389011338353157
1.4558452367782593
1.4605031795799732
1.773165762424469
1.6600389741361141
1.5585822314023972
1.5291430056095123
1.3791059851646423
1.607961904257536
1.4617732353508472
1.5060482993721962
1.6160514764487743
1.4877299293875694
1.48030049726367
1.4588700644671917
1.3963436484336853
1.5092346519231796
1.35610968247056
1.3592402040958405
1.2971118204295635
1.4236039631068707
1.2984867952764034
1.4212502464652061
1.4282956048846245
1.6339011564850807
1.385117769241333
1.5061910636723042
1.5637432783842087
1.2189277336001396
1.3809472881257534
1.318452037870884
1.547226458787918
1.337087508291006
1.3850484117865562
1.361457597464323
1.5155888423323631
1.505956705659628
1.4408453814685345
1.4013704918324947
1.4664497338235378
1.2481224797666073
1.4027921929955482
1.4672545194625854
1.3945105858147144
1.46371790766716
1.451990019530058
1.4305721037089825
1.441026482731104
1.3252270631492138
1.356089923530817
1.5449104011058807
1.396802593022585
1.3916971273720264
1.6765919774770737
1.3673700019717216
1.378658976405859
1.3391485214233398
1.4099057503044605
1.411566898226738
1.4099117740988731
1.5059761814773083
1.4042734950780869
1.3035115748643875
1.4415815584361553
1.4860360324382782
1.373808592557907
1.457577582448721
1.3604550175368786
1.4358349479734898
1.2961974740028381
1.3047229871153831
1.318824153393507
1.3053500317037106
1.3960769549012184
1.3760503232479095
1.4662951938807964
1.5743521079421043
1.364311594516039
1.3905454576015472
1.489552091807127
1.4778625518083572
1.4667451344430447
1.6577448435127735
1.5278831869363785
1.4133726619184017
1.3191785551607609
1.5066095255315304
1.5227843821048737
1.3701553232967854
1.3291500397026539
1.30434525385499
1.3430347181856632
1.450773660093546
1.2987838499248028
1.327719286084175
1.4324264004826546
1.4829558581113815
1.533625341951847
1.4482085295021534
1.462296538054943
1.5701547861099243
1.4173512682318687
1.3356846049427986
1.4593060426414013
1.4196329303085804
1.492697861045599
1.3616732694208622
1.6301970407366753
1.5363215059041977
1.4537003114819527
1.3881550468504429
1.5994750000536442
1.5133868381381035
1.5305991470813751
1.3263561017811298
1.5305767469108105
1.5450570322573185
1.448966234922409
1.495681557804346
1.4474643543362617
1.6214916594326496
1.4906245060265064
1.3123521655797958
1.4223112165927887
1.3296431936323643
1.3952163942158222
1.3263371586799622
1.5277175828814507
1.3049485832452774
1.4982795678079128
1.5200474448502064
1.469576619565487
1.4965998493134975
1.418500378727913
1.4591559395194054
1.492290385067463
1.3875203914940357
1.2791148126125336
1.3578992262482643
1.4835119731724262
1.32322371378541
1.4597877226769924
1.591068360954523
1.3343956843018532
1.4951297454535961
1.5161258392035961
1.6052871607244015
1.2547985315322876
1.3565008714795113
1.2606999687850475
1.5869781002402306
1.3435347005724907
1.4251633062958717
1.4331890381872654
1.5165652446448803
1.3960131667554379
1.5269491896033287
1.5511072278022766
1.385670680552721
1.3529333248734474
1.4496603831648827
1.6737366877496243
1.4510464817285538
1.439050193876028
1.3159717991948128
1.3598676770925522
1.52023521438241
1.49314596503973
1.4689768962562084
1.4911120384931564
1.4038657061755657
1.355852421373129
1.4379490837454796
1.2575038336217403
1.4972632713615894
1.461292203515768
1.4478681907057762
1.462559599429369
1.60973584279418
1.3381165638566017
1.4983268827199936
1.434061624109745
1.3496954627335072
1.6414090506732464
1.4821205735206604
1.4746707752346992
1.3782159984111786
1.495992660522461
1.4619219899177551
1.3111953884363174
1.573597963899374
1.4520470090210438
1.5378667637705803
1.2917759604752064
1.441730860620737
1.4538898430764675
1.446075927466154
1.5075257681310177
1.4564254470169544
1.3689175248146057
1.3293796628713608
1.3662917464971542
1.2895872667431831
1.619214404374361
1.4630866646766663
1.5766503363847733
1.2494728788733482
1.4637523330748081
1.3984301947057247
1.4202435910701752
1.4276325069367886
1.4248652942478657
1.3879768811166286
1.4323512688279152
1.5308255478739738
1.503819726407528
1.466376107186079
1.381585031747818
1.4455054849386215
1.4389539062976837
1.4781068675220013
1.3562086820602417
1.5327907651662827
1.6058914102613926
1.3933160379529
1.5840358659625053
1.4199662506580353
1.4294386953115463
1.530060924589634
1.4982971213757992
1.3073768429458141
1.3998892903327942
1.508377943187952
1.3062324710190296
1.331845372915268
1.4864644967019558
1.4294199347496033
1.2891167998313904
1.324541486799717
1.4316682144999504
1.49306208640337
1.4070650823414326
1.3879742324352264
1.4543135277926922
1.4021448753774166
1.4542583003640175
1.4055630527436733
1.3422867581248283
1.370870254933834
1.3275475278496742
1.575746614485979
1.5040787123143673
1.3761963434517384
1.487727329134941
1.4831922836601734
1.5511753931641579
1.4433026723563671
1.4976886808872223
1.450879741460085
1.4496554248034954
1.3533136919140816
1.4146911725401878
1.6538247279822826
1.3811015784740448
1.3801688849925995
1.3483425416052341
1.4606486074626446
1.4582694172859192
1.4052377715706825
1.4543068148195744
1.3326247818768024
1.4381159730255604
1.2300802953541279
1.4392440542578697
1.358356960117817
1.481256928294897
1.5554127432405949
1.3703858107328415
1.5670463182032108
1.5477527305483818
1.6212839782238007
1.369973286986351
1.2303665988147259
1.4032051637768745
1.428063616156578
1.4126534350216389
1.490772768855095
1.3049868904054165
1.2878388538956642
1.4776626303792
1.4940904080867767
1.3960756622254848
1.3723083101212978
1.3852820955216885
1.3246898129582405
1.31856357306242
1.4937180541455746
1.3773302920162678
1.3101583309471607
1.2657881751656532
1.3579128049314022
1.3904168754816055
1.5974877141416073
1.2708601467311382
1.3495896831154823
1.434748888015747
1.3838165029883385
1.4515962786972523
1.4832190349698067
1.3949072174727917
1.2762223780155182
1.438679777085781
1.4094888530671597
1.3250476159155369
1.4557851664721966
1.4384622909128666
1.310761470347643
1.475650168955326
1.4716995023190975
1.379730723798275
1.4819369167089462
1.2648151069879532
1.2308639101684093
1.3614466078579426
1.2656493410468102
1.3525182828307152
1.522055484354496
1.2184658870100975
1.409752532839775
1.2691508270800114
1.5827321410179138
1.5514979362487793
1.4803885444998741
1.3392585553228855
1.3308040462434292
1.3517211340367794
1.4679032005369663
1.3538554571568966
1.562701515853405
1.3744151666760445
1.4595070108771324
1.6199268400669098
1.6021995469927788
1.4791113957762718
1.3363237082958221
1.3947025686502457
1.335537489503622
1.5054840259253979
1.64988536760211
1.2900896668434143
1.4217232167720795
1.5247886814177036
1.4464698173105717
1.5268835090100765
1.3384316861629486
1.4261396192014217
1.4643695056438446
1.5421197935938835
1.4146578796207905
1.5599465146660805
1.3612253777682781
1.4861822426319122
1.3341509103775024
1.4153306856751442
1.5612733587622643
1.4943176098167896
1.3698474764823914
1.4270733185112476
1.386037416756153
1.6046198643743992
1.395041037350893
1.563392598181963
1.4334338195621967
1.530871007591486
1.3788287155330181
1.614280842244625
1.4915926866233349
1.3798861280083656
1.5966198295354843
1.4751177467405796
1.6244385540485382
1.4014693088829517
1.44878413900733
1.4591127149760723
1.366215355694294
1.3876424729824066
1.4753754362463951
1.2762651182711124
1.3539553545415401
1.387763611972332
1.3649927377700806
1.546125054359436
1.4811943136155605
1.6489402242004871
1.555296491831541
1.5598481521010399
1.3883319795131683
1.3779160119593143
1.4213581308722496
1.4538455307483673
1.4043181762099266
1.3783791586756706
1.356040421873331
1.5218081660568714
1.4193326346576214
1.3976367712020874
1.253927331417799
1.536873683333397
1.4660848900675774
1.4823625572025776
1.405554786324501
1.5600086227059364
1.6049678809940815
1.5246646106243134
1.4999063983559608
1.4285514913499355
1.5909592770040035
1.4482082389295101
1.5959590896964073
1.263547409325838
1.464295867830515
1.6274275407195091
1.4752403646707535
1.4861217364668846
1.3750654831528664
1.454319953918457
1.4781794473528862
1.5453818626701832
1.540150310844183
1.509537972509861
1.4884920008480549
1.5059622675180435
1.3967079147696495
1.4637126475572586
1.4463191032409668
1.5496628694236279
1.4111635722219944
1.4774430952966213
1.5475385710597038
1.5712212882936
1.4919967874884605
1.4035911038517952
1.5957609154284
1.3408917859196663
1.386321373283863
1.2409228794276714
1.5268020816147327
1.4375178702175617
1.6243781596422195
1.3330082073807716
1.4804720655083656
1.4763862378895283
1.406156376004219
1.3695431798696518
1.274843730032444
1.5248072929680347
1.3836933709681034
1.2794754654169083
1.515644583851099
1.3788125477731228
1.223535843193531
1.5400695018470287
1.3251415714621544
1.473311934620142
1.456188153475523
1.3664992824196815
1.5879174694418907
1.4922545067965984
1.5703878737986088
1.4301439002156258
1.5781956054270267
1.5306122973561287
1.4313389770686626
1.5021674633026123
1.30573346093297
1.2768406309187412
1.4405936002731323
1.4720806740224361
1.4391146637499332
1.413977537304163
1.3930404037237167
1.460400551557541
1.3806375600397587
1.36960743740201
1.4213808625936508
1.4316865354776382
1.4350103475153446
1.2888257130980492
1.5971278212964535
1.4256773702800274
1.3993055373430252
1.3305457159876823
1.5950909554958344
1.4534623064100742
1.3063682205975056
1.3404367938637733
1.3685355819761753
1.6296931691467762
1.3497269116342068
1.5545156560838223
1.3296905495226383
1.4495461583137512
1.453942772001028
1.526118103414774
1.3469262272119522
1.3944290168583393
1.6310335583984852
1.5717688463628292
1.41315146535635
1.258981116116047
1.4703459776937962
1.5572144500911236
1.3745544105768204
1.3645405136048794
1.3582780621945858
1.5035538040101528
1.5634613558650017
1.441050261259079
1.4222301840782166
1.61130091547966
1.4426547586917877
1.5784968957304955
1.406265776604414
1.405128140002489
1.5056299231946468
1.4056223221123219
1.5326740555465221
1.5802561901509762
1.7183176092803478
1.6975637003779411
1.633684940636158
1.4560644440352917
1.6049644239246845
1.503534521907568
1.4783611670136452
1.5823772996664047
1.6753993965685368
1.6820427030324936
1.6521719954907894
1.457861267030239
1.680792648345232
1.5507559143006802
1.644944917410612
1.7718719355762005
1.8116284050047398
1.5933300778269768
1.7084796950221062
1.7000894770026207
1.5567422769963741
1.640511229634285
1.6516971923410892
1.5397144816815853
1.6546441428363323
1.616948939859867
1.5797836743295193
1.4852806963026524
1.7602896615862846
1.6909735091030598
1.5333270691335201
1.5151330158114433
1.5732231549918652
1.440351240336895
1.6893843300640583
1.587951846420765
1.5516506396234035
1.6053330712020397
1.8611206449568272
1.7354794405400753
1.6385603360831738
1.5654022134840488
1.501185342669487
1.4172077253460884
1.5054404586553574
1.5173852257430553
1.6029612720012665
1.3760183155536652
1.4967253245413303
1.5391082167625427
1.561948250979185
1.3979454711079597
1.6224764212965965
1.5262713134288788
1.51846968755126
1.5582225546240807
1.7038332410156727
1.6071776486933231
1.6515387296676636
1.5559894554316998
1.5137105472385883
1.5485526211559772
1.456384602934122
1.4792206138372421
1.3444458022713661
1.525781225413084
1.5664149075746536
1.326182086020708
1.3960707448422909
1.4273074083030224
1.5993368439376354
1.3178519159555435
1.371809370815754
1.4727904573082924
1.5008683055639267
1.5984859354794025
1.6198545433580875
1.5391657836735249
1.5464430674910545
1.5675965659320354
1.4165770299732685
1.5214612521231174
1.398324616253376
1.4352798610925674
1.4092444702982903
1.3756192326545715
1.5788592770695686
1.5258057117462158
1.5388444997370243
1.446965578943491
1.3812901936471462
1.433365996927023
1.384553138166666
1.5703710615634918
1.3195304051041603
1.4288032054901123
1.3866661302745342
1.451682809740305
1.4948232024908066
1.4882070608437061
1.5056070685386658
1.3267231695353985
1.4224325455725193
1.44882083684206
1.3971497640013695
1.4908497780561447
1.3825834542512894
1.4372111521661282
1.3092514611780643
1.4945858158171177
1.5667387545108795
1.3898162059485912
1.4889621138572693
1.3400069512426853
1.6341273449361324
1.4192861504852772
1.464883252978325
1.4901634529232979
1.4600310325622559
1.6664483025670052
1.5195655822753906
1.5603380650281906
1.5631333030760288
1.529118336737156
1.6912207901477814
1.5701999366283417
1.7341809421777725
1.420384954661131
1.5974454656243324
1.6657691337168217
1.417683020234108
1.5504398569464684
1.4132082276046276
1.3896331675350666
1.531825803220272
1.3668208196759224
1.4807111956179142
1.4896781891584396
1.6518064141273499
1.4979130886495113
1.5293414257466793
1.528003502637148
1.460879236459732
1.3617945685982704
1.5188931822776794
1.4293223321437836
1.3686370328068733
1.5162309296429157
1.550791371613741
1.495626024901867
1.5573807619512081
1.3486416935920715
1.6670188717544079
1.3465791568160057
1.4670408368110657
1.570285502821207
1.4625422395765781
1.3263158723711967
1.4122484400868416
1.4484162963926792
1.4577637240290642
1.5465288646519184
1.6099146082997322
1.4696543365716934
1.543426040560007
1.42934026196599
1.6409972198307514
1.5531208217144012
1.6572968885302544
1.4670225381851196
1.4205102249979973
1.6372674815356731
1.3702304922044277
1.3990244679152966
1.4307628832757473
1.5404808297753334
1.3936247937381268
1.3152288720011711
1.4340676479041576
1.420130368322134
1.3998829573392868
1.4963263124227524
1.5305814109742641
1.4552848897874355
1.424207728356123
1.4778092242777348
1.3537262044847012
1.4616238288581371
1.4411344602704048
1.3760941624641418
1.4310139305889606
1.5362166538834572
1.3595641627907753
1.292369894683361
1.5476578809320927
1.4521381258964539
1.4650500640273094
1.3869320154190063
1.472099844366312
1.502987165004015
1.3817122876644135
1.311627585440874
1.573259674012661
1.4180279411375523
1.4039254859089851
1.498733788728714
1.3203988410532475
1.4231155775487423
1.4636952951550484
1.4324510730803013
1.6582132577896118
1.3799118287861347
1.4718062244355679
1.4092962555587292
1.4638307467103004
1.5133610256016254
1.5287048257887363
1.4596779868006706
1.380132257938385
1.186107024550438
1.3121894970536232
1.399457659572363
1.4392770305275917
1.4416613094508648
1.3293948024511337
1.619566686451435
1.309850499033928
1.334177315235138
1.4092979319393635
1.3931917734444141
1.4914136566221714
1.29658655077219
1.4954637177288532
1.2074896469712257
1.4586542770266533
1.4546801261603832
1.4248433113098145
1.3859374523162842
1.4126544333994389
1.3228710852563381
1.319857120513916
1.4945982657372952
1.4543831497430801
1.4949839897453785
1.4521181881427765
1.3467231541872025
1.2593350112438202
1.450426448136568
1.386073637753725
1.4940751492977142
1.2344089858233929
1.3485656268894672
1.5410197004675865
1.5756606087088585
1.298979740589857
1.694422908127308
1.4187064468860626
1.492712039500475
1.4893722273409367
1.496777631342411
1.1851655803620815
1.7580153942108154
1.574587605893612
1.406578455120325
1.4497914165258408
1.5235610529780388
1.518404196947813
1.5674498677253723
1.4358359463512897
1.3738253191113472
1.4509713426232338
1.421508926898241
1.4355148933827877
1.4720325134694576
1.3310605809092522
1.368190921843052
1.4622349217534065
1.6487874165177345
1.399443805217743
1.2106937766075134
1.5010690912604332
1.7064135782420635
1.4374506808817387
1.3435285314917564
1.423063188791275
1.58312451466918
1.4594066366553307
1.6545145213603973
1.3466392867267132
1.5442200377583504
1.381845861673355
1.3258021920919418
1.322101790457964
1.4838780798017979
1.4160617850720882
1.5160791464149952
1.4271440543234348
1.3812251649796963
1.414532344788313
1.3395840786397457
1.454435095191002
1.5410419292747974
1.4194544851779938
1.4366122670471668
1.6937098912894726
1.382980566471815
1.7483410984277725
1.488802757114172
1.5641552582383156
1.6201733611524105
1.4727014638483524
1.5550771281123161
1.4970534965395927
1.574067384004593
1.4683131873607635
1.5378156192600727
1.5197468772530556
1.5763214714825153
1.617564681917429
1.4535875096917152
1.3965827375650406
1.4262496829032898
1.4713027849793434
1.57572865113616
1.4675911366939545
1.5763561576604843
1.4610311761498451
1.2962272316217422
1.4874928817152977
1.5539253950119019
1.383949052542448
1.4361532926559448
1.4651779271662235
1.5646630562841892
1.5212626792490482
1.5424540229141712
1.4085060767829418
1.454379752278328
1.4718922302126884
1.5027104690670967
1.602868765592575
1.3343146108090878
1.4469809085130692
1.553045280277729
1.4978332221508026
1.4551475159823895
1.27772805839777
1.5285208523273468
1.3354448899626732
1.3430742360651493
1.4394278638064861
1.5412599630653858
1.6186118684709072
1.4544561505317688
1.3941720128059387
1.7990120276808739
1.3654935620725155
1.2314584851264954
1.6195701025426388
1.5798884257674217
1.3421948589384556
1.2761580720543861
1.3965784944593906
1.3003108724951744
1.4568229466676712
1.2923583909869194
1.2851183824241161
1.507876891642809
1.4224727936089039
1.44102568551898
1.3687751442193985
1.206321943551302
1.2789258249104023
1.4718111418187618
1.467561848461628
1.4143615067005157
1.5134392976760864
1.4607298597693443
1.3504805266857147
1.4516094364225864
1.3113979883491993
1.49292529001832
1.6076289936900139
1.3806406669318676
1.335929874330759
1.4282784685492516
1.4936868622899055
1.5291897468268871
1.4999020881950855
1.4899660050868988
1.344489049166441
1.6490344442427158
1.4908522255718708
1.6163823045790195
1.4587732553482056
1.6619735844433308
1.5485736802220345
1.466252014040947
1.4732099436223507
1.6535989940166473
1.5522664561867714
1.4961741641163826
1.4675692915916443
1.5495357103645802
1.4419505931437016
1.4656391814351082
1.4589941836893559
1.4430348426103592
1.5328914150595665
1.4678516313433647
1.4418707937002182
1.5419765003025532
1.580657571554184
1.446000300347805
1.4100815430283546
1.3221870996057987
1.4051802642643452
1.5079980827867985
1.3267394341528416
1.419728647917509
1.500657346099615
1.2556578256189823
1.4781494215130806
1.4279673546552658
1.33330612257123
1.461010567843914
1.459775261580944
1.476765874773264
1.556272231042385
1.3933621123433113
1.5690741278231144
1.4841784909367561
1.4614622257649899
1.389004297554493
1.4561413936316967
1.5828288979828358
1.4407398104667664
1.3002162836492062
1.4985592626035213
1.3440418280661106
1.392508152872324
1.4613971449434757
1.3736755400896072
1.4720755591988564
1.5225463174283504
1.4341684058308601
1.4252045936882496
1.6307771131396294
1.3029687330126762
1.4876106567680836
1.4888767786324024
1.3964265994727612
1.2454290688037872
1.50119573995471
1.3582369461655617
1.45162458345294
1.5001963302493095
1.461673628538847
1.3750098422169685
1.399176962673664
1.4183484464883804
1.5002810470759869
1.3273547776043415
1.3107991479337215
1.4118709936738014
1.4860638342797756
1.4657615907490253
1.4336399100720882
1.268462397158146
1.395951297134161
1.3363526873290539
1.41023413464427
1.4126996286213398
1.533760905265808
1.4810429140925407
1.386608973145485
1.2764886170625687
1.4754397422075272
1.452978104352951
1.4043194875121117
1.4834638051688671
1.4793558232486248
1.4604497402906418
1.4260192103683949
1.482147179543972
1.3771484531462193
1.4739763662219048
1.656678956001997
1.3887886926531792
1.49904440715909
1.4286107756197453
1.523921649903059
1.4973877407610416
1.3977960497140884
1.5922209955751896
1.6552156955003738
1.5712287686765194
1.399960145354271
1.4290504157543182
1.475305698812008
1.5597753189504147
1.4461612179875374
1.512240994721651
1.4176118224859238
1.508806113153696
1.5091447457671165
1.30989346280694
1.8494672626256943
1.4531293362379074
1.3739441223442554
1.3648938573896885
1.3779649995267391
1.288367584347725
1.4807884991168976
1.4160909727215767
1.5761989802122116
1.4113262295722961
1.5877335779368877
1.4825010746717453
1.4356882087886333
1.3718588910996914
1.4682345017790794
1.4246165826916695
1.3544475957751274
1.3838593363761902
1.5740720964968204
1.409311506897211
1.5441364794969559
1.4308535158634186
1.6452994085848331
1.5503946729004383
1.492039319127798
1.4148496054112911
1.4015095122158527
1.2852521128952503
1.401925165206194
1.3567225001752377
1.4640845209360123
1.500244326889515
1.3942427039146423
1.4017562717199326
1.2879898250102997
1.5399200357496738
1.323271669447422
1.4507769607007504
1.419080227613449
1.3615636825561523
1.4171180501580238
1.3081754185259342
1.5082617849111557
1.3717872351408005
1.3966294191777706
1.300683468580246
1.3450837284326553
1.4478283561766148
1.4248967319726944
1.699906125664711
1.343578863888979
1.3593809641897678
1.620707742869854
1.4595826715230942
1.6098996251821518
1.3008379377424717
1.3991927094757557
1.637521144002676
1.4273981340229511
1.3143744431436062
1.3847213126718998
1.4523569121956825
1.5156394615769386
1.4637062288820744
1.2358072213828564
1.4354369528591633
1.3371325805783272
1.3761539347469807
1.233750332146883
1.39950992166996
1.376446459442377
1.43284148350358
1.4451971277594566
1.3437166400253773
1.4598700366914272
1.4059956409037113
1.4757145829498768
1.526784099638462
1.4761848971247673
1.2237064614892006
1.2524093464016914
1.4210740365087986
1.2797688245773315
1.3982206359505653
1.3630665056407452
1.4145972840487957
1.6250559724867344
1.2053859308362007
1.4502831734716892
1.3836508020758629
1.3621788807213306
1.3722662813961506
1.36060880869627
1.3447007834911346
1.436472687870264
1.3873763345181942
1.2371475361287594
1.393591184169054
1.4318971633911133
1.2873803116381168
1.444134447723627
1.3478143475949764
1.2613305859267712
1.4895051307976246
1.4878664314746857
1.4203688576817513
1.4443529658019543
1.261117596179247
1.259269129484892
1.3849445767700672
1.4412735477089882
1.3601999282836914
1.548396598547697
1.3042287193238735
1.3180407360196114
1.3275137655436993
1.5731988735496998
1.5435083135962486
1.4025389775633812
1.3837417252361774
1.346866186708212
1.5091236345469952
1.4939996413886547
1.5022794120013714
1.4237032532691956
1.5134146437048912
1.5420367233455181
1.4774097055196762
1.5068935304880142
1.5966233909130096
1.5153955668210983
1.4909092262387276
1.3944438844919205
1.6031783148646355
1.390999436378479
1.4961049780249596
1.4269316270947456
1.4559399634599686
1.3323630318045616
1.4099620319902897
1.3776006996631622
1.461949072778225
1.3708052597939968
1.3013591840863228
1.4333087466657162
1.4139767587184906
1.3793940357863903
1.4418061599135399
1.368154775351286
1.3332371413707733
1.4218453504145145
1.384783934801817
1.4575981870293617
1.3871451541781425
1.5894186049699783
1.674047525972128
1.3864854983985424
1.4520311877131462
1.3843888230621815
1.3929511830210686
1.3667010553181171
1.4593408480286598
1.4179137907922268
1.7255637608468533
1.341534998267889
1.2772865407168865
1.4272276237607002
1.4516723603010178
1.457065463066101
1.493721041828394
1.4731915965676308
1.5028332695364952
1.4572566263377666
1.4643405973911285
1.4926331900060177
1.4467977993190289
1.487744502723217
1.4824103899300098
1.5354229100048542
1.465032160282135
1.315681491047144
1.4253378510475159
1.3942467272281647
1.362700954079628
1.3737062476575375
1.3633549883961678
1.4832446463406086
1.3141093775629997
1.3611363470554352
1.4199459105730057
1.433652050793171
1.2405775673687458
1.3950261771678925
1.4284342974424362
1.424916222691536
1.4201480187475681
1.4496654532849789
1.4451306201517582
1.4224832765758038
1.4803045839071274
1.3667489439249039
1.4135057292878628
1.3814985007047653
1.3171519972383976
1.4995625615119934
1.520551085472107
1.2644280716776848
1.5747435167431831
1.5351849608123302
1.515170130878687
1.341163769364357
1.2877562008798122
1.4573499076068401
1.3984027951955795
1.5076505728065968
1.4139950387179852
1.4010211750864983
1.3677152544260025
1.4911985769867897
1.439607635140419
1.3037177063524723
1.3981433100998402
1.355331901460886
1.424191452562809
1.5205986462533474
1.4010727666318417
1.3466794677078724
1.461608536541462
1.3126888014376163
1.650763675570488
1.440472323447466
1.4673346318304539
1.4812703244388103
1.368978824466467
1.390675637871027
1.4133905917406082
1.483066163957119
1.3483342304825783
1.4975183047354221
1.3361884653568268
1.4424954876303673
1.5472379997372627
1.3254050090909004
1.3438218794763088
1.3758008368313313
1.2881020307540894
1.4576105028390884
1.4955464862287045
1.6315736584365368
1.5093987360596657
1.4108193032443523
1.3164496384561062
1.4296792224049568
1.4574960842728615
1.4596568495035172
1.534052710980177
1.5399969592690468
1.517450001090765
1.5245115607976913
1.5818680562078953
1.4299281500279903
1.597470335662365
1.5868747793138027
1.360297940671444
1.4529298767447472
1.3542007505893707
1.415290541946888
1.5112094171345234
1.3129331767559052
1.4809320606291294
1.4223949015140533
1.4277565144002438
1.4171224273741245
1.5712371580302715
1.4328321814537048
1.511684238910675
1.6490802690386772
1.3294501788914204
1.3449464067816734
1.2983589805662632
1.5251456089317799
1.3763563744723797
1.3091903291642666
1.4193560481071472
1.348787099123001
1.5706438459455967
1.4834350496530533
1.4577440433204174
1.460190862417221
1.3744770735502243
1.4218108616769314
1.3851990550756454
1.2909928262233734
1.3904452994465828
1.4096639156341553
1.3484781309962273
1.5049441121518612
1.3710393346846104
1.497912935912609
1.2760224267840385
1.5072760991752148
1.6471054702997208
1.3901095390319824
1.3811409622430801
1.3414681255817413
1.3799627497792244
1.4652625694870949
1.4150180369615555
1.3144631087779999
1.3343272991478443
1.3277836479246616
1.3667303510010242
1.378665629774332
1.326190434396267
1.278228372335434
1.406320996582508
1.3726109229028225
1.2576862908899784
1.419047698378563
1.3167262226343155
1.4432103037834167
1.5975426845252514
1.4119309931993484
1.5117451660335064
1.4460645355284214
1.533792905509472
1.66499537602067
1.518552515655756
1.283535785973072
1.3135359324514866
1.4692017808556557
1.4625122249126434
1.7672828435897827
1.5664913021028042
1.3669613897800446
1.5473391525447369
1.2925942316651344
1.3155391737818718
1.5601876713335514
1.513978324830532
1.452039834111929
1.6500482931733131
1.4493515007197857
1.4735031090676785
1.3980382978916168
1.4182042181491852
1.4074487052857876
1.5454054735600948
1.4154171384871006
1.546620674431324
1.3053434304893017
1.5778849981725216
1.4482630640268326
1.5087776705622673
1.7705795802175999
1.5317141897976398
1.4868898950517178
1.3313409350812435
1.468150820583105
1.4923944026231766
1.5127915106713772
1.5189274176955223
1.4231479987502098
1.475834485143423
1.3656121753156185
1.3867043145000935
1.5070436596870422
1.4060212634503841
1.4087216593325138
1.5770501419901848
1.4526459649205208
1.4098817557096481
1.314654927700758
1.6787435375154018
1.4604652151465416
1.3299220092594624
1.4627757146954536
1.3598202988505363
1.4306351877748966
1.4141287244856358
1.4230085611343384
1.3316853679716587
1.3701364286243916
1.5052026063203812
1.420597866177559
1.463461734354496
1.481314454227686
1.4354550689458847
1.430042553693056
1.287443920969963
1.3518083170056343
1.347239375114441
1.5879489853978157
1.3649867363274097
1.5086865313351154
1.5843337327241898
1.3884574435651302
1.5193914510309696
1.5185256786644459
1.4333118610084057
1.2948770709335804
1.4663628973066807
1.5210271775722504
1.5166960172355175
1.427526131272316
1.3611544482409954
1.3107767514884472
1.4265856631100178
1.3833976089954376
1.3947236314415932
1.4630596302449703
1.3555801324546337
1.3433880470693111
1.304398138076067
1.525568950921297
1.319809265434742
1.378187008202076
1.325211014598608
1.4160380586981773
1.4760640934109688
1.5495582558214664
1.483796138316393
1.3249051347374916
1.5605211928486824
1.5594202056527138
1.520762674510479
1.5273353904485703
1.5759961381554604
1.5035030022263527
1.443603254854679
1.3611284084618092
1.6150049343705177
1.3901285976171494
1.5471193678677082
1.4803670421242714
1.4623231999576092
1.3556812889873981
1.340392854064703
1.590396374464035
1.727407529950142
1.2339670322835445
1.383074063807726
1.5177114233374596
1.397198598831892
1.3944575563073158
1.268824778497219
1.499456498771906
1.1601820774376392
1.4918636940419674
1.5350030772387981
1.367378082126379
1.2901756092905998
1.5685916543006897
1.3758364953100681
1.4323987923562527
1.589288156479597
1.5034464709460735
1.3290100917220116
1.5162266418337822
1.4511363618075848
1.4538520127534866
1.50474414229393
1.4568101912736893
1.579832810908556
1.5073565132915974
1.4103610590100288
1.38874476775527
1.5282301008701324
1.369651921093464
1.4724289700388908
1.5731043964624405
1.3766146078705788
1.4359418973326683
1.3821625597774982
1.447978064417839
1.2716858722269535
1.4714777506887913
1.3586970902979374
1.4181015938520432
1.6327802427113056
1.424296647310257
1.288144662976265
1.3333701081573963
1.3917831927537918
1.5451211631298065
1.4630166180431843
1.507762037217617
1.489855095744133
1.324432611465454
1.2729533798992634
1.3792992569506168
1.2995640970766544
1.4703102968633175
1.3260446153581142
1.5534509420394897
1.125563494861126
1.3394571132957935
1.4335144460201263
1.2415378578007221
1.413418922573328
1.4310753010213375
1.422929111868143
1.4140486344695091
1.3879803121089935
1.4079910218715668
1.391435094177723
1.4547944962978363
1.3727622292935848
1.5669550001621246
1.3941758759319782
1.5248476043343544
1.4002261124551296
1.4501383788883686
1.5414635017514229
1.4414419308304787
1.3376480862498283
1.335293523967266
1.4162657298147678
1.2859889566898346
1.6307027712464333
1.5262604802846909
1.512996919453144
1.3979841843247414
1.3329460732638836
1.3725332915782928
1.4951178804039955
1.3373302184045315
1.34758809953928
1.4721442125737667
1.2947638183832169
1.3342759683728218
1.3761574141681194
1.3470414616167545
1.3087703622877598
1.2945004552602768
1.3651025891304016
1.4117678850889206
1.4542435705661774
1.1745670586824417
1.331646390259266
1.4123485796153545
1.3675281815230846
1.4549806825816631
1.5141455493867397
1.3899271748960018
1.2874106839299202
1.5817547589540482
1.390731941908598
1.5159525908529758
1.4013642743229866
1.5686464458703995
1.4893534667789936
1.407537143677473
1.3066059425473213
1.2851062901318073
1.4926824048161507
1.3549102805554867
1.2270340323448181
1.433752790093422
1.296032227575779
1.3799431212246418
1.342635914683342
1.3620357513427734
1.2870189025998116
1.4141224212944508
1.5460957288742065
1.5410946235060692
1.5156523138284683
1.4305926002562046
1.458666305989027
1.663687914609909
1.4406968094408512
1.39236568659544
1.6218188852071762
1.341116163879633
1.4882222265005112
1.4869050793349743
1.4748625196516514
1.3973753452301025
1.294579640030861
1.26833001896739
1.5997132249176502
1.3084700591862202
1.3708258718252182
1.3868650309741497
1.406953815370798
1.6913724280893803
1.4101214855909348
1.4815279506146908
1.5344673469662666
1.5074850134551525
1.2911753319203854
1.4851124174892902
1.4686530530452728
1.257555566728115
1.309164997190237
1.290561068803072
1.30557469278574
1.5482349321246147
1.4512252658605576
1.3617800921201706
1.3109172023832798
1.4918649941682816
1.264627616852522
1.5383134298026562
1.3156874738633633
1.3314744681119919
1.494938813149929
1.46457564458251
1.4284688457846642
1.4076026678085327
1.3620300777256489
1.4594234228134155
1.464436437934637
1.4417891763150692
1.4114009514451027
1.4788245148956776
1.28883483633399
1.3391342759132385
1.4697634913027287
1.5112471617758274
1.5699219815433025
1.324703823775053
1.365510817617178
1.3071963265538216
1.272150669246912
1.4581881687045097
1.6839648745954037
1.5821730755269527
1.4205885492265224
1.4661691188812256
1.4960227087140083
1.6468838304281235
1.4657334834337234
1.2480309829115868
1.3568928018212318
1.445402268320322
1.5175724774599075
1.4249023459851742
1.3522458299994469
1.5704673789441586
1.3431095071136951
1.3956402242183685
1.4256153851747513
1.5190924406051636
1.5619416385889053
1.5318363383412361
1.557546205818653
1.3716467842459679
1.5113074406981468
1.2618348859250546
1.429374173283577
1.4984197095036507
1.4293878749012947
1.6166400089859962
1.4835435897111893
1.6893156878650188
1.4845498092472553
1.3581757098436356
1.579839427024126
1.5282497145235538
1.3929526768624783
1.3597118854522705
1.4933233112096786
1.4247176833450794
1.602624025195837
1.6232103556394577
1.431077215820551
1.550943035632372
1.465336475521326
1.417668953537941
1.3191113993525505
1.6882078312337399
1.4698899127542973
1.3643307611346245
1.4651339203119278
1.3475948050618172
1.6107578501105309
1.3790045827627182
1.4614588655531406
1.312164954841137
1.4131302163004875
1.5788124725222588
1.438235156238079
1.4440479092299938
1.6676148176193237
1.4429616630077362
1.485131323337555
1.576223447918892
1.418789204210043
1.511422872543335
1.3676899373531342
1.388685218989849
1.3203992135822773
1.436969492584467
1.4356430396437645
1.370682716369629
1.2915435805916786
1.380357962101698
1.4435219131410122
1.3192345276474953
1.4660716019570827
1.342841923236847
1.3332714326679707
1.2982464097440243
1.3048454970121384
1.3271596245467663
1.3776766397058964
1.4940189458429813
1.4294176362454891
1.295539166778326
1.4874409846961498
1.3940727934241295
1.4671822153031826
1.4371324852108955
1.3911157511174679
1.434637252241373
1.518304705619812
1.4290537796914577
1.439591109752655
1.435917742550373
1.4190130606293678
1.5504164136946201
1.3773977793753147
1.3514939732849598
1.4357273615896702
1.4076872169971466
1.467868234962225
1.4711028411984444
1.5760111957788467
1.5673889480531216
1.4831647090613842
1.2677307724952698
1.4849829226732254
1.3635192587971687
1.6048049814999104
1.3385000564157963
1.5701728761196136
1.3881716579198837
1.3837530836462975
1.407902017235756
1.4544097483158112
1.5258609429001808
1.2915362231433392
1.3767861872911453
1.4591067284345627
1.36201698705554
1.4500648975372314
1.4684606865048409
1.589131936430931
1.3459089286625385
1.5008287951350212
1.5125144682824612
1.5747755877673626
1.5212654434144497
1.5816480405628681
1.5563119761645794
1.5924789756536484
1.6284538060426712
1.445193588733673
1.4757177010178566
1.580839540809393
1.4950566068291664
1.5856739729642868
1.5789300426840782
1.6478371992707253
1.675299808382988
1.4975636526942253
1.491277489811182
1.6146134957671165
1.5085025057196617
1.6114655584096909
1.5676196478307247
1.7239660993218422
1.5303019098937511
1.6000568643212318
1.7232195883989334
1.591580729931593
1.6966670006513596
1.5567760914564133
1.7558982074260712
1.8277677856385708
1.6782934106886387
1.707989625632763
1.7228422611951828
1.6398579217493534
1.6916054859757423
1.8478267639875412
1.806162267923355
1.4873352982103825
1.5589619614183903
1.5769083313643932
1.736615676432848
1.5571236871182919
1.4745048023760319
1.581752933561802
1.395667601376772
1.5497796833515167
1.5272594094276428
1.3525025323033333
1.523689366877079
1.4918809570372105
1.4253772646188736
1.4902328625321388
1.408603772521019
1.4072887860238552
1.5276125185191631
1.3092431128025055
1.2732672542333603
1.3449834287166595
1.3923888131976128
1.5553282834589481
1.3748984895646572
1.3662578128278255
1.5481795147061348
1.4712342619895935
1.3939621224999428
1.3199924863874912
1.39847432076931
1.4808220937848091
1.4660995155572891
1.3275009877979755
1.4000783078372478
1.4873021990060806
1.2863221615552902
1.4706710875034332
1.4133318401873112
1.3363627307116985
1.42031479626894
1.5262975730001926
1.5786768943071365
1.3869643323123455
1.4388249702751637
1.3831754587590694
1.3949719592928886
1.3106596022844315
1.2863342612981796
1.3893522955477238
1.5468942075967789
1.3589004576206207
1.4731634184718132
1.481848694384098
1.3274284079670906
1.4199643023312092
1.5884391628205776
1.4225758984684944
1.6228350065648556
1.4942866116762161
1.3233028389513493
1.396634854376316
1.5444866940379143
1.3727184049785137
1.472710032016039
1.4041711129248142
1.4569023586809635
1.4141090363264084
1.5154145285487175
1.6274397112429142
1.4248587898910046
1.539619479328394
1.3896042369306087
1.5019162446260452
1.4411256611347198
1.5188307538628578
1.4190983213484287
1.5463922508060932
1.4705407172441483
1.541270423680544
1.47695292532444
1.479486882686615
1.4653257951140404
1.3743615746498108
1.543001338839531
1.4619126319885254
1.4024807810783386
1.2960344851016998
1.513435360044241
1.4801022671163082
1.4834516569972038
1.5770663060247898
1.2871777266263962
1.3299012593925
1.2917891219258308
1.5669755563139915
1.4716446585953236
1.335045825690031
1.4366943389177322
1.5003426149487495
1.3702242784202099
1.4144917130470276
1.4235578887164593
1.4389786757528782
1.4960501827299595
1.4902090020477772
1.453427329659462
1.463596124202013
1.4346577264368534
1.3627482913434505
1.4777080528438091
1.3345479629933834
1.3439402803778648
1.4113129004836082
1.4119560942053795
1.5070457980036736
1.3985960558056831
1.2388714514672756
1.5331078581511974
1.3625134341418743
1.4791123680770397
1.6015496291220188
1.5707788653671741
1.4574804529547691
1.5232490487396717
1.3854164518415928
1.4409229941666126
1.3635492511093616
1.5008032359182835
1.4023114405572414
1.3206268846988678
1.3533655405044556
1.2977816127240658
1.5643642954528332
1.5428801588714123
1.3509189113974571
1.278358243405819
1.5969437696039677
1.4203001372516155
1.4024045355618
1.430286966264248
1.4799757711589336
1.6850513443350792
1.4750345908105373
1.481317427009344
1.3204780220985413
1.442592240869999
1.5194411277770996
1.3819063045084476
1.5998989306390285
1.2929845303297043
1.5504146739840508
1.4194682203233242
1.5354698710143566
1.5072988457977772
1.6344004273414612
1.5870796963572502
1.6260329969227314
1.4861106500029564
1.4871731773018837
1.58471117913723
1.7598096393048763
1.5644783154129982
1.7570689357817173
1.6614336967468262
1.5815876424312592
1.515056099742651
1.6352432519197464
1.5584773048758507
1.6346695572137833
1.8301604948937893
1.7914084009826183
1.7524227425456047
1.7354992739856243
1.8324033804237843
1.8161129653453827
1.8225737288594246
1.6475719213485718
1.711074497550726
1.6370277293026447
1.7287989407777786
1.6883213929831982
1.84798951074481
1.8058427646756172
1.6735319383442402
1.865085907280445
1.5203154683113098
1.8919762298464775
1.5570434108376503
1.6326120235025883
1.6834127753973007
1.5504332818090916
1.687175802886486
1.4575333781540394
1.4663342013955116
1.6896464377641678
1.5276181735098362
1.5594385527074337
1.577650997787714
1.5773217044770718
1.5115488208830357
1.3425761237740517
1.5765863470733166
1.5479561351239681
1.4266374707221985
1.5451458729803562
1.451286032795906
1.5076292231678963
1.437073402106762
1.6876049563288689
1.5972363241016865
1.4997823610901833
1.628655567765236
1.4653043895959854
1.4376754686236382
1.4848260059952736
1.399196296930313
1.525939803570509
1.57180617749691
1.5335973985493183
1.5828310586512089
1.3085656613111496
1.633690718561411
1.3691660650074482
1.5200376026332378
1.4711528271436691
1.3791877664625645
1.4243265129625797
1.4144059903919697
1.4281903095543385
1.3994574286043644
1.3531627617776394
1.4179407991468906
1.3230212964117527
1.5661332346498966
1.427398856729269
1.5431286953389645
1.5718005299568176
1.1939103305339813
1.4401795640587807
1.3731301426887512
1.3450773060321808
1.546684704720974
1.30949941650033
1.3199377469718456
1.3424363769590855
1.2577335014939308
1.412223070859909
1.4761630594730377
1.5011068247258663
1.3791517317295074
1.6129105649888515
1.4368836507201195
1.4340381547808647
1.6612451411783695
1.4221407659351826
1.3909986093640327
1.4847223609685898
1.5642862021923065
1.4838490709662437
1.429076250642538
1.6236211992800236
1.4052693247795105
1.5195081941783428
1.4629990831017494
1.417244739830494
1.6007136516273022
1.2767854034900665
1.4300508387386799
1.5341604314744473
1.4095543883740902
1.356250911951065
1.5048970580101013
1.549400232732296
1.4445055350661278
1.3689257949590683
1.358229797333479
1.5751328133046627
1.4135316126048565
1.4632324576377869
1.301958106458187
1.4844471849501133
1.5318692103028297
1.4083906263113022
1.4093624912202358
1.3126215860247612
1.4535512328147888
1.5938460864126682
1.392994787544012
1.4024169743061066
1.4825208708643913
1.5125933028757572
1.4830582030117512
1.5246404744684696
1.3432790786027908
1.4039347469806671
1.4566908217966557
1.2601575180888176
1.3351671807467937
1.3796391040086746
1.3365455344319344
1.3793200589716434
1.3521139658987522
1.535030823200941
1.4990825355052948
1.5117954947054386
1.4105539210140705
1.3975500017404556
1.508728250861168
1.416593175381422
1.2299028486013412
1.3690119422972202
1.3405253067612648
1.4482651613652706
1.4146154299378395
1.4168697036802769
1.4093996100127697
1.4207609556615353
1.2993777953088284
1.3453887440264225
1.4710240699350834
1.5620630495250225
1.3624804615974426
1.4843330569565296
1.5571015626192093
1.6332736611366272
1.3592583760619164
1.4112411141395569
1.4896835088729858
1.3281814567744732
1.472936600446701
1.368780456483364
1.3677023686468601
1.3964706175029278
1.363188996911049
1.4522747807204723
1.3906888514757156
1.3497424088418484
1.4248082228004932
1.4562984146177769
1.3664031960070133
1.2105392627418041
1.3481575213372707
1.3352647051215172
1.2896425873041153
1.3537469618022442
1.420375745743513
1.365406971424818
1.4208764471113682
1.3169239796698093
1.307954765856266
1.3524065352976322
1.2588275857269764
1.3580731600522995
1.5439458116889
1.4412833228707314
1.2735708095133305
1.433476623147726
1.3518379926681519
1.3955024406313896
1.3582740277051926
1.3158599510788918
1.4829486533999443
1.3433055058121681
1.614007756114006
1.398285884410143
1.642752069979906
1.4738912917673588
1.6386372670531273
1.5363721698522568
1.665847722440958
1.485581573098898
1.454214047640562
1.5010205693542957
1.5109016485512257
1.5761453621089458
1.5105965957045555
1.4724661074578762
1.5392462573945522
1.5722399801015854
1.2919284738600254
1.4851714968681335
1.3489663861691952
1.5967927277088165
1.514068964868784
1.5629060864448547
1.5663343109190464
1.4517083391547203
1.5090388841927052
1.5477498807013035
1.3164502047002316
1.6574977897107601
1.4840409085154533
1.6318223662674427
1.5091988667845726
1.6397846713662148
1.55736842751503
1.410762794315815
1.542598694562912
1.4674509838223457
1.6103701703250408
1.3334449455142021
1.4026758708059788
1.564195066690445
1.289769258350134
1.4111370295286179
1.6606569401919842
1.3421179987490177
1.3630264103412628
1.5968922637403011
1.441274855285883
1.613648273050785
1.349388275295496
1.4755464754998684
1.4469218775629997
1.3568976894021034
1.6209898069500923
1.645588718354702
1.4611967019736767
1.6142959110438824
1.4268734976649284
1.3682721480727196
1.5550981536507607
1.3014959245920181
1.495372787117958
1.521767571568489
1.5142728053033352
1.5608157515525818
1.2745497226715088
1.4140476696193218
1.4811700098216534
1.2551833391189575
1.3242001235485077
1.4191953279078007
1.2710400968790054
1.388799972832203
1.5715803802013397
1.421062022447586
1.3315807804465294
1.4789572805166245
1.486812025308609
1.4252680018544197
1.4985495433211327
1.4988400042057037
1.4944990128278732
1.372538335621357
1.331835549324751
1.4324394389986992
1.3511483632028103
1.3704302981495857
1.4215802438557148
1.3549353815615177
1.5116867236793041
1.5559581853449345
1.2409789562225342
1.383357334882021
1.2088425122201443
1.5881328359246254
1.534827072173357
1.4204751588404179
1.3525308817625046
1.4327661730349064
1.550651028752327
1.5357492826879025
1.5531161166727543
1.3727385364472866
1.3455792553722858
1.3693906851112843
1.4313247576355934
1.628526821732521
1.494123362004757
1.4263576082885265
1.4026119746267796
1.3562084659934044
1.3947892263531685
1.4610746130347252
1.493718545883894
1.423951767385006
1.4288153611123562
1.4001046605408192
1.5439538694918156
1.54334082826972
1.42138397321105
1.5210530497133732
1.5752088353037834
1.384698562324047
1.4455537013709545
1.4186432026326656
1.4073588587343693
1.3064302392303944
1.3325156196951866
1.638248149305582
1.3507132306694984
1.4862160459160805
1.4041145220398903
1.5063686817884445
1.2977369241416454
1.368611991405487
1.571540854871273
1.3880735859274864
1.493739791214466
1.5686030946671963
1.4974648728966713
1.3747433386743069
1.4543974697589874
1.3049330785870552
1.3759085647761822
1.4325380846858025
1.466757956892252
1.4154251106083393
1.377635721117258
1.4846175462007523
1.4022223129868507
1.2863550297915936
1.184646014124155
1.1643804535269737
1.5716813057661057
1.4851393401622772
1.490701425820589
1.3548781238496304
1.3933348171412945
1.4555910788476467
1.381823144853115
1.4535259269177914
1.5736448653042316
1.4331400468945503
1.337313026189804
1.4398485645651817
1.3266832008957863
1.3622180931270123
1.5697335042059422
1.3392787352204323
1.4598314203321934
1.3934408389031887
1.1668215841054916
1.4105331040918827
1.5707351341843605
1.457714557647705
1.373986128717661
1.3390770629048347
1.4981052540242672
1.4042163714766502
1.2810208201408386
1.395942810922861
1.447373639792204
1.507756020873785
1.4361537881195545
1.2524560540914536
1.4915896654129028
1.4811094179749489
1.5692847110331059
1.376560501754284
1.484030220657587
1.514227770268917
1.4600834660232067
1.4537580609321594
1.5237209312617779
1.3278545439243317
1.4160858951508999
1.3100671209394932
1.230901874601841
1.6375038474798203
1.4369221441447735
1.535928551107645
1.3547431454062462
1.6051081530749798
1.2882710210978985
1.4252244122326374
1.2620828934013844
1.4136605747044086
1.3757124356925488
1.4852115400135517
1.5246233120560646
1.5280163176357746
1.4913964606821537
1.5196636766195297
1.328767605125904
1.3647442124783993
1.2782319337129593
1.3452518656849861
1.5845266841351986
1.3198027051985264
1.440575897693634
1.3911503553390503
1.3952551409602165
1.3798808604478836
1.5284909829497337
1.4043698608875275
1.5107795149087906
1.4273707754909992
1.4527353644371033
1.3399115689098835
1.3644299879670143
1.3931115046143532
1.2973721623420715
1.4829915389418602
1.548407543450594
1.5070066526532173
1.4365702122449875
1.4417995624244213
1.4993127882480621
1.4634250588715076
1.374146532267332
1.3104750663042068
1.4040277414023876
1.3330253399908543
1.4727272875607014
1.4244116246700287
1.393886037170887
1.4726688973605633
1.353828128427267
1.3101575449109077
1.4678377471864223
1.4877709038555622
1.4635141380131245
1.3285876363515854
1.2783586867153645
1.3780686855316162
1.411699816584587
1.365430485457182
1.3925746381282806
1.3135114014148712
1.5281594768166542
1.618930697441101
1.38644515350461
1.410741824656725
1.434467475861311
1.481439109891653
1.4106262624263763
1.3502637296915054
1.2918536365032196
1.2593016773462296
1.586224041879177
1.4602090828120708
1.4603241793811321
1.3663699328899384
1.4572535939514637
1.401514083147049
1.360395047813654
1.4813778102397919
1.4531084448099136
1.3241580314934254
1.3653382174670696
1.52714254707098
1.4861838035285473
1.6461163610219955
1.416806671768427
1.4512889608740807
1.385988600552082
1.458958838135004
1.4929441697895527
1.6239701472222805
1.5147123634815216
1.4527687951922417
1.4431918449699879
1.4647140875458717
1.5432738959789276
1.3432157784700394
1.6299935951828957
1.5067437924444675
1.4762031100690365
1.4624770507216454
1.4842080920934677
1.4694936349987984
1.4546407833695412
1.3965311497449875
1.4574731662869453
1.402254607528448
1.4305675514042377
1.42842535674572
1.4679350145161152
1.5147401504218578
1.1719470359385014
1.4111417420208454
1.4171181917190552
1.398137517273426
1.4105672053992748
1.52038649097085
1.3725553676486015
1.2586430981755257
1.4362778440117836
1.3438199236989021
1.4859321750700474
1.390171606093645
1.4420613199472427
1.4531726725399494
1.6640838906168938
1.3368354141712189
1.413969237357378
1.4138641655445099
1.4480577521026134
1.241993471980095
1.4861096031963825
1.6469135023653507
1.484533429145813
1.4899335913360119
1.4732082560658455
1.4809867329895496
1.4183580726385117
1.4920161291956902
1.39377436414361
1.462087869644165
1.3757933862507343
1.3880102075636387
1.538404893130064
1.3771343156695366
1.4033731296658516
1.4382522329688072
1.3172172717750072
1.3694488890469074
1.3782304301857948
1.370615053921938
1.3101569898426533
1.5013097152113914
1.4852241910994053
1.4355904012918472
1.4364861734211445
1.6261158101260662
1.4389278031885624
1.533006489276886
1.4074790962040424
1.40858144313097
1.3769040443003178
1.581996001303196
1.3262750916182995
1.4154327288269997
1.3405912816524506
1.480380829423666
1.5001158639788628
1.3668584041297436
1.3909510113298893
1.457689993083477
1.410300400108099
1.3340645506978035
1.3781601414084435
1.3999664336442947
1.2967528104782104
1.5128809697926044
1.2933541871607304
1.5815833732485771
1.4329360984265804
1.4934288822114468
1.3687846399843693
1.6147935576736927
1.4042935334146023
1.5592306107282639
1.3513139076530933
1.425970882177353
1.3361010365188122
1.3449188694357872
1.4467571377754211
1.4366322495043278
1.5795980244874954
1.4298775009810925
1.3817678391933441
1.2792206332087517
1.263672262430191
1.5544253140687943
1.3206600584089756
1.5306151770055294
1.4456988461315632
1.3856413923203945
1.3213644959032536
1.5281652845442295
1.4618720971047878
1.5068431869149208
1.3424004167318344
1.5316692925989628
1.5532535575330257
1.3307996317744255
1.5105907246470451
1.3663635477423668
1.339237056672573
1.4326998107135296
1.5322836302220821
1.4064848981797695
1.5839517898857594
1.3861452341079712
1.4554614387452602
1.5731391943991184
1.6079717501997948
1.386025544255972
1.4658118300139904
1.2983544431626797
1.4244804494082928
1.4277988635003567
1.3796642944216728
1.375123880803585
1.3592834249138832
1.4825005903840065
1.2838786765933037
1.491384632885456
1.4595899432897568
1.5090826600790024
1.5187028907239437
1.542867161333561
1.5436092913150787
1.3529849909245968
1.4517747834324837
1.4865085519850254
1.566349070519209
1.53533024340868
1.478804737329483
1.2824889495968819
1.5850325338542461
1.6110491380095482
1.3735367842018604
1.5575622133910656
1.543935652822256
1.3143872395157814
1.5670771598815918
1.396778341382742
1.4031086973845959
1.326411433517933
1.4913925230503082
1.5407452173531055
1.5136164352297783
1.443905208259821
1.3127166964113712
1.3409394137561321
1.2815101258456707
1.497089497745037
1.4476299434900284
1.2937209494411945
1.3471925593912601
1.561425618827343
1.576855592429638
1.4453844018280506
1.3978543542325497
1.4847752824425697
1.430099230259657
1.6008216999471188
1.628280259668827
1.5942368730902672
1.5358972437679768
1.6615869998931885
1.4696642085909843
1.6366896741092205
1.3750553093850613
1.428099635988474
1.5355309695005417
1.4385878928005695
1.5485573820769787
1.4949949942529202
1.3873498179018497
1.403324194252491
1.413186077028513
1.5030173659324646
1.5105194263160229
1.5218582339584827
1.4374985322356224
1.4656792432069778
1.2753767929971218
1.4510457403957844
1.4861424155533314
1.4616315998136997
1.4946562387049198
1.4979779869318008
1.6236853934824467
1.4419334083795547
1.334480132907629
1.437150999903679
1.5139513202011585
1.4063506461679935
1.5863032303750515
1.3021853528916836
1.5269159078598022
1.4177493639290333
1.509515080600977
1.3215612806379795
1.570857360959053
1.6884272694587708
1.5495562888681889
1.4853583686053753
1.5197757221758366
1.5194789357483387
1.6716540902853012
1.6151754818856716
1.5383627898991108
1.547244943678379
1.5079752057790756
1.5674845464527607
1.4449119046330452
1.4629732556641102
1.4974952675402164
1.6222844161093235
1.5674846209585667
1.585743997246027
1.3734081834554672
1.491595383733511
1.628267452120781
1.4184690527617931
1.3857390619814396
1.5617236271500587
1.53518720343709
1.5205481424927711
1.5800325460731983
1.4558799900114536
1.4557218328118324
1.3526155203580856
1.5564474910497665
1.5306919626891613
1.2710456065833569
1.5702672265470028
1.5102627649903297
1.2791775949299335
1.538227528333664
1.394243162125349
1.4796930216252804
1.4540920741856098
1.5159074515104294
1.5033529698848724
1.5517051480710506
1.5696599073708057
1.4261073656380177
1.4499757774174213
1.4227710589766502
1.4368636570870876
1.6478522755205631
1.451545350253582
1.5020524114370346
1.4831589609384537
1.6479733847081661
1.6505482234060764
1.4999360926449299
1.543384850025177
1.608589205890894
1.4377964548766613
1.4719498045742512
1.4805414713919163
1.4733260981738567
1.3795763105154037
1.4503311701118946
1.4147588685154915
1.360870085656643
1.5253243632614613
1.6203294843435287
1.759339664131403
1.273957971483469
1.285294946283102
1.378564178943634
1.3443312086164951
1.5098436921834946
1.3926383405923843
1.385739989578724
1.5124944150447845
1.3701586052775383
1.3370751440525055
1.3688995763659477
1.29891212657094
1.4456455297768116
1.400795891880989
1.3417270220816135
1.4659994840621948
1.24473075568676
1.272930085659027
1.574549712240696
1.5383439548313618
1.4489566050469875
1.5702274553477764
1.4414300955832005
1.4224324151873589
1.471284382045269
1.3149526491761208
1.5581745840609074
1.505038220435381
1.4168279431760311
1.3518263772130013
1.409583669155836
1.420745950192213
1.4338243268430233
1.3269280195236206
1.3836039900779724
1.3679750598967075
1.3787377588450909
1.5276202335953712
1.3182560913264751
1.5050585754215717
1.5244863219559193
1.4644283689558506
1.3770786896348
1.6358141228556633
1.5295636802911758
1.5514823906123638
1.51855443790555
1.660270869731903
1.5645231641829014
1.475569237023592
1.4950254298746586
1.5549164302647114
1.4602254144847393
1.4565854966640472
1.4046069644391537
1.4859380386769772
1.412403341382742
1.5598199963569641
1.2820018269121647
1.489420112222433
1.2286762855947018
1.4266561642289162
1.4971419125795364
1.5026087164878845
1.2633752971887589
1.3263887278735638
1.2861523106694221
1.4764049351215363
1.6092992760241032
1.4072196409106255
1.3840900771319866
1.3495662584900856
1.412583664059639
1.5729135312139988
1.548097975552082
1.4379447177052498
1.321971319615841
1.475371178239584
1.382807768881321
1.5312237329781055
1.4187274798750877
1.3221661411225796
1.5027676820755005
1.439230054616928
1.603321760892868
1.395082637667656
1.4723062068223953
1.355089083313942
1.310436088591814
1.405700646340847
1.40239142999053
1.4340984635055065
1.3422942198812962
1.3910148404538631
1.391127910465002
1.4399342685937881
1.4772945456206799
1.459693506360054
1.2701522447168827
1.2752966582775116
1.4650472924113274
1.5932205207645893
1.3748792670667171
1.4683803841471672
1.4007556699216366
1.4093084074556828
1.3900017328560352
1.4286388456821442
1.297934900969267
1.486294113099575
1.4193268455564976
1.2734186612069607
1.3295405991375446
1.4922770895063877
1.3013938032090664
1.3689229004085064
1.3872333727777004
1.2552952095866203
1.42958764731884
1.4998063929378986
1.3554100394248962
1.2697801999747753
1.5253672525286674
1.5024615414440632
1.5147383213043213
1.2535786032676697
1.547752559185028
1.3728495351970196
1.5385182164609432
1.4315244555473328
1.3009395524859428
1.5118742808699608
1.5499432533979416
1.407449297606945
1.4620801582932472
1.356881145387888
1.5274973958730698
1.4023788049817085
1.4656065478920937
1.591180194169283
1.3430340103805065
1.34824937582016
1.410190675407648
1.4634405560791492
1.4686083123087883
1.3073597997426987
1.4032246880233288
1.5341973528265953
1.3613046705722809
1.5442354306578636
1.2759937271475792
1.3503546379506588
1.3702498562633991
1.4400712884962559
1.4414934106171131
1.2285206317901611
1.4434228911995888
1.4527311623096466
1.4942800849676132
1.4603913240134716
1.5813972726464272
1.51235993206501
1.4514109268784523
1.5347495451569557
1.3430396169424057
1.5292783305048943
1.3911292515695095
1.3700334951281548
1.244068369269371
1.2403281666338444
1.4421562105417252
1.4863295666873455
1.5221809670329094
1.4317204393446445
1.4254160895943642
1.4634120613336563
1.3578043393790722
1.5684071481227875
1.2647567875683308
1.365380272269249
1.3012479692697525
1.397138312458992
1.2974364086985588
1.246429469436407
1.3919436745345592
1.3608283661305904
1.2721535079181194
1.457190964370966
1.1550943702459335
1.3004668056964874
1.3658910989761353
1.3512018769979477
1.4000991806387901
1.2131499722599983
1.3448892794549465
1.4716140367090702
1.5720715336501598
1.3743168041110039
1.4106361530721188
1.3835048489272594
1.337049812078476
1.2888060100376606
1.3381301388144493
1.5620468594133854
1.4416790679097176
1.5333892442286015
1.4891143515706062
1.5838117189705372
1.2999773360788822
1.3354476615786552
1.4525627978146076
1.4682490564882755
1.4829601310193539
1.4247950166463852
1.4312046319246292
1.4731154032051563
1.630413256585598
1.23647391051054
1.6077432185411453
1.2560441046953201
1.390126470476389
1.37362065538764
1.4625272527337074
1.4042557962238789
1.7274084389209747
1.3929268158972263
1.3260445930063725
1.4170077815651894
1.3964900523424149
1.4328837618231773
1.366961058229208
1.3813885934650898
1.468943029642105
1.3502442426979542
1.4698275476694107
1.3239126987755299
1.3391773961484432
1.2657011933624744
1.3960623107850552
1.4252957180142403
1.3652895092964172
1.3699465431272984
1.3769871145486832
1.5984219871461391
1.334751132875681
1.4279787987470627
1.3731572814285755
1.4523939117789268
1.4073477163910866
1.4285903759300709
1.4195406660437584
1.3578585237264633
1.305995300412178
1.4543107710778713
1.4958361499011517
1.5032622702419758
1.463250957429409
1.3023495711386204
1.5452985279262066
1.3123779967427254
1.3305890411138535
1.3826599568128586
1.6079033389687538
1.367174170911312
1.4134335853159428
1.4924939014017582
1.600323874503374
1.4310334473848343
1.366291955113411
1.337782558053732
1.3329367488622665
1.4739210195839405
1.3866457641124725
1.3677487671375275
1.424905251711607
1.2910283580422401
1.4974061287939548
1.4669767320156097
1.3246783390641212
1.4087626673281193
1.5007464736700058
1.3770293667912483
1.4641642719507217
1.4447716623544693
1.3834820464253426
1.2559326402842999
1.418986763805151
1.4643969610333443
1.539588425308466
1.4042035304009914
1.3483123891055584
1.4643333107233047
1.2969611883163452
1.406771156936884
1.513495970517397
1.4447965063154697
1.5226901434361935
1.310518268495798
1.4178189113736153
1.4022177048027515
1.3941978327929974
1.3068440295755863
1.4513788037002087
1.2583597227931023
1.3772911541163921
1.3778497353196144
1.4314638078212738
1.256882730871439
1.605080634355545
1.4804271683096886
1.206941444426775
1.4331608302891254
1.492704439908266
1.3256356790661812
1.4824210703372955
1.3571111597120762
1.301975253969431
1.2325050495564938
1.357510682195425
1.5522199645638466
1.3727371469140053
1.4755664728581905
1.4020244032144547
1.4936477206647396
1.3162649609148502
1.547627992928028
1.5489982105791569
1.405752144753933
1.402323603630066
1.310718398541212
1.4459546245634556
1.397562276571989
1.4835465960204601
1.3890946879982948
1.3418304547667503
1.3124566487967968
1.4138878248631954
1.4067194946110249
1.2541598826646805
1.416389610618353
1.3960262089967728
1.5510909780859947
1.4737833626568317
1.3124675527215004
1.5456751771271229
1.4620208032429218
1.4111378230154514
1.4233973808586597
1.2453656904399395
1.5119496919214725
1.3342091254889965
1.42822140827775
1.3465185910463333
1.3538095615804195
1.4317410998046398
1.481935914605856
1.5089522153139114
1.5369805730879307
1.5289203114807606
1.4467205703258514
1.3829367198050022
1.5176599062979221
1.526230152696371
