36.56635036505759
33.11442939564586
31.732123002409935
31.38678638637066
30.612433176487684
29.90295143984258
29.125039033591747
27.91949705220759
27.114873833954334
26.75774848461151
25.053605196997523
24.532036252319813
23.21920039318502
23.83749276585877
22.51510540395975
23.06535523198545
23.047266190871596
22.374458700418472
22.703624518588185
22.22122680954635
21.603701926767826
20.949381532147527
20.045370953157544
20.185605767183006
20.529770592227578
19.473140475340188
19.46745908074081
19.836811188608408
19.48368689417839
19.195666568353772
19.312393004074693
19.137917259708047
19.579166069626808
20.733590429648757
19.295612160116434
18.757026409730315
19.163088224828243
20.218039073050022
20.750917525961995
20.049540612846613
17.851973303593695
18.489789659157395
18.792411969043314
18.1735084829852
18.669616306200624
17.840226907283068
17.817526211962104
18.246605867519975
18.493431883864105
17.950500740669668
18.42578479181975
17.655412702821195
18.542318767867982
19.260388779453933
18.087562531232834
17.76899940147996
18.60092315170914
18.49650714918971
18.398465620353818
18.87919291574508
18.19204591214657
19.282252529636025
19.593369288370013
19.130802142433822
19.61184342764318
18.828215434215963
18.00214089639485
17.757218970917165
17.645329256542027
17.33896363619715
17.684482356533408
18.024728353135288
18.469988498836756
18.749425646848977
17.698923573829234
17.486187739297748
18.29465844016522
18.759310158900917
17.777116523124278
18.737221965566278
18.81425028294325
17.13025924190879
17.36665961984545
17.343776248395443
17.366204199381173
18.266892893239856
19.02934535127133
17.680101855657995
17.90302475821227
18.15724451560527
17.378760557621717
17.613264195621014
17.794370696879923
18.05319869145751
17.982019492425025
18.013818227685988
18.480292093008757
18.359073165804148
17.068682198412716
16.569825161248446
17.860323809087276
17.5334432143718
17.386396332643926
18.370916846208274
16.85679319500923
17.85640623047948
17.747735877521336
17.96917367633432
18.251467760652304
18.01771030947566
18.81152846198529
18.385133638046682
18.46344030369073
18.769535985775292
18.121998912654817
17.63446845021099
18.104619923979044
17.630302047356963
18.30731245316565
18.33904471155256
18.618875624611974
19.408194165676832
18.463197800330818
18.050886956974864
18.620477743446827
17.616603245958686
19.186571206897497
18.017613012343645
17.768627097830176
18.540441494435072
20.380222738720477
18.567888698540628
17.894264604896307
18.94662520568818
19.142446312122047
18.455005482770503
18.73110988456756
18.640989159233868
18.96257537510246
17.992306378670037
18.13944627624005
17.85661339107901
17.792858691886067
17.749329200945795
18.415956602431834
18.581114212051034
18.743150793015957
19.29778170119971
19.95649197883904
17.981148594990373
17.15326145850122
16.792158619500697
17.636813655495644
19.18762625195086
18.99040237814188
16.986507869325578
17.1771483393386
18.264857962727547
18.228896404616535
17.70010379422456
17.864456648938358
18.469082188792527
19.33775402791798
20.023553445003927
19.27931134030223
18.063196631148458
17.633892215788364
17.506995145231485
18.502022564411163
17.532543689012527
18.409914299845695
18.822072853334248
17.907168588601053
18.055595665238798
17.728998350910842
17.750115567818284
17.48695361893624
18.22847691271454
18.20787096954882
18.081518473103642
17.818385247141123
20.07672941405326
18.502065741457045
18.200348294340074
18.67570409178734
20.653452002443373
19.224087498150766
17.75222689565271
17.58886555209756
17.989544389769435
17.668350517749786
17.60206641536206
18.339847292751074
18.633901769295335
18.256356121972203
17.854513816535473
18.719061815179884
17.848475706763566
17.449678925797343
17.597666488029063
17.893625198863447
18.156771270558238
19.730713687837124
18.331733787432313
18.13345996569842
18.963305686600506
20.21181907877326
20.135534899309278
19.189561690203846
18.66273886989802
18.13298587501049
19.355071380734444
18.271585482172668
17.914727021940053
19.320273623801768
18.841663830913603
18.534456101246178
19.734715731814504
18.74600832629949
18.42421885766089
19.083926849998534
19.71846116706729
19.338335251435637
18.59407846815884
18.59875473100692
18.480238914489746
19.75930143147707
19.80342515744269
18.923528280109167
18.80269405245781
19.19214228913188
18.86899607349187
18.677801688201725
18.76725962292403
19.22888505179435
19.457433596253395
19.667217162437737
18.337484059855342
18.32436395343393
18.65133971720934
19.16051127575338
19.133941661566496
19.3124522222206
19.57864094991237
19.170261989347637
19.273802042007446
18.781361169181764
18.612785428762436
19.198304555378854
19.205086851492524
19.866496765986085
20.091342688538134
19.576169102452695
20.31786322593689
20.12781635671854
20.234654493629932
19.707036351785064
18.261411166749895
18.32037645764649
18.72654897160828
19.0205356515944
19.267698197625577
20.192987320944667
20.285912631079555
18.879138071089983
19.087343087419868
19.25282916985452
19.297569670714438
20.18440613243729
20.225712632760406
20.046746872365475
19.947299068793654
19.151076721027493
20.910377711057663
19.932668303139508
18.521036136895418
18.708225063048303
19.373849073424935
18.765313366428018
19.368009130470455
20.53965900093317
18.32717363256961
18.926494077779353
20.519194939173758
20.39832910615951
20.599749632179737
19.748520590364933
20.749909262172878
20.61883131880313
19.970227003097534
19.780393349006772
19.203422258608043
18.99983995500952
18.707185518927872
19.837162520736456
18.90234462171793
18.83632081747055
18.81871797889471
20.02204653341323
19.266635085456073
19.506560258567333
18.922099084593356
18.450220324099064
19.513602987863123
19.31875577196479
19.50966226682067
19.94094724021852
20.690949755720794
21.350674678571522
19.806416679173708
19.26042567193508
19.98853524774313
18.91164657380432
18.817239604890347
19.287155270576477
19.506765926256776
19.351495730690658
19.552515261806548
19.554804971441627
19.951936161145568
20.63913886807859
20.215704079717398
19.58109080325812
20.857903407886624
19.164180545136333
19.983283140696585
20.053771808743477
20.06500547938049
19.67057585902512
19.93989610299468
20.488507514819503
21.529517751187086
20.127549715340137
19.56999602355063
19.689016425982118
19.620919399894774
20.27274605818093
20.21375510841608
20.31747759692371
21.364344051107764
21.682912027463317
20.220583342015743
20.560323437675834
19.87876791320741
20.806966034695506
21.62009471282363
20.71782182250172
21.688378281891346
20.888540413230658
21.188323237001896
21.273664196953177
20.831621224060655
21.272946812212467
20.87215595319867
20.82621187530458
22.00896785967052
21.481224121525884
21.080014128237963
21.53187709674239
20.524579087272286
21.239251792430878
20.670501657761633
20.651245284825563
20.479693556204438
21.43674336373806
20.70551520958543
20.68567126058042
21.30480521544814
21.433656027540565
21.76239831186831
20.33912056684494
20.243428472429514
20.637244563549757
20.97363911382854
20.62512031942606
20.60920518450439
20.92196450382471
21.118837025016546
20.723634148016572
20.686699084937572
20.885367887094617
21.683402203023434
21.068239253014326
20.09620806388557
20.77979964390397
21.657434176653624
21.958313984796405
20.621011033654213
20.75078240595758
20.295573316514492
21.16268034465611
20.95629812218249
20.189549200236797
19.97716936748475
20.84402779303491
20.349888952448964
22.290593024343252
21.38269504159689
21.88650168199092
22.044636879116297
20.93955293111503
21.430794294923544
20.983729815110564
20.275711020454764
19.55007538292557
20.04459864832461
20.978706112131476
21.57701858691871
20.815307511016726
21.869943287223577
23.387586383149028
21.806093867868185
20.13620264455676
21.643686508759856
22.539364339783788
22.321219703182578
21.357462445273995
21.78151318244636
21.31135164014995
21.915757037699223
21.562140569090843
21.5208851788193
21.47728156298399
20.950209150090814
20.536970742046833
21.0786340739578
21.058651784434915
22.61129849590361
23.054292919114232
23.15793123282492
21.67094132490456
21.295331712812185
22.047300945967436
21.23094092309475
21.88595838099718
23.097831381484866
23.158768378198147
23.354160638526082
22.03763030283153
21.567666640505195
21.88665503077209
22.40162642672658
22.045246295630932
21.498826526105404
23.225771129131317
23.244080800563097
24.79301612265408
21.786764482036233
21.77286515198648
21.008622128516436
21.871686639264226
22.081874754279852
22.498482393100858
22.154331350699067
23.263624526560307
24.289895506575704
22.84794557094574
22.95805697888136
23.082528945058584
22.464838856831193
22.733999779447913
22.089562157168984
21.60862873867154
22.6461971886456
22.64363501779735
23.82847902365029
22.498969588428736
23.28844914585352
23.94123600795865
22.13633367046714
22.41636455617845
21.29978207498789
21.81668776459992
22.694015255197883
21.444007927551866
21.662170618772507
22.05861829780042
22.928366539999843
23.273580111563206
22.200509052723646
22.467026652768254
22.239063035696745
22.725363232195377
22.487530761398375
22.29145628400147
23.016149116680026
24.094408694654703
22.240898583084345
23.09430198185146
23.64672288671136
24.680997386574745
23.706360144540668
23.26639622822404
22.430582627654076
22.107101172208786
22.826339844614267
23.32334657944739
22.548003368079662
23.69246901012957
23.489062318578362
21.884007757529616
22.443749560043216
22.171433256939054
22.730970786884427
23.582976520061493
22.92873579636216
21.882382972165942
22.838518168777227
24.215370440855622
22.887189714238048
24.16221759095788
21.954020550474524
22.95364640839398
24.546125900000334
23.91762948408723
23.145268311724067
23.295737950131297
25.19550328142941
25.159705735743046
23.228678027167916
22.75697805918753
23.29083812981844
22.739966260269284
22.97797021828592
22.85888796672225
21.998083289712667
22.884285068139434
24.89413028024137
24.575884679332376
22.235917983576655
23.952107947319746
23.772008070722222
23.619430696591735
24.65141607262194
23.254659509286284
22.456073205918074
23.526414275169373
24.531576020643115
24.556422423571348
23.52924037910998
23.72369473800063
23.483389154076576
22.857379330322146
23.79177627712488
23.21356779523194
24.59553305618465
24.301688864827156
24.443584052845836
23.30982404947281
23.36423379741609
25.135632203891873
23.983283698558807
24.9436559304595
24.29798641987145
24.157454704865813
23.864785196259618
23.439341286197305
24.577297253534198
25.420322747901082
26.613810393959284
24.91118375584483
25.21835724823177
25.212704038247466
23.643932465463877
23.95676183141768
24.513786531984806
25.216947523877025
25.089436592534184
23.47962232120335
24.10888068564236
22.989373644813895
24.339245580136776
23.33863697014749
24.310347128659487
24.284906327724457
25.257364340126514
24.765564924106002
23.78699629753828
24.591847486793995
24.602788046002388
24.46067205630243
25.596623765304685
24.698726074770093
23.870273008942604
23.86113116890192
26.303062230348587
25.325747590512037
25.35276898369193
24.504343366250396
25.78076791577041
25.999697959050536
25.575255962088704
24.388524763286114
24.325181763619184
26.288155756890774
24.815344519913197
25.058864038437605
24.34823139384389
24.87912886403501
24.185661535710096
22.470371020957828
21.86540676653385
22.80549961514771
24.11124406941235
25.03347578085959
24.664893180131912
23.70850659906864
23.469449773430824
24.14130766503513
23.878500102087855
24.296350395306945
23.7869987282902
24.500746309757233
26.827650267630816
25.09623532742262
23.453677214682102
23.93291431479156
24.54567739367485
24.429333169013262
24.762699764221907
24.45550532080233
24.984667900949717
25.197828454896808
25.36927293986082
26.621182652190328
25.069528736174107
25.036644091829658
25.11506631784141
24.305954609066248
26.149879045784473
24.52065357938409
23.783614410087466
24.37530971877277
26.33850834146142
26.240833900868893
24.80430562607944
24.605412354692817
24.974352311342955
24.397617617622018
24.87007535248995
26.029356924816966
27.23999772593379
26.421004477888346
27.132946839556098
26.932216281071305
26.08332179673016
26.315479250624776
25.80856961943209
25.327393881976604
27.39933007210493
27.160712646320462
25.75764012336731
24.324251672253013
26.567940400913358
27.843209290876985
26.27992439083755
24.55238100141287
25.392125505954027
25.020590441301465
25.366064466536045
26.526218777522445
26.12757095694542
26.13360628299415
26.7637831941247
26.413660440593958
25.799222266301513
26.37076541222632
27.128910161554813
27.88775410503149
25.679584942758083
25.87240424193442
25.744469160214067
26.962666178122163
25.733719753101468
25.49975399672985
26.152204029262066
25.14769166149199
26.580434665083885
26.23057592101395
26.083338525146246
24.77425355091691
27.06352933868766
26.950333250686526
26.0306035336107
26.714002210646868
25.35168611817062
26.077014345675707
26.538576252758503
26.180210316553712
26.450727880001068
27.655429186299443
26.076368361711502
26.868808280676603
26.859114104881883
26.695521540939808
28.168546417728066
26.44912782870233
25.48074765689671
26.56016056239605
26.083655804395676
23.92445476166904
24.258346831426024
24.63689893297851
26.49133735522628
25.18408607877791
24.36876835860312
23.316520266234875
23.15947339683771
24.1032174192369
25.396627224981785
28.942260282114148
27.222365902736783
24.798045052215457
25.779159374535084
24.604307889938354
24.193898720666766
24.847089232876897
24.881925586611032
25.836761450394988
25.27752116136253
27.712713070213795
27.25885372981429
25.681699922308326
25.89638082124293
27.287275614216924
28.589471708983183
26.261830976232886
25.541851615533233
25.834293415769935
25.299944365397096
26.574942039325833
27.175081549212337
25.779000224545598
26.095228081569076
27.174452805891633
26.893908698111773
24.808629777282476
24.999527506530285
27.04476337879896
25.883840324357152
25.793947773054242
27.12187106348574
25.91571873612702
26.583516620099545
26.365351559594274
26.356367217376828
25.14830508083105
28.052957013249397
26.454252934083343
28.051878282800317
27.715930866077542
26.306902922689915
26.05255181901157
27.350881258025765
26.900351736694574
27.168775841593742
27.846269575878978
27.457776157185435
26.97327158600092
28.949335109442472
27.270305724814534
26.668006975203753
27.003847781568766
27.56122948974371
28.244750875979662
27.55862931907177
27.834860403090715
28.0539416000247
27.82094806805253
26.26346192881465
27.567421091720462
27.118439946323633
27.837608879432082
25.579716999083757
27.771232368424535
29.965369472280145
28.468737805262208
28.526445284485817
26.967786541208625
27.02487733773887
27.912661161273718
28.681868728250265
29.60937649011612
28.769279221072793
27.734440540894866
26.90367165580392
27.489804036915302
29.48805415444076
27.862524960190058
29.95227033086121
28.266650984063745
28.772847456857562
28.53389926813543
27.23824337683618
26.156056474894285
26.808770399540663
28.220751827582717
29.222879050299525
30.643010262399912
29.686381675302982
25.789309199899435
26.648628102615476
25.43488460406661
23.268459416925907
22.6220588311553
25.38952879793942
27.01671705953777
25.764449328184128
24.652782257646322
24.126025199890137
23.965818021446466
23.99277539178729
26.13943162560463
27.241231648251414
26.30731639266014
25.095381028950214
25.016306640580297
24.911550195887685
26.113178070634604
25.29377375729382
26.415982075035572
28.95155156031251
27.48909247480333
26.268020963296294
26.82608002051711
28.901502575725317
31.221466474235058
29.583534052595496
27.446290275081992
28.476980671286583
26.820408068597317
27.177941642701626
29.078077359125018
27.922680320218205
27.813531262800097
27.314403099939227
27.492793131619692
26.974671088159084
27.623209103941917
28.98240032233298
28.210131650790572
26.718516586348414
25.526694448664784
27.640006210654974
27.177232211455703
28.458653701469302
27.168978944420815
26.29195503331721
26.283898347988725
26.15128083527088
26.525169525295496
27.38425277546048
28.404373383149505
28.20328183285892
27.321801668033004
27.233934435993433
26.789534175768495
29.12015369348228
28.736701035872102
28.495702536776662
28.787700271233916
28.039121398702264
30.613054864108562
29.741855423897505
29.754249315708876
29.074227022007108
27.501656325533986
26.723153533414006
27.784645235165954
27.954760374501348
29.045579720288515
27.758016794919968
28.128676764667034
27.314413057640195
27.11796889640391
25.739883420988917
26.71259032562375
29.439788781106472
29.51062960922718
29.783950619399548
29.095574831590056
28.767382245510817
28.2195511944592
28.088351655751467
29.420183209702373
27.363206496462226
27.407189747318625
28.79348940216005
29.493936605751514
29.681327940896153
28.58878518268466
29.648561162874103
29.123396936804056
27.32450091652572
28.46301919594407
26.770124342292547
28.948276337236166
28.0189489684999
29.54942435026169
28.71781404875219
26.473475866019726
24.979713175445795
23.3415718767792
23.18148318119347
24.525995710864663
24.972625670954585
24.046148795634508
23.39011106081307
23.475751601159573
26.64107088558376
24.438284274190664
24.656108478084207
26.04985398054123
23.28602223098278
23.814748760312796
23.769478177651763
24.23313247412443
27.767510138452053
26.94979708455503
26.02812091447413
25.865655863657594
26.23322049342096
24.849005760625005
26.696251045912504
27.28637289442122
28.40245671197772
25.358588989824057
26.937320869416
26.91647132858634
26.584448352456093
24.97554674372077
25.813961816951632
25.051475301384926
28.803802751004696
26.77427832596004
26.185349388048053
26.033044885843992
27.42784409970045
24.14156555570662
26.548840139061213
27.325827373191714
26.919837849214673
25.354158397763968
28.464019579812884
27.840076990425587
26.14160946942866
25.744809351861477
26.16034104861319
28.52783560939133
27.383380020037293
28.012883752584457
28.3357767239213
28.365333940833807
28.30800616554916
28.889851106330752
27.62183318287134
29.219831477850676
28.303372222930193
29.275618359446526
29.810267884284258
29.25254889205098
29.013706838712096
28.51714558713138
28.769505348056555
27.66151598840952
26.867143658921123
28.827164692804217
26.414438739418983
30.178153043612838
30.613829765468836
32.06374834291637
29.055668864399195
28.13153819553554
28.18538106419146
28.64679990708828
30.349937478080392
31.153372859582305
30.676957730203867
29.147835835814476
29.896693482995033
30.333243703469634
29.683193741366267
28.84832096658647
26.84028796851635
29.456426549702883
30.304114205762744
30.809218818321824
29.539837272837758
30.210039159283042
28.385606851428747
28.451125206425786
28.724385157227516
29.69633732177317
28.820807371288538
27.27596607618034
29.035554945468903
29.67002012580633
29.500328194350004
30.9188093803823
29.894520457834005
24.034390775486827
21.30727949552238
21.301477923989296
21.879339473322034
23.960203459486365
21.521011719480157
22.82978911139071
24.38180830143392
25.493162443861365
25.480605151504278
23.202206764370203
22.05537530593574
22.875146770849824
23.14204611442983
24.328658265993
23.793326338753104
25.603236192837358
24.618059242144227
22.99158333428204
24.396252607926726
25.84403087757528
25.97201696038246
24.916513105854392
26.453531613573432
26.8145074211061
25.76514834165573
24.363326881080866
23.647970335558057
24.48535766080022
25.083615712821484
25.10654075630009
27.061464954167604
25.8200625423342
25.06577690690756
26.039782954379916
25.88856216147542
25.06413161382079
26.625057308003306
25.507393127307296
27.266829987987876
28.075520612299442
27.9951445274055
27.556281628087163
27.546186164021492
26.698285995051265
26.73614884354174
23.26373146288097
25.388559693470597
25.72481257468462
28.37857506982982
27.13249981403351
26.333184529095888
25.222513215616345
26.2446430567652
26.499439952895045
27.545173309743404
26.624193996191025
26.68571457825601
27.47006937302649
26.727035446092486
25.45070032030344
28.610334688797593
27.97281151264906
27.20498731173575
30.401310563087463
30.151807175949216
26.552477510645986
25.822090795263648
26.24921163916588
27.379142792895436
28.30223816074431
30.53502338565886
28.883198158815503
28.803456934168935
28.896967839449644
32.109444942325354
31.043407302349806
27.962911415845156
27.51303077302873
26.15448897331953
26.67073996923864
27.517729088664055
26.22176037169993
28.887604603543878
29.604609735310078
29.543905068188906
28.002777319401503
30.27963919006288
30.270244950428605
28.43941899947822
30.84927687048912
29.076077492907643
27.597238468006253
29.957934103906155
30.907613959163427
30.59944915212691
28.665014505386353
29.073852648958564
28.925480514764786
29.59025612100959
22.169545769691467
24.274606926366687
22.053978070616722
20.496813831850886
20.769686670973897
22.19732217490673
22.327475793659687
21.056923797354102
20.53908115066588
20.628183907829225
19.94981853570789
21.63765773549676
21.8563958350569
21.25985847786069
21.446185568347573
19.939192003570497
19.443603202700615
21.24484732747078
21.450732953846455
20.42937288619578
20.17263836041093
20.64721371792257
22.485306035727262
22.291112426668406
21.736365742981434
20.041770976036787
21.091307509690523
19.217423351481557
22.86655102111399
23.229337330907583
26.478124232962728
23.294880824163556
24.860995987430215
24.360041838139296
25.320563048124313
24.60610057041049
22.486693393439054
24.343741215765476
26.010838624089956
24.206727685406804
22.322207428514957
25.430666603147984
26.748834405094385
23.103681221604347
24.926266379654408
25.484132325276732
22.514419250190258
24.609834227710962
24.205910492688417
26.599925147369504
26.66627105511725
25.575928213074803
27.101822996512055
25.720638297498226
26.85240526497364
25.134854346513748
26.927726678550243
23.301848236471415
23.473899545148015
24.992088491097093
25.609848584979773
23.325911432504654
22.992564598098397
25.342922123149037
25.259603939950466
24.966284930706024
27.138500718399882
25.60895740799606
25.918899899348617
27.8556058537215
25.753147741779685
26.725682070478797
27.750228544697165
28.081466678529978
27.199819959700108
26.50629454664886
26.617746591567993
26.300013981759548
28.372835842892528
27.33409325964749
27.86399252153933
27.695322778075933
27.973320316523314
29.697107207030058
27.830321228131652
27.872255152091384
29.903762977570295
28.571614608168602
26.782412610948086
27.26938716135919
26.23510697297752
27.784274499863386
26.817855829373002
27.945957213640213
30.108678072690964
27.876880003139377
28.623074186965823
28.56961178779602
26.57998857088387
28.869306290522218
21.499602671712637
18.306290849111974
18.94286905322224
17.550867955200374
19.323574962094426
18.400544555857778
19.61739869043231
19.231707754544914
19.612561041489244
17.892889351584017
18.816481304354966
18.61696072947234
17.8380859605968
19.033149622380733
17.81362892780453
18.264243404380977
16.90021197963506
16.367455701343715
17.572714000940323
19.74432318471372
19.191584174521267
18.73662370815873
19.51906167436391
18.2823450518772
18.59906170051545
19.35435404907912
19.965895289555192
18.73275713250041
21.96313644014299
21.96732246130705
21.67659102473408
22.094945120625198
20.308146871626377
19.247541167773306
20.341854435391724
20.72952108643949
18.817113651894033
20.931400688365102
20.864353032782674
21.87040887400508
20.577078643254936
22.27219920605421
20.477642471902072
21.74814980663359
22.803508764132857
20.402906995266676
19.75984594412148
21.438431395217776
20.441844832152128
22.17209574766457
21.2215896807611
21.898912960663438
23.120379535481334
23.06916561163962
21.63008181657642
21.248895527794957
22.370625767856836
25.57884893938899
21.30273370910436
21.575557509437203
21.807919777929783
24.36574037745595
24.72061095573008
22.42383141629398
21.198255337774754
22.84793395921588
24.99199689179659
25.06119756028056
23.191656613722444
23.1388058103621
20.460305938497186
20.826785050332546
21.432082646526396
24.142898101359606
26.006182458251715
27.350010892376304
28.92121732234955
29.586446261033416
25.093975069001317
26.3045663125813
30.64754183217883
26.258874867111444
23.777758376672864
25.085721246898174
26.060559740290046
22.49262547492981
24.35233482159674
24.308357171714306
25.56741786748171
24.598182171583176
22.841445742174983
25.949557200074196
25.193949619308114
25.905217170715332
25.683329755440354
23.751992689445615
25.438718168064952
23.852456463500857
25.400892578065395
26.087712317705154
18.10849629715085
16.579891212284565
16.29656297247857
15.866184184327722
16.148055421188474
15.277058023959398
15.530557715333998
14.314313215203583
13.510291789658368
13.631436311639845
15.238788960501552
15.825579158961773
17.490032471716404
15.308398363180459
16.27211018651724
15.921106727793813
15.905459735542536
18.28311622608453
20.294007346965373
15.190117532387376
18.129520929418504
17.648754259571433
17.097668727859855
15.832197243347764
16.81650315411389
16.325359910726547
16.610982147045434
18.085628632456064
17.231790511868894
16.591216274537146
17.51382291968912
18.963803906925023
18.627556298859417
17.954505768604577
18.546654302626848
16.972743432037532
17.91323547437787
16.775951801799238
16.43849601224065
17.224131090566516
16.746058462187648
17.450721588917077
18.398922575637698
18.401078124530613
19.905376456677914
19.490557067096233
18.935269145295024
20.464494007639587
19.906296915374696
18.794731548056006
19.146589932963252
20.390330702997744
20.55418713670224
19.51362405065447
19.850081843324006
21.390947921201587
19.55971054919064
19.744884783402085
19.63101489841938
18.842515994794667
19.333496754989028
18.697633744217455
17.926518708467484
18.882464706897736
19.883502937853336
20.589294711127877
22.439255829900503
20.989566802978516
18.672180343419313
21.217000894248486
23.176378717646003
21.023126017302275
20.268637436442077
19.862924376502633
18.206795882433653
18.93113156594336
19.943575363606215
21.596608525142074
19.672186190262437
19.489515400491655
19.797747941687703
22.296502390876412
22.122564239427447
21.113536483608186
20.53608778771013
20.388454698957503
21.32758131995797
25.12879047729075
22.122593462467194
23.62083473801613
21.835860723629594
23.064449299126863
22.94709270261228
21.25265649612993
21.327265719883144
20.579188863746822
22.40522999688983
25.746015023440123
24.484754484146833
20.13371333759278
16.854701114818454
13.828582267276943
13.84405638743192
15.650236715562642
13.436905845068395
14.958774447441101
14.785465463064611
13.091157029382885
14.061284095048904
12.622430534102023
15.71594656072557
14.13128443621099
15.169886923395097
16.634996402077377
13.76092283707112
15.251254641450942
13.916721084155142
15.118657100945711
13.987705863080919
15.33554403949529
13.247018397785723
12.788603664375842
13.677532563917339
13.075323075987399
14.2557104928419
16.442848588339984
17.35482522007078
17.02274584583938
13.80436092056334
14.671650200150907
15.058130861259997
15.436158288270235
14.091754203662276
15.09297149349004
15.636495686136186
17.115021471865475
15.019548954442143
14.046694322489202
14.07763447985053
15.323089618235826
18.625831255689263
16.87159006483853
15.97795694693923
16.635288091376424
17.617434788495302
15.233851013705134
13.927240194752812
16.524165086448193
16.142508808523417
14.70139851886779
18.116622682660818
17.360436160117388
16.447394838556647
15.471469394862652
15.93721180409193
15.595102886669338
14.545867457985878
17.532618828117847
18.5452774008736
14.727687802165747
15.287916340865195
18.97516719531268
14.527183320373297
16.25088405702263
17.213192063383758
18.868215780705214
18.155923295766115
18.863015189766884
17.28029737714678
16.929437863640487
16.576661358587444
16.13233731035143
16.623482606373727
17.055629298090935
18.214451923966408
17.311024854891002
17.94067416153848
16.196422727778554
17.80154383648187
18.652477281168103
18.52137319650501
16.314775835722685
16.49143481440842
16.154260211624205
17.764692750759423
16.668246872723103
18.383316842839122
18.413437795825303
17.67400388326496
20.384589578956366
18.986722490750253
18.41613734420389
17.85416883416474
18.17381604667753
18.260753750801086
18.27960078790784
20.528639051131904
19.10178669076413
21.311408553272486
21.368865955621004
13.79200186766684
11.351854915730655
11.889552040025592
11.052003312855959
9.881792841013521
10.582528857048601
11.492618754506111
8.657426597550511
9.868096849881113
14.020202000625432
11.934502170421183
10.17406227486208
9.9227779279463
10.003381161019206
12.150703310966492
11.547865361906588
10.733484016731381
12.396196950227022
10.651759115513414
12.62819582503289
10.646705956663936
9.84896014770493
10.956828565336764
11.59117958508432
12.086497626267374
15.552893796004355
14.107892830856144
13.562042723409832
12.62081763613969
11.640963695012033
11.005803718231618
12.71736802905798
13.256993546150625
13.246435390785336
15.558039315976202
12.171568146906793
12.450887813232839
16.337044049985707
15.110593815334141
13.279312775470316
12.865208529867232
14.71194411907345
15.385139901190996
12.55551056098193
15.215650850906968
13.04868729133159
13.936560147441924
16.111521737650037
14.706880419515073
14.223666224628687
12.31877729576081
14.89287918806076
17.033956228755414
15.24620910640806
15.420108552090824
16.63856364879757
13.187742340378463
13.492859680205584
14.987617234699428
14.511132841929793
16.133280558511615
14.520405719988048
14.973712168633938
16.92310698889196
14.681836771778762
18.153107041493058
17.60995719023049
14.43175515346229
14.01218696590513
14.13596510887146
13.573090497404337
16.232646801508963
14.905681111849844
15.293862632475793
16.88197143934667
17.9006601087749
20.029633997939527
17.87584352865815
18.54572736285627
17.896566632203758
19.969164626672864
17.525582726113498
14.327713496983051
14.482461099512875
15.712572638876736
16.31713879853487
17.646985397674143
17.925446174107492
14.14014237280935
15.361183279193938
14.683801108971238
15.496174066327512
18.05915901158005
17.906703419052064
17.098858975805342
17.152658722363412
18.567767712287605
16.893175926059484
17.61630128324032
15.05361142102629
11.622038044966757
11.262041956186295
10.481003792025149
9.212345785461366
10.856845081783831
10.342908850871027
9.846430222503841
11.724070627707988
10.622498895507306
10.573608745355159
9.99193357815966
11.934442579746246
9.725930896122009
9.512159501202404
9.24857225548476
10.32966399565339
9.13979599159211
11.022236860822886
9.525470197200775
10.028360060881823
9.35855093644932
11.736685756593943
8.727621673606336
8.287226580549031
10.703430466353893
8.464354645926505
10.993987415917218
8.446495898999274
9.727190429344773
9.624281180091202
8.727485025767237
10.070680258795619
10.470859977416694
10.740640859119594
9.8057043957524
10.077725964598358
10.83503193128854
10.528837683144957
12.827157223597169
10.496275142300874
13.93098833411932
11.452252178452909
13.470340522937477
11.091534052044153
12.078817711677402
14.741107600741088
13.146749508567154
13.940071699209511
11.819506394676864
12.885673296637833
13.30700341425836
13.8468157928437
12.563169949688017
11.044647140894085
12.540948224253953
12.205979309044778
11.089382660575211
11.72101431619376
12.939387085847557
12.434750576503575
12.450913219712675
12.078304323833436
11.824321357067674
12.294995413161814
13.841716105118394
15.154044702649117
12.512723160907626
13.02444040030241
12.225821308791637
12.635651937685907
14.219083613716066
13.341743187047541
12.07494167611003
12.97547638695687
14.393370727077127
13.066887953784317
12.60466129751876
12.506012242287397
14.309433927759528
15.343136766925454
12.249246234074235
12.210871012881398
10.203372975811362
12.184689031913877
14.995955174788833
15.661135927774012
17.31306934542954
14.928170097991824
14.817397749982774
14.931143418885767
12.200472824275494
13.324304182082415
13.48665988072753
13.003338599577546
14.13248925935477
15.562330796383321
13.86667129676789
14.811139434576035
15.089342629536986
14.822110590524971
10.095336753409356
10.73222091048956
11.459891758859158
8.517108091153204
8.95782239222899
7.5107038309797645
7.6517578470520675
9.299818638712168
6.759104697033763
9.081200345419347
7.777989973779768
7.344059331808239
8.282681889366359
8.118023432791233
7.107694020029157
7.33913607802242
6.667231917381287
6.782735184300691
6.567519826348871
8.04728232556954
7.281464360654354
8.75008063716814
10.978167845401913
8.750642769504339
6.865151411853731
7.881235025357455
7.607953516766429
11.99592581950128
10.84252790082246
12.015322898048908
11.736057459842414
10.488010545261204
9.826125118881464
7.973486797884107
9.747421483974904
10.979690540581942
11.201442174613476
14.36833459045738
11.58106279373169
13.517316677607596
11.482951355166733
11.675685765687376
12.11339845135808
10.774128051940352
14.018870720639825
12.907435429282486
10.203768628649414
9.794151025358588
9.124962287954986
10.37536196783185
11.242711083497852
10.966485793236643
12.11380775552243
12.952304429374635
13.741955666802824
10.793049457948655
11.08222921891138
9.023078019730747
10.864742817357183
13.191156526096165
11.774986653588712
11.933299701660872
12.512869413476437
10.69466916564852
8.95063616707921
10.37820281367749
10.694545987993479
11.149415669497102
10.51037032995373
9.456657693721354
12.783028289675713
9.56032385211438
12.208183204755187
9.759349032305181
12.07783886557445
10.3968938710168
11.889602612704039
17.994529862888157
11.720422099344432
12.353279611095786
11.070095191244036
13.419023552909493
9.812786983326077
13.459018404595554
9.986971570644528
12.75612604059279
13.597275796346366
10.204571621026844
8.347626924980432
9.429781834594905
10.430370075628161
11.631558358669281
12.74059628881514
13.492238717153668
12.486337976530194
13.560659622773528
14.201170155778527
12.994071815162897
13.280334102921188
15.834601205773652
10.204079062212259
8.59001495782286
6.055709126172587
7.831173720769584
8.998703725636005
9.02557344827801
8.787119715008885
7.539008604362607
8.909800885710865
6.602193762548268
9.334053207188845
7.825146525166929
9.480502434074879
7.205802546814084
6.050400621723384
8.316117488779128
8.75183321069926
9.19355157436803
9.608933576382697
9.76766813825816
8.067018853500485
7.1049195025116205
5.922099047107622
7.188377432990819
7.270586876198649
7.352883976884186
7.316333828493953
7.277875531464815
8.919000111985952
10.349088128656149
9.285111160948873
8.16168800322339
6.322603678330779
9.758139042183757
8.897560996003449
9.37618032284081
7.483770630322397
6.144259070511907
7.8169344160705805
12.011244921945035
11.178615835960954
8.558707944117486
10.329553346149623
10.22498139925301
9.799697225447744
8.368425290100276
7.361597994342446
10.505721231456846
12.262022159993649
10.820314125157893
15.023153672926128
14.191173292696476
12.244238316081464
10.83210360724479
9.48401238117367
11.325580977834761
11.9369712555781
8.179786027409136
11.07974627474323
11.91278564138338
8.432409706059843
9.091877399943769
9.477629005443305
10.402397451922297
8.343467650003731
10.962124101817608
13.860130798071623
12.936397235840559
10.817144310567528
10.35347213409841
10.961748044472188
10.739945375360548
9.081989517435431
12.287794761359692
12.364443020895123
12.07934027723968
10.392413349356502
11.336974618956447
13.327972176484764
8.175267519894987
10.968999210279435
8.847908901050687
11.880105229094625
13.32805228792131
13.350371173582971
13.165707015432417
10.08610932668671
11.36380633758381
11.371736761182547
11.780070228967816
9.614683274645358
13.088458484504372
11.57590775936842
11.298592596314847
12.634277178905904
14.21409775223583
16.84892644174397
13.726348765194416
14.562726305797696
10.739191783126444
9.452401746064425
7.882655418943614
8.872296943794936
9.486452251672745
8.242405565455556
10.907536498270929
8.619202438741922
9.023634200915694
8.90817013150081
13.248843328095973
8.770234880503267
10.647350978571922
8.804214193951339
10.7918861056678
6.621083250269294
7.290858895052224
8.47976669948548
8.536865327972919
8.420804030727595
5.98927988531068
7.546411708928645
7.680868514813483
9.577779229264706
10.131473626941442
8.307966016232967
8.629651123657823
9.473734949249774
7.145713293459266
8.449179933406413
8.143203281331807
7.213243957143277
9.912971564102918
8.80881969211623
8.814725453034043
8.534607369918376
8.325651330407709
9.414517746772617
9.427457321435213
10.005721832159907
10.318369646556675
10.69680312462151
11.288541711401194
10.625012391712517
8.850912367925048
8.854681687429547
9.137176662217826
14.578679354861379
16.090631362982094
9.711449448484927
13.180810732766986
9.532169084995985
10.689220862928778
11.960560323670506
8.017671055160463
7.817842562217265
9.343928882386535
10.10176684660837
9.056692238431424
8.22564015770331
10.056056287605315
13.165113064460456
10.029766466468573
10.395249706692994
9.326659284997731
10.123165668454021
9.722689937334508
11.251454471610487
10.97262445371598
10.144128016196191
11.170627165585756
11.898115567397326
11.718377249315381
11.369320352561772
13.344635535031557
10.666686796117574
12.533578587230295
9.753391661681235
9.362585666123778
9.867628956679255
8.34421412087977
9.131614794023335
7.121215277351439
8.260360427200794
8.811136152595282
9.328416714910418
13.312553133815527
10.505015346687287
8.412592904642224
9.476206991821527
12.10280739609152
10.887810682412237
13.36604417860508
10.73146212240681
11.837431974243373
13.909584283828735
9.34837888693437
10.261333288624883
9.765689367428422
10.420152334030718
12.704863209277391
7.815564701333642
5.899699312169105
6.728845156729221
6.253903684206307
6.630944065283984
7.144324408844113
7.821109343785793
5.200914829270914
8.566956440918148
7.15775371901691
6.820069221314043
10.025852038990706
8.284961754921824
6.889617234002799
6.522609011735767
6.969010892789811
8.165695546660572
7.100261841434985
10.4974859720096
9.836518269963562
8.39582736371085
8.065855319611728
8.398842837661505
9.15915315411985
8.105991628486663
9.73628550907597
8.934119920246303
6.5852620718069375
9.105568676721305
6.751994336489588
9.762011580634862
7.103112535085529
7.429686391726136
8.26716920454055
8.578866238705814
8.308381829876453
8.622849925421178
8.872736405115575
10.2601020000875
5.461783824954182
8.921173912007362
7.35442452179268
7.850302381440997
8.698830321896821
7.531491362955421
7.368079976644367
9.421781766694039
9.975025594700128
7.571863263845444
8.774811888113618
9.868573049549013
8.694958397652954
8.61402625311166
9.411202610470355
8.526120725087821
9.303673814982176
8.724786865990609
6.0274190795607865
10.911574340425432
7.23924954701215
7.531444392632693
9.190364800859243
9.82352571375668
10.138201741036028
8.026555278338492
8.405185988172889
10.589386233594269
11.177704841829836
9.877820990048349
8.875102897174656
8.418193872086704
11.805443128105253
8.755431448109448
8.358154371380806
8.34609347069636
8.512422470375896
8.684627330861986
11.941402096301317
8.680673524737358
9.868714741896838
12.742441069334745
11.457001262810081
11.220397038385272
10.067962816450745
10.042079439852387
12.501464871689677
10.898314528167248
10.246498851571232
11.578609107993543
12.611286729108542
9.377836460247636
8.259396870154887
9.917407470289618
7.998439150862396
6.4422028076369315
9.547206519171596
8.506179586984217
9.231006203684956
7.945652228780091
9.380713805090636
8.470264959149063
7.201000354252756
7.111996759194881
5.604103565681726
6.233659034827724
7.503459208179265
4.932456353213638
4.253548530861735
9.705597115214914
8.233777848538011
7.472103965934366
7.386698385234922
7.236579813994467
8.27525975042954
6.655765215400606
3.7565973384771496
4.689817022299394
6.0365101639181376
7.425647064112127
6.454674523323774
5.951917086029425
5.978754939045757
7.500422354321927
5.604382933815941
6.960219335742295
5.313716898206621
6.562947653932497
6.092339831637219
8.38576484983787
5.937329425243661
4.734814919065684
4.2175350312609226
5.698561902856454
7.320205403491855
6.041206836467609
9.845184039790183
6.932941644452512
6.661030510440469
5.521985346451402
7.69302094867453
8.758653734344989
8.96661115763709
7.670451754704118
7.277846322860569
11.092818564735353
13.36343646980822
11.590543684083968
11.977714048232883
10.222889606840909
9.647733162157238
7.639011691790074
9.328234524466097
11.091093188151717
8.038072006311268
8.678618786856532
9.832448354922235
6.123118980554864
9.37946308683604
16.155147879384458
10.742064152378589
6.2451460373122245
5.763734963722527
10.374241893645376
9.876483312807977
5.739506936632097
8.282792519312352
7.219348759856075
8.330251479987055
8.979289548937231
8.842097784858197
12.47041171696037
11.486211776267737
7.879409516695887
7.713218695949763
9.478011614177376
8.810087584424764
8.401917736511678
9.521869879681617
7.859921402763575
8.998469542246312
7.790824307128787
7.662470750976354
6.364543939940631
8.321039943490177
7.05594856175594
10.874036978930235
7.017247992567718
7.006650991272181
11.09910876955837
14.740527674555779
8.571283166762441
10.884617308620363
10.71064300974831
10.585486583411694
11.239213683642447
9.892397939693183
8.011540289968252
10.468864039517939
9.158759069629014
11.38389409147203
4.966901861131191
4.4063851402606815
5.212259125197306
5.641603195574135
7.189308070577681
6.165610347175971
5.83559992397204
4.11076971818693
7.828982574399561
7.408445122651756
5.175717156380415
6.503134791739285
8.419287512544543
10.566655833274126
11.802378320600837
6.57767317770049
7.176531719509512
6.786009077448398
9.633270485326648
9.060956715140492
6.621164623647928
6.111158298328519
6.991156089119613
9.862060169689357
12.485264472663403
3.974213296547532
6.533184842672199
5.843869781354442
7.902226485777646
8.276019803714007
7.187268303241581
7.538577410392463
5.234017217764631
5.565096297767013
10.013034959323704
16.03022675216198
11.389241225086153
9.41440207324922
11.397622797172517
11.140096755232662
10.162515325006098
10.074917075689882
11.358024703338742
8.298740874044597
12.141892350744456
12.739736514165998
11.462175884284079
9.396563502028584
7.154409000650048
10.899860671255738
11.91668298561126
11.671576227992773
8.993354356382042
10.517212604638189
9.9235519641079
9.284631657414138
11.851399906910956
9.230724536813796
11.912548624910414
13.242835783399642
10.639526385813951
10.219446419272572
9.993930192664266
11.018800612539053
13.362811747007072
11.456186964642256
10.378605052363127
9.788406970445067
7.296484416816384
8.487289401236922
6.4251720127649605
10.149366872850806
11.983019984327257
10.69803058495745
10.699185234028846
7.649442173074931
9.472258826717734
11.154892392922193
8.88798071583733
9.223645315039903
10.68871679669246
7.973959317430854
9.416013166774064
11.67069596471265
10.811150923836976
11.637736497446895
10.489094357006252
10.409943531267345
7.195957398042083
10.526377640198916
9.440724987071007
9.199565663468093
9.898720538709313
7.930419559124857
10.526632660534233
8.725842826999724
10.6440837290138
10.999255324713886
8.274555590935051
9.7736418065615
6.777801424264908
7.471225558314472
5.1983931148424745
9.939394231885672
7.297001608647406
7.29531655786559
5.83163483813405
7.089794978033751
5.6453431830741465
3.3031488463748246
4.461462183389813
5.465749902417883
3.7072613104246557
5.948556538904086
4.834432439412922
5.014725589891896
10.654733754694462
9.13995800819248
8.544958116021007
9.777980310376734
7.485759480856359
5.990567164029926
7.746899425983429
9.479217859450728
7.920953232329339
8.32177518447861
9.655081186909229
9.944706765003502
5.501285194652155
7.418348071165383
5.393406614428386
5.101530078565702
6.430637704208493
9.476986832451075
9.683770755771548
7.622165555134416
5.853831520304084
6.339220690540969
6.970767787657678
7.851928232237697
5.9162636790424585
10.443253596313298
7.17954340018332
7.457293761894107
7.622837872710079
4.147045607212931
7.953090574592352
4.952263095183298
6.961137721547857
7.555190086364746
7.69190861703828
6.915916010737419
5.5565856921020895
7.901878719683737
7.6569871618412435
7.285911122802645
7.0295829167589545
7.764982806518674
7.814065824262798
7.917331599630415
8.001620684750378
13.035647023003548
8.818318243604153
9.486460842657834
10.034549780189991
7.540081622544676
7.616477403324097
7.264535507187247
5.099493385059759
5.286099078599364
6.68305009463802
6.11045328527689
7.064371109940112
5.468011042568833
7.989384430926293
6.393608956597745
9.510359178762883
7.722028118558228
9.427747439593077
9.422638115938753
5.1030867993831635
7.104330889880657
7.807471058797091
5.234398034168407
5.5399254558142275
7.781197088304907
7.406194244045764
10.179065646138042
9.267204962670803
6.705506740603596
9.677579304203391
9.528716906439513
10.986842664889991
9.355459737591445
7.105660390341654
7.175168797606602
10.484692392405123
8.377965006511658
7.321647443808615
8.394224230200052
5.872052253922448
4.483024104963988
5.776116027031094
5.351975670782849
4.82323730411008
6.50715302862227
4.527106642955914
5.095988217741251
5.391053750645369
4.679968003649265
5.022877787007019
10.2755103292875
6.64077611756511
7.888865658547729
6.029827774502337
9.949773367960006
8.968349882401526
5.219447913812473
9.235423483420163
7.230106119997799
7.745218487456441
9.882399418391287
8.845798733644187
9.941148716025054
9.435331650078297
6.415514743421227
6.771441923454404
9.231219904962927
7.160634079948068
9.260083998553455
10.774038394447416
5.190864861011505
5.520212586969137
6.707432406488806
6.447343728039414
7.105482693295926
7.094979772344232
5.860978775424883
5.796760526951402
7.230978750158101
5.831948810722679
6.363558298908174
4.808500543003902
5.648948660586029
7.618513533845544
7.262132979929447
6.290313179604709
5.8568830117583275
4.9227630398236215
4.973451396916062
7.412956770975143
4.545466140843928
7.513684235978872
5.940097440499812
6.6168247307650745
5.781817312352359
5.862170024309307
6.926643818151206
5.264864909695461
9.517667294945568
5.8199876577127725
6.362988467793912
6.786132657900453
7.271329750772566
4.50798508990556
8.085331133566797
7.01276062335819
5.555954942014068
7.149205044377595
4.522737025516108
4.924325262429193
4.735643312335014
6.988825665321201
7.182152847293764
6.862499281298369
4.459832951659337
4.323603313416243
5.256981548387557
6.635217272210866
7.104576012585312
7.170046783518046
6.09247270366177
7.971023056656122
6.809149680426344
6.900224041426554
4.406098238192499
6.942596957786009
4.81734093115665
6.579765626927838
4.994114072760567
4.225799907697365
5.604540036991239
8.138122447766364
6.190325256437063
7.222455158364028
4.104874360840768
10.288567597046494
8.157350695692003
7.716068864800036
5.56387430219911
7.20434532687068
5.900898348772898
4.7649043870624155
4.251694762147963
7.252148312050849
3.7522375639528036
6.3173709637485445
3.134813931537792
5.348766743671149
2.7872684416361153
4.506698378128931
5.9632567572407424
6.916297867428511
4.465909020160325
3.4498455724678934
4.0620710286311805
6.334745436441153
4.68004663195461
3.468470599502325
4.058328858809546
3.4368914456572384
2.6574232704006135
5.380083290161565
4.549569530645385
7.158172487746924
5.701601728796959
6.190607609692961
8.147101406008005
8.262392440345138
7.428888071328402
5.725497729610652
4.9543303004466
7.5637608976103365
5.30766726587899
8.168616946786642
5.1350343835074455
7.427854138426483
7.88298049941659
9.899056426715106
6.703925218898803
8.135838149115443
5.6079216012731194
4.727686744648963
5.710837215185165
3.419469949323684
5.034414885332808
5.714292340679094
7.825383331160992
6.2249943390488625
9.258455733768642
11.837109877262264
11.842786656692624
5.946281232871115
7.4095698073506355
7.473959003109485
10.581264568958431
7.0545794744975865
8.710957052651793
5.392915430245921
6.314990635262802
7.000405633356422
8.888081165961921
8.224478488322347
8.907036029268056
5.7830875013023615
8.608101678546518
4.027795297792181
6.901060133008286
10.025280880741775
7.520696317311376
6.401880809571594
7.38815039023757
6.279911334859207
5.172525891335681
4.472476830007508
5.600332779809833
6.077689224854112
6.058839707169682
4.055834764381871
6.617576778400689
5.2663227040320635
8.22519024880603
4.424521852983162
10.140357739757746
9.891893283929676
5.890081339981407
7.891785868443549
7.614309415686876
8.29434878891334
7.126038034213707
6.049015260767192
10.141884489916265
5.754671661416069
7.127238237764686
7.436123394872993
6.31894545792602
10.125227101612836
8.471238476689905
6.135397604200989
6.25306287733838
6.879324585199356
4.236930079525337
5.634728025645018
3.8195145344361663
7.407740539172664
8.998395183123648
6.468078127596527
5.813064348418266
5.783284781035036
5.015833482146263
3.868671899428591
6.138145355973393
5.025846947450191
7.209977639373392
5.100877068936825
7.985083079431206
5.282166651450098
6.003675888525322
5.396371426060796
5.6678301128558815
8.988744957838207
9.50918650161475
7.648746891412884
6.091569677460939
6.9852859729435295
5.965046816738322
6.599938074592501
4.539217677665874
4.485089155612513
7.417530026752502
7.630803390406072
7.192792581859976
7.498235518112779
9.841756247915328
3.630110851023346
5.955566014163196
5.842326259473339
8.653317292686552
10.14011649042368
7.5125561016611755
7.018874879460782
5.386504563735798
6.521088034147397
8.967994744423777
10.00293415877968
10.126296274829656
8.461073907092214
8.059722374659032
9.275273522827774
9.231913307216018
7.950818777550012
10.737410817760974
9.789157449267805
12.446435967925936
13.143189065158367
8.96763001382351
10.284423515200615
13.662617806345224
10.32764541497454
12.108355005271733
10.344422760419548
14.04423797596246
7.391196503769606
9.165404142811894
11.200962648261338
7.2132151909172535
11.992384389042854
11.789457459002733
8.863348939456046
11.764999746810645
11.7156589506194
8.00777008291334
6.821961096487939
4.144365866202861
8.826420324388891
5.6747087854892015
6.571843510959297
8.256293621379882
9.588173395488411
8.094440668355674
9.614569297991693
8.055075225885957
10.420788942836225
11.251904752571136
8.0297099663876
9.804180178325623
10.517785349395126
8.030079596675932
4.943228368181735
7.634749925229698
6.431494648568332
7.65847472473979
6.827483054250479
8.591794354841113
7.184621196240187
6.394848425406963
4.523532395018265
5.175001725088805
7.510944225825369
7.350634275469929
3.5322730706539005
6.7365416078828275
5.460496416315436
3.6657913089729846
3.7080165336374193
2.444204654893838
4.386723479954526
2.7806331901811063
3.069304091623053
3.8350030032452196
3.6255113198421896
2.9351419173181057
2.807320741703734
2.748245489317924
4.594694946426898
5.405324976192787
2.7372953018639237
5.229111959924921
4.551002490334213
5.304486282169819
5.103659730637446
2.5309276586631313
5.866910178447142
4.586613334715366
5.219491505296901
6.366262546973303
6.279934250283986
4.543104875134304
2.69546596868895
5.563696682220325
6.894038459751755
7.172898951917887
7.870516491122544
4.536423550918698
5.728409770876169
4.550480432808399
6.644453966757283
8.173668659757823
7.551402722951025
8.186237004585564
11.060902889352292
9.749749335460365
5.796541226096451
9.82128614326939
7.876873067114502
9.654766619205475
10.635936101898551
13.299717033747584
8.871301252394915
7.712676129769534
9.073094813618809
10.724944802932441
11.36369678331539
7.98234424367547
10.741251619532704
12.899314573500305
9.664711620658636
8.535955257713795
7.591471159830689
8.284379813354462
11.062050944659859
8.562989049591124
12.653651953674853
10.34729170333594
8.501390845049173
8.320935803465545
10.658310703933239
10.937915498856455
9.113432530779392
8.63996884226799
9.54357709782198
9.889096611645073
12.129491589497775
10.77450113138184
8.166370190680027
8.846424233634025
8.39252762682736
12.78343797242269
10.017788874451071
12.129968822468072
10.817196511197835
8.353016445878893
10.546254305634648
11.258003099821508
10.528515650425106
12.080667866859585
8.177303962875158
10.606207095086575
10.097105426248163
8.962706935126334
12.442903459537774
11.037975394167006
8.92133763898164
7.290418451651931
7.705029047559947
10.951620095875114
6.815369370393455
10.457310739904642
8.387026015669107
9.79970768513158
7.9432182516902685
4.212030328577384
8.911226219963282
6.883592744590715
6.217565277591348
2.964165883255191
3.736072783358395
5.29264689818956
6.542762867640704
6.3085537338629365
7.304936009226367
9.329519972205162
8.185837263707072
4.17088487627916
8.71740309195593
4.637204074766487
6.253226493950933
4.704038294730708
6.129520679125562
5.574173426488414
7.273169141728431
6.552338230190799
5.246288075344637
5.2621896548662335
8.538329049013555
5.39465850032866
7.789357760455459
7.338067727163434
8.153953936882317
7.754114719107747
3.2172965492354706
4.724905758863315
5.230592119973153
5.914577519521117
4.403804404195398
5.013701484305784
12.876990554854274
6.37554165837355
8.451722123660147
9.886586849112064
6.321254069451243
8.405353132635355
5.593190863961354
5.382886291947216
5.079518876038492
8.228653889615089
3.449826912023127
7.890786420553923
8.077555085532367
6.743422604631633
5.085015753982589
7.10869167232886
6.759348209248856
6.589507285505533
5.982168304733932
8.694470175076276
11.376809074543417
10.179477613884956
6.6703534533735365
8.298216345719993
7.944758431985974
7.6572280721738935
8.550943567417562
8.903938041534275
5.325157897081226
8.259769006632268
6.766010673716664
6.902735784184188
9.262901940383017
4.823038331000134
7.280812948010862
8.934499677736312
9.956613167654723
8.134119449649006
6.79569335328415
7.313546061050147
7.3405914234463125
8.080020358785987
6.805559118278325
6.907146726269275
2.613005014951341
3.5839889170601964
8.86726148147136
6.444203391205519
9.99606272764504
7.9458719696849585
7.470954159740359
7.4327034298330545
7.373592052143067
6.764383560977876
7.281949100084603
6.781279714312404
8.93731884052977
6.2601343302521855
8.334883487783372
6.204283941537142
5.6375507086049765
6.831751028075814
5.340771159622818
5.737959217047319
4.471372929168865
4.6308191628195345
2.8112059694249183
3.1388495921855792
3.445195437176153
3.0913993190042675
2.6118162516504526
2.951755863847211
2.701225651660934
5.754434903850779
7.374084330163896
6.615573944989592
8.767885908484459
4.725787876872346
4.844595933333039
6.053261657478288
5.989049777155742
6.940937967505306
3.36651364620775
2.7145736542297527
4.875503463437781
6.648000306682661
7.703026602044702
3.441420085262507
3.716129126958549
4.996412718202919
7.104212853126228
5.908525367733091
6.340081689646468
4.264564782148227
2.3908731676638126
4.517415770562366
7.166429567150772
8.49557379167527
4.510872079059482
6.723439741879702
4.263642020989209
6.463408851530403
4.608640253776684
4.993903766386211
4.358838624320924
5.750134283443913
5.030426042852923
5.104402850847691
6.072433010209352
6.3150247789453715
3.614479891490191
4.350720844930038
7.964802226983011
5.066329207504168
7.459996307501569
8.371993272565305
7.644538425374776
7.744575137272477
4.053244755603373
9.151478928048164
8.879100907128304
8.281275844201446
9.08442267216742
5.34374976856634
6.346665186807513
7.340522076468915
5.088638862594962
6.230365980649367
6.734675280749798
6.006336342310533
6.034308881498873
7.526984991971403
6.663576791994274
10.374569538980722
6.3627026583999395
12.340126985684037
7.413777036126703
9.530375462025404
7.637825066223741
8.887647406198084
6.639627524185926
6.2363147244323045
6.759136780165136
5.0980726790148765
6.041047333041206
7.702033765614033
6.597180919721723
3.758012868463993
6.832004496594891
7.451917150989175
4.65654182410799
7.691046291030943
7.797013354953378
10.63876942684874
8.21013409504667
7.935504044871777
7.972648216877133
6.49419526103884
7.221667707432061
7.760185120161623
6.931930686347187
8.540996737778187
7.956363562028855
7.716996673960239
7.356420091819018
5.055467378580943
4.6174847558140755
3.9481508093886077
4.500321286264807
7.849616057705134
8.757858480326831
6.007183489855379
5.799229657277465
6.468981652054936
9.847863541916013
8.609190668910742
6.453419900732115
5.80633280868642
7.505357036367059
5.155290533788502
5.886874949326739
9.374895044136792
6.75512964790687
7.305723404511809
6.1022069891914725
4.7683921554125845
6.300177716417238
3.7679053391329944
7.228952688165009
4.3891871608793736
4.043374720495194
4.642249095719308
6.211133362492546
7.34997454052791
4.56699912622571
7.776253434829414
9.709091105498374
8.56951374746859
8.074207330588251
8.509377501439303
7.959959160070866
8.978239937219769
8.57999011175707
6.189513572724536
5.570420157164335
4.679482747567818
7.131570528494194
6.631158750969917
8.413511113729328
6.580277755390853
8.983259069733322
11.503491600044072
10.72046694951132
6.82189468271099
6.1921877337154
6.390315719414502
7.859041290357709
6.84348847460933
7.829341702861711
6.084393944591284
7.654265477322042
5.863369853468612
8.011006154119968
5.26298309257254
4.4677027116995305
7.0342861854005605
8.761262211482972
7.602816998260096
10.96008532634005
7.768076062668115
7.010478550102562
7.266476300312206
8.069865922443569
6.6371192645747215
5.820683656958863
9.78055622568354
7.6680935099720955
5.602370459586382
7.923817372415215
7.513319542631507
8.16930892970413
7.990211070980877
8.64569246256724
6.564647577004507
7.2902097252663225
5.503290684893727
8.56727809784934
6.693416763562709
9.599723283667117
9.882391308899969
5.525755610316992
6.516352974809706
5.156772979302332
6.287912113359198
6.863318403251469
7.20221883780323
6.9745126171037555
9.140301081351936
5.873058007797226
6.587171474006027
3.726094566984102
6.770888169063255
6.415227349381894
7.375013421522453
3.2262825609650463
6.83068305789493
7.084243085235357
8.991620026528835
5.695683288620785
6.877622887026519
7.996678233845159
7.848631669767201
9.133508946280926
7.508412243332714
8.27433151146397
7.2867916245013475
7.994111376348883
8.998581122606993
9.269896387122571
5.9904219226446
9.327605427708477
7.8951914119534194
6.448156233411282
8.611061708535999
6.027205960592255
10.844166476279497
6.030849330127239
5.566044071922079
7.53545894799754
8.314811064861715
7.882034258916974
7.7444551615044475
6.970215880777687
5.82682520034723
4.468716817442328
4.514503807295114
5.504281907808036
5.113060270901769
8.550064261071384
6.55835283966735
5.258576417574659
5.129509947029874
6.154093194752932
5.9104201511945575
6.0411524013616145
9.039095172192901
10.79366580909118
9.024159089662135
7.438155645038933
9.048705200664699
12.379199364222586
10.644064517691731
7.355630553327501
7.249683960340917
5.413762355456129
6.914741495624185
6.754443096462637
11.848806681577116
9.564508736133575
10.714329571463168
11.549100355245173
9.763711640611291
8.291900685522705
6.800603188807145
8.35743345785886
8.55542381759733
6.621679414296523
4.553975283168256
6.601389369927347
8.391861741431057
5.086640254361555
7.220225036609918
11.330278343521059
9.641392906196415
7.565202202182263
6.607933974824846
7.314146453049034
10.43661697767675
7.142224824056029
7.9821838811039925
5.924777395091951
9.451575314626098
8.004937262739986
7.62621023086831
8.601142474915832
5.858162616379559
6.189436100423336
7.805399519857019
7.776654463261366
5.462090372573584
8.861704466398805
9.53279052907601
9.264321501832455
8.698256427887827
8.227745161391795
8.877099168952554
11.943142467644066
10.449957266449928
8.531934476923198
6.387884435243905
6.749043990857899
6.552756333723664
9.292453030589968
10.190454445313662
6.6584998751059175
5.44560088054277
6.305358068319038
4.7854131129570305
6.412707671523094
7.4485016274265945
5.8011706955730915
5.955721626989543
6.125016708858311
6.7893210905604064
5.976630855118856
3.8419158565811813
7.650890599004924
7.460275182267651
5.450699717272073
6.515245595248416
4.300229693762958
5.181892710970715
5.982485624495894
3.195010786410421
4.309640595223755
3.7827834056224674
5.957532201893628
6.691812746692449
5.334249351173639
8.58612203039229
9.450331778265536
9.640402562916279
5.533344065770507
5.934333274839446
8.470330466981977
6.063358730869368
7.529251377563924
9.072601181920618
7.532276290934533
4.02848255680874
4.879915023222566
7.341603103093803
7.318407907150686
8.602854774799198
5.577023919671774
4.651550239883363
8.686438392847776
6.017461198847741
6.172984374687076
7.011342979501933
6.14489699434489
11.720856153406203
8.94598417263478
4.704987517092377
12.630948292091489
7.4338373767677695
8.423437452409416
7.9003499071113765
8.966038027778268
6.847397336969152
6.1344856531359255
6.821326973848045
5.484706908930093
4.963213894981891
6.529281734023243
8.360690358560532
5.937198645202443
6.329390513245016
8.458513839635998
7.879776899237186
10.751513823866844
9.600520249921829
8.516488459892571
5.925388350849971
5.663891993928701
8.636611761525273
4.4077102998271585
5.31135852728039
5.657501895911992
8.425347764510661
5.740272470051423
9.727663978002965
6.615986151620746
7.551732051186264
8.42319113900885
7.937619226519018
11.885072084143758
10.163999915588647
12.903212142176926
6.819158591330051
6.762593918014318
9.66666074609384
10.12117593595758
7.721070876345038
7.424527544062585
9.479967794381082
9.749322094488889
10.35599642759189
11.169296200852841
8.283220075070858
9.360984151251614
7.539002686738968
8.719429386779666
9.750416157767177
6.575467402115464
6.25333712133579
8.18743763747625
5.911473710089922
5.01298385928385
5.18230130430311
7.755257491953671
8.587430553045124
8.485485740471631
8.033240154851228
5.45226499484852
4.295958468923345
3.167762908618897
7.776644876226783
5.19936981331557
5.445625305874273
3.8512073531746864
6.368141384329647
5.636617659591138
6.785867179976776
8.052509082481265
6.359769331058487
5.053752049105242
4.48529979865998
3.825133135775104
4.1203671507537365
3.858773119514808
5.978624021168798
9.51877602469176
4.701819927198812
6.064392129424959
4.619606877444312
8.82395002944395
8.830016233958304
3.9417182616889477
8.55174626223743
4.571649053832516
7.023965967353433
5.805032782489434
4.188887165626511
3.1346474636811763
7.047014052979648
7.3467274364084005
5.660660828463733
4.519537609536201
5.352713850559667
5.809887539362535
8.239296794869006
7.210650498978794
7.377571866847575
10.093790298793465
8.275397694669664
9.38261340605095
9.161885826382786
14.962118469178677
18.748764931224287
10.196038254536688
10.560701739508659
7.0703184846788645
9.634940861724317
8.425661427434534
9.789626910816878
10.861454046331346
10.964076588861644
9.653647783212364
10.568183148279786
15.103175562806427
11.543417807202786
14.571212261915207
10.213840974494815
12.241101548541337
9.522554495371878
9.669623827561736
9.214467592071742
12.942288090940565
10.081439311150461
13.648836724460125
11.605129735544324
14.18744722660631
13.88825653353706
9.491392310708761
8.785554818809032
12.504794362932444
8.122966743074358
12.025464923586696
13.163845713250339
12.238415113184601
11.362949899863452
9.41920197242871
10.69468002859503
11.74110484868288
9.469062440562993
9.306715694256127
11.298418891150504
10.769417085219175
5.013787906616926
7.921067611314356
13.8256776756607
12.215327718295157
10.350181350018829
7.600211463868618
7.436238911468536
5.618105546571314
6.940289336722344
5.804356629960239
7.9295650464482605
6.847056085709482
6.809051021002233
5.38446010928601
4.086986385285854
3.2896831411635503
11.170914022251964
6.655033147428185
10.035862444434315
11.656579417642206
7.273973253555596
9.758648501709104
9.94766887044534
7.575512617826462
7.773058561142534
7.759139357600361
5.441626722691581
10.985841246321797
11.07595299789682
8.50862229289487
5.801975999260321
8.064194105099887
7.373145799618214
5.7892368256580085
6.082805990008637
6.92190896300599
5.709022398106754
7.387604512274265
7.762097270926461
5.260395649354905
5.241924138041213
5.339657015400007
9.261582129634917
9.421162690035999
5.971075508277863
6.8975223323795944
6.452445933362469
10.411067094188184
7.29806068027392
3.651971770916134
6.798664391739294
8.07657506968826
6.5934403031133115
6.847357061458752
10.73548488272354
8.04434270085767
10.457141963765025
6.954086702782661
7.596214105840772
9.308609616477042
10.500852389726788
8.405928127467632
9.49808906763792
8.22264922875911
7.164991341764107
9.511407517828047
8.776449167635292
6.646362772677094
8.24641480576247
6.00334967370145
7.179883652366698
7.526194886770099
7.480050109792501
8.952924969606102
9.619822047185153
8.698738005943596
8.86218156805262
6.248719794675708
8.758728434331715
9.849051885306835
9.437777048908174
10.096101644448936
12.772321684285998
8.266239038668573
9.937052727211267
8.579080330207944
12.180905285757035
8.709447811357677
11.198949256911874
8.772902986500412
10.350068521685898
7.890066040214151
11.801927947439253
8.068385305814445
5.969550223089755
7.64432252664119
8.079322878737003
8.761386362835765
7.128973093815148
9.400407343171537
7.458211423829198
8.35543540562503
8.624815792310983
7.401554743992165
12.022702453657985
4.116324692731723
7.0307697844691575
5.975002623163164
7.773492214502767
6.773291465360671
5.771909541916102
7.133144886465743
6.374485419830307
7.4698663973249495
6.146209835540503
4.162129873642698
8.049914084840566
7.4003954767249525
8.098158596549183
7.498367608524859
10.717135452665389
6.277630239492282
3.4626142617780715
7.285082389134914
8.555423837155104
7.013531170086935
9.275851885322481
8.8329028156586
8.672204906120896
8.051040245685726
8.744573457166553
7.078058029059321
6.696250695269555
7.801243378780782
8.29836581973359
8.029117572121322
8.553842258173972
8.182731776498258
9.584674171172082
9.296962323598564
8.546491156797856
11.78403193037957
10.640094511210918
7.419616727391258
7.933883758727461
8.643032357562333
8.030295155011117
9.491474958602339
12.081971080508083
10.862761045340449
4.833596169715747
5.0115858423523605
8.038723653182387
7.759915648959577
8.117811850272119
7.248541716719046
6.574277593754232
10.271156940143555
9.772662805859
9.83072587614879
8.376231425441802
10.710954626090825
8.002086624968797
10.135651677381247
11.342462765984237
6.9975032904185355
10.350451834034175
11.491213911678642
9.86513697123155
12.011984075885266
11.303135820198804
10.675440677907318
6.897208004025742
7.541470475494862
9.361342819407582
11.560365282930434
12.246563903521746
10.585874198004603
9.857504369225353
13.219854809809476
9.780563097912818
9.11610598070547
8.775380017701536
12.163897681050003
9.231978590600193
8.078914285637438
6.784856819547713
6.762635339982808
4.641380937304348
8.711587606929243
8.290283377747983
13.780449856538326
11.312014885246754
7.845285914372653
10.023317425977439
10.885123842861503
12.19814223702997
10.35551881045103
11.77955236658454
11.946297026239336
10.432340344414115
12.860091102309525
10.810374306049198
11.837798107881099
8.716500278562307
7.952731509692967
8.929648220539093
9.887663097586483
9.887174677103758
7.937016393058002
6.590705754933879
7.968998140189797
7.393543183105066
5.970538884401321
6.194069343619049
7.112271349178627
5.112671752925962
6.671308388700709
5.678595513338223
6.844600072130561
6.263298278674483
4.413087951485068
5.187728427816182
3.973349350504577
8.723446607589722
7.455649008974433
5.647407995304093
7.478928033262491
4.801996312336996
3.831418192363344
4.163529223296791
8.682811591774225
5.309198365546763
13.015673365909606
8.896824961528182
7.2225586792919785
8.761399284005165
11.342104142997414
4.923160493839532
6.14020430482924
10.501218809280545
7.7654753010720015
7.056430744472891
8.070608880836517
8.300883919931948
8.755295001436025
7.131960794562474
7.892173883970827
6.726795642171055
8.575936175882816
10.84265601169318
5.467418749583885
7.164970519952476
6.904405567795038
9.943863459862769
8.059294120874256
5.569501352496445
6.509912204928696
6.125688965898007
6.649237775942311
8.142658680677414
9.918374526780099
8.224424853455275
7.9158168672584
9.612254863604903
8.745535217691213
5.991211207350716
7.0849339361302555
9.316075084265321
7.168441519141197
13.095149947796017
11.411133262328804
6.756668788846582
6.749140887521207
8.947709413710982
12.249697113409638
12.195738454349339
9.054268653970212
10.640086967032403
10.1510722017847
10.178626653272659
12.167853264138103
8.733184958808124
10.912825644481927
11.0629588435404
6.628058852162212
6.010675490833819
10.281185621861368
8.902200569398701
8.55090059293434
7.536247153300792
10.333866222761571
6.887011306593195
7.551720800809562
5.06423739856109
7.398683261591941
7.4654185636900365
9.093702981248498
10.60841583320871
7.827880137600005
10.82679628347978
8.324472349137068
7.1048833122476935
8.618965756613761
8.678294523153454
5.794373367447406
8.571103436872363
3.986028423300013
5.507152278209105
5.8763026827946305
6.069928288459778
9.041896703187376
5.886362507939339
6.710237730061635
7.4883228512480855
10.602752064354718
6.983045283704996
11.318104915786535
6.138562612934038
7.812204122077674
7.240486241877079
6.9254901725798845
6.378068782389164
6.862803935538977
8.537522729486227
6.821504884865135
7.945114543661475
9.36841902229935
4.577342208242044
6.241271543782204
10.661169808357954
7.971161969471723
7.902374067809433
7.2367635341361165
9.764402362052351
7.451575849903747
7.548522331053391
5.75872234813869
4.963385300943628
5.135635272134095
8.2200219752267
11.812802552711219
13.759446560405195
14.508826267905533
11.830051677767187
9.695306696929038
8.17810480762273
8.360555184073746
8.455282137263566
8.493641655892134
6.964866864494979
13.338142277672887
10.04069907264784
11.304850623942912
11.554729238618165
8.640039818361402
8.155977353919297
8.747629065532237
8.203355488367379
6.88963527418673
7.398692279588431
7.982446835376322
5.788255395134911
5.036753603024408
5.748741502640769
8.267871001269668
14.408422667067498
11.172398797236383
9.01754670124501
5.710859349463135
11.654914831742644
10.034252575598657
12.390810260083526
9.672185837291181
9.950509627815336
10.0609514513053
11.310527899302542
7.870188649743795
10.921442871913314
10.763500187080353
7.938910368829966
9.707873301580548
8.794330617878586
11.356389253865927
9.830977759324014
10.772318119183183
8.47785379132256
11.352460853755474
12.825343627482653
9.634677762631327
15.076565871946514
11.743656088598073
13.33240223582834
12.069596708752215
10.16234281193465
12.321769551374018
12.616029716096818
12.136801138985902
10.589231756515801
13.104630240239203
12.434033114463091
8.911579095758498
10.883285474497825
11.288273082114756
7.935365857090801
8.741593129001558
5.922117653070018
9.19014995591715
10.314245225396007
7.384691768325865
8.364804170560092
8.489515245426446
9.751462591346353
12.23899128753692
8.328248609323055
6.07136209285818
8.33405286935158
7.138810428325087
8.76804337091744
11.184204916935414
14.486631487961859
11.49223936907947
8.701692414470017
6.254200481344014
7.756069093476981
6.9357018689624965
9.134629353880882
7.795023989863694
8.937555794138461
10.624490736518055
6.843860283493996
7.50618138234131
7.771711168345064
7.433216665871441
9.441055118106306
11.887112730648369
7.0043546706438065
6.646342296153307
8.687652120832354
10.908638656139374
10.708640264812857
8.30708244862035
10.833253343589604
10.355191594921052
8.31859331857413
9.446272383909672
9.90120232757181
11.543695618398488
9.415803416166455
13.363451245240867
10.788484781980515
7.003968360833824
12.52409539744258
11.826134379953146
10.04900147439912
9.642836427781731
10.294429137837142
6.499733226140961
10.018702629487962
6.548841087613255
7.957628034986556
11.483044230379164
7.255830876529217
12.820051453541964
10.384806740097702
13.704521416686475
8.959948548581451
7.12611639755778
9.156877608504146
6.883393297204748
9.321809081360698
7.781267722137272
7.860448155552149
8.034608048386872
9.421181465499103
6.050983602413908
8.845058109145612
7.173674099612981
10.29897867841646
7.326936602592468
8.263748509809375
11.471684105694294
10.562246862333268
9.883573771920055
11.751005782745779
12.422654478810728
12.501920172944665
8.715551408473402
10.473660331219435
10.350733609404415
11.86182459210977
11.621366313658655
9.821661619469523
9.160913025960326
9.837899503763765
9.381825609598309
8.99606403708458
10.156848820857704
12.081582608167082
11.266819226089865
7.454472289886326
8.43290596222505
8.361515291035175
11.593767324928194
14.398071439005435
10.678523560985923
5.676758632529527
5.5968109264504164
9.572764854878187
9.513866323046386
8.97149262111634
7.259796598926187
6.330281427828595
7.2435629540123045
6.595766040496528
8.784770221915096
8.774450446944684
8.883786623831838
7.324047544971108
8.88722713291645
9.533968109637499
8.144362605176866
10.390460884198546
8.266445495653898
6.93901475938037
9.871226004324853
8.29061438003555
7.229383122641593
9.176697582937777
9.832005821168423
15.004753267392516
10.676334419753402
7.029035952873528
7.791870528366417
7.451316200662404
9.47363653825596
8.683664764277637
7.01390621997416
9.220068516209722
10.919645932968706
12.198520422913134
9.424907847773284
7.719330281484872
11.145253034774214
5.810982072260231
13.16453206865117
9.299160865135491
15.198929375968874
11.564355989452451
7.236789247719571
12.255903588142246
9.603017484303564
14.108228283002973
9.758877225685865
9.023382836021483
8.621048798318952
10.085861292667687
9.309987418353558
7.3410345101729035
8.074769935570657
8.447516955900937
7.359036304522306
8.964990828651935
9.193544029723853
10.052462368737906
10.145881712902337
10.171819229610264
7.283145959023386
10.783079547341913
9.63614427484572
12.008242566604167
8.646006274968386
8.07671723794192
10.586766803637147
11.795887819956988
9.447538296226412
12.893817068543285
16.434491817839444
12.597935288213193
9.245940902736038
9.898669072426856
12.381832478102297
11.829688644502312
8.077700902242213
8.998918297234923
9.291755785699934
6.775958994869143
6.186017052037641
10.374074302613735
10.857215980999172
11.420181700959802
9.952572684269398
8.58039366453886
11.279286467004567
4.915521600283682
5.170194199774414
10.470002037938684
10.416979802306741
9.989203575998545
13.366764624137431
12.869194719009101
13.63574736379087
12.486380124930292
10.390742611605674
12.266690035816282
5.878067885758355
4.870564714772627
6.522749088937417
9.17275055963546
7.712122763507068
4.080950350500643
6.08699538372457
6.4290848209057
6.976083902642131
6.404691731324419
7.919676655903459
8.158928249031305
6.077788760885596
8.916111283469945
7.371676680631936
5.52466069534421
6.193634742870927
8.409496052190661
10.669049331918359
6.663368149194866
6.09533348469995
9.386608943808824
6.220235310960561
8.43878994230181
7.524791432544589
5.1168776280246675
5.988587490748614
5.834463104372844
7.047069693449885
6.597618768457323
8.646797977387905
5.95949409599416
10.47166350716725
8.64992808131501
7.575536896008998
8.40324250003323
6.821236613439396
7.924641567282379
3.52647723024711
7.923145350534469
10.181508479174227
7.676100537180901
7.381916940677911
9.388089759740978
6.311700387159362
6.160174041520804
9.286161802243441
7.542141002602875
5.562000907724723
4.438865705626085
9.157653384841979
4.037284130346961
4.143917719135061
9.54989487491548
5.084964288631454
11.245780936907977
8.348905303981155
7.485007348936051
8.735979057848454
6.103384104557335
9.354697254952043
10.999062496703118
8.535524678882211
9.723632959648967
8.33610242465511
8.273389315232635
9.421442583668977
8.860527085606009
7.314660189673305
6.836557398084551
6.6550945159979165
7.777294846950099
11.342946478165686
10.636376614682376
6.3524438086897135
6.905440919334069
6.512773160357028
11.131004116963595
12.287533381488174
13.508822218049318
10.166014559566975
8.406085648573935
11.508439938537776
10.906775277107954
9.865086359903216
9.239548722282052
8.381999932229519
9.216695216484368
12.178910427726805
14.108481466770172
6.703675663797185
11.90079018427059
13.19661567080766
10.399333713576198
9.767075400333852
9.603657677304
10.887996620498598
11.095938074402511
11.437348880339414
13.22209658054635
10.405808355193585
7.164478746242821
8.729898215271533
6.394412699854001
8.225092810578644
8.823131531476974
9.448293580673635
7.60299682430923
9.948950338643044
6.979357363656163
4.228854490444064
6.707195620285347
4.93452458945103
7.728866696823388
10.084582032170147
6.441935055190697
9.217196345329285
6.086914374958724
8.966154663357884
7.588398049352691
9.335329083260149
8.131685809697956
12.252465781755745
7.406494249356911
10.432280726265162
12.394204320851713
8.670200200751424
6.117322711739689
5.357832495355979
7.826773796230555
9.292884022463113
5.938936182996258
6.633219971554354
5.514603414805606
9.304648956283927
7.905514815822244
5.502312341239303
7.951487421989441
7.001966173760593
10.022414135280997
6.48573998757638
11.251759773585945
6.674009861424565
5.608183353208005
4.523826953256503
4.6341992693487555
6.457052416633815
3.18305063189473
10.17519099637866
6.665321610169485
8.14963201712817
8.655231589451432
7.275465095881373
5.363371049519628
9.773423373233527
5.98262768657878
9.249072006437927
8.53017231542617
10.509228784125298
7.02779075037688
4.397573575843126
7.482562696561217
9.488091242033988
5.200240390608087
6.615973823238164
13.240096543449908
8.468946579378098
9.925255032256246
12.899732888676226
10.63958708429709
8.60870048822835
10.099124470725656
9.168931229040027
8.614354268182069
6.0625869310460985
10.393238279037178
11.066555216442794
14.933504845947027
13.890392430592328
7.38382733007893
11.721933281514794
12.417316967155784
9.705635956954211
12.869159273337573
10.948628664016724
11.456289047840983
6.959213039372116
10.211171474307775
9.595241401810199
10.998268057126552
10.85191352153197
9.255126093979925
8.909403116907924
9.156389756593853
11.1857766690664
8.472491403110325
10.592621380928904
10.63059860887006
13.587334176991135
10.207549781072885
7.288390391040593
8.674387242645025
8.359271430876106
8.374664653558284
10.160545520018786
10.13833943894133
8.231694503687322
3.674911042675376
8.760220095515251
8.734647531993687
9.250770122278482
11.3479552292265
10.271702493075281
11.47413570806384
11.063224857207388
9.40799129102379
8.137638268060982
8.23619379196316
9.51507058693096
9.435021084267646
6.967179913539439
6.71009681164287
6.682172845583409
6.438357848208398
10.41873770719394
10.337395776063204
9.144092302769423
11.135778652038425
10.106152176391333
9.838579073082656
7.779446325264871
10.354700891301036
8.646094213239849
9.73193759843707
10.627451880369335
9.52547977399081
6.882958461064845
10.48062191111967
6.493378404295072
6.963757474906743
7.876003406941891
6.234037111047655
5.856485625030473
6.393656592816114
9.798011796083301
6.84207471832633
9.843485784251243
11.677530673798174
12.737275125924498
10.683041766285896
7.87336223712191
10.926016275305301
9.212580364663154
11.35625581908971
8.789345686789602
7.506568017881364
7.689327229047194
8.208712075836957
10.465571475680918
11.981705166399479
16.769060177728534
16.278408279642463
13.487535094842315
8.906729126814753
12.253605564124882
9.334843042772263
9.011716643813998
12.124065041076392
8.616696094628423
11.605359240435064
7.989700921811163
12.753192904870957
10.335188230499625
9.986158689018339
9.640577786136419
8.930706277489662
9.595731192268431
11.509688660502434
4.933931511361152
11.307584948372096
11.573785167187452
10.922987851779908
9.76756326109171
9.946815609000623
9.028532599564642
10.84711931180209
10.0536769782193
8.1756292572245
12.630727315787226
11.26489585172385
8.389480575919151
10.518229126930237
10.952568954322487
9.862783667631447
7.150092491414398
12.653324832674116
10.068062901496887
12.746904271189123
10.18254013126716
7.8422913290560246
8.257872108370066
4.561806948855519
7.876354510895908
8.675801096018404
8.738008734304458
8.656272674910724
11.622425695415586
7.714864839799702
8.611452691722661
7.282387217972428
6.450385371921584
7.419765497557819
8.793083105236292
11.053483995143324
7.489182897377759
8.092954859137535
9.322517892811447
6.674210929777473
9.240886666346341
6.664747365517542
7.534842701628804
7.060266140848398
10.521378290839493
7.351923793088645
9.60444718087092
6.046310207340866
9.482795389834791
11.867956272792071
6.811620232183486
7.79932956234552
8.95164513378404
6.114503260469064
8.284707883838564
7.683768121525645
7.952657487243414
6.818167713936418
6.043937194626778
10.217404736671597
7.418523943517357
9.206726273987442
10.071623095311224
7.267929445486516
7.614717068616301
7.907397259492427
9.746819291263819
5.215627508237958
7.15690585039556
9.347618942148983
6.904630224686116
7.972335387021303
8.212225910741836
9.259325672872365
10.056680919602513
8.423113233409822
8.921177102718502
11.761129157152027
9.180874940007925
4.964189210673794
6.18786258623004
9.82759903324768
7.8711968953721225
10.139507771469653
7.833463579881936
8.904369049705565
10.379963476210833
9.006617780774832
9.995547064114362
13.118616944178939
13.324021172709763
8.949500432703644
10.623598587699234
10.567744716070592
8.506940387189388
12.135198370553553
13.138943875674158
11.531527174636722
12.66668565897271
9.741164584644139
11.775853550527245
10.807955630589277
9.393256567418575
11.391167231835425
6.862872849218547
5.474212333327159
10.829863409977406
15.227784514427185
6.901137748733163
5.80812321882695
8.591671637259424
10.288968716282398
7.267070590518415
5.837311785202473
11.07547661056742
15.396289464551955
14.626931942533702
12.198868599254638
7.563926675822586
8.427511947229505
7.885533373337239
9.001434642355889
9.284933905582875
4.243686779169366
6.487755274865776
10.14293069485575
10.297726362477988
6.128154624486342
6.723619254073128
8.092157166916877
7.508360284613445
9.903251643758267
6.179587487829849
8.385748822707683
9.8755196579732
10.016412894707173
8.180738939438015
8.19272008119151
9.503697000909597
9.061304656323045
8.493657465092838
8.773228692356497
10.10111395874992
11.218185322824866
9.094334630761296
13.523264148272574
9.268824049271643
9.596719383262098
10.15073804743588
5.50983892660588
5.8038982772268355
5.927577780093998
4.423697747988626
9.49166747648269
10.769432984292507
12.336704150307924
9.846446949988604
10.547181471716613
8.76819317927584
10.345729318913072
8.56016476964578
10.09083305299282
8.98171896720305
6.627753410022706
7.340762037783861
9.111368015874177
7.55928012682125
9.669594704173505
8.520069053862244
7.3193046865053475
6.479676917660981
7.919686212670058
7.398122227750719
8.2131128157489
7.951425518840551
8.154658178100362
13.106770444661379
9.196884925942868
8.36091666854918
7.510598156601191
7.541047269711271
7.875931649468839
10.814739529974759
9.527904697693884
9.709436559583992
9.792377732694149
8.248767756391317
9.837432753294706
10.655167139600962
9.147768226452172
11.640703786630183
4.36911334679462
7.904280008282512
10.896499425638467
9.33620913978666
8.076230129692703
12.163498133420944
10.33373497845605
9.855199427809566
12.542385979089886
11.589330433867872
14.785069768782705
13.497099320404232
9.624426594469696
9.16620242362842
6.898382971063256
10.643184686545283
9.079034704249352
8.323705679737031
11.11430631345138
10.747193528339267
12.944371884223074
10.281808739993721
7.544948303606361
8.087026005145162
6.180643503786996
10.808685450349003
10.613421329297125
7.392808505799621
7.621737454552203
8.888233031146228
6.940234211273491
6.421974253375083
7.160960389766842
4.464054618962109
4.013722544303164
9.455835541244596
3.7031192446593195
5.305415067123249
6.146421510260552
6.518255676142871
4.795502901775762
7.505611344240606
9.286542769987136
8.042558221146464
6.768580772448331
8.997611494734883
8.482679263222963
5.240830969065428
8.163374432828277
4.272831982932985
7.720202767290175
9.328790484461933
9.040197717025876
5.790452584158629
6.495825412217528
7.267132238484919
14.251152940094471
8.280823029344901
9.464089359156787
5.717271785251796
8.914967698976398
9.197948618791997
5.7712548926938325
7.367049526190385
7.327579515054822
7.952238908503205
10.181676668580621
5.94721993454732
4.981045645894483
7.004814667627215
9.38204267108813
10.811815425287932
8.04314136877656
6.719565739389509
8.028940092306584
5.219356048852205
5.876446204492822
5.547368430765346
8.700265486724675
13.478204648941755
9.747776077594608
10.456087244208902
6.851939157117158
7.178376336814836
8.4689977474045
10.5879276227206
7.117511651944369
12.08573312824592
6.358038606820628
8.440454309806228
5.784517445834354
9.718485155142844
7.87384388409555
7.653716056607664
5.555555462604389
7.863052775152028
8.3430265923962
9.06340907793492
11.68416789220646
9.694501005578786
9.187784643378109
8.60227849567309
10.530367401894182
10.000340024475008
12.433948716614395
8.179522512480617
11.555587500799447
11.605182308238
12.864523992408067
8.691807891707867
8.942383827175945
8.213055647909641
6.038516398519278
10.319290450774133
10.255938448011875
8.128793093841523
9.932010885328054
10.97236967785284
10.02481552399695
10.714166614692658
9.327088893391192
11.55521887075156
8.54765645135194
6.6039980268105865
7.472509736660868
9.325633679516613
12.452602826990187
12.55115402629599
8.643312916625291
7.573136223945767
9.444251144770533
5.715879840310663
7.809444235172123
6.142484896583483
7.993764944374561
7.042059215717018
3.9259795931866392
3.1980277982074767
5.879550123121589
3.0225878852652386
4.377748962491751
7.6150588328018785
5.4515673036221415
8.85248483484611
8.20101518323645
5.533362812828273
7.491107885725796
4.46570001845248
8.923676870763302
8.459788092877716
8.578849480953068
3.4435509101022035
9.128241635393351
9.6728011155501
6.076403319835663
9.710623160004616
7.905354259070009
3.6750310222851112
4.462412937777117
4.219574906863272
4.0242422935552895
7.025933119468391
4.602052822010592
4.364566961536184
6.892534997314215
4.031935956794769
5.6327897547744215
4.8281875473912805
9.369578279089183
5.706360762240365
6.00971633894369
4.889815791044384
8.608799354173243
9.282857256010175
10.088044200092554
7.45308633428067
7.50798006169498
9.449911972042173
6.646326767047867
7.76655993796885
5.347682168940082
11.210624082945287
11.00370963383466
7.579673758242279
6.950129531789571
7.379548971075565
10.139517976436764
7.213624637573957
7.5348260486498475
10.010684472043067
13.330068657174706
8.894256515894085
8.613597912713885
14.957875775173306
14.733343613334
10.07115858560428
14.58879213174805
8.13863796973601
11.153030164539814
8.78086327156052
7.702193964738399
10.68978302180767
10.239144812803715
9.517138118855655
5.5999977176543325
8.299237883649766
9.859450777992606
10.756594275590032
12.608862833119929
16.480327585712075
9.678309509530663
11.225258430466056
13.414969136472791
9.277225133031607
11.588712654076517
10.242328516207635
11.387594257481396
11.906391449738294
13.171699380967766
10.506736120209098
15.920262509025633
11.312374245841056
7.601148526184261
10.824773519765586
8.187184189911932
9.759770230855793
11.196987567003816
8.31287520378828
12.218970727641135
10.519727336708456
8.5221615456976
6.697634013835341
9.198984545655549
9.921885268762708
11.15611348906532
12.105448762886226
13.44863357115537
14.675377837382257
12.042839769739658
13.153734466526657
10.339068377390504
10.899056118912995
6.197054112330079
8.826928701717407
7.237858156207949
7.754544490948319
8.77052668761462
10.197934640105814
6.174023401923478
8.925200550816953
8.799386028200388
9.040166617371142
12.820189059711993
9.47412155708298
6.5939914712216705
3.8076421576552093
8.62590085575357
5.729661685181782
6.911393314599991
7.142948083113879
5.628323450218886
6.349750328809023
8.193404586985707
8.491467955289409
8.093714281450957
5.392849132185802
6.443423417629674
7.209651567041874
9.424335786141455
9.384575550910085
7.382508578244597
8.409460000228137
6.3542890103999525
6.71928766136989
5.457777845673263
7.227727351244539
5.541327298618853
6.4366842759773135
9.046627876348794
9.250752185005695
5.806819703662768
7.664343305397779
7.617974570021033
6.547994903288782
9.477441852446645
10.286264469847083
13.627288912422955
13.317709910217673
9.26815807307139
10.543138711713254
11.789220381062478
8.27807982917875
10.460980768315494
6.961169711779803
8.112170876003802
11.139095618389547
13.701913811266422
10.823185939807445
9.137345137540251
10.8764380752109
9.858117573428899
9.314839840866625
13.73294584127143
8.896728747524321
10.681944021955132
9.565660434309393
11.766558309551328
11.711807600222528
8.655931849963963
12.506180612370372
8.402911353856325
9.134273586794734
11.280696409288794
8.799207978416234
9.031404990237206
11.495885705109686
14.28322670282796
7.805337923113257
11.424302886705846
9.429253549780697
7.562925325008109
12.19169744104147
10.122864114120603
6.871771220117807
10.024373670574278
10.103828662540764
11.26419041864574
8.315770642831922
9.067217169329524
6.835277025587857
6.541721244808286
6.816404035314918
8.342796323820949
6.8138433382846415
6.626147915609181
4.0450547996442765
7.196222829632461
5.621322643011808
6.413077488075942
6.821009475970641
6.707671892130747
7.226489121560007
6.732920104870573
6.068459318717942
8.338320541195571
5.790364419575781
8.059873051010072
9.38189006736502
9.061700273305178
9.555949859321117
7.751516002230346
10.263600625097752
6.657221128232777
6.066101272124797
3.956176723819226
5.010591005673632
6.097327122930437
10.663291467819363
4.556698816362768
6.09421508340165
7.60478221764788
4.9768569965381175
5.213030517101288
8.17890790081583
7.714204946998507
7.0272932194639
7.769408924970776
9.30041182693094
14.690815436653793
9.441665787249804
8.333728353027254
8.961126359179616
8.717257065232843
9.563564172014594
5.273446281906217
6.4412721956614405
7.544522747397423
8.548035607207566
10.736072375439107
8.158598239533603
10.666134319268167
10.75466689420864
14.297591065987945
6.9376659349072725
8.574565148446709
8.262592009501532
8.4460818329826
7.491940270643681
6.472590632503852
8.78367410087958
9.00693988148123
6.743744587758556
6.587513854494318
8.591700007207692
5.024526429828256
6.533196851145476
7.221342445118353
9.727116297464818
8.161288475617766
7.758330571465194
6.480747248977423
5.98980253492482
9.010669664479792
8.332834291737527
5.659748082980514
7.010749164503068
6.694012572756037
6.424992006272078
10.197678341995925
9.88894062070176
7.224390078801662
9.064744567498565
10.431820535566658
9.015852994751185
7.430040056351572
9.196358331944793
10.493019191548228
11.127317594829947
10.7440848024562
12.963853726163507
12.276677390560508
6.48459615977481
8.607634264975786
9.64054677868262
12.368893998675048
10.939801937434822
7.424159300047904
8.61329347640276
8.812864262145013
10.985390616580844
8.55936813307926
5.5878064564894885
10.428219785913825
10.72096507344395
8.963187359273434
5.21233280049637
7.330177069175988
9.13858365174383
7.177927268669009
7.714377311989665
6.2673355240840465
7.532014003023505
4.4682423828635365
3.242867194698192
4.800813307985663
7.695287733338773
5.485518832458183
7.766515948809683
6.6183144906535745
7.198738518171012
7.905016262549907
4.308909107465297
7.932845763396472
6.172522967215627
9.214193454012275
5.955264032585546
7.476642912020907
6.5494883032515645
7.393006470520049
11.111358339432627
9.687621987890452
7.886125588789582
8.524708224460483
7.212076366413385
7.151546620065346
9.329063181765378
5.225524032022804
8.243761252611876
6.393968587508425
7.258945418521762
11.58463373966515
7.337269668467343
4.992271701805294
7.967138554435223
6.804735856829211
7.949309178628027
6.175369521370158
5.136047564679757
5.277169539127499
6.43628083076328
6.696035833563656
7.897828528191894
7.948633043561131
9.203178879339248
7.301511145196855
8.619616312440485
5.080759254982695
6.1066271043382585
7.131473549874499
6.146968566346914
8.837655276991427
8.008675148244947
14.217623854987323
7.917477163951844
8.958129689563066
7.479997611604631
9.972914142999798
8.414949340280145
10.214873919729143
7.042081297840923
6.567970017902553
7.292587942909449
6.5877560584340245
4.7940210592933
5.343649717513472
7.431647021789104
8.749972814694047
4.710421270923689
7.450665315613151
9.042010052595288
10.16692436626181
8.629155871924013
8.011001775506884
8.94756631506607
9.592885923106223
9.754284676164389
8.766645831987262
7.263569795992225
9.443727751728147
8.813391724601388
7.689360537100583
11.863262126222253
6.1021564127877355
7.047082636505365
10.484944214113057
13.042715747840703
6.124453504802659
11.218206868041307
10.574236695189029
6.916143697686493
9.34022836945951
