38.484849486500025
36.66977068036795
34.82742138952017
34.38134562969208
33.3278838749975
32.91121766716242
31.842152643948793
32.221242712810636
30.673898309469223
29.88016971386969
28.1912654414773
28.726762419566512
28.318623449653387
27.38120835274458
27.35833850502968
26.93719084560871
25.52053125947714
26.206824511289597
25.08820722065866
25.21780524402857
25.543711803853512
24.49097865074873
23.81441965326667
23.420765977352858
22.801798060536385
22.893197000026703
22.39004564471543
22.588634178042412
23.26857068389654
23.816957999020815
22.429190952330828
22.18144686985761
21.664043640717864
22.2722221724689
21.21687155775726
20.737424863502383
20.991094420664012
20.95191447623074
20.5259776301682
20.960681864991784
21.1816483438015
20.236912962049246
20.41637058928609
20.719463638961315
20.397703965194523
20.971301337704062
20.03308257460594
19.5821781065315
19.431487678550184
20.668153755366802
20.29260417446494
20.221928525716066
19.84976697526872
21.064578057266772
20.83925474435091
19.797290178015828
19.870495731942356
19.901349682360888
20.73023846000433
20.184333270415664
19.554591766558588
19.116423062980175
19.119844163767993
19.356023846194148
19.838241808116436
19.726949864067137
19.489480443298817
18.784410377964377
19.092595044523478
18.976384446024895
19.801808174699545
19.156263611279428
19.38691162969917
18.755927770398557
19.87406450882554
19.773022568784654
18.626830252818763
19.806563111953437
19.505070934072137
20.765209385193884
18.856856950558722
18.881659909151495
19.65094147156924
19.712476558983326
19.308916743844748
20.096702741459012
19.593548744916916
18.90019573364407
18.875522144138813
18.844484258443117
18.53332015592605
19.53635806683451
19.007859461940825
18.738172492943704
18.92814182769507
19.306558940559626
18.90319473296404
19.46669099573046
19.73819742258638
19.15141887497157
18.995165396481752
20.006006395444274
19.698022891767323
19.407493356615305
19.496377083472908
18.403572958894074
19.58205373585224
18.273862132802606
19.90490287542343
19.058454863727093
19.366259278729558
19.396072114817798
19.338903625495732
19.355435207486153
19.0138618350029
19.716419371776283
19.53102552704513
21.13544848933816
20.823315285146236
19.259915788657963
18.685599384829402
19.173277216032147
20.269306549802423
19.069195557385683
19.2627625586465
18.960505005903542
18.71261789649725
18.95880141388625
19.50456569623202
19.76879684533924
19.82791842892766
19.335824539884925
19.54750965256244
19.585193878039718
19.184600798413157
18.402952002361417
19.690040523186326
20.326099030673504
20.843876821920276
20.130818612873554
19.80660442635417
19.558504062704742
19.35582814924419
19.68839938379824
19.22936900705099
19.203400149941444
20.677024960517883
19.574796678498387
19.539213973097503
20.180633331649005
20.005339812487364
19.99000978283584
20.78223962523043
20.607223306782544
19.30514023732394
18.981602798216045
20.454918411560357
19.065181653015316
18.859234522096813
19.731830802746117
19.7081827679649
19.547698095440865
19.866340447217226
20.03163417149335
19.007663507014513
20.662572583183646
19.41250254586339
19.947621040046215
19.422125632874668
20.575737603008747
19.587982907891273
19.018243372440338
18.493369970470667
19.83139341790229
20.27178316283971
20.06335956789553
19.969532730057836
19.74338044784963
19.27804632578045
19.89672462642193
19.390826484188437
19.763296466320753
19.51562398672104
20.10391485877335
20.42020451836288
20.050273345783353
19.080307045020163
19.060617504641414
19.561199363321066
19.681574408896267
19.969344649463892
19.800054390914738
20.584492257796228
19.849111795425415
19.7225840408355
20.04924886394292
20.433910060673952
20.07079321797937
20.509406065568328
19.69412581063807
18.734204835258424
19.630454229190946
19.56566952355206
19.84363225568086
19.051984338089824
19.202391360886395
21.094226367771626
20.742242278531194
20.52353262063116
21.117516607046127
20.667903626337647
20.716774517670274
19.740658039227128
20.675888184458017
21.317138351500034
20.677437575533986
20.749576725065708
20.72325942479074
19.704161427915096
20.49129073228687
20.801118897274137
20.28527267370373
20.126903515309095
21.11896484158933
21.655458718538284
20.367937084287405
20.621776083484292
20.34309863578528
21.126542158424854
20.91022191941738
19.95558430440724
20.686151940375566
20.95506334863603
21.44621477648616
21.39318380970508
21.121550320647657
20.828104625456035
21.347836979664862
20.24610902182758
20.314065885730088
20.33492730371654
20.74580321740359
21.596094695851207
21.213848089799285
20.33463210426271
21.504910566844046
21.452589567750692
21.27627951465547
20.541611860506237
20.571808522567153
20.692692076787353
20.10026913881302
20.383223669603467
19.70818013139069
20.916206372901797
21.276720954105258
20.97530959919095
21.4287191350013
20.745443426072598
20.699906203895807
20.680972621776164
22.102779706940055
20.63888346031308
19.839834629558027
21.64610411785543
21.105619996786118
20.7412103228271
21.585065295919776
20.90304008498788
20.346278921701014
21.14691562205553
21.77142669260502
20.83118619583547
20.44694723561406
20.925285402685404
21.234702637419105
20.300018704496324
21.41499841399491
20.944687336683273
21.50063732266426
20.308312891051173
21.394366277381778
20.715164453722537
22.919354351237416
21.618208568543196
23.08905415982008
21.97064504213631
21.352770067751408
22.116540322080255
20.51740389596671
20.626187566667795
21.412044810131192
21.036230765283108
21.85324200987816
22.17689818330109
21.172499546781182
21.40292688459158
22.611889638006687
21.909575222060084
21.55148085951805
20.93653331324458
22.239973433315754
20.91142896004021
21.097679018974304
21.095982894301414
21.295326482504606
21.468762950971723
22.342671183869243
21.238254388794303
21.645071199163795
22.568838184699416
23.742650490254164
22.3072588481009
22.584586022421718
21.416476398706436
21.23166723921895
22.1867198292166
21.488995978608727
21.848534770309925
22.08098872937262
21.73391545470804
22.536350099369884
22.079915700480342
22.406569166108966
22.202870067209005
23.406980525702238
23.919143181294203
22.29190015606582
21.827431743964553
22.425087984651327
23.615884512662888
23.200880359858274
21.97236199863255
23.212339252233505
23.224221117794514
22.39835753850639
22.606760983355343
23.082330998033285
23.822940221056342
23.790922570973635
22.195311514660716
22.599285401403904
22.865560041740537
23.361720230430365
22.61730312742293
22.046601559966803
22.4829619564116
21.482386328279972
22.237084863707423
23.18520707823336
21.99849178828299
22.86996808089316
22.611365282908082
22.721355069428682
22.804260060191154
22.499894646927714
22.87298676930368
23.77001327648759
22.093976682052016
22.751430314034224
22.83470620214939
21.85892971791327
22.140214912593365
22.484779756516218
22.683899458497763
22.185945574194193
23.005205538123846
22.430879645049572
22.698726125061512
22.070160942152143
23.072196803987026
22.132971735671163
21.685186652466655
23.333278503268957
22.993664788082242
22.409187080338597
22.345827717334032
21.915506806224585
22.902676543220878
22.846100453287363
23.324837524443865
22.930741984397173
21.8908036891371
22.371733281761408
23.251811802387238
23.161809287965298
22.25878093764186
23.93105437979102
22.786982098594308
22.95509760826826
23.291169894859195
24.4926521088928
23.095894074067473
22.953766701743007
22.8691043574363
22.613652009516954
22.71647745370865
22.700143272057176
22.782865431159735
25.622830498963594
24.237007658928633
23.682279916480184
23.756127160042524
24.410275710746646
24.177114073187113
22.77248414233327
23.787311794236302
24.629241166636348
24.265344763174653
25.40051329880953
24.84605117328465
23.395863523706794
23.705221384763718
22.77790980786085
22.858818396925926
24.936375807970762
23.566193046048284
23.740462694317102
22.83629958331585
23.32859866693616
23.471880558878183
23.57273942604661
22.030097663402557
24.50897509045899
23.474237540736794
24.029392514377832
24.03530809469521
22.884004544466734
24.453064121305943
23.575636817142367
24.478404980152845
24.147760523483157
23.459065679460764
23.881989052519202
25.750633103772998
26.544050669297576
24.692282976582646
23.703808350488544
24.89575699903071
24.811653021723032
23.875911001116037
24.193766029551625
24.819813326001167
24.513621013611555
25.12833495810628
23.53800241649151
22.95989970676601
23.718004424124956
25.096781723201275
23.035408936440945
23.815234368667006
23.887828500941396
24.69163853675127
25.22397008538246
24.987776869907975
24.801976580172777
24.679771026596427
24.45944599620998
25.534812016412616
25.16791961528361
24.909944938495755
24.45951560512185
23.74038934521377
24.12081701681018
24.413216467946768
25.27688680589199
24.615798637270927
25.96294892206788
24.293914508074522
23.542265517637134
25.11144356429577
25.18129483424127
25.635477298870683
25.095066715031862
24.713223107159138
25.672783127054572
25.93632841669023
25.625370636582375
24.98586405441165
24.87639739923179
24.161974795162678
24.857255345210433
25.807881593704224
25.609757443889976
26.078114427626133
24.87708760984242
25.78331290744245
24.47437553294003
24.691684221848845
23.985530372709036
25.243130154907703
23.921364467591047
25.25055635534227
25.43219594284892
25.35755723528564
25.316023936495185
26.72774455882609
25.62608328834176
25.843131206929684
25.180237632244825
24.18018015101552
23.275129610672593
24.54301810078323
25.34895008057356
25.563980173319578
25.34727835468948
23.661654371768236
24.13775841332972
24.953427869826555
26.202070670202374
25.21475333534181
23.88386800698936
24.50584114715457
24.924777569249272
24.39193526096642
26.55931886099279
26.972698099911213
27.859483180567622
27.117877665907145
26.23326053470373
25.872276108711958
26.934566531330347
26.308893205597997
26.226544374600053
26.876390589401126
25.246331380680203
24.995620280504227
25.524416904896498
25.864408031105995
26.157765371724963
26.60652481019497
26.868889432400465
26.799915820360184
25.766692651435733
25.760104954242706
26.739077186211944
26.357236444950104
26.827509192749858
27.4572341889143
27.573356622830033
26.25169426202774
26.449987035244703
25.91209085844457
25.997834160923958
24.589225163683295
25.76147173345089
25.499771889299154
25.950542703270912
27.352582877501845
26.940658943727612
26.193321565166116
27.04968541674316
27.76110501587391
27.439121613278985
27.910718642175198
26.770519863814116
26.738486172631383
27.665326232090592
27.799676325172186
27.191729133948684
26.551422925665975
26.612332340329885
27.107607332989573
27.30275994166732
26.23481879197061
26.07913331873715
27.042544044554234
27.411007650196552
27.094266889616847
27.22163140401244
26.88268564082682
27.476874651387334
28.119343416765332
26.12385749258101
25.69047531671822
26.256774380803108
26.169651562348008
28.95272552408278
28.28905197419226
26.542933106422424
27.328149350360036
27.876680778339505
26.35934765636921
27.212114894762635
27.295244643464684
27.07080931775272
26.88186924159527
28.022452941164374
28.491197096183896
28.559442719444633
28.45034126378596
28.758024249225855
26.81963311880827
27.84710211493075
26.959872784093022
28.275309335440397
27.361593328416348
26.48794074356556
27.606812799349427
27.215342367067933
25.87007232569158
26.361710673198104
26.446180034428835
26.63549547456205
25.95230171829462
25.01165292225778
25.689438838511705
26.12836004421115
27.088315054774284
28.595074919983745
27.059854911640286
25.39656620658934
26.319821760058403
25.65082840062678
27.117744132876396
27.474278781563044
26.677778396755457
26.769461607560515
27.36733459867537
25.61659200116992
25.938586208969355
27.275024108588696
27.850227745249867
28.336702954024076
27.24853901565075
26.701008399948478
27.22301328368485
28.038928531110287
27.973810305818915
29.08788330294192
27.71593968011439
26.345872651785612
28.231125248596072
27.617632690817118
28.322966719046235
27.993049073964357
28.50195853598416
29.527282720431685
29.27734582312405
28.700817374512553
27.618660742416978
27.351839935407043
26.55622113496065
25.84869942255318
27.181706650182605
28.767861928790808
27.61859892308712
27.01576461829245
28.491519533097744
27.218503903597593
27.92832683213055
27.896635733544827
28.26907580718398
29.26600858196616
29.476237893104553
29.69144046679139
27.743954971432686
29.338955212384462
27.98348703607917
27.994539754465222
28.554202066734433
29.912646992132068
28.577039524912834
28.230926843360066
28.815838156268
29.735782919451594
29.20074714720249
28.672402361407876
30.439370550215244
29.77100403048098
28.012538515031338
28.198378605768085
27.906196363270283
27.388243675231934
28.99849123135209
29.82654983177781
29.083240777254105
29.43899510242045
28.83589919656515
29.369153464213014
28.242252761498094
27.44016858190298
28.135244444012642
29.91240980103612
29.95278617925942
30.797748558223248
29.62387994863093
29.2350685428828
29.960017362609506
29.29129471257329
29.908834090456367
30.414371008053422
29.68449641764164
27.741504687815905
29.486826358363032
29.845870399847627
30.639937376603484
29.799556590616703
30.126670844852924
29.237680545076728
25.97892844118178
27.50794834829867
27.58227925002575
26.83866440318525
30.298376886174083
30.137924060225487
31.41956173442304
30.261550964787602
28.755753388628364
29.573335900902748
28.43599772453308
28.913397604599595
28.40002459101379
27.535683147609234
26.1521511785686
29.010629495605826
29.34913892671466
29.61891197785735
27.741184044629335
27.946406971663237
29.63077578879893
29.255352972075343
28.819335386157036
28.171946106478572
29.361119808629155
30.0629419144243
29.2232603803277
29.102450717240572
30.132758667692542
29.534460010007024
30.697861360386014
29.47496673464775
29.3873819001019
29.485257307067513
28.688831033185124
28.98664533160627
29.795139752328396
30.575650304555893
29.5112102329731
30.070921814069152
30.474408211186528
30.41321255080402
29.758186988532543
29.285371009260416
28.161412715911865
29.168848479166627
28.809287996962667
31.027230605483055
31.413781577721238
30.580710599198937
31.57452641427517
31.03950005583465
30.095815939828753
31.491274381056428
31.355841366574168
31.823420513421297
30.277079911902547
32.230876971036196
30.197049459442496
29.617245698347688
30.76194796897471
30.364109307527542
28.212737690657377
29.52752231620252
29.51481776870787
31.123783633112907
32.85762316919863
32.02331651747227
29.10175751708448
30.15667564049363
29.63704758696258
30.614668460562825
29.633340461179614
29.180664708837867
30.176114609465003
31.21587917767465
30.264119485393167
31.065040424466133
31.447589796036482
32.38880642876029
33.26999126933515
31.248856170102954
30.74283637665212
30.91012743115425
30.999496335163713
30.753768073394895
29.539849353954196
29.915803037583828
31.05079702846706
33.375039368867874
31.525809662416577
31.22605654038489
31.852624282240868
31.34360533580184
31.478281809017062
31.601310666650534
31.012000327929854
30.901314705610275
32.044393794611096
32.09081853553653
29.460296278819442
26.712477445602417
27.42672996968031
26.228585314005613
26.710057916119695
26.589675709605217
28.977184675633907
28.53567773848772
29.71247934177518
30.77069758437574
30.511898620054126
31.964526817202568
32.201145101338625
31.370268639177084
32.08701072074473
31.052358528599143
30.128014957532287
29.882974522188306
30.0249823089689
27.323240531608462
27.82719694636762
31.8565236851573
29.81751538068056
29.91672369837761
28.456466488540173
29.53082313016057
31.26101086102426
31.183941634371877
30.12108328193426
30.64637041836977
29.469267573207617
30.91408540122211
30.235027177259326
28.890982549637556
28.369300117716193
30.263451762497425
29.384627174586058
29.579251928254962
30.227398751303554
31.05801804922521
30.958611277863383
32.124594205990434
30.852833315730095
30.852404726669192
31.802423192188144
33.31692072376609
31.33484485000372
30.977511236444116
31.133291015401483
30.057867359369993
30.62486463971436
31.40348800085485
31.134302385151386
30.484450424090028
29.64246666058898
33.97719092480838
33.99893009476364
34.734770150855184
31.958243638277054
30.61586474813521
30.145555298775434
32.18725892715156
32.92093884013593
32.09501068666577
31.38526920415461
32.018764704465866
32.71667644567788
31.829739823937416
33.11404647119343
32.46244813874364
30.6665857154876
31.800206316635013
32.13034459017217
30.661012317985296
31.307980593293905
31.770580753684044
31.16329562664032
31.603174118325114
32.50802766345441
30.84414980560541
30.34443891979754
33.499247670173645
34.682981479912996
33.414709217846394
32.84537507221103
33.53088329732418
32.387560768052936
29.189715694636106
31.51613903976977
34.41755060479045
32.609773240983486
31.17951476573944
33.06908475793898
33.78164957650006
34.80155112966895
31.426849020645022
31.350325770676136
32.21059733629227
31.379036754369736
34.017127895727754
28.70957688987255
28.85885171405971
28.42947264946997
29.15197112224996
27.869828291237354
29.16653686761856
28.42929006740451
30.51718439348042
30.48559994623065
31.737578282132745
30.69596684165299
31.143407912924886
29.42212619446218
28.841465232893825
28.592309156432748
29.00001083686948
26.85922105051577
31.012341611087322
32.603480245918036
28.790483135730028
28.256537621840835
29.745046239346266
30.484092919155955
34.29621486365795
32.38673107326031
30.555513583123684
27.539889888837934
29.961915131658316
31.62050062790513
29.431247713044286
28.526968404650688
30.174503965303302
29.705323472619057
31.581021305173635
32.658643163740635
29.92714438214898
31.77912666834891
30.083926232531667
31.17748854495585
30.23309239000082
28.796216689050198
28.863333908841014
29.972362615168095
31.366465458646417
31.176696322858334
29.4137453828007
28.848869677633047
31.620295444503427
33.0952099468559
31.258165005594492
33.74312855117023
33.786774756386876
32.17350251786411
33.087783290073276
31.197545344009995
27.802795838564634
30.87601598352194
30.077354988083243
32.49896479025483
31.71580070257187
34.48968529701233
33.10659539140761
31.67817221209407
30.386222107335925
32.151738876476884
32.95322556048632
32.96860338002443
31.600871350616217
33.151215298101306
33.56263919174671
32.05373825505376
31.857985755428672
32.63335424102843
33.63066646642983
32.59759747609496
32.785687340423465
32.209013015031815
33.28302915394306
30.86378490552306
32.057409251108766
34.256536081433296
34.49102898314595
34.01468740776181
32.83496427163482
32.52756516635418
32.125158892944455
34.751507649198174
35.55067201703787
33.68149307370186
33.75225372798741
34.10608861222863
33.17742380686104
32.72952476143837
32.946559032425284
29.968043660745025
33.08219378255308
34.5245850905776
33.17854708433151
33.67401771619916
34.03771889768541
29.320485960692167
24.819017694331706
24.17531816661358
25.073340652510524
26.17615814320743
24.917305516079068
26.88411719352007
26.310833713039756
31.158853286877275
30.002702835947275
27.40778166614473
25.141882004216313
26.733985712751746
26.64221429824829
28.724324895069003
29.84392356686294
28.594738695770502
28.50871267542243
27.898481810465455
29.650442149490118
29.12504562176764
28.44231042638421
26.02717257849872
27.295680752024055
28.352062491700053
28.608690906316042
29.611498907208443
28.556580666452646
27.164971347898245
27.108254749327898
26.822724416851997
28.251913100481033
29.26353202573955
30.169432919472456
26.953484984114766
28.220209397375584
30.457052810117602
29.64907710067928
30.879847386851907
30.390166975557804
30.04210447333753
29.103305909782648
28.296006616204977
31.299446361139417
30.79948821105063
29.22335366345942
30.095201762393117
30.844296710565686
29.457503024488688
30.361930614337325
27.11344511434436
29.165750913321972
30.44849543645978
30.535077676177025
30.138760214671493
32.49220893532038
31.034209487959743
30.524864012375474
29.586773924529552
29.524804953485727
30.049817143008113
29.619126975536346
29.825052596628666
31.286722963675857
30.446891261264682
31.340423956513405
28.58913367241621
31.091360105201602
28.91124663874507
31.07717607729137
30.263926016166806
31.720135310664773
33.11620998010039
32.69549008645117
33.30367770418525
33.60480710864067
31.249525874853134
30.657714834436774
31.472833324223757
31.80345855653286
32.105698846280575
29.577648483216763
31.14196729287505
32.37236513569951
33.40332272462547
31.211806835606694
33.757598541677
35.71376175060868
33.16684116050601
33.305727967992425
34.363920368254185
35.15171873755753
36.257255241274834
34.73161992803216
36.315874164924026
36.46087810583413
34.302058674395084
34.940119778737426
34.32710106857121
32.66052390821278
26.835382863879204
25.08745400235057
25.785926872864366
25.476932445541024
24.330176236107945
25.218719128519297
23.134018210694194
25.442517073825
26.23398584499955
26.120555963367224
25.64649472758174
26.617013588547707
26.88925275206566
23.766000989824533
26.418639028444886
27.59531549178064
25.26839143037796
24.559962880797684
23.724766331724823
25.036315958946943
27.399516155943274
27.573379799723625
26.09814601764083
24.318483635783195
24.28215368837118
26.503072446212173
23.309239700436592
24.19977006316185
25.108307864516973
28.435040464624763
25.850642865523696
26.845080552622676
24.201476573944092
25.101870181038976
25.85579906590283
25.395804511383176
25.797857031226158
28.740053694695234
28.16826173476875
28.30096505768597
28.74835354834795
29.135041998699307
26.90890334919095
29.73227269947529
26.75949732773006
30.67482584901154
27.024849701672792
23.87187602650374
26.71166276372969
25.911235401406884
29.022394847124815
29.58940429240465
30.712783236056566
30.691880038008094
31.722501881420612
30.421285973861814
29.54743192344904
29.370346914976835
31.75489708594978
28.00805040448904
29.461628831923008
27.680895840749145
28.892266657203436
31.212297312915325
29.298002179712057
28.37612204439938
28.668118136003613
31.188358444720507
28.232488645240664
30.47543641552329
30.985988507047296
29.825750086456537
28.104251604527235
28.013014098629355
28.243400486186147
30.889763051643968
32.79554467834532
35.532001907005906
31.811222676187754
32.16461659036577
27.450447093695402
28.916931554675102
29.9085222966969
29.709521856158972
29.640459777787328
30.016222454607487
29.380152750760317
28.135249130427837
30.52976911328733
32.67180263251066
35.259781459346414
32.33329587802291
30.860898124054074
33.18208863027394
32.21927739307284
29.125491281971335
30.457787200808525
31.47744973562658
30.677342792972922
32.729420432820916
21.570867185480893
20.327526781708002
20.536532456055284
20.024678443558514
23.388573265634477
23.53352560196072
23.393928677774966
25.338274022564292
22.71480293571949
22.033373865298927
20.197307156398892
20.345184051431715
22.298109961673617
22.040241841226816
23.802660145796835
23.62079366762191
24.100516172125936
23.85581357218325
22.666726211085916
21.228476172313094
23.28615562338382
25.676864439621568
25.773812368512154
24.35511512029916
23.617794376797974
23.287533746100962
19.58496102038771
22.50904129911214
22.762271120212972
22.316238835453987
20.59609974734485
21.98833674751222
24.666208156384528
24.780542466789484
24.33991375286132
23.320199901238084
21.766595006920397
21.401347925886512
22.76342303212732
25.273126197978854
26.35732965171337
25.855317641049623
24.85287861060351
25.04121938534081
22.81569061614573
25.77128960750997
25.11044584028423
22.16865478362888
23.302566676400602
23.03099512681365
26.58917273208499
26.49923032335937
24.33697033673525
24.5841014822945
26.336595751345158
28.065164107829332
26.32424782589078
26.344081291928887
25.63863693922758
25.40911854431033
27.55092833377421
25.34697847813368
25.305276937782764
24.92067813128233
24.41600899770856
23.78042441047728
24.91038608364761
25.46611553709954
25.701337480917573
27.900724422186613
29.32659632153809
27.570812709629536
28.971366949379444
28.201192039996386
26.114064494147897
29.342715999111533
30.538576804101467
28.196196012198925
27.179294377565384
26.28684383817017
26.58546149916947
27.250087458640337
27.885720010846853
26.84739807806909
26.2837505787611
25.351251707412302
25.37866250425577
25.478126645088196
27.4585244897753
31.09901285916567
27.375252224504948
29.597061548382044
29.14823190867901
29.042960653081536
27.475793397054076
26.297056624665856
28.603524716570973
26.16640328615904
26.889059951528907
29.426946019753814
21.870159352198243
19.28004225809127
19.590082948096097
17.644982734695077
18.262773228809237
16.903093689121306
19.58396739140153
18.53208862245083
17.19518365804106
17.201172742061317
19.470707016065717
18.565040552057326
18.898707007057965
23.07945714518428
21.366561342962086
21.6465133568272
19.363067015074193
19.083562253043056
19.73316354956478
18.392639365047216
17.984952963888645
19.94013404753059
19.385068023577332
18.425320202484727
21.39316008798778
25.00353018846363
21.898343070410192
21.906139926984906
22.360505131073296
20.397983328439295
19.7637801123783
20.350451468490064
18.711004403419793
18.809394179843366
19.80814610887319
20.61805757600814
20.928568673320115
19.094003116711974
20.520274146459997
19.488244745880365
21.67335537262261
23.136990977451205
22.968866829760373
22.862827423028648
21.400003453716636
21.120724419131875
22.316635725088418
22.188288721255958
24.050736095756292
23.830819976516068
19.813366712071
20.151600867509842
20.77662176080048
19.48392005544156
24.0127970604226
23.360340959392488
24.537165010347962
21.21981173567474
21.75321815162897
21.29909503273666
19.527356709353626
21.46953700389713
20.069228250533342
22.58727861661464
19.673514366149902
21.926090757362545
21.446499567478895
23.738005665130913
23.423505966551602
24.67907864227891
22.604948276653886
24.43912698980421
24.67452455032617
22.802140252664685
22.181638437323272
20.373031944967806
22.253887025639415
22.642990333028138
23.006267010234296
23.487865620292723
24.87036913447082
23.15310627873987
24.16317001916468
24.74555536173284
21.438541401177645
22.614412498660386
23.634723751805723
23.4722785865888
22.58440262451768
23.36371846497059
22.96074398420751
24.256989508867264
25.100417307578027
24.04194106440991
23.41403156053275
24.9807781400159
25.803638495504856
26.610008027404547
24.250753700733185
22.80489196255803
16.12685069348663
16.27852869220078
13.063016287982464
12.24743879539892
18.35188738349825
15.50855770893395
13.272647988051176
14.431999538093805
13.617283805273473
13.63988915272057
13.175462315790355
13.892170592211187
14.24878000561148
16.473841809667647
17.377793369814754
13.394840512424707
12.96579211205244
14.72893709037453
14.551049260422587
15.353712773881853
16.58457648102194
18.22921233996749
16.775405331514776
14.415406737476587
13.772690697573125
15.002035491168499
15.770174819044769
14.45230383053422
16.40964583773166
16.031226706691086
16.085938207805157
15.81228226236999
15.295752231962979
14.641716066747904
14.07277155853808
12.287642790004611
15.471952628344297
14.028007465414703
18.802043793722987
15.664289048872888
17.674184227362275
15.800239427946508
17.252555544488132
14.927122824825346
17.376306945458055
16.690144238062203
17.171054758131504
17.608432726934552
16.185543604195118
15.80103721562773
16.041576934978366
15.52189754974097
16.95233663916588
17.764474185183644
16.516077730804682
15.58087059110403
17.989542931318283
18.25310729071498
15.659182846546173
17.44202658906579
16.31558965239674
20.610200413502753
19.674445956014097
20.532175555825233
20.623267031274736
16.295144295319915
18.406816461123526
21.90099957678467
18.81454606540501
21.0367981325835
18.25308178830892
16.08472697623074
19.519238770008087
19.660788699053228
17.600645042024553
19.685225798748434
19.80844585224986
17.64380003325641
15.015793555416167
17.649260896258056
20.504538781940937
18.286163056269288
20.008722564205527
21.290154377929866
21.954619167372584
18.80776962544769
18.11623838171363
18.300042685121298
18.64020342566073
21.317938793450594
19.48488678690046
21.81957403663546
23.945578495040536
21.980938772670925
19.163759609684348
24.2423989251256
21.908354942686856
20.73282878752798
19.521438010968268
18.57464975118637
13.803558775223792
10.182402967009693
13.21463968604803
10.178710929583758
9.138150199316442
10.412003802601248
13.312878037337214
13.297931079752743
13.991899216547608
12.582514527719468
9.989049572963268
8.901647260412574
11.752105231862515
12.02437093295157
10.964031878393143
11.1338733965531
15.01268358901143
12.819744703359902
11.345423041377217
12.068441467825323
13.718394077382982
13.38769116718322
13.13808522047475
13.61272087879479
14.815952788572758
15.563035806640983
11.884774320293218
10.18603997444734
12.757899221032858
10.901869222987443
11.344931461848319
12.375659456010908
13.164447292685509
11.549640711862594
12.329835135489702
13.192916041705757
14.391380313783884
13.174718416295946
10.61157484119758
10.58060818305239
11.787705175112933
14.542699923738837
11.6657206248492
13.43772743549198
14.642885589972138
15.82285131700337
13.262707305140793
11.63605727860704
11.17182899452746
15.754643136635423
11.961933440994471
13.189316596835852
14.275956657715142
16.005894568748772
16.88654396031052
18.838904016651213
15.272518383339047
14.276962236501276
14.002803106792271
12.907719475217164
14.282749086618423
13.665804944001138
14.519941068254411
13.124929116107523
14.228638660162687
14.859765780158341
14.073080098256469
17.593780134804547
14.460411424282938
16.625547785311937
16.018235394731164
16.145387162454426
16.82641696650535
17.50644467305392
17.40170096233487
18.82989470101893
16.455101567320526
17.72034422773868
16.165182056836784
13.42156309587881
14.286219012923539
14.718526851385832
15.037857797928154
17.452765299007297
20.61548617295921
17.518549353815615
16.606261203996837
18.287840615026653
18.872378376312554
17.967354494147003
18.21752136107534
16.19558493513614
16.937052831053734
15.415671492926776
15.685765527188778
19.089449014514685
16.102389303967357
19.16416179575026
16.341647373512387
16.260025894269347
11.204679550603032
11.252632804680616
10.942523102741688
10.372659868560731
11.757378393784165
10.727044397499412
10.535813544876873
11.881092541385442
10.557946220040321
9.093510696664453
9.450977385044098
7.861492744181305
9.181577914394438
9.130812101066113
11.200837465003133
10.976360098924488
8.817741559818387
7.539728152565658
9.781950534787029
13.468133405782282
12.049483674578369
10.245082278270274
8.577165899798274
10.273638589307666
10.60461134603247
8.951906736474484
11.109798863064498
11.251957611180842
11.487205303739756
10.016332094557583
11.007257656659931
11.019157479517162
12.958803806919605
11.722800685558468
10.646316188387573
12.510495808441192
11.110042389016598
10.672809692565352
10.513138749171048
8.974484173115343
10.254423458129168
9.535061777569354
12.980116840451956
10.976865540258586
13.243136247619987
13.00818163342774
9.331160701345652
9.848031131085008
13.007170927710831
13.453462610952556
10.718531976919621
11.005194364581257
12.815181872807443
16.322943296283484
14.517153667286038
12.267817396204919
14.194991040974855
13.684332616627216
13.865910612978041
12.130635164212435
14.20002970751375
13.354567172937095
13.228582770563662
11.858025985304266
12.0861811558716
11.258224230259657
11.344967185053974
13.033112063072622
10.726749293971807
10.95498117338866
12.813724773004651
11.635305285453796
11.156293915119022
15.717565421946347
14.781169049441814
14.69688663072884
15.194533712230623
13.802009435370564
12.582141762599349
11.018351542763412
13.707436046097428
10.916859799530357
13.104176287539303
14.086728177964687
14.917610712349415
13.5907361805439
12.11131062079221
15.296185792423785
15.880130603909492
16.184574800543487
15.473842645995319
16.47741840593517
14.616356416605413
13.02909526694566
13.523051717318594
15.472271159291267
15.706953941844404
15.45463970117271
16.766187506727874
16.188097747974098
11.198338434565812
9.922201413661242
10.07207623962313
10.699731557630002
9.02745510218665
8.034097369294614
9.641214540693909
8.959608337376267
7.19553121458739
8.443969901185483
6.312813223339617
5.548997668083757
7.206096314359456
8.067445232532918
8.627715487964451
10.2439513807185
8.572400275617838
7.911821348592639
10.611578853335232
8.504880402702838
9.294156668242067
9.3977385670878
6.747349112061784
7.369659009389579
9.822274692356586
8.802570001222193
7.1683956873603165
8.044386743567884
8.923537651076913
7.9572433130815625
8.708186047617346
8.097731044050306
9.236823020502925
8.989413056988269
12.88617849489674
9.826728642452508
8.534107284154743
7.709940363653004
8.52113038673997
9.13109028711915
11.355911310762167
11.166987675707787
8.915245725307614
8.836061734706163
9.656104763038456
8.974445639643818
8.518941151443869
8.677793913520873
8.778143622446805
8.348995532374829
11.457829641643912
9.405568540096283
10.092805170454085
9.117520827800035
11.843484512530267
12.775361212901771
11.530256645288318
9.87508790846914
10.906467651948333
8.32451496226713
8.839749270118773
9.324606269598007
11.39097293233499
11.294062150642276
14.035684055648744
12.199507975950837
11.101003577467054
9.855125987902284
10.480208149179816
9.333056689240038
8.849082828033715
11.82692366046831
9.992359914351255
11.732083612121642
13.162623495794833
10.037167409434915
9.726705972570926
9.769928760826588
12.64776604436338
12.076534287072718
15.476643124595284
13.781932901125401
11.832066355273128
11.36275697266683
11.448704743757844
11.995843325275928
11.756807995028794
12.491835818625987
14.565974181517959
9.65806625969708
10.599715101532638
11.124078201595694
11.635642145294696
9.582206076942384
10.657353647984564
8.74517689133063
9.790394060313702
9.907189812511206
14.028088827617466
9.649155623279512
9.442986577749252
11.73556533176452
12.524883415084332
11.70067894551903
8.17980903154239
8.236083581112325
10.741253055166453
10.119476343039423
9.235669820103794
7.402686286251992
9.201583685353398
9.028085763566196
8.689484322443604
10.48611548403278
9.005855736322701
7.08237498998642
4.781386342598125
7.800349113997072
8.112397137563676
7.068336594384164
8.191168719436973
6.604062321595848
7.602130489889532
7.688201545737684
8.74283936060965
8.82133516902104
8.376694893464446
12.389955123886466
9.613908739760518
7.918346960097551
11.947472431696951
11.299408905673772
11.316814272198826
6.8244456788524985
8.552203342784196
8.47138173179701
9.039893637411296
6.32047261367552
8.021546503528953
8.819601963739842
9.402307224459946
9.64066611789167
10.022608247585595
9.184471730142832
7.77609313512221
8.784807484131306
7.081534160301089
10.6741585386917
8.744755658321083
9.303676765412092
7.576424973085523
8.629881497472525
7.309731777757406
8.51629124302417
8.459427346009761
7.257579140830785
10.314443941693753
7.997520338278264
6.501615901011974
7.744123307522386
7.6456102333031595
9.031578831374645
8.455419715028256
8.203850347548723
9.255928555037826
6.888908648863435
6.915346485096961
9.23710023285821
10.896043456625193
7.148237774148583
6.918554779840633
9.013922822661698
7.070824251044542
7.753347969148308
9.574422815814614
6.326961516868323
6.946497907629237
8.84955625468865
9.78745591500774
10.334849097765982
10.977621710859239
8.507865762338042
8.259156192652881
7.912763838656247
10.442418084014207
8.08108231658116
9.27148746047169
9.693892671726644
9.346268265042454
11.158677726052701
10.356240923516452
7.108093433547765
10.082511750981212
9.010912323836237
6.959613599814475
9.517123008146882
7.688059668522328
6.366670993156731
8.600690902210772
10.562947012018412
6.5038575360085815
4.399047639220953
4.773472242290154
5.013691557338461
4.339789420133457
7.039146748371422
8.405426264740527
8.446913530118763
7.292171425651759
6.88531477143988
12.413346122484654
8.967471609357744
5.834217517869547
4.116914950311184
5.950527141569182
6.712292335694656
4.9008051650598645
5.346425355412066
7.33827481046319
6.375664017396048
6.392476676497608
8.387749218381941
8.706836635712534
10.126163782086223
11.994909865781665
10.9152772128582
7.798046739306301
3.4057774250395596
4.994056741939858
5.272538056829944
8.01565504213795
7.929390475153923
11.149671121500432
14.050292331725359
11.280353297945112
8.994132411200553
7.31594755500555
4.751496745273471
6.575657869921997
8.03000930370763
7.656514718662947
8.68748164223507
7.564070071093738
9.293737845961004
9.997096624225378
9.451509441714734
6.378965094918385
10.12416604720056
7.661676141433418
6.75684342160821
8.790625397581607
9.248307568021119
7.513216806575656
9.739965173881501
7.980542196892202
7.236823468003422
7.764329739846289
9.107977313455194
6.85190894594416
6.7176598981022835
4.844724126858637
5.2824791893363
4.846106099663302
6.504138947464526
11.071760767605156
5.921365661313757
7.141914243809879
9.233495843131095
9.539044997189194
10.912348728626966
8.879164303652942
7.528284437954426
8.975465535651892
8.20175596093759
8.926653478760272
10.223333158995956
11.901786027476192
10.309138959273696
9.449596996884793
8.80634820368141
9.353724354412407
10.555713692680001
9.760567920282483
10.93013519095257
10.929263093974441
12.58562886947766
12.52319341385737
12.104721191339195
12.528416991699487
10.26309240795672
10.636397575959563
15.939431754872203
12.520836185663939
8.859278327319771
9.722763339988887
7.78646514005959
10.201814140658826
11.556701400317252
9.785685780923814
9.201114705298096
8.947124001570046
7.168678959831595
6.969599106581882
4.688423012616113
5.207426619017497
8.68489136127755
8.278846605215222
6.297550055664033
4.827130181714892
8.051019694190472
10.652527455240488
5.398742663906887
5.469687490956858
4.272727477597073
4.9373155809007585
7.586597140412778
8.831385755445808
6.553125637583435
9.236106609925628
5.1985033575911075
4.332166595151648
6.33944889344275
5.162607484031469
4.153287527849898
3.67097446648404
6.303906499873847
3.62788847531192
3.3744986067758873
6.830259266542271
3.2255305404542014
5.131783846532926
4.281478089978918
4.286697146715596
9.03409720910713
6.703317456878722
6.9841448506340384
7.270314469002187
7.427579442504793
7.823915163055062
5.406146443681791
6.4320137745235115
8.045985411386937
8.189022105187178
4.601323648355901
3.8760801502503455
6.404190733563155
10.966776342131197
9.143240107223392
5.5407230604905635
6.3779481295496225
5.63727451255545
5.50156369805336
6.07215140783228
6.638328809989616
3.74462795490399
5.597517155110836
4.035476821940392
7.17464410699904
5.898052871925756
4.357082041213289
5.855280479416251
4.4805096501950175
6.776691216509789
6.684368186863139
3.884127879398875
5.710809424053878
6.96917894622311
4.441529563162476
6.26864495058544
6.084456307580695
4.059290227945894
5.607318502618
5.9167717329692096
4.164918513502926
3.8006569979479536
5.871727920603007
3.9014500596094877
3.107286961050704
6.499657704960555
5.723544402979314
7.307457850314677
10.224149132613093
6.959298344794661
5.072573045268655
5.620369591051713
6.402533267159015
7.434779277537018
7.285352159291506
12.017006665933877
9.121637921780348
7.479427821934223
6.742870107991621
8.834776040632278
5.314768375828862
5.236649009166285
6.725171879399568
6.78657160513103
8.026611527893692
10.45061596436426
9.536933779716492
4.23115333286114
7.081505430163816
3.578826437005773
4.143015750916675
6.1228258279152215
8.349286743439734
5.226785339880735
5.378484759712592
8.12919595418498
3.2511679583694786
4.538917078636587
4.105825653066859
5.121378910262138
3.1742889437591657
6.664000561693683
5.313920225016773
4.06724809599109
7.318151761777699
5.333766847616062
7.937982673756778
6.880735646467656
8.327570282388479
5.426356370560825
11.39597628172487
12.263797882478684
7.912925906013697
5.293442317750305
5.447936816606671
5.840042170137167
5.349454166833311
4.352946182247251
3.054197433171794
2.998112978762947
5.250879243249074
4.94951103720814
4.067800947697833
5.8990745595656335
4.334982874337584
7.048958238679916
7.312714077532291
7.571579127572477
6.2943590704817325
7.280321971513331
5.840244704158977
7.634805026696995
6.777865101117641
5.98295583575964
7.902935402467847
6.146355270873755
5.387466034153476
4.733585262438282
8.301649515517056
8.95526232291013
8.935813465621322
6.56697126920335
6.064706066157669
6.24634736450389
7.325550538487732
8.405056463554502
6.014318325323984
4.3284557973966
4.857255628332496
5.5915820526424795
6.142774883657694
5.163303264649585
4.7519921532366425
7.0178782739676535
6.129507856909186
7.069577084155753
7.403053252957761
5.911911038914695
3.9326307754963636
5.881263925693929
5.645862528355792
5.238699039444327
5.188201467739418
6.1784707750193775
8.545231873169541
6.034874226897955
9.016787329223007
8.332304442301393
8.963915065396577
4.362932906718925
3.284341692342423
4.518957581371069
5.797688502585515
4.0457515376619995
3.3134829034097493
3.8618524589110166
4.822670632274821
4.928234834456816
5.711450731614605
8.954252797644585
8.940767912659794
4.377882750239223
6.643781889695674
5.6456625778228045
5.623699210816994
5.43395531270653
8.883869972545654
3.1563130078138784
7.001895254710689
6.209997782716528
3.030663060839288
3.450463738059625
2.7285992354154587
4.326301918365061
5.85007312707603
5.760386353125796
2.3928469186648726
6.142029614187777
3.42756257916335
4.1498455128166825
4.518281142925844
4.477824579225853
2.8942045812727883
4.235098760109395
3.9074664327781647
4.3857736110221595
3.7957901512272656
5.8980911921244115
7.5979582532309
7.232202126644552
6.19317588978447
3.8602585302433
5.2949356022290885
5.0711423109751195
3.9622503134887666
3.258249517530203
3.1043978482484818
2.623046927852556
4.218932882649824
2.440019029076211
2.5853718664729968
2.6154510396299884
2.8402310074307024
3.6349273761734366
3.991434728144668
4.696296880021691
6.668305390048772
7.658267783699557
5.649636124260724
2.733171723317355
7.261438504327089
6.013985242461786
7.3999062401708215
8.291856374125928
5.226042491849512
4.537639344809577
8.645192196127027
6.023883112939075
6.985457030590624
5.661218883469701
3.2935862966114655
4.9221580578014255
3.7406814906280488
5.030114462599158
6.7213751301169395
4.939480476547033
5.863966994918883
3.023777212947607
4.633091906784102
5.718874539714307
5.381410339148715
3.949365773703903
4.106899685226381
5.083595310105011
5.867115950677544
3.7409875460434705
7.257731279358268
6.395371332531795
5.109911201056093
6.5128777890931815
7.247015938395634
6.088159379316494
3.4075475530698895
6.071111264871433
6.343413215363398
4.106905553722754
6.442322404123843
10.369404358789325
5.336670384509489
11.096363419201225
8.041436843806878
6.402049703756347
8.365735763218254
6.272905713645741
8.1775893275626
6.492021830286831
5.160231849877164
4.412936439272016
3.1626282247016206
3.86452757823281
6.636132588842884
5.810295528965071
6.756665364606306
6.698621287476271
3.8099165759049356
4.734938224777579
3.5849071302218363
2.9842752682743594
1.7651174324564636
2.704156736494042
3.4497421928681433
2.8304586886661127
4.690510684624314
2.7389789399458095
2.879797210218385
3.9303037808276713
4.609424255089834
2.4594480575760826
2.1541900439187884
2.5762768102576956
3.4029973396100104
3.441059824079275
2.7241280854213983
2.151260156533681
3.3125626349356025
2.5924890800379217
1.739398009260185
1.7081734332023188
5.669178850483149
8.525093995034695
6.38652006117627
4.1962397006573156
4.732271414715797
4.512738400371745
2.422986873309128
5.962839146610349
4.8987795459106565
6.860423719277605
3.715158360893838
4.165762441465631
4.17064023623243
3.9183314656838775
2.585442315437831
2.1036605898989365
2.1742296527372673
1.6834176860866137
4.651355404406786
2.287089377641678
4.007842248072848
3.3575929685030133
2.244414776447229
4.882588535780087
4.654969471273944
3.0761821625055745
3.9564707330428064
10.254077404737473
7.249483182094991
4.209377828519791
3.1573962244438007
3.5328833921812475
4.182073187083006
5.9024361106567085
5.959604463307187
6.563873389502987
6.646375402808189
4.344997154781595
6.594196321209893
4.491830751765519
4.049232923891395
6.739481461234391
4.576591559685767
4.150609427830204
2.5192284499062225
4.77324318815954
4.254613277036697
4.561187670333311
7.228614299325272
7.811199790332466
6.377266230760142
8.292445523198694
11.250961028505117
9.652188386768103
6.253116285428405
5.442896444350481
7.113204216351733
9.45205651782453
7.408722662599757
4.38178340299055
7.317036938853562
7.872246549464762
5.520322686294094
4.678197115426883
7.614007646217942
4.896272181998938
3.889598334208131
6.298888053977862
3.8399364359211177
4.080726232845336
3.6122414057608694
4.708367401966825
4.365633002948016
5.795754087390378
4.406278108479455
3.5746300173923373
3.780235603451729
4.440097316168249
3.522952520288527
5.325828114757314
2.5519156991504133
5.707960208179429
6.0215011339169
4.520092414692044
2.296385922236368
3.587509607314132
4.621170381316915
3.645531057845801
6.719661485636607
5.513585820095614
6.588864679681137
6.585551957366988
1.9789789249189198
3.7355299012269825
4.263871182105504
4.819865392753854
5.189930118620396
2.7893746541813016
3.527876363368705
3.607852726476267
2.3137133507989347
4.41986099909991
2.843107762746513
4.176605012733489
1.6584395586978644
2.4011692628264427
3.784723275108263
5.104458453832194
2.120258630486205
1.562950560473837
1.4875759503338486
5.1017615888267756
2.6926502955611795
2.4383559537818655
2.20845665759407
3.165648865979165
2.889821898890659
1.445890825940296
3.6688350888434798
5.234068717109039
7.991797157563269
6.789781941333786
6.175285671604797
4.617728273849934
3.0726651918375865
4.870763245038688
5.7273121709004045
4.734203970991075
4.0339399601798505
2.6635238012531772
4.6678281833883375
3.1393216074211523
4.182759754359722
4.2044604297261685
6.753552890615538
3.738009193679318
5.269947264576331
2.316258452832699
4.554120159475133
3.3249426891561598
4.692918152315542
1.6707677480299026
2.3047087263548747
3.1653178088599816
2.014545405167155
1.8296698505873792
2.132707122247666
3.651889516040683
3.591487442725338
7.936988798901439
3.0288420727010816
7.897030321182683
5.006215538596734
2.3064058960881084
2.9614334475481883
2.239919619751163
3.0914883418008685
3.5558407665230334
5.1438433532603085
4.117195628816262
2.987141178105958
2.3684423364466056
1.7478265624959022
2.6897511198185384
2.2932035151170567
2.1174094119342044
1.3732903153868392
3.5373981648590416
1.8372067275922745
3.496035206131637
6.083180001238361
6.790882475208491
6.374011446721852
7.470721170539036
4.141658891458064
5.302238474832848
1.9869711480569094
2.8950476123718545
5.993882209761068
3.633066794835031
4.165849651675671
3.8673078471329063
2.2124517606571317
1.729181666916702
2.6480680597014725
1.3721529755275697
2.867223250446841
1.0494794806581922
1.482078204920981
1.2471163073787466
0.9684065191540867
1.2859819900477305
3.6064376055728644
3.4661117126233876
1.5463270755135454
2.838847605744377
2.74552533053793
2.5602540189865977
3.5043853115057573
1.9405465224990621
1.4861088360776193
2.5968745164573193
2.9456228262279183
1.1016664324561134
1.335903363826219
2.7885464671999216
1.4214619585545734
0.9507087473175488
0.9671789895510301
1.3517963884514757
2.869022398022935
2.4036934295436367
1.951252028811723
1.5337321112747304
1.1038543894537725
1.7447512493818067
1.0024756112834439
1.4220181396813132
0.8632666751218494
1.0205733469338156
1.3265873432392254
0.7307962862541899
4.244421339360997
3.4211883158423007
0.8569140730833169
1.986296305549331
1.6579405397642404
1.1420356734306552
2.215017081820406
1.0583109706640244
0.9520845760707743
3.4323594586458057
6.189409013837576
5.32650995021686
1.6643295651301742
3.4065873125800863
4.536447883816436
2.9898693920113146
1.2740077579510398
2.684333828976378
2.3694425298599526
1.248951063142158
3.194240562734194
3.8255203529261053
4.8185023968108
10.2603534986265
4.989263973431662
6.506862681126222
8.277763507328928
3.396492397179827
4.342387213837355
2.952494481112808
4.341055169003084
3.964689429383725
3.4642708697356284
2.527909470605664
2.4953034220961854
1.2846395570086315
3.180016902042553
2.681505423504859
3.678094194503501
1.484983175236266
2.4367530294694006
1.6083064417471178
2.1643656961387023
1.1577659936156124
1.305574931728188
3.090625323355198
1.9039201068226248
3.6453999038785696
5.517134087858722
4.122947561205365
3.5701282084919512
1.893962520873174
4.889071823330596
2.364642967702821
1.348487424547784
3.4740804948378354
2.424912079120986
1.3296010456979275
2.988697781227529
4.737206556717865
2.6196887810947374
2.8295425006654114
1.699564969050698
2.5414443453773856
3.8459783128928393
1.2000367188593373
3.9120937410043553
1.453870405210182
1.7189693123218603
0.9323047135258093
0.9638341314566787
0.6712721499498002
0.610384370200336
0.8837734930566512
1.1899601885816082
1.4150427128770389
2.3360384944826365
1.0859346889192238
3.9181381361559033
6.957344598136842
4.504458445357159
3.7197450341191143
1.2564175222651102
1.2670865403488278
5.551684094592929
5.961074955062941
3.1311230662977323
3.19605659134686
0.9687748371507041
2.990256361430511
1.549848007503897
0.9813254322507419
1.0300651083234698
0.9146160968230106
2.5565752368420362
2.831250897492282
2.9188072900287807
2.9902896902058274
1.6154204604681581
2.847730577690527
4.548303456045687
6.702320514246821
5.868407550500706
6.626091270474717
5.207205458078533
2.2267893044045195
1.8949146192753688
5.631471226457506
4.279133791103959
5.6140722068957984
4.466091946233064
2.4923929553478956
1.9358771656407043
5.590876183938235
4.345886280760169
6.136354138609022
5.326822210568935
2.8643962253117934
4.089716789312661
3.9230293803848326
1.8456348517211154
2.214162161690183
4.441796735860407
13.237842391710728
5.911250012926757
4.517445471137762
8.027443272294477
6.105113083962351
3.9468336974969134
4.913249825593084
8.944192803930491
6.259984673000872
4.794111927505583
6.662857774179429
1.938868435448967
6.172357606701553
7.662805093917996
8.797527425456792
5.981905645458028
4.195199256995693
5.4838742420542985
7.057972247712314
9.087233283556998
8.682200870011002
5.365491881966591
5.075664127478376
5.6633773278445005
5.114569779019803
4.572499711299315
6.884932787157595
10.851368834264576
10.868270199280232
5.565626683877781
3.9833469599252567
5.115416571730748
8.521078997291625
8.207708714995533
7.108346997527406
6.804259630618617
7.037452178541571
9.48810613853857
4.5681531459558755
5.384251426206902
9.913029030431062
3.9196988716721535
3.242979071335867
5.10942121851258
7.7068114064168185
3.8837902499362826
2.6656122750137
5.588472552597523
7.74149472056888
7.421070381067693
3.9530718454625458
2.2785694046178833
2.505585924955085
3.6045856463024393
2.7970004931557924
3.4274770012125373
4.008432873291895
7.073357037967071
3.6323161164764315
1.7098559350706637
4.393651217687875
2.1430157830473036
4.472985873697326
4.098467003554106
6.791333435801789
4.71792629850097
6.943685671314597
5.117410304956138
1.9226391144329682
3.2405967155937105
6.623324723448604
6.55445921397768
6.7188880739267915
7.105092468205839
9.62901499401778
4.277035556035116
5.89426470012404
8.665061260107905
6.946788071887568
2.7853052763966843
7.256031547440216
2.945795190986246
2.6652243218850344
1.9370104128029197
2.0835417173802853
1.707136576063931
1.6991579738096334
2.3731119403382763
2.055388576700352
1.7869722777977586
4.673233061330393
2.1616092317271978
6.934061779174954
8.18448249110952
5.96784603712149
7.422534480690956
8.46132075926289
7.455234829802066
7.943940169177949
6.968570819590241
8.820025148801506
8.731566890142858
10.735214184038341
11.103888962883502
10.184870900120586
6.9789667604491115
7.3300819005817175
5.6027030646800995
3.6151858067605644
9.543268068693578
8.909971266053617
7.286431473214179
8.418345815502107
8.70966276107356
3.8642250589327887
6.253481835126877
7.930207008030266
3.085817285696976
4.860058059217408
4.9583151950500906
7.218634608434513
7.2985342824831605
6.191511164186522
4.541257141623646
4.787398593965918
4.996779780602083
3.4974285641219467
5.60351668484509
5.050467057153583
3.230095576029271
2.8625059304758906
3.4795120306080207
2.769394112052396
7.204157082829624
1.8594408709323034
5.114817738765851
6.342657490866259
9.257732280064374
5.058275281218812
7.260198150295764
2.694880153168924
1.7248220579931512
2.881085404078476
5.031628079712391
5.193041435442865
9.186011967714876
4.037452445132658
5.94548557838425
3.841927741537802
5.405705238226801
3.6170198710169643
2.5630286261439323
1.904551885323599
4.182893766788766
7.605180780403316
7.772982536815107
7.46772487135604
7.966766482917592
10.284390200860798
6.610909964656457
6.401538262609392
10.734026568941772
7.747189556714147
5.103366689058021
5.169444972416386
8.584118517115712
10.98643529554829
4.109108894597739
3.9018162197899073
2.995675076614134
3.354960870463401
7.783147291280329
2.5263013114454225
4.148603878682479
6.907270446885377
10.14050864148885
4.711357067106292
7.389580202987418
7.201200243551284
5.9896288516465575
6.982169226743281
9.88410802744329
10.042088253423572
5.6932716546580195
4.909919444704428
6.266775764292106
3.591426362050697
3.2430671041365713
3.854353544069454
6.5687766403425485
5.33094053552486
7.965844081714749
4.388410383602604
6.8142473846673965
7.9552477691322565
3.8020455061923712
6.343873296864331
7.526333138113841
4.201872214442119
5.107777257449925
7.439850630471483
9.035401589237154
6.563890121411532
5.234647481236607
3.65402365475893
5.978441105689853
3.699688407825306
8.722104543121532
4.692908573197201
4.276209936477244
6.331194607308134
10.938772725407034
10.132375973276794
8.700922195333987
8.111480461899191
8.224782982375473
5.91905782930553
6.4607456852681935
9.434762132819742
3.839376410120167
5.576331204501912
11.648855456151068
12.520823408849537
10.597457298077643
10.299809239804745
10.143570641521364
8.321297245332971
9.475291575770825
9.80337764788419
13.764056825079024
6.746006305795163
9.041003309190273
7.082767554325983
8.81546858837828
4.925529306055978
3.508604073780589
6.768942812923342
5.322510195430368
5.774744119727984
6.273225730517879
3.670580842066556
2.5919390975032
4.6355999377556145
2.4336053223814815
3.017519623390399
4.116702673025429
4.121074550319463
3.9586811074987054
2.2081535753095523
1.9825963196344674
2.639860030496493
4.730343611212447
3.4501309872139245
6.175798809155822
6.278631024528295
11.741386455949396
10.256509234663099
8.312068323604763
7.710023963125423
11.840840588323772
8.271995034068823
6.782281148480251
8.184872432611883
7.42719882261008
7.878582958132029
13.966875694226474
13.289795313961804
9.788539657369256
10.86515638558194
14.524069460108876
11.019156917463988
12.487712453119457
6.802392837591469
7.66602050466463
8.89351445902139
8.50149185070768
6.702434781007469
4.402524366276339
6.101931313751265
6.648602194385603
8.49483461258933
5.811698760604486
6.528104600962251
6.413507516030222
8.045805623289198
5.134637856157497
7.746556105092168
6.163493757834658
10.677120229694992
11.342694954946637
10.37853587558493
5.19630886008963
8.04101605550386
5.4399190817493945
3.429324886063114
3.8438947848044336
3.118043130612932
6.8981067256536335
3.7776517503662035
8.225582642946392
7.266206379747018
5.040669742273167
3.60350533365272
5.120749898254871
6.360775637207553
2.93864591314923
4.474110239883885
4.8595714485272765
2.337823220528662
5.750367507338524
5.650958641432226
5.006816838402301
6.598691897233948
4.819584907731041
4.540833801496774
7.304314199369401
4.244786273920909
3.3498269512783736
2.6704629092710093
2.930493823485449
3.666963186347857
8.275845025200397
6.498015943681821
11.283457028213888
8.850947137456387
6.921427778666839
6.532368890475482
5.201394406380132
4.7285743991378695
7.607582276687026
10.197974509559572
14.818740780465305
9.958183629438281
10.684200183022767
3.8354628867236897
3.795666741905734
4.998967966297641
3.290648338967003
2.3984329232480377
4.105259339674376
3.208054997259751
3.8155747395940125
1.666390661848709
2.468882968532853
3.4137066368712112
2.359912919229828
3.6136638928437606
4.47652535373345
1.875521567533724
1.9073121439432725
1.9569843534263782
2.571533757611178
2.5631856188410893
2.4381148405373096
2.032868931419216
3.8279571153689176
2.6367710068589076
1.5254232531879097
2.545201461063698
3.139336592168547
1.9527527320897207
1.6536789094097912
1.9790068656438962
3.8513214505510405
1.3893760950304568
3.7508243089541793
2.1325960551621392
2.661959310993552
2.1162728370400146
3.0993118883343413
1.7794920520973392
3.5649764265399426
7.02729106717743
5.258290458004922
7.65044355718419
3.619218953885138
2.667811038088985
3.7360771949170157
2.241595914470963
6.371122613316402
7.944570310181007
8.325820253230631
6.851312971208245
2.8108823152724653
4.404792137909681
5.9864439512602985
2.02844278619159
3.008115734672174
2.639534926507622
2.837237591156736
3.113765522837639
2.122269531013444
3.653299722704105
1.3031813551788218
4.733631475595757
3.3619861034676433
4.952502957545221
2.3409819953376427
2.647314203204587
2.830592994345352
5.359035993227735
3.533125775284134
3.035461197607219
2.064669925486669
2.096828489447944
2.2393689901800826
1.3484975784667768
1.2350622963276692
1.6865265315282159
2.745204430539161
2.353333018370904
2.3280942185083404
5.605395202292129
3.2839258348103613
5.723814319353551
1.952423534472473
6.529026064090431
7.653323091100901
3.2887247663456947
3.7427425894420594
2.769768422935158
3.160905924392864
2.5467724058544263
5.6686290053185076
9.121682048775256
8.308581445366144
5.326011510798708
5.943858426064253
4.703885689377785
6.934911841992289
3.747544241603464
6.044232436222956
3.287409382406622
3.7112276181578636
3.0220290336292237
1.2870098116691224
2.830966306384653
2.7407151833176613
2.4426813018508255
6.95910120010376
4.05054985336028
3.2081805363995954
1.35027659276966
3.677821899531409
3.8265380510129035
1.340909264050424
2.313641046290286
1.172278086654842
1.5982241564779542
1.488287259475328
1.3859060731483623
1.4943226858158596
3.1954662199132144
6.903154166415334
2.283929839381017
1.742822322587017
1.1275491660344414
0.8135206355073024
0.9856170282582752
0.917554963263683
3.3235407227184623
5.551684930222109
1.0804349259124137
3.3741481204051524
0.8283903055998962
4.291528886533342
3.0764457719633356
2.7568732576910406
2.2037666944088414
2.7004775325767696
4.483767587924376
1.986023938341532
2.096134813968092
2.148058133199811
1.486996745225042
3.360810030484572
1.9578814870328642
2.7288878217805177
0.8819094187929295
2.46000970271416
1.7510210406035185
1.260507512371987
1.1808958965120837
2.26438896660693
1.0935809920774773
2.0455846010008827
1.161252684716601
3.536864541005343
3.4642323903972283
6.481501553673297
2.645873391418718
4.940673997392878
5.571652998914942
2.524726807139814
1.3193020402104594
1.871391887892969
1.4129273002617992
4.080146959982812
4.743612699676305
0.981496020918712
1.2615566177410074
1.50078441190999
2.418842096813023
2.069677136663813
1.987224399112165
5.285236477386206
4.184273663908243
3.6771194252651185
3.5664816424250603
1.8927708190167323
2.8362655341625214
0.9106376434210688
0.912779669102747
1.0670799576910213
2.276306591113098
0.8918617439630907
0.6984197857964318
3.6408988719340414
1.779569856938906
1.3947176681249402
0.7150484119192697
2.002330776769668
0.974175424023997
0.7128866047423799
0.8476321579946671
0.5989293852180708
2.2600426748394966
2.690326693234965
2.0358183931093663
3.6503623506287113
0.9309372585266829
2.564318252261728
3.971573423827067
2.8514017231063917
0.4888797247549519
2.637640002882108
1.325263220234774
2.054267699480988
1.7681633861502632
0.6960479522531386
0.4256400494487025
0.4599347240582574
0.5632074679597281
0.6820997034956235
0.40904132509604096
1.3193181079695933
0.38695324554282706
0.6785464448330458
1.8627518110442907
0.3836672962643206
0.44977832258155104
0.43146657428587787
2.2962909042835236
0.5185296186828054
0.38406945249880664
0.35419352041208185
0.8965570297441445
2.413762914482504
0.6621365413302556
0.5292317834100686
0.5290490458719432
0.4247720517741982
0.6490126023709308
2.7646218994632363
0.5459578727022745
0.3318453487736406
0.33922001406608615
0.5823484482243657
0.47943992078944575
0.4305971452849917
2.4508401537314057
0.43398338250699453
1.9353020782582462
0.5340098623710219
1.4822420002892613
0.3457149078458315
1.1826467565260828
0.3470025633141631
1.8123582870466635
0.44928391731809825
0.48335437336936593
0.8172992951003835
0.4100095201720251
0.33986410171200987
0.2921042181114899
1.9588017140049487
0.3190006679215003
1.9867545714369044
0.36416256343363784
0.5058373798674438
0.3777705902175512
0.33428003697190434
0.33951444549893495
0.42473975427856203
3.050614072009921
2.2884911003056914
0.657113432418555
0.24893694480124395
0.9604258383042179
0.4253366291814018
1.1711711073294282
1.8534120072145015
1.602548542432487
5.590842638397589
1.8635901338420808
0.4086472902126843
0.47362669436552096
0.3804122788569657
1.7301115110749379
2.1065464643761516
0.532100951008033
0.5096414918079972
1.584153245901689
0.5785749370697886
0.5412832129513845
2.5517695953603834
2.513627544976771
1.9315711091039702
0.5722119757556356
0.5658885239972733
0.533687632298097
4.731679681222886
6.047324660001323
1.1043121295515448
4.285277478164062
1.150237876281608
0.6281502222409472
1.7972034213598818
2.646842008922249
2.820827061776072
8.223053678870201
6.875121098011732
10.771819303743541
10.068109765648842
7.85782836843282
3.016333263134584
2.1204133816063404
6.144276942824945
3.0194392304401845
1.214244447008241
1.2642862782813609
2.445318586542271
2.18646101327613
1.146681985410396
2.1978863704716787
1.4615833846619353
2.754649881273508
0.723199308529729
2.311701217549853
2.548038508160971
5.208396485541016
2.2430197165813297
3.175716187339276
0.8346964356896933
4.001295449677855
1.6416376640554518
0.8498641483311076
2.893157683778554
1.5616131538408808
0.517446617159294
1.1209684194182046
0.6897370193910319
3.0361767893191427
0.7291510142094921
0.5007301667938009
3.0632936600595713
0.914490689872764
0.7154350906785112
0.4902618016349152
1.070472197199706
2.105765401152894
0.5992241562053096
0.415575250677648
0.48643742507556453
0.660110858589178
0.8926320872851647
2.3239952770527452
0.4974438713688869
2.0623917768825777
1.907083309837617
0.4630674312647898
2.2423840432893485
0.5254876062390395
0.6391219779616222
0.5500593741890043
1.6136739779030904
0.7844079949718434
0.5256941395928152
0.45428686242667027
0.3568928969471017
0.4329612701840233
0.28643177064077463
0.6592998272099067
0.5146463871060405
0.4317234261397971
0.37755549323628657
0.964877902995795
1.7444047067547217
1.6927413081284612
0.353833381581353
0.8884603211772628
1.7329194118501619
2.019600820261985
2.701473153894767
1.2025670193252154
3.107948246411979
2.1942657788749784
0.9413680282013956
1.8745429270202294
0.49764792853966355
0.48219172345125116
0.3414816240547225
0.36203013740305323
0.9352273409604095
0.7532037905184552
0.4552630440448411
3.4951886509079486
1.1934271579957567
2.5963484450476244
0.3531701291212812
2.0261381508316845
5.297182522015646
1.775454084156081
4.297604565741494
7.9248926842119545
7.742424070136622
2.311022849055007
1.1653054850175977
1.663984912855085
0.9790191260399297
3.3639422461856157
6.955684426706284
1.6117394473403692
2.2905508226249367
0.4312777013692539
0.47409276716643944
0.4627558659558417
1.1348918054718524
2.128494622418657
0.4981296006881166
0.3579645025165519
0.566441645642044
1.460565551475156
1.8420087735867128
0.6503353010921273
0.25460821577871684
1.8227983182296157
1.7577229280141182
0.6453590340388473
1.1924332702765241
0.3402296793938149
1.1367417523870245
0.4854100938537158
0.5130407950200606
0.38571153934753966
0.3954631625674665
0.4034073270013323
1.033197218697751
0.7610635670716874
0.3033354222716298
1.906224008416757
0.7534281359403394
1.2593942839303054
0.6362820224021561
0.34901388034631964
2.0014828813727945
1.534435460343957
0.210790564022318
1.758679858990945
0.46399872231995687
0.46716933918651193
0.29706036030256655
1.7267519077286124
0.2502627977373777
1.592651506420225
0.38009639174561016
0.366186370520154
0.4016694871534128
0.20657001181098167
3.0965832753572613
0.3250105742481537
0.3533942179637961
2.1119800372980535
2.5664579493459314
0.6940314556704834
0.3188574594678357
3.7337069866480306
0.556744839210296
0.8654166493215598
0.3536605297413189
1.422510551288724
0.3039243499370059
2.5891801982652396
0.2973399206821341
0.9886143049225211
0.3440676384489052
0.3766594647313468
1.8634342376608402
0.284628143243026
0.21856591510004364
1.684059897204861
0.3217868706124136
1.371006843750365
2.6332809885498136
0.7617867012450006
1.034246766823344
2.6115577248856425
1.7481468908954412
0.41602427426551003
0.35271439264761284
1.0773695609532297
0.6657747508143075
1.9531588131794706
1.7332611104939133
1.7850865465588868
2.7794493932742625
3.56717529008165
0.7102581527724396
0.675956263236003
2.843726199120283
1.7064665848156437
0.5665692757756915
0.5810517053178046
0.3839630412257975
1.2705661653308198
0.42861185694346204
1.9022176425205544
2.6729214035440236
2.054056455148384
0.38795030016626697
0.8245939173211809
0.8959110897558276
1.983534317347221
2.3181412615813315
3.0817834907211363
0.3648154993134085
0.21574283011432271
0.2699033036478795
0.21826704502745997
0.5975821086904034
0.37265843695786316
1.8893072822829708
0.329085587291047
0.2149684274700121
0.22274730195931625
0.25418300878664013
0.3684566724987235
2.5732339832466096
0.2615000531222904
0.17879176921996986
0.2060715348998201
0.2350528793904232
0.1831338487827452
2.1197434435598552
0.1810730088618584
1.8786727538099512
0.6222960843297187
0.2676202424481744
4.154349494492635
2.415999640361406
1.7694501362275332
1.6115161973284557
1.773707269167062
0.6200688131211791
0.2969662985706236
1.1325706723728217
0.3614806296682218
0.29884515758021735
0.2071534967108164
1.8048503866884857
0.28393084758135956
1.784006519941613
0.29179278876108583
0.34400092509167735
1.8578531719977036
2.333457902423106
1.0133917622733861
0.3576201659598155
1.4009817813057452
0.31646059757622425
0.2955297235021135
1.4865774852223694
0.2426123254263075
1.6280931482324377
1.7579030642518774
2.119019077392295
1.9202262496110052
0.6464955536066554
0.5451231293845922
0.3376081044552848
0.4625382926024031
0.2051606970417197
0.3131593918224098
0.2625034063239582
0.5860724824306089
0.1751898579095723
1.8193951327120885
0.2887099351064535
0.3272756541700801
0.20067940388253191
2.1292702311184257
0.21018725549220107
0.3033901548187714
3.0905538997612894
1.8802154082804918
1.7928452687337995
8.399000444449484
4.085847258102149
2.4251342362258583
5.000492763472721
0.604952040623175
0.36428055341821164
1.1780127097736113
0.3036953388946131
1.0089668242144398
0.35137502367433626
0.9178027849993668
1.61600022460334
1.351035738014616
0.2565613173501333
0.4151892775116721
1.6624986801762134
0.5021551265090238
0.30527173994050827
1.8170585015323013
2.4416332175023854
0.9056381279951893
0.5803986953396816
0.27943036827491596
2.3744441757444292
10.760975255165249
3.8582572788000107
0.5361142684996594
4.050024676369503
1.9702871652552858
2.127838920801878
0.23817851234343834
0.8655387807521038
1.6993255593115464
3.4513627536362037
0.47492933910689317
0.6921189402928576
0.24498603865504265
1.5554965941701084
0.2684468535298947
0.573402498557698
0.3209034366736887
0.209437844765489
0.6238601720542647
0.19259790057549253
0.21820465950440848
0.4792697751254309
0.23716923689062241
0.2588464717991883
0.1935149558194098
0.5280167498567607
0.2058770696312422
0.2277890893165022
0.4610145325859776
0.15899943564727437
0.41688401490682736
0.23189857113175094
1.950288056745194
1.4870149723719805
0.25770309174549766
0.41440569479891565
0.25067253375891596
0.1444389557800605
0.25055603455984965
0.27953919050924014
0.15113028326595668
1.7752945282263681
2.306151232914999
0.198608244114439
0.1848846888024127
0.20658324420219287
0.14236813643947244
0.17501385654031765
2.0807133509078994
0.3119499469321454
1.270221720682457
0.33118043013382703
0.17367396071495023
0.21828389175789198
0.19089559564599767
1.6168829664820805
0.19030328935332363
0.2785580467025284
0.1811343408699031
3.375531514408067
2.6670855439733714
0.22647334990324453
0.1749036876281025
0.24223492822784465
0.19526939368370222
1.829732293728739
0.23032523253641557
0.21376296357630054
1.6455696972552687
2.084469587309286
0.40582426491891965
3.099462243495509
1.6825447245500982
0.24355002607626375
1.8859165919711813
0.32909266267961357
0.15485851419362007
0.2810096349421656
0.24068310408620164
0.1639287065991084
0.16534203069022624
0.22902633239573333
0.1985261792433448
2.1869337691459805
0.345357153142686
0.1790775337285595
0.20843242227419978
0.2809998974262271
0.19488444895250723
0.18123575697973138
1.615050632157363
0.58532216239837
0.2219871231354773
1.7934309758711606
0.19376227196335094
0.27402885287301615
0.23869021516293287
2.3733123543206602
1.8288522871444002
0.5354777901957277
1.609156196238473
1.5658656756859273
0.3406605521013262
0.3249606748286169
0.27517057016666513
0.14370013062580256
1.5992492361692712
1.3571546586463228
0.15444306934659835
0.22929064379422925
0.42977283644722775
0.22302491575828753
0.1744122166055604
1.9187324654776603
0.14739583949994994
1.6969256876036525
0.264339850313263
0.1763878601777833
0.1540726756065851
1.6918650642037392
0.14588588746119058
1.3441633093170822
0.1516301739102346
0.11513150465179933
0.20364295707258862
0.20088389910233673
0.23747119613108225
0.13495350695302477
0.1935076227891841
1.5584051051409915
0.15396563767717453
1.5968842564616352
0.13908647800417384
0.13202921012998559
0.12153023186692735
1.3691198793239892
0.32449510862352327
0.3465041047311388
0.11782559347193455
0.13363320979988202
1.7335500206099823
0.12624934396444587
1.599655379075557
0.16929017104121158
0.13881623132328968
0.23583012889139354
0.20449374879535753
0.18304422726941993
0.11645751015021233
0.1052285923215095
0.13414456020109355
0.1466883751345449
0.1260456517484272
0.1258464127095067
0.1698118587519275
0.08097153037670068
0.09945259553933283
0.10286893828742905
0.10133711703019799
0.1576814588115667
0.10883991770242574
2.3432889895047992
1.6423109259922057
0.1250638516357867
2.6779580840375274
3.0643812004709616
1.6053555550752208
0.13017922591825482
1.4618431461276487
0.17059373587107984
0.18379256911430275
0.13942283700453117
1.6733108832268044
0.1478923907270655
1.89400469197426
0.14658133476768853
0.13095178942603525
0.12861111382517265
1.989504900528118
2.360091168200597
0.1484326216741465
0.19094383935589576
0.14828534324624343
2.6367668567691
0.15584910869802115
0.16724593475373695
0.13652528698003152
0.10520903635915602
1.7928538813721389
1.6147299644071609
0.18896675663563656
0.15173393953591585
0.10623337982906378
0.17047840694431216
0.2387257462105481
2.4306947481818497
2.059942172258161
0.20783446099085268
0.285373075537791
2.690461074700579
2.0105230365879834
0.3108770992985228
0.2603502109850524
0.24999805072729941
0.10400201964512235
0.21831086418387713
1.4193206290947273
0.13868502221885137
1.7262650094926357
0.15013841075415257
1.6817473254632205
0.10554767998837633
0.11145772323652636
0.10771463005221449
0.16167616413440555
0.13469344170880504
1.5762443965068087
0.15990938449976966
0.08979870835173642
0.1145636463406845
0.17281055951025337
0.1335312907176558
0.17092801579565275
2.2554990120697767
0.12136590808950132
0.1296580327252741
1.9728592954343185
0.10221345516038127
0.2679882211086806
0.279897586122388
1.3435777076520026
0.1657799247695948
1.7898871612269431
0.19379863771609962
0.0984451293006714
1.8568117751274258
2.846093458123505
4.015781837631948
1.7321921903640032
2.232973966281861
0.33203531710023526
0.17759802954242332
0.22805175541725475
0.21412003168370575
2.7813188198488206
1.3832981251762249
0.15734526323649334
0.24004646300454624
0.12393893245462095
1.5967322647338733
0.16032565915520536
0.46117373304150533
0.13162461239699041
1.9642023757332936
0.10913860968867084
1.6878332855412737
0.5504890831653029
0.1479494394370704
1.5329276773845777
0.2910252006549854
0.27904893580125645
0.14288416221825173
0.14052584346791264
0.1332414896314731
0.10854024421132635
0.1105763489176752
0.10307624410779681
0.09493309876415879
0.09935557450808119
0.14797880317200907
0.15453594104474178
0.08386254415017902
0.0935817059908004
1.0124696481507272
0.11694591761624906
0.13510518896509893
0.15055327997833956
0.07103853543230798
0.07810632194377831
0.10425583764299517
1.6687667621299624
0.10363842856895644
0.08911498161614873
0.20138330553163541
0.08135335919359932
1.6672922864090651
0.1528603868719074
0.10202735412167385
1.2890936172916554
1.5588296030182391
0.13779100156534696
1.436242118361406
1.405988292885013
0.1829106702352874
1.7637150493683293
0.10848282332881354
0.13974419328587828
0.14775201337761246
1.3417723856400698
0.21634428297693375
0.10664877151430119
1.486733416095376
0.11588265908358153
2.395620203576982
0.25075983002898283
1.6825968225020915
0.1793050214619143
0.08363932082284009
0.4936042431218084
0.10898836983687943
0.08597591391662718
0.0870452276612923
0.10524486930080457
1.9168298481963575
0.10030705862300238
0.1048950361146126
0.07320256330422126
0.08072116050607292
0.09258053161829594
1.2993812274653465
1.9886987556237727
0.09713421681590262
1.9709681901149452
0.0855852654131013
0.18235903360618977
0.1685422145819757
0.09382885056402301
0.10348297058953904
0.06908595244749449
0.0808620920033718
0.14197153151326347
0.11619827882532263
0.07468585617243662
1.4382668500766158
0.07145273935020668
1.6833268051268533
0.11131910385302035
1.5844094536732882
0.07457944457564736
1.1489892683457583
0.1899402512353845
0.08373308613954578
0.08819836668772041
1.404341020504944
1.3029463932616636
0.10239724742859835
1.5806315105874091
0.27380854458897375
0.11054924955533352
0.14939165439864155
0.10069076472791494
0.08213169114969787
0.12686407691944623
0.09004245485266438
0.11119763291935669
0.24999351435690187
0.07900347342729219
0.11530335582210682
0.0779248525177536
0.10599001429363852
0.08592146623050212
0.1718117585114669
1.5266305034747347
0.17298944619687973
1.8987145177088678
1.275882110814564
2.4075836909469217
0.14562262308754725
0.14547873651463306
1.5659838141873479
0.10664013642963255
0.19040325328387553
0.12012950537609868
1.394948806904722
0.0874123680878256
0.10610389683279209
1.3333665772806853
2.2338105742819607
1.4050097446888685
1.6494888316374272
0.39751711701683234
0.22845845967822243
1.6031074785860255
0.13320056329393992
0.1118755850911839
0.12479534349404275
1.6561955206561834
0.14872360482695512
0.14387740672100335
0.1474395756085869
0.18011637963354588
0.12082580250717001
0.08923055990453577
0.2307624643581221
1.2837194451130927
1.3344325551297516
0.1202402633643942
2.2568246179725975
4.126706961775199
0.18659703573939623
0.15532461019756738
0.16144815932784695
0.1326824353527627
0.4758811674400931
0.14366041170433164
1.3873639911180362
1.7351591321639717
1.5154472480062395
0.09938738388518686
0.13784875674173236
0.0845638695427624
0.09761588552646572
0.1212881546234712
1.2436707408633083
1.1623322860104963
1.535406404756941
0.10764319296140457
0.0776311396730307
0.1273209205173771
1.3321554157882929
1.9640092137269676
0.15972043811052572
1.9334384322864935
2.7549794274382293
0.22910938035784056
0.46530104757403024
1.7820742100011557
0.1458365589278401
1.447992761968635
1.0067999967141077
1.713020272203721
1.4979545819805935
2.1827224899316207
1.1272944914526306
1.407169324462302
0.14448552930844016
1.3675531328772195
0.1079221508698538
0.09756082173407776
0.4367673405795358
1.6543806042755023
0.6069765418069437
0.13822516492655268
0.1093642268970143
0.12137839088973124
0.11017792133498006
0.10835191903606756
1.3707324417773634
0.09484283459823928
0.12804259774566162
0.07372841015239828
0.11267337728349958
0.08260802018412505
0.08569480974256294
1.8513374634785578
0.0877979737088026
0.07997591878302046
0.12180336446181173
0.09986220550854341
0.07610731520617264
0.07545945975289214
0.06909150547653553
1.434188683400862
0.07693280457533547
0.06869049167289631
0.07362093832853134
0.11303345525448094
0.07924510094380821
0.10038566299772356
0.1800535902948468
0.08685535904442077
0.11701271418132819
0.08032776019899757
0.062023690225032624
1.5386663204990327
0.07136297994293272
0.15110723866382614
0.08129940370781696
0.05750350464586518
2.204860365251079
1.2985668426845223
0.08873069063338335
0.09975204490183387
0.06209136199322529
0.06975517663158826
1.5850832182914019
0.1026916262380837
0.06827359774251818
0.08564958864735672
0.0733911838651693
1.428917235112749
1.9411059700651094
0.37469557201256976
1.6205446539679542
0.12913794012274593
0.09715693464750075
0.10547052672700374
1.3917983289575204
0.16173529166553635
2.0136106660356745
0.1266294381202897
0.11705203689052723
0.13624364997667726
0.09448020171112148
0.09363061902331538
0.0884547772075166
1.4932347480207682
0.07604965247082873
1.590102233691141
0.3104090427077608
0.08414960464142496
0.17455065916874446
0.13396153095527552
1.07742212805897
0.06571261585122556
1.409082729369402
0.11396373977186158
1.58579485793598
1.2818654824513942
0.07409737217312795
0.08750183001393452
0.07313589700424927
0.7931722478824668
0.06644372905793716
1.417418292723596
1.7550520520890132
0.11924077465664595
1.4840081903384998
0.13204443227004958
1.6491334484890103
0.12491730770852882
0.0745448036614107
1.5621757733169943
0.09840366619027918
0.07496711433850578
0.06645335016219178
1.505802075844258
0.10893203000159701
0.0827211463401909
0.2170680899580475
0.08247872394349542
0.09458153479499742
0.23437643503712025
0.1049601452286879
0.07046489017739077
0.08063130611481029
1.295782970963046
0.12289589447027538
0.0860379529549391
0.09813113269410678
0.08249972480916767
0.09586508090796997
0.05991919953521574
0.25394172898086254
0.05333979639181052
0.06174521570937941
1.5460125921526924
1.6691302184481174
2.446329731028527
0.10209005040087504
1.2903781780041754
0.11888848838862032
0.08815225043144892
0.11795923655881779
1.0548793682828546
0.12806648120022146
0.06362860685476335
0.0877671028538316
0.07816709558392176
0.1474597872584127
0.052588583954275236
0.06184096228025737
0.07274080987190246
0.06102202818510705
2.1411760803312063
1.9871290766168386
0.13134001923754113
1.613021821132861
0.07591830179808312
0.17254600637534168
0.11221679875598056
1.4512484961887822
0.16115334974165307
0.10963587649166584
0.0893483022446162
0.06521845895986189
0.858432664652355
1.1353045956930146
1.6967753825010732
0.07681773073636577
0.06842421213150374
1.324423362268135
0.1690844622135046
0.10373060366327991
0.08253689110279083
0.06528376870846841
1.4409140201751143
0.05680900824154378
1.4993939466075972
0.08886807658927864
1.7394780452596024
0.36319345406081993
1.3601826333906502
0.10747595397697296
0.08856246427967562
0.10253717561136
1.028831346950028
0.07621730683604255
0.0697665759762458
0.07420820734478184
0.078661064409971
1.4977331253467128
0.08761434085317887
0.10404562480835011
0.0780409599574341
0.06336110050688148
0.063112021300185
0.08671164838960976
0.05724195375296404
0.04956510514966794
10.379201198928058
3.2576060701394454
1.4955839078174904
0.7217409742588643
0.5997164877771866
1.845187769504264
0.6405179084395058
0.7079580586578231
0.400818664682447
0.3693371626868611
1.944528081919998
0.4017502457572846
0.25840872344269883
0.5866213986591902
0.4147814695897978
0.407094783091452
0.2706151801030501
0.568523648136761
0.29219723935239017
1.3557903189212084
1.8844112734077498
0.4655893786693923
0.30242695070046466
0.1897975260653766
0.34329758342937566
1.2534173561725765
1.2202916794922203
0.2204672442021547
1.4364087095018476
1.7860659511061385
1.3181152436882257
0.5567728785099462
0.2572900689410744
0.23247750227892539
0.17189390959538287
0.5621398832299747
0.5768409744196106
2.0448840755270794
2.5443603021558374
1.4812288999091834
0.25326127633161377
0.2502638801379362
0.2885696964804083
0.19932018975669052
0.20925392762728734
0.24958210661134217
0.13588983206864214
1.1985390690388158
0.27930343986372463
2.0193173079460394
0.14333282862935448
0.17687153235601727
0.286800771165872
1.568818433326669
0.22239771841850597
0.2885295018350007
0.1356217952707084
0.12400975565833505
0.10468934721575351
0.23024474825069774
0.16117409299477004
0.106495293082844
0.13483947685017483
0.1491761827346636
2.040132100461051
1.7279635540908203
0.15197228139004437
0.27593884857196826
0.2086640167690348
1.8088335304055363
0.18504276227758965
2.0861501513281837
1.3776107099838555
2.10034035530407
0.2086453771480592
0.1906812999441172
0.1392373782946379
0.18430652958340943
0.189180936817138
0.30382164724869654
0.21083598929544678
0.15153029806970153
0.10126075398147805
2.557850890327245
0.11088622984243557
0.19649633847438963
0.13083405757060973
0.17735253605496837
0.08537928943042061
0.08884246366505977
0.08420780679443851
0.10554592275366304
0.08197290335738217
0.1277105138724437
0.1749642614304321
1.642793285427615
0.15494236139784334
1.3576391352107748
0.08546906947594834
0.124995562240656
0.11112785253135371
0.09217566072402406
0.16402110290073324
1.3035919771064073
1.60726546717342
0.2719903285469627
0.16879598976811394
0.10231073295290116
0.19645998228952521
0.07717062660958618
1.052925978496205
0.08755313004803611
0.08222089130867971
0.1719782046347973
1.355754017480649
1.4071606826037169
0.30516503169201314
1.7176674151560292
2.149289125110954
1.1162789857480675
1.862041749758646
0.1740979668829823
0.11537344413227402
0.20995893780491315
0.14233398419310106
2.4161158492788672
5.2229581971187145
0.1617204989233869
0.9887995725148357
0.1934023318826803
0.1086032232742582
0.10775122272752924
0.4165799525071634
0.10310938446491491
0.1913625598535873
1.4192658313550055
0.0855896194188972
0.3788803207426099
1.7951718064723536
0.13175498408963904
0.10473846729291836
0.10038170022016857
0.08451336289726896
1.361786620807834
1.2373313349671662
0.2550590073733474
0.13726387079805136
0.12346671245177276
0.24098829558352008
0.12049400791147491
0.10692266443584231
0.11139785363775445
0.08753395355597604
0.07322319897139096
0.09389898905646987
0.09084508882006048
0.1420194815218565
0.07904125722416211
0.1082452767113864
0.08189884485909715
0.07727851552408538
0.07521184715733398
0.08394034344746615
0.06778164889692562
1.4125813490245491
0.06955277435918106
0.07113378444410046
1.3489091824740171
0.10574049194474355
0.0737929914794222
1.3872895899694413
1.761283545056358
1.4552992108510807
1.8818559040082619
0.1157086991079268
0.871965563390404
1.220744295977056
0.1397707993601216
0.14229601845727302
0.203799361588608
1.4161566835828125
1.250544336042367
0.21615882588230306
1.4199008018476889
0.09999576968402835
0.07712301510036923
0.07873070083223865
0.07781872299165116
0.0946423883906391
0.08682627706002677
1.4828632195712999
0.08934064720961032
0.10446399788634153
0.08549777917869505
0.14358979055396048
0.16392316544806818
0.08200330998079153
0.09423919769687927
0.12243849487276748
0.06246896782249678
0.08068086060666246
0.057411986319493735
0.07267763057825505
0.08602489866825636
0.08460398262468516
0.056363864643572015
0.08744700386523618
0.06121658805204788
0.07832999582751654
0.05907803296940983
1.355806261417456
0.05501403561720508
0.08084821572265355
1.244361380697228
0.4053583513596095
0.06191738279449055
1.2654947449918836
0.0575733499827038
0.055134770558652235
0.08123050276481081
0.07559228239551885
1.936512840213254
1.9512749114073813
0.07633972967596492
0.14927803412865615
1.3003913249121979
1.4603681657463312
1.382003657054156
1.3612787856254727
0.09083125399047276
1.8373258826322854
0.2559982253587805
0.07197121843637433
0.0798578082176391
0.06555945381478523
1.0828211293555796
1.1752353803021833
0.07689879674944677
0.06879575096900226
1.2844745493493974
0.07407484820578247
0.0655311716873257
0.11020451630611205
0.14304500076832483
1.3370921226451173
0.08424652563553536
0.07170518040220486
1.6096444468712434
0.9498007548972964
1.1898546726442873
1.5126832446549088
0.07216910799616016
0.18079624439997133
0.09417641679101507
0.08306025762067293
0.08222089086120832
0.13900968431698857
1.12927399110049
0.13658842669974547
0.09656766073749168
1.972210626467131
1.6680068033747375
0.10193696823262144
0.09393031253421213
0.08891227779167821
1.1031928235897794
0.09133755671791732
0.07891976294195047
0.0739916282982449
1.605470995651558
0.07992918204035959
2.0021038064733148
0.06413481104027596
0.2000036703029764
0.0674258694270975
1.8914231627713889
0.08831288586952724
1.2859546713298187
0.11052182552521117
0.06689855489821639
0.11038879238913069
0.13862856378545985
1.24712353781797
0.07347054457932245
1.2242352415341884
1.899953189655207
0.11867332597466884
0.9822766323341057
0.07575076367356814
0.06100051538669504
0.06570677121635526
0.29962507661548443
0.07394253333040979
0.048590512300506816
10.120207750238478
6.073504287749529
1.7106446318794042
6.8845711764879525
6.063403386622667
3.887061156099662
2.1831031206529588
2.764419779414311
1.2124743367312476
2.683269653469324
1.7023893789155409
0.9895521106082015
1.2148497374146245
2.3136330298148096
1.8847214587731287
0.8079973107960541
1.1010433392075356
0.7764790686196648
1.5345423520193435
1.6741505869431421
2.6729259121930227
0.5689852160576265
1.3043833028059453
0.8662128689175006
1.7509135676082224
0.5321218662284082
0.37064000591635704
0.3790727318119025
0.4182465076009976
0.5258861468173563
0.2254501518473262
1.735894947196357
1.2505239226156846
0.39766740781487897
0.6843513878411613
1.0435535159776919
0.41746376467926893
0.6985913786338642
0.2678024265333079
1.7850577787030488
0.37801385519560426
0.4493431735027116
1.2565866288496181
1.6089196350658312
0.33792862472182605
0.25283066256088205
0.2730465257918695
0.23960419732611626
0.33814299762889277
2.0129267896991223
0.20530670379957883
0.21737262539681979
0.6699288997042459
0.23156166255648714
0.38581179633911233
0.9752108411048539
0.2497341323251021
0.4612220422568498
0.37679695247788914
0.2178623285726644
1.5379515021340922
0.3238035057729576
0.3793140663183294
0.978214256290812
0.4691533079603687
0.35974222637014464
0.1816809682859457
0.20796308375429362
0.18502601685759146
0.37867997102148365
2.2596975283231586
0.21119586762506515
0.19422457447944907
0.20886388137296308
0.2719929102167953
0.22513318688288564
0.11692298245907295
1.2577374981483445
0.39464295115612913
0.5446058246307075
0.23534339987236308
0.2183663619653089
1.3694148963550106
0.16266481440106872
2.3810078450478613
1.2338398527354002
2.067234256421216
2.19269957463257
0.33510505575395655
0.5418790857365821
1.2522428166121244
0.2811658481004997
0.12080061747110449
0.13811421739228535
0.2958800534834154
0.458282359642908
0.2612264194031013
0.25348212938115466
1.8899893602356315
2.4096346055157483
0.15653367019694997
0.17665213610598585
0.21945546357892454
0.9357801463920623
0.17162567628838588
0.14288364328240277
0.11850188730750233
0.11422742118884344
0.14069935004226863
0.18375427735736594
1.4953830492449924
0.1915721589466557
0.11112428487831494
0.08731343130784808
0.9823474297882058
0.19301129799714545
0.15055927549838088
0.12337346941058058
1.933078656787984
0.11536714580870466
0.1278860336424259
1.742967312806286
0.12336148729082197
2.1843170614447445
0.3124481947597815
0.15643083221220877
0.13860709013533778
0.1555150487474748
1.1491530794883147
0.10799791744284448
1.1450547493295744
0.1787842743942747
0.14618757214338984
0.14069799974822672
0.14718175525194965
0.13806746060436126
0.11829084901910392
0.11450962821254507
0.1671399750484852
0.1683838230019319
0.11118604872172
0.1720458185300231
0.15297133719286649
0.10719438031810569
0.15091462246346055
1.9856139189796522
0.7370975425001234
0.12483552430785494
0.3264959001389798
0.962630745372735
0.10535988659830764
0.19758931904652854
0.13420116926863557
0.2770373436360387
0.1347423117622384
1.015080734854564
0.11312902507779654
0.1286607945949072
0.1770924589727656
0.7523809615522623
0.08691918550539413
1.0891248026164249
1.23691546858754
0.12412758078426123
0.1818343957493198
0.09882821896098903
0.10091315785393817
0.09497428959366516
0.10596526354493108
0.9205464308033697
0.08656427552341484
0.1971905139653245
0.1282942682664725
1.5232794989133254
0.11608286465343554
0.3313008621771587
0.14006821839575423
0.1225316588243004
1.0886263778666034
0.10036203355775797
0.09354687588347588
0.16905068857886363
1.7659870877396315
1.807000310276635
0.11699741423217347
0.10247519941549399
0.13752190635568695
1.5920338354771957
1.355827598599717
0.1000778878951678
0.17193284204404335
0.09581910218912526
0.9906270661158487
0.9543086414923891
0.08654870746249799
0.08660299041730468
0.08873682628473034
0.07324389715358848
0.07779474051858415
0.08025118704608758
0.08710016284749145
0.08841644072163035
1.0907975425943732
0.08252790655387798
0.09506754321046174
1.040147285850253
0.11326427222957136
0.9507418965804391
0.07161073146562558
1.72452874656301
0.06847469959757291
0.0718314181358437
1.838793646544218
0.15142345699860016
0.08658942923284485
0.09960262996537494
0.1456816492282087
0.08827829155416111
0.08343162123856018
0.08488248083813232
1.2914707321906462
0.08673454885865794
1.633647245238535
0.1027434561838163
0.5733132657478563
1.342027141014114
0.11097867548960494
0.09579230262897909
0.0743185655119305
0.07337697455659509
1.1678047678433359
0.10689249230927089
0.11496295715187443
1.8848138363100588
0.09942719598257099
1.692239755531773
0.08104593675670912
0.09604852370466688
0.09371754463791149
0.10371737545210635
0.06931585917482153
1.6801162528572604
0.07785072546175797
2.0853559086099267
0.11058441277782549
0.1713382574453135
0.10543262048304314
0.09096077350113774
0.05507883096834121
0.10436055809623213
0.10578737244577496
1.246329929213971
1.7027777794282883
0.0859494693322631
2.124468954280019
0.07231921697530197
1.0493804416619241
0.11023463751917006
0.09091628905298421
0.7267664750688709
1.0577142225811258
1.2872784978244454
1.3238536718999967
0.9009390518767759
0.14349120470433263
0.10366390481794951
0.12071532272966579
0.1323426322778687
0.1314453242230229
0.11823057763831457
1.4216811370570213
0.13135050817072624
0.09369858085483429
0.11214947002736153
1.6269654722418636
0.07886299354504445
0.09089783161107334
0.08609481121675344
0.07025290075398516
0.09247693013094249
1.2169549492537044
0.06972570561993052
0.09339114775139024
0.07074246389674954
0.10139974207049818
1.122105561022181
0.0646785195931443
0.07773976951648365
0.1180283042267547
0.06878724636408151
0.05619805537571665
0.06005794853263069
1.589190308121033
0.06788672729453538
0.11669720580539433
0.08443582495237933
0.058830787009355845
0.08300650538512855
1.3082349421456456
0.06166275395662524
1.4198554627364501
0.06236506263303454
1.1991434391820803
0.06765473495033802
0.14453442886588164
0.08090466650173767
1.0410587920923717
0.07523142231730162
1.3318666940322146
0.0604862089821836
0.10688527733873343
0.08588914013671456
0.08812449980177917
0.06050013114872854
0.07645545619016048
0.14342194639175432
0.06635154141986277
0.33333156698790845
0.06138112789267325
0.05475023540384427
0.06845660897306516
0.06392905984466779
0.0620826128833869
1.7119896564399824
0.09593013083940605
0.05942555103320046
1.079075688496232
0.07334192439520848
0.1245844556906377
0.2326311854121741
0.0627849546399375
0.09206691435610992
0.07954548825364327
1.5659923773491755
0.05636300916739856
0.10650961507781176
1.5937870581401512
0.06072006473550573
0.09839872181328246
0.8457813914283179
0.0731896770739695
0.10725785695103696
0.08177592180436477
0.07744301702041412
0.0664852491900092
0.06747480462945532
0.07329710627891473
0.5139443924126681
0.062408802936261054
0.05786962413912988
1.5282620991347358
1.5688846829580143
0.18884754185273778
0.08234512889248435
2.2419271040707827
0.14814048049447592
0.4468859928601887
0.0695042236475274
0.07422169707569992
0.07103117175211082
1.2808181369910017
0.21523334104858804
0.120357661806338
1.0700971954502165
1.0584068887401372
1.3798444190761074
0.09885814298831974
0.10390215544975945
0.09050874836611911
0.09630154425030923
0.057797409059276106
0.07286296371603385
1.9507164949318394
0.10030507093324559
0.08021185049801716
0.22985435053124093
1.5389233088353649
0.0827436612562451
0.09011440489484812
0.9362367938738316
0.05852276961741154
1.3485274522099644
0.08201818630550406
0.06603941626963206
0.11291262687154813
0.07864041221546358
1.1333636846975423
0.07154354876183788
0.09600222244262113
1.4271568715339527
0.07326104133244371
0.051375245153394644
0.10319816351693589
0.08283780678539188
0.04420348438361543
7.896773690823466
5.660755653632805
1.0355248019914143
4.374216851778328
1.5668793093063869
1.9023529072874226
2.574307125294581
0.6017790133191738
1.4409359638229944
1.7266928895842284
1.2037829183391295
1.868856281740591
1.2227722823154181
0.7528174137987662
4.20838269602973
2.5062616686336696
0.5013306097825989
0.8042298019572627
1.879940015671309
5.3834202024154365
6.347291658865288
1.913114074501209
1.7624688355717808
2.8881853512721136
1.0775260588270612
5.064191204844974
10.387306498363614
6.06965597695671
7.383310286561027
4.977226726477966
8.314342689700425
3.5366183627629653
3.08458745025564
2.537678729975596
0.7380221736966632
4.055388388223946
1.437758245447185
0.7689451279875357
0.9413976577052381
3.1146056299330667
2.2731759931193665
0.8190690682386048
0.9722959663486108
2.2172057871939614
0.5112025687703863
3.589044192340225
0.6136218632163946
0.6828015297651291
2.2291737587656826
1.3850184781476855
1.2840394340455532
1.3261332100373693
0.47412646617158316
0.7151580688368995
2.2895532101974823
1.447284031426534
1.2392160228337161
0.7598829417256638
0.980595835542772
0.40842059563146904
0.7487568106153049
0.4116914737824118
0.6359316920279525
0.4722833020496182
0.36918083670025226
0.5691941807162948
3.1762981282081455
0.6738284380408004
3.1724880733527243
1.3365549105219543
1.6992450546240434
3.3073065679054707
2.131456671282649
1.2948807492502965
0.853193030692637
0.5156329434394138
0.593472175009083
0.6604215846164152
0.33906706841662526
0.6450674969528336
1.832575322361663
1.4601627869997174
0.40140173342661
0.33937055444403086
1.7748705189442262
0.7378440814791247
0.6340801172482315
2.70149237010628
0.5049230689037358
0.7267618341138586
1.2549520003376529
0.7917020846216474
1.4724202683428302
1.2731234795646742
0.44107263621117454
