49.364083560183644
29.456468807533383
22.70453989971429
21.037085803225636
14.061396161094308
12.367417653556913
12.342784870881587
12.932136583141983
10.979945372790098
10.015944982413203
11.553025368135422
8.83762852102518
10.014903379138559
7.333788980031386
8.167063371278346
7.672287179157138
6.2442315253429115
6.5587681364268064
7.789185008965433
5.608873244840652
7.029612355865538
6.973809737246484
5.522483114385977
6.647069370606914
4.165656787110493
6.082294557243586
6.373950021341443
4.7925701576750726
5.452577084302902
4.184591512428597
3.780370987020433
3.941980089293793
5.111893537919968
6.016541987424716
5.756172917084768
5.024534209398553
4.656280139926821
4.983135822461918
4.901007520966232
5.624492152361199
4.633591534104198
3.1179277740884572
3.6164418302942067
3.4946930499281734
5.680605333298445
4.255994921550155
3.9355213567614555
3.773835899308324
4.072997397975996
2.8155349456937984
4.766749715665355
4.526693552965298
5.6682806049939245
4.035206185886636
4.874303522519767
3.7525814324617386
5.148755516856909
5.1586010958999395
3.826093756593764
2.669128981186077
3.1894440432079136
4.54180817049928
3.559937454527244
3.933458110783249
4.525818660389632
4.732827747473493
4.263046025997028
2.9086541859433055
3.42634173494298
3.0303965994389728
2.696723625645973
2.837390261585824
3.587597717065364
4.386144509073347
1.9690221099881455
3.282423591357656
3.9464426622726023
3.107255140435882
3.220745506696403
2.666591285611503
2.867681775474921
4.711749249603599
4.070759481983259
3.809229923877865
2.9458893559640273
4.279738110722974
3.926631814450957
4.132842248538509
4.792129711713642
3.1189162741648033
4.261173622217029
4.52993199438788
3.884980085073039
4.2385709304362535
4.3321122254710644
2.742540380335413
1.8854371764464304
3.8862159790005535
3.949141975492239
3.216061096638441
4.528606086270884
3.709557121153921
3.7234883276978508
2.9721341277472675
2.9223550603492185
3.2808390700956807
2.7991032191785052
3.350229898118414
3.710641759214923
2.9682793713873252
3.4786561572691426
2.527174277929589
5.625300676561892
3.0601806208724156
3.3298399477498606
2.7938428707420826
2.752648575231433
2.4700762249995023
3.526294266572222
2.4535287270555273
1.91140528221149
2.830088745104149
2.405015119467862
2.7568316905526444
1.4610357588971965
2.2324780020862818
2.83546947571449
3.0266946537885815
2.612794286920689
1.9339456691523083
1.7082581408321857
4.194086627336219
2.1168459156760946
3.440362336928956
2.2215845223981887
3.2387895659776405
2.9546216959133744
3.270538956159726
2.9867321787169203
2.0110865932074375
3.72367222502362
2.2112975710770115
3.109952628146857
3.3755613029934466
2.205442719103303
1.2178635472082533
1.902283477887977
2.866011932725087
2.76503367559053
1.8681444128160365
2.559998814598657
1.6306751308147795
1.7542068309849128
1.396020408894401
1.8005638163303956
3.524153955397196
3.1127336440840736
2.6334735149284825
3.212584626628086
2.639135370380245
3.191740217152983
3.0606846945593134
2.6094923270866275
1.5990552556468174
3.244971820851788
3.0571765563217923
3.365430246805772
3.2179043444339186
2.19115212187171
3.2894042684929445
2.6010713460855186
2.5727662707213312
2.1265056536067277
1.8470476676011458
2.708292381837964
2.590597629547119
3.6744788315845653
2.569457442848943
2.9397194198099896
2.6310209500370547
2.2877438339637592
2.5180285836104304
2.354331737034954
4.340206700842828
2.7935922865290195
3.310514667071402
4.188193122739904
2.3267884908709675
2.7471422718372196
2.4535068583209068
2.5154562150128186
2.28757919347845
3.4913354908348992
3.727519136387855
2.278279574238695
3.0673306912649423
3.8094751673052087
2.255765132897068
3.25938979734201
2.571051694918424
3.0463004015618935
2.7359189573908225
2.6937495747115463
2.217950710793957
2.24229479895439
2.421820910531096
1.8259544681059197
3.411831838195212
2.128446067450568
3.002185740042478
3.120126080000773
2.8777697707992047
2.9473384977318347
2.5575081709539518
2.2157250290038064
2.095723917183932
2.217817705241032
2.519368957146071
2.915369597496465
2.7958592606009915
2.1179481979925185
3.3219196243444458
2.5582628656411543
2.1737586630042642
1.8806151758763008
1.7112112403847277
1.952512383053545
3.204540550010279
2.137179983779788
2.3312354946974665
2.999905533506535
2.109148016781546
1.7878075475455262
2.175801182165742
1.5743869122234173
3.5450367827434093
2.7424465940566733
2.230050153040793
3.163461761549115
2.0708228631992824
2.4666421071160585
1.2943258334416896
2.274986656033434
1.3383383133914322
1.073595011868747
1.9742293120361865
1.7112627418828197
2.7638600987847894
1.493709793605376
1.9149447776726447
2.1196547118015587
1.9601995354751125
1.750459570379462
3.019234631676227
3.096501934924163
1.8827400280279107
1.9471804474014789
1.9659342947998084
2.693476857850328
2.98075623519253
2.093227915058378
1.2194519150652923
2.125063888321165
2.586121542728506
1.922388797509484
1.814586787368171
3.615369689767249
1.1306570345186628
1.3838803675025702
2.427649031742476
0.8786197912413627
2.456596875679679
2.5223473926307634
2.7456731235142797
2.8864619332598522
1.4117258210317232
2.0142872449941933
1.424442145973444
2.117474698345177
4.509556259959936
2.7465212938841432
0.9670730170037132
1.5685058871749789
2.06891343469033
1.6536614306969568
2.3986108222743496
2.0293822432286106
2.3076400697464123
2.498536936705932
2.178935252944939
1.9162097628577612
1.9310129682999104
1.9620792445493862
3.12834744527936
2.1439768307027407
2.3388929977081716
1.6144399761687964
2.139209095505066
2.433244572079275
2.2597985345637426
1.7783894326421432
2.5906942693982273
1.8900690522277728
2.28576483624056
2.4260833237785846
2.1452033047098666
2.197255245584529
1.6810722833615728
2.0171419660327956
1.9348772729281336
2.0678707936313003
1.914805859036278
1.860604933986906
1.8115822139079683
1.7815145845524967
2.466588032548316
1.5277082370594144
2.2210777604486793
2.402968343347311
2.211437913996633
1.3893475440563634
1.2169885680777952
2.2468258260632865
2.549611304071732
2.4871164188953117
1.6837729430408217
2.758038228726946
2.2159193380502984
1.9097496079630218
2.4420683581847697
1.5945156629313715
2.2728446976980194
1.6016475910437293
2.0006101950421
2.0474512344808318
2.164932694286108
2.726279244176112
1.6594131279271096
1.9097832798142917
2.445173966581933
2.235642750514671
1.7383762200479396
2.963147532311268
2.0278183709597215
1.1744859900209121
1.8756408432964236
2.0807578454259783
1.7408213795279153
2.7680626222863793
3.520137409446761
2.9201395673444495
1.8768341888790019
2.0449194838292897
1.6313435002812184
2.4647907982580364
1.7865268291789107
1.669493401539512
3.0068949481938034
2.476798980613239
2.1405617594718933
