40.22265006788075
36.0453202649951
36.767361083999276
34.31050518155098
33.657981695607305
32.58060932904482
31.819117980077863
30.265218295156956
30.272196482867002
30.077388113364577
33.71219328418374
31.512225318700075
30.023119155317545
29.198987171053886
28.48870530165732
32.7880544308573
29.599835077300668
32.214207638055086
28.6717511061579
27.799605295062065
28.76705914735794
31.881446849554777
28.71409759670496
28.11196231469512
26.712318759411573
28.82257468625903
25.612920578569174
26.873853577300906
30.898205852136016
33.21610769443214
29.153501987457275
35.72042395360768
29.451399855315685
34.92024924978614
30.008411141112447
25.48861795477569
33.43968274816871
29.709350280463696
30.786922907456756
28.608658883720636
29.22491003572941
27.22231383062899
27.598265593871474
25.89630907215178
25.642995931208134
32.939551170915365
29.668239952996373
23.676025804132223
34.6632672753185
30.504973895847797
25.39604553580284
21.84894271939993
33.58647129684687
29.733254868537188
32.37147421017289
25.006388584151864
23.579625049605966
21.24940839037299
29.406363571062684
23.59331906028092
26.488278664648533
22.82928474061191
23.4374432656914
21.090978257358074
24.805632434785366
20.992754209786654
24.36216993071139
23.031476132571697
22.588701397180557
23.214639075100422
23.302289333194494
24.2207755651325
28.11808634363115
24.883715834468603
26.664082664996386
26.12233543395996
26.477386746555567
28.26755326613784
28.113679436966777
37.72894170507789
31.747895803302526
29.686751885339618
24.253779482096434
44.439514704048634
39.002125557512045
23.88465767353773
40.4970077984035
37.519250148907304
41.653874821960926
34.529669396579266
37.69171680137515
30.783780463039875
37.46839514374733
32.77923815511167
55.89785320684314
33.971345379948616
46.032834343612194
24.687378069385886
55.10674176737666
48.006812654435635
53.816590301692486
50.23843761533499
53.115422926843166
55.215603932738304
59.65148928388953
42.551803436130285
53.969496320933104
76.12690722569823
64.31298442184925
37.20265540480614
46.739735405892134
47.54161940515041
31.21719810925424
64.16919687762856
45.470085486769676
59.2730568125844
44.860158786177635
42.82524101436138
40.82846385240555
21.463368316181004
42.4817335549742
43.37220655195415
48.29617456719279
48.18335131928325
48.4404108710587
59.168972596526146
41.07174109108746
72.75678212568164
39.66476277448237
59.11511870473623
55.7111171297729
102.62973975762725
50.86172904446721
49.517972998321056
38.014756083488464
35.88455684669316
27.477015033364296
32.4296780731529
20.24946933798492
20.344436933286488
58.856811095029116
23.329102566465735
23.054230380803347
15.580630616284907
17.721032712608576
14.210238851606846
26.03075436502695
21.82430411502719
34.018534488976
33.8380804695189
33.750558484345675
28.467467029578984
36.319767815992236
29.71357823163271
31.963425865396857
27.185125455260277
18.209426612593234
17.0785191655159
16.221734235994518
29.843746235594153
19.816663658246398
20.34624437056482
25.23363489098847
49.75710085965693
19.151350755244493
18.226597593165934
26.64552208222449
17.016153226606548
16.264116246253252
21.90069241542369
20.994001037441194
20.476527614519
20.127272536046803
18.893510753288865
16.114665226079524
24.883053597062826
20.40100486110896
15.172031733207405
25.02682806365192
30.855164229869843
18.92880195006728
22.673020891845226
17.076069273985922
29.771813206374645
27.47547690756619
44.72054620459676
21.239587562158704
38.13665927387774
20.744145980104804
23.10869542323053
26.24102057144046
27.29500233568251
17.808532836847007
49.346596501767635
15.115720119327307
16.673262453638017
19.605261832475662
16.68334897328168
16.548171534202993
17.934603175148368
17.423078996129334
17.443468492478132
15.632574807852507
18.19699997268617
17.793403307907283
17.96422760002315
16.50741374026984
17.79886209219694
15.047514256089926
13.364217040129006
18.326479835435748
15.282201919704676
16.471742982044816
15.764078011736274
16.346773993223906
13.729527403600514
12.416829878464341
17.686051518656313
17.323262251913548
16.188432525843382
15.021491170860827
11.502419301308692
15.09912891779095
19.550389943644404
17.62589104473591
26.68364498950541
13.654937712475657
18.896707412786782
17.141665286384523
18.81274328008294
13.179061562754214
15.220736478455365
12.704676698893309
11.808924673125148
16.930799938738346
13.512267863377929
14.734580579213798
16.529483538120985
21.802577387541533
18.891708116047084
36.20284961536527
16.589977176859975
15.037131124176085
11.601512455381453
13.484480897895992
13.393265204504132
12.893550589680672
24.30908110924065
13.967990257777274
41.29273056052625
56.932323860004544
26.094837711192667
33.93252867087722
18.8729779291898
20.38734559342265
20.052829552441835
20.420944969169796
15.562218434177339
24.263071089982986
14.873874618671834
17.01759156025946
17.858789967373013
18.291278241202235
15.604658684693277
30.10012207366526
23.13933807052672
36.18316341377795
26.63145805336535
31.771374940872192
27.021253833547235
38.86098221130669
29.042809231206775
20.42109725717455
25.371300663799047
21.121145294979215
18.725510818883777
18.674683281220496
19.252747325226665
20.085172977298498
17.41912910155952
18.698828351683915
15.913654824718833
12.868187620304525
14.52079757861793
19.99470203090459
15.89119986165315
20.66127093601972
14.653749051503837
13.854527240619063
13.862127488479018
15.45046759583056
14.975259654223919
15.803148706443608
13.132942169904709
15.309772913344204
14.108024103567004
22.871449138969183
16.14913374837488
26.434924766421318
15.131046398542821
22.605950577184558
22.158914756029844
21.181270942091942
18.123422264121473
23.738743936643004
16.132125242613256
28.678919391706586
20.30244123376906
11.968276153318584
23.251060063019395
15.753514713607728
13.002083723433316
17.201962899416685
15.922332582063973
19.713076726533473
17.46678184811026
16.991862594150007
15.439424510113895
11.708636497147381
15.2101308433339
17.329416611231863
12.987565465737134
18.888246338814497
16.457871090620756
14.691060113720596
19.097779551520944
18.189403349533677
24.47215328551829
38.02315155416727
23.49937848839909
33.40996118448675
30.840257562696934
26.211979128420353
21.74004152044654
32.27620498277247
22.611287248320878
13.064575048163533
27.268013700842857
18.66463566944003
23.010687502101064
19.93252050690353
18.258879110217094
17.966376211494207
18.305383781902492
15.447002897039056
27.57834656536579
22.823816088959575
22.46383075416088
20.516212082467973
23.77575465478003
11.850192314013839
21.252648206427693
16.521858593448997
19.48538241814822
19.8261007508263
20.84452957753092
17.62853430584073
20.63196854479611
13.844667924568057
18.68101712036878
20.430100033059716
19.236549027264118
19.1769552025944
21.36998382024467
15.665976944379508
14.079268698580563
18.33469610940665
14.472321435809135
15.727020042017102
15.043456926010549
16.972450115717947
17.77597916778177
20.33089346345514
13.210569784976542
11.22821619361639
9.858537508174777
11.817491045221686
14.220250402577221
10.957222949713469
15.24048505909741
11.262308916077018
15.802106781862676
11.991654359735548
16.659520604647696
11.08383618760854
17.473293191753328
13.217878739349544
11.66424769628793
17.87423058785498
14.670052728615701
12.821288079023361
17.88804592564702
15.745774202048779
13.119413794018328
16.16065296716988
13.34111340623349
16.109558734111488
14.710299484431744
15.095871085301042
15.026682710275054
18.005881018936634
19.729010812938213
16.179350870661438
23.143440820276737
17.258667761459947
20.10514099150896
16.92342766560614
22.69131899997592
25.784581072628498
26.581063086166978
28.703885486349463
25.296127513051033
24.6321322619915
23.08598020300269
19.413342494517565
16.34840714558959
19.476452719420195
23.056995168328285
20.669648601673543
19.415297022089362
20.63907381799072
18.646804058924317
18.185247534886003
21.72465980798006
20.469421199522913
22.263939023017883
20.670764608308673
24.95926070585847
22.63077793829143
22.926092223264277
25.37981441617012
34.842054510489106
27.60728325881064
19.200748961418867
35.344772877171636
17.310926471836865
38.764954099431634
33.35364574752748
21.030783712863922
34.7490353807807
34.313501024618745
33.04537406563759
33.123307744041085
30.024919336661696
30.482668288052082
30.274592451751232
38.29736256040633
28.950839614495635
31.097961192950606
29.2787275146693
29.835375839844346
30.979399908334017
31.699612030759454
21.19342275429517
41.00344016589224
31.690008137375116
44.07295681908727
32.424620505422354
33.61351699754596
26.451017981395125
38.03159890510142
20.546303218230605
17.262330706231296
24.965919150039554
17.099620206281543
25.42818307504058
10.842361991293728
9.963978690095246
14.601604212075472
12.33575670607388
12.717133181169629
13.93281171657145
13.804416617378592
9.819393512792885
10.223812121897936
20.463751945644617
11.740962415933609
15.579702333547175
11.431547875516117
13.667018707841635
14.387796272523701
13.712206435389817
13.04591386206448
14.310033758170903
12.689337301068008
11.88923398219049
14.531384902074933
13.333813052624464
12.705645307898521
9.751765710301697
14.002926134504378
15.789843684993684
9.44324369635433
12.96723882574588
13.452880830504
13.086584446020424
18.02578384242952
18.018157478421926
17.5248538646847
24.296201752498746
21.963351279497147
14.046456941403449
28.426175938919187
45.12770680710673
12.391268626786768
47.95604305714369
13.18377641774714
52.18324473872781
38.49114358052611
42.59630014374852
38.925989001989365
21.485749568790197
42.070316664874554
15.160698350518942
43.7275540009141
12.829709867946804
43.057121962308884
37.42394544184208
40.39920699223876
35.73525770381093
37.00045670196414
31.224889915436506
21.202247846871614
36.84379278495908
31.289718136191368
32.975869070738554
13.399502486921847
10.366262600757182
15.289866058155894
11.668951012194157
10.069270798936486
13.379227319732308
14.492337240837514
13.486417459324002
15.543123955838382
14.678453048691154
16.97337124682963
14.164895163848996
18.36033022776246
15.43655984196812
15.282272732816637
20.13674781471491
15.54445839766413
16.077929095365107
18.417428702116013
18.857521696016192
19.82336632348597
19.86785234697163
23.93627155944705
15.75553576182574
18.329176912084222
15.017667189240456
14.724606695584953
23.02958787791431
19.741985820233822
18.76257787644863
17.56885994784534
22.10851406864822
17.317068193107843
19.20242204889655
19.876884715631604
19.988247821107507
25.185737378895283
24.443083811551332
20.278781037777662
21.358983924612403
21.09652074519545
20.44049067609012
19.453044223599136
17.513857673853636
21.37272825744003
20.723896843381226
25.072253822349012
19.509878311306238
23.87235358171165
22.75488982629031
21.808383505791426
20.683642755262554
22.51636642217636
19.54629791341722
20.24742885772139
23.71689216978848
15.131075077690184
14.109106943011284
19.365288270637393
16.56536376196891
26.020673232153058
23.735275364480913
13.44007198419422
26.369434230960906
16.999765352346003
33.21425114199519
28.10953801497817
14.816371815279126
29.79175521247089
10.960799847729504
29.28428546898067
29.808828501030803
30.23708957992494
26.677836772054434
29.55905293673277
29.533796455711126
30.43599927984178
22.851091541349888
39.83524131774902
22.72769622504711
38.39125766418874
23.94501919671893
42.07960166968405
29.419998724013567
32.91482511535287
28.53773007169366
45.14410029351711
37.97528092376888
33.98247185535729
28.0591347720474
42.92010702006519
52.2563123293221
38.117002775892615
28.31112924590707
22.296520720236003
44.809610893949866
16.43608174007386
45.17537489160895
52.17829059809446
43.17637452483177
41.13402427919209
73.20861416310072
71.90527912974358
48.694705402478576
54.033645525574684
55.12766792066395
45.508415922522545
44.0316295940429
15.194385557435453
18.954956931993365
18.57139623723924
18.8351630019024
19.797716044820845
19.62831173837185
20.324209994636476
22.20262336358428
24.077143596485257
24.747018944472075
26.968395669013262
22.710698725655675
26.4786867601797
25.50606682151556
18.793397803790867
30.34885752759874
30.27858471684158
36.68533856421709
26.498835012316704
17.826945221051574
15.360205309465528
29.262685388326645
22.319768065586686
27.631373032927513
26.01157594099641
30.769559996202588
23.254364810884
16.652498094365
27.441579706966877
15.646752012893558
26.226562302559614
14.370419909246266
30.89300467260182
29.582527531310916
16.868637124076486
33.197229370474815
29.53032249957323
29.509941155090928
28.261727266013622
29.685364443808794
31.44874392822385
31.4647130202502
34.66333561390638
42.74227116443217
46.522094551473856
27.748957112431526
44.61375033482909
30.35325786471367
27.808302968740463
34.371247788891196
18.569850034080446
36.863972283899784
31.889395900070667
17.38504719734192
36.84980362281203
13.369949201121926
38.92946216650307
13.620287165045738
36.76540637202561
38.805713292211294
37.34901529178023
30.05017437785864
33.86866038106382
18.713164320215583
14.094376077875495
21.552283972501755
18.71331212669611
17.86202679015696
20.669376714155078
23.39583618938923
22.161750255152583
19.031693551689386
24.048823062330484
31.143765879794955
17.013487866148353
28.66233390197158
18.311172407120466
21.487125530838966
24.631947396323085
23.8918448779732
30.904599465429783
23.747793709859252
24.95695422962308
20.489216027781367
13.377461275085807
23.380351915955544
20.117442598566413
26.75614609569311
17.101107815280557
25.066875712946057
17.481275845319033
32.15442244336009
14.848300348035991
35.399704460054636
16.74586790986359
37.99050831794739
16.428167146630585
14.19031173363328
18.7136009959504
21.25255007855594
12.952508928254247
15.857361600734293
23.969052404165268
11.32423668447882
19.95338392816484
12.028272932395339
16.928559456020594
15.605317124165595
17.08090115711093
11.004945482127368
17.45019845291972
20.016121034510434
19.430803714320064
19.830889394506812
18.28382402099669
21.407127670943737
16.548584030009806
23.561958637088537
19.557983754202724
21.457321191206574
24.464702436700463
19.867468487471342
17.95628478191793
31.96940786857158
20.24372643046081
19.934341177344322
15.756022179499269
16.69280835520476
12.863411478698254
14.668399216607213
21.882047586143017
15.770360561087728
24.164420925080776
12.086737238802016
30.53294626995921
16.637663792818785
35.7954315841198
13.379607213661075
25.43622598797083
23.618975769728422
10.74670103378594
41.7348254211247
20.51986342854798
28.935161584988236
18.532035750336945
77.55964099243283
15.554871335625648
55.926982332021
88.70788639783859
46.78300347365439
100.54720395058393
21.41414440050721
88.51997358351946
16.448679491877556
83.83139760792255
60.99126038700342
16.516253124922514
68.14139087125659
13.420576754957438
101.34430596977472
60.313863418996334
121.53343340754509
30.67789388820529
12.92205742187798
27.25438269227743
18.259934444911778
25.171590635553002
18.51853650994599
33.33765233121812
20.03164779767394
26.70119359344244
21.080094488337636
9.721602704375982
40.57123744674027
14.564515207894146
17.66662510484457
25.63290893472731
17.765778614208102
16.181653273291886
19.412114195525646
15.925588988699019
20.409431173466146
11.083745203912258
19.219073981978
14.600458942353725
16.820263587869704
8.934879709035158
7.046140655875206
13.469512678682804
10.568103614263237
11.583757338114083
10.877308337017894
10.568325572647154
11.713723233900964
12.925034609623253
9.721146062016487
14.256493654102087
15.39208017103374
10.475712517276406
10.63668130338192
14.565748925320804
10.36239076871425
15.875425619073212
14.01059001032263
9.668044374324381
23.533471440896392
87.13214517757297
11.796594179235399
11.610407423228025
17.844027154147625
17.47762788180262
10.344272149726748
16.352837946265936
12.506221911869943
10.168258438818157
9.91896403208375
12.01455501280725
9.953683661296964
19.364070681855083
24.52583511453122
15.944185287691653
16.09880841523409
10.000426680780947
9.941223514266312
18.849548197351396
8.50212696287781
18.207509892992675
22.686278738081455
13.512438543140888
18.567431000061333
12.230256053619087
20.852391093969345
15.11683009751141
22.880292425863445
15.692960944026709
7.912300645373762
13.836749934591353
10.066538400948048
9.526782173663378
9.529158477671444
11.430573181249201
10.142058209050447
11.358970190398395
6.962832530029118
9.424425177276134
8.221387882716954
8.465027468744665
13.656396557576954
12.565111231990159
14.999764624983072
13.836196169257164
12.66859870031476
14.655523627996445
11.867297330871224
12.691804287023842
12.099593657068908
12.439567007124424
8.456566685345024
10.783229365944862
10.250786733813584
8.307829895056784
12.228212730493397
8.782563710585237
8.424425648059696
13.654028156772256
7.067292530555278
13.465257872827351
7.08110511675477
7.1361471731215715
8.358869942370802
8.30522662308067
8.179529433138669
7.421340604778379
10.27590019395575
10.358120144344866
10.07873776461929
8.777422178070992
8.989108862355351
11.448129291646183
16.642439397983253
8.546262178570032
10.308952028863132
13.806627240031958
10.068870648741722
10.84935892187059
9.665631419047713
10.424017774872482
12.102187314070761
9.320951505098492
10.63320631813258
16.684873977676034
27.642293706536293
20.973285271786153
9.03273194981739
13.026695529930294
14.864172018133104
24.663681773468852
7.9399249204434454
7.4663242269307375
8.696550673805177
8.602123251184821
11.308703263290226
7.819324458017945
14.07355329953134
17.27462087199092
7.874462928622961
8.916789086535573
8.624501601792872
7.536678532604128
38.742139579728246
8.2479955307208
7.59338268591091
8.562172445002943
8.358285663183779
10.971072202548385
11.038070375099778
12.183841566555202
12.051922015845776
20.205496236681938
17.18559141457081
15.773573217913508
19.22955975495279
15.185285137966275
18.039391024969518
59.29768681526184
30.724547991529107
48.279683880507946
43.33529953658581
27.71060365997255
43.3154986910522
49.6821796707809
30.44110445305705
50.10225615464151
32.210864670574665
51.118268340826035
32.34348042495549
38.19884863123298
45.64910131692886
47.63284314237535
39.93815332651138
31.273696215823293
45.013357017189264
26.665147384628654
21.634409107267857
36.403111323714256
24.559775130823255
33.43580889701843
21.50879012234509
26.468395536765456
17.944592616520822
34.32179226912558
27.87171682715416
30.846433237195015
31.22893330268562
26.355587573722005
33.39707066677511
26.495394033379853
16.67211754154414
30.793915636837482
27.570487834513187
27.39800714328885
28.455722983926535
31.55597735568881
31.773077623918653
24.162947515025735
34.89792300760746
28.743144262582064
32.81821049563587
20.409738294780254
31.53597452864051
27.737742526456714
33.065936878323555
31.08833938278258
26.808743366971612
30.31346475146711
27.486440002918243
29.275553653016686
31.31841216981411
31.549461284652352
27.69838015921414
31.934260070323944
31.466392774134874
38.72205335274339
42.83371090143919
41.29210996069014
47.552240051329136
29.781974144279957
38.73619155399501
26.231784941628575
46.31483379006386
31.62295899912715
43.93120189383626
28.307820793241262
34.67524644173682
26.296754144132137
29.417799586430192
21.68953818269074
39.08832395635545
15.035024845972657
17.429767911322415
18.2182111479342
18.56570101622492
21.360560511238873
20.819331630133092
23.72131370846182
15.986096226610243
21.988142085261643
21.709300092421472
21.66950341500342
17.973677624948323
22.21100115776062
17.123900262638927
14.63808385655284
26.777926357463002
23.406204311177135
21.870808210223913
22.482186881825328
18.57249480858445
19.31032479275018
21.96590066049248
18.503041592426598
16.527738832868636
22.669133349321783
18.786827586591244
20.69930015783757
21.325385781005025
19.061358109116554
19.408388596959412
20.525843838229775
18.776695200242102
20.482557657174766
14.441996007226408
17.471045001409948
11.376972942613065
17.94632798898965
13.287773090414703
12.11888818629086
22.222676038742065
13.001968083903193
22.91672166157514
23.20952059980482
23.13850859645754
16.679698212072253
27.206078523769975
24.229042110964656
14.503265850245953
21.62248760741204
20.008682812564075
16.887268133461475
22.40219453535974
17.64131356496364
13.09917884785682
18.399453935213387
11.515766995027661
22.69168364442885
19.438277355395257
22.426195022650063
23.11229203734547
23.15647468995303
16.106940038502216
24.552975326776505
22.680781923234463
24.31247492413968
29.3448190363124
25.055138362571597
30.33658182155341
28.68182135373354
34.522869465872645
32.35142915137112
30.140188483521342
30.181409880518913
43.148359006270766
39.566037494689226
33.65915675833821
18.73642841540277
27.260570645332336
29.372038600966334
26.35988473892212
30.70242477208376
11.800227246247232
23.70268283970654
24.532835979014635
21.08149448595941
26.448345171287656
12.960564261302352
26.199622321873903
12.501136356964707
22.71450998261571
23.266822904348373
11.805378922261298
24.318408985622227
10.618610128760338
25.604325864464045
17.938596487045288
23.64241466112435
18.784166311845183
23.619638976641
11.713251645676792
12.014151696115732
14.039987341500819
16.9659092547372
15.239156432449818
17.282429518178105
14.975589171983302
12.828071136958897
19.543014376424253
16.424887608736753
17.12043565325439
18.396947173401713
12.394108845852315
23.50410823430866
19.00925813615322
24.416393803432584
24.75231323763728
14.672527910210192
26.0214615277946
10.316910543479025
22.124886501580477
17.6335070412606
16.841620249673724
15.267500676214695
14.844426362775266
14.150910656899214
14.251280888915062
13.136054861359298
13.971637414768338
13.781568148173392
12.785310307517648
10.427970838733017
12.972521018236876
15.634164514951408
11.419482422992587
11.716019856743515
12.526786194182932
11.549503428861499
11.1739805303514
8.191459845751524
14.582211877219379
12.398976257070899
17.732937500812113
11.104543917812407
10.41896258853376
17.78939330764115
10.901980674825609
18.809542912989855
11.576483460143209
21.623071705922484
21.00136229582131
17.854099418967962
17.49378277361393
18.07663850672543
18.697128741070628
19.55702454596758
19.035018004477024
12.577859763987362
18.66100644879043
19.48857342451811
20.956439776346087
16.534662688151002
20.009163833223283
17.912217563018203
19.84630967490375
15.442371095530689
19.19664229080081
10.452904504723847
22.218481058254838
18.154654649086297
20.15273930504918
17.969368344172835
21.837549351155758
19.471298434771597
15.256377564743161
10.528795383870602
10.425247656181455
7.713371350895613
13.97374710906297
9.710865973494947
7.853477632626891
11.270593587309122
11.773032064549625
6.723182856105268
10.379511970095336
8.996060638688505
10.589182986412197
9.952918797265738
7.787844304926693
10.466134995687753
14.1279276041314
13.079720705747604
11.478572643361986
9.583989461418241
9.332098990213126
11.505546515341848
10.75303153321147
9.41513489279896
9.703501875512302
11.18237474001944
14.5565485060215
14.605826207436621
16.260361508466303
18.061083956621587
24.029197489842772
15.656421585008502
15.29637220967561
18.855368034914136
22.716458818875253
10.854531480930746
13.247166831046343
13.802365809679031
15.867014564573765
11.137308887206018
18.72166941035539
12.5602588057518
11.11259865295142
13.119571182876825
12.271107222884893
12.314159807749093
11.49169793818146
16.56759717874229
9.517679013311863
8.441002107225358
9.130788525100797
15.634045340120792
20.328583728522062
9.670980210416019
19.11620165593922
13.005417539738119
14.870603693649173
11.095004200469702
12.114903565961868
12.425064117647707
10.036610675044358
13.951310763135552
11.733025409746915
11.175449234433472
8.698448068462312
11.725170658901334
10.677984150126576
9.186492967884988
10.045105229131877
10.98640381032601
9.634420773014426
12.883135197684169
13.905721409246325
13.62142288312316
14.604745479300618
17.539763077162206
14.738983745221049
9.689857048913836
11.501968306023628
9.962616343051195
11.330496876500547
8.695146863348782
7.1596191469579935
10.145009412895888
9.552734524477273
8.381732063833624
9.938006824813783
11.192312526982278
9.93961748899892
9.691230387892574
9.742332333698869
11.949230884201825
12.886816979385912
8.593792303930968
8.45379173476249
8.324264514725655
8.47450407082215
7.9853251851163805
12.727992285974324
10.976444884203374
9.084311128593981
11.063382082618773
9.32173367170617
12.452413618564606
12.750049809925258
11.788443672470748
9.343555985484272
8.3818229297176
8.592326277401298
11.001443513203412
8.109454933088273
11.283799950499088
9.453824267722666
9.637141097337008
10.922075968235731
9.553112363442779
9.660978223197162
11.419998624362051
11.865233882330358
11.357281889766455
10.361857899930328
9.349453554488719
6.428501710295677
9.259784694761038
8.676781757501885
10.300927321892232
8.244164710398763
9.134501807857305
11.39304729923606
9.685403709765524
9.937496218830347
9.678672600071877
9.406334146857262
9.758555267006159
7.48548190202564
7.212714437395334
7.257492850534618
10.108123147394508
8.507689761929214
9.034448265098035
8.074723679106683
8.103920706547797
11.146515166386962
8.061697762925178
9.557552422396839
9.434746872168034
10.131221010349691
11.362594126258045
7.047725705429912
7.173954443074763
11.004843494854867
7.784776084590703
8.858699620701373
11.698949702549726
8.086392258293927
8.95693018939346
10.758630585856736
7.734145341906697
12.962404153309762
11.290007626172155
14.045083398930728
10.750176235102117
13.280594281852245
13.082112441770732
7.737160878721625
10.355850545223802
16.912763099186122
14.510940696112812
6.72235640976578
6.830509684979916
6.440255964174867
8.448567505925894
9.868728601373732
9.943477673921734
10.085390725638717
9.569551798980683
8.798894301988184
9.378288786392659
9.72775592515245
9.154265977907926
8.397233463358134
7.167792183812708
6.632303061429411
8.175332828890532
5.648328667739406
6.543490972369909
9.378695937339216
11.016561452765018
13.388978807721287
11.306829303503036
21.325712609104812
11.345056726131588
13.622105175629258
13.502794700674713
14.678614303469658
17.262536383233964
9.651438433211297
14.156919311732054
34.205868527293205
30.287605073302984
13.758398656733334
15.964699394069612
14.873437866568565
17.56872962601483
21.350038616918027
28.03199039027095
20.970603259280324
15.372624246403575
21.877157100476325
19.231862516142428
19.11661749240011
14.637366285081953
13.592096699867398
13.798025296069682
13.447494336403906
8.994452040176839
9.64216272579506
7.62359110917896
10.348234572447836
8.610646307235584
9.092954212334007
13.935517887584865
11.045579499565065
11.44042390724644
8.170243277214468
7.84705058997497
7.588964449241757
6.887386021902785
9.238073756918311
9.098327277693897
7.55182137247175
10.924257299862802
8.449339806567878
10.263692125678062
7.264993480872363
9.15326771652326
6.678413424873725
8.220709533430636
7.833916331175715
8.25649267109111
6.72031510528177
7.016507483553141
8.498163698706776
7.640445452183485
11.099119552411139
8.579669049941003
6.857227700762451
15.331951490603387
8.143872279673815
13.57380975363776
13.822474142536521
18.152907726354897
18.652041188441217
24.767707156017423
15.635000735055655
42.470837546512485
32.09542724862695
45.82147365435958
41.209150498732924
47.17056750878692
13.661820894572884
19.692912952043116
24.39442966040224
18.13242278341204
11.254078202880919
16.633358265273273
13.464375270996243
9.686600418761373
34.14067254215479
8.954022279940546
14.572861537337303
8.032011604402214
10.119535685516894
8.207574483938515
9.613943921867758
10.10717243468389
21.760394398123026
8.458583038765937
10.640861068852246
9.38558120187372
9.376466715708375
6.657626907574013
7.445246619638056
11.105445717927068
8.238640369381756
10.6756935371086
10.37301754904911
10.199285709299147
11.559523827396333
10.301570739597082
10.574139879085124
10.660541849210858
15.134676769375801
15.482551247812808
10.80936695728451
28.84771181922406
19.298927158117294
16.876941601745784
13.923345866147429
14.729929504916072
19.26738707907498
11.51037094462663
10.937073109205812
12.098845305852592
23.21280800877139
29.916433121077716
7.543184364680201
12.710933738853782
17.473756642080843
24.67920425068587
12.834496084600687
26.08934731874615
16.931767378933728
30.333708338439465
9.97232428425923
17.10683916322887
13.371065650135279
11.797408927232027
10.176448525860906
12.215551354922354
10.113051418680698
11.288854061625898
10.803314284421504
6.5816776333376765
9.104955931659788
7.899315734859556
6.794752802234143
9.322139827534556
12.126371043268591
12.214790800586343
10.211854151450098
15.493175653275102
10.598306760191917
10.094040599651635
8.820121227763593
8.833237294573337
12.593899909872562
11.872948980424553
14.182019580155611
12.789429458789527
9.608992449007928
8.41451690159738
9.987908083479851
9.691469181329012
9.018739418592304
8.941305607091635
10.19817355601117
9.541140258312225
9.618278604466468
10.575907985214144
10.821613826788962
11.969643860124052
10.695318143814802
9.828800226096064
8.03862389549613
8.376373450271785
9.012917608954012
9.388032143004239
8.32936638686806
8.966715936549008
10.721623069606721
13.107054062653333
7.769890824798495
9.769452738109976
11.304598793387413
13.053188192658126
9.022102360147983
9.624864977784455
8.253280268516392
8.719471347518265
11.649935137946159
9.806806286331266
7.520465038716793
7.958230898715556
8.701365157030523
8.216685355640948
9.787288921419531
8.499530508182943
11.184550141450018
10.618477631825954
10.855307064484805
8.125769362784922
9.236661890055984
9.563201452139765
10.573326309677213
10.595848348457366
8.6417027246207
9.004053895361722
8.207801558542997
10.220547067467123
8.584141034632921
8.323357597459108
7.906533409841359
8.024507348425686
9.331715314649045
9.425367757678032
9.667990667745471
7.638220578897744
11.126697873696685
9.831269946880639
7.653720151167363
12.155394087545574
7.242145352065563
6.344384888652712
8.343592676334083
6.910237249452621
8.268441950436682
7.8431758573278785
8.847633362282068
9.58299031155184
10.508743825368583
10.497301816474646
7.850909940432757
10.072112142574042
7.163358239457011
7.51593915745616
8.512240428477526
7.214429154060781
8.442819062620401
10.141674727201462
7.916254132054746
8.815340931992978
9.238474853336811
9.253002896439284
8.093730830587447
9.555453479290009
8.492520761210471
9.394375743810087
9.824088581372052
10.606805749703199
10.700071751140058
11.158477808814496
9.528101100120693
9.832102105487138
10.795332450419664
9.811238720547408
8.898320850916207
13.431375289335847
10.299595067743212
8.599014515988529
7.879102020524442
10.452316362876445
9.988476854749024
8.210926784668118
7.8671490852721035
7.529076469596475
7.5604280745610595
7.382592967245728
8.455384451895952
8.033800399396569
8.184328776784241
8.621414620894939
7.710536672268063
8.583070792723447
8.479535835329443
7.74615164520219
8.151874342933297
6.951819847803563
8.405012137256563
14.086502193007618
7.062755178194493
7.940894485916942
6.39892892818898
8.347644878551364
9.564018627628684
9.196622834540904
7.212710825260729
8.299686648882926
8.462554368656129
8.770341612398624
8.472006437368691
7.799677964299917
7.985351806040853
7.64737307978794
7.645978392567486
7.510680487379432
8.813304639887065
8.699186264537275
9.370727386791259
7.781802224460989
7.524452156852931
8.537915035616606
8.559574922081083
8.8066052692011
8.844099202658981
10.48016205849126
8.12715962016955
7.407047891058028
7.456990418490022
7.240734501276165
6.978854558663443
7.644779982743785
9.371500855311751
5.981906893895939
7.294570356141776
6.919968031346798
7.183500337880105
7.035035385750234
8.605532879475504
8.753759736195207
8.803150795400143
8.089473649393767
6.945410262327641
7.558339170645922
6.657167532946914
7.01679716957733
7.966190709266812
9.384557312354445
7.575521927792579
7.262325771152973
7.374489201698452
10.083316232543439
6.846274773590267
6.521624528802931
7.636641751974821
7.0071619506925344
8.710937859490514
9.71085707237944
8.341306199785322
7.141893247608095
6.984461249317974
6.217550673056394
7.158372580539435
8.675906399730593
7.3478867737576365
11.516395533457398
6.4685782552696764
7.946843911893666
7.346032318659127
7.890444907359779
10.154786824714392
8.413523853756487
7.506294182967395
8.95857334882021
8.716948645655066
8.374622178729624
9.7759656640701
9.727287500165403
8.821514307055622
8.642747845966369
18.672595248557627
14.735909275244921
7.8893803213723
8.943497563246638
11.010898849461228
9.581699141766876
13.494000446982682
11.96756386384368
63.85042477399111
12.00993735389784
10.061223295517266
8.85307650687173
11.5388322933577
11.48394686030224
9.047750743571669
6.997704124543816
9.861652235500515
9.028497992549092
8.08655629772693
7.0876956772990525
8.218829797115177
13.154485343024135
7.975608998909593
6.113970261998475
7.104666973929852
7.0207726689986885
8.840344294905663
7.901384580414742
8.067413379438221
8.126628935802728
8.07998041016981
8.34599536517635
7.4951455956324935
7.515820716973394
10.635833735577762
8.698673613369465
8.330502492841333
6.6025167321786284
7.010523732285947
6.263754112645984
9.460095599293709
13.994005953893065
9.225165570154786
12.214844232425094
8.81250709388405
10.939357325900346
8.620679752435535
9.879684452433139
7.733506346587092
7.547947451937944
10.420084027107805
7.57665709592402
6.938782906159759
7.835658713709563
7.253703106194735
7.660502886865288
7.8331357897259295
7.617509851697832
9.739106429740787
7.758869978133589
8.854038887191564
5.927759299986064
10.652614219114184
8.305441490840167
10.58195056160912
10.765782469883561
9.642068109475076
8.594932259526104
10.009471703786403
9.045523516368121
7.80082562752068
10.835560590494424
9.087146467994899
10.351061407942325
6.698615137021989
10.31067773187533
10.144817288033664
9.907091828994453
5.824576284037903
10.171321780886501
7.8437169515527785
9.398542806040496
8.917330572381616
8.731715061236173
8.757487510796636
9.636877595912665
6.238538193050772
7.958036032970995
10.167387383058667
8.582446436863393
7.4771557450294495
8.34437847090885
9.059142000973225
8.605205078609288
7.517304288689047
7.621416982728988
9.00843070494011
7.241754707880318
8.805550302378833
7.140636726748198
7.9412210383452475
8.091576756443828
6.7910282630473375
11.977594216819853
7.006330190226436
8.27463727677241
8.797328353393823
7.173562238924205
6.843347103334963
8.98164560412988
6.730895126238465
7.320773235987872
8.36589449038729
7.911363918334246
6.325373829808086
6.258811636827886
8.928007639478892
9.350846791174263
8.284332990646362
9.233345441520214
16.207935923244804
7.941659087315202
10.109803160186857
8.67070516757667
8.129740384407341
7.366782982368022
8.624141364824027
7.052038598805666
7.120029842481017
6.6234960737638175
6.062114741653204
8.600813215132803
7.220855059102178
9.178267715033144
8.617969603277743
9.351915904786438
9.962206937372684
10.583111687097698
10.252054573502392
6.617271818686277
9.125145287718624
9.375278825871646
8.736748504918069
8.506285154726356
6.917152350768447
9.18776266509667
11.381947310641408
10.839674067683518
8.953976704273373
7.820609027519822
10.299107426777482
8.635513639077544
9.761711297556758
9.523698785807937
9.035116223152727
12.82647830247879
9.713463224004954
9.597780840471387
9.998235128354281
10.08899822179228
10.028523936402053
7.611997267231345
9.924223773181438
8.675168497487903
6.704578274162486
8.611240846570581
9.52409321302548
8.489121654536575
9.838309261016548
9.015857185702771
10.267835028003901
8.556101163383573
9.274452899582684
8.250233040191233
10.954482033848763
8.187769475392997
9.759263672400266
9.538959268014878
9.86914270138368
7.147556380368769
10.131679391488433
11.283054816536605
11.241655594203621
11.024033068213612
10.85011624591425
11.162439114879817
11.639375145547092
11.613397926092148
13.48201208608225
10.856503096874803
8.976635991595685
11.938825823832303
8.091861797962338
9.549301011953503
8.287812933791429
10.652763709425926
11.910011650528759
10.656597181223333
8.400003893766552
11.599663645029068
8.090725919231772
8.861581163015217
14.234773329924792
16.248821083456278
10.60618921648711
11.956435479223728
11.051209127996117
12.159727803431451
13.95015294663608
12.297281129751354
8.449141342192888
12.657823760993779
7.327017010189593
11.251003791112453
12.683821642771363
9.642887983005494
13.397243555635214
25.168601189740002
11.210940288379788
9.59795169485733
12.610504169948399
10.931529110763222
10.736653867643327
11.744423296302557
10.255214706528932
10.823530642781407
9.219182872213423
7.736826373729855
9.42070680251345
9.351764663588256
10.129967243876308
8.533844196237624
7.46944573847577
8.585642888676375
6.152997462078929
9.562614804133773
8.746298525948077
7.660082328133285
8.01747383736074
10.274613985326141
11.338757056277245
8.0019668310415
9.160819820594043
9.693381710443646
10.47534146020189
10.403175252955407
11.821517697535455
7.829337071161717
8.630807438399643
7.035882516298443
18.56421262398362
7.851968654431403
10.39903932576999
8.987411235459149
7.679309828206897
7.518583463970572
10.465621057432145
6.58970402367413
8.383840301074088
18.076098534744233
7.8341621570289135
7.438629890792072
8.912463895976543
10.841345528140664
19.920594438910484
11.504525244701654
10.214430234860629
9.238635383080691
9.401571649126709
9.96941632265225
13.742155749350786
11.188030670396984
9.382937738206238
14.267119341529906
11.293280718382448
8.402652068529278
13.634933742694557
14.437223515007645
16.40345643647015
10.930815954227
20.258681810460985
10.490016244817525
7.58557640761137
8.0336576201953
9.167918899096549
8.335363919846714
6.623125912155956
10.432675862684846
7.902038166765124
8.087596288416535
9.082076869904995
7.251341704279184
8.791346661746502
13.162171215750277
12.03911687573418
14.120193238835782
7.299108905252069
9.194516697432846
7.594044162891805
7.68189876107499
7.061307490803301
29.85686857625842
9.267104810569435
8.289161706808954
6.83110512746498
8.207008006982505
10.664662200491875
8.709596674423665
7.868594616185874
7.624527683481574
9.689513293560594
11.37937834393233
8.63799462839961
6.761235288344324
8.298574307002127
8.591367737390101
10.653158606495708
9.212395563721657
8.452788245398551
6.977532637771219
8.047998548951
9.045354817062616
8.262296371627599
7.697823228314519
10.609425333794206
12.871030300389975
6.220386490691453
9.56334435986355
7.7208355334587395
10.008283429313451
9.498050292022526
7.826991035602987
7.087420338299125
10.686491578351706
6.8994488613680005
7.059700035955757
7.893226728308946
7.410350335296243
7.704503909219056
8.764887685421854
8.36760970018804
9.412575114518404
14.062979511916637
7.799015621189028
28.46554873045534
7.5618391004391015
6.292152055539191
8.566822490654886
8.631167262792587
7.795728527475148
10.780747892335057
10.01205135975033
7.73630800191313
7.422115092631429
10.373945659492165
8.222664698492736
9.813611132558435
8.000626380555332
10.140873495489359
7.171095541212708
6.003515649121255
7.854462856426835
5.968170326203108
7.368035231716931
5.632352495100349
6.747606857214123
9.343285059090704
7.9730365397408605
6.875465794466436
6.537660334259272
6.656171495560557
7.67228671675548
8.9278652863577
7.864029079210013
7.709272813051939
10.882188315037638
7.422896338161081
8.434012927580625
5.876225185580552
5.191870816284791
7.388970867730677
6.365462308283895
6.928214595187455
6.879501586779952
6.893681549467146
7.237806317396462
6.4392266985960305
6.916627840604633
8.398720127530396
8.48685365403071
7.86229553213343
7.725552351679653
6.666887150146067
7.532063239719719
6.975426589138806
7.311719844117761
8.127805111464113
8.595316181890666
9.081843759864569
8.159563631750643
9.576015673112124
10.12050098599866
9.121332129463553
7.8241875153034925
8.45098963798955
8.791669251397252
10.006228405516595
9.048189638648182
8.897670393809676
10.773905612062663
10.42814613552764
9.059696779586375
9.202936691232026
11.160873149055988
9.18712466629222
10.531328937970102
10.810699639376253
10.621408040169626
14.320815396495163
12.474914879538119
17.189315946772695
8.18182636005804
19.161884761881083
9.702960301190615
10.561381816398352
10.185228938236833
12.406010628677905
10.82287692418322
12.733771194238216
13.100623037666082
12.887726389802992
11.386870958842337
11.694038619287312
11.451961231883615
8.953825345262885
9.189805588219315
8.986077059525996
9.887817781418562
10.775016868952662
11.158552458509803
12.119208162650466
10.013238370418549
9.469370013102889
10.712727319914848
9.673398741986603
12.7362677664496
9.42999118193984
11.721216411329806
16.144318794831634
13.997993318364024
16.545048620551825
13.129590055905282
11.387607934884727
15.826571444515139
13.296470186673105
12.934770791325718
11.350101506803185
13.82035800628364
19.319127050228417
10.158575667068362
9.722738265991211
12.831842845771462
11.024587774649262
11.364141137804836
19.421196793206036
23.10612075449899
32.10239863023162
31.12694432772696
31.13737036380917
11.453414240386337
11.916204233653843
11.339111471548676
14.084324028808624
11.76480932161212
11.53305864520371
8.5849130009301
11.509807114489377
13.266211432870477
11.134419516660273
9.385195367969573
10.571794821415097
10.601673583500087
10.436656641308218
8.633768003433943
13.848497136030346
10.739883094094694
13.97768427291885
13.516571646090597
19.64356507966295
11.750398620963097
14.65704797161743
11.489166865125299
21.846451092511415
11.925369387958199
12.706483537796885
11.356365107931197
14.27885883115232
12.390696231275797
15.014211313333362
11.115985401906073
13.878148053772748
11.547926070168614
11.58873922098428
15.809043174609542
11.275345053058118
12.681100302841514
7.812916397117078
10.80758847296238
12.24985159561038
13.70224386965856
17.291136884130538
9.434085470624268
13.39777117036283
10.523583814501762
9.989918526727706
8.951580077409744
8.868341085035354
8.080501462332904
8.24593322398141
9.948680956382304
8.253507972229272
9.133388151414692
8.91562778968364
8.408312025014311
15.352439974434674
18.814209847711027
12.419472251087427
9.079036322422326
8.56937483465299
6.173089810879901
14.535601964686066
9.64867587806657
9.484575995709747
11.528110566549003
9.929481404367834
11.646833705715835
13.75902391411364
11.714265257120132
12.684931887779385
12.206508454866707
11.943991403095424
14.636039186269045
8.24785034917295
9.605940550100058
7.318900228012353
13.317045942414552
8.443573351949453
8.15746608749032
7.690739321988076
12.611675021238625
9.576264285948128
6.969557366799563
9.4908640650101
19.587474367115647
7.835423474665731
9.686387506313622
11.286480996757746
6.738632652908564
35.735053674317896
19.776228005532175
76.4851293861866
12.262322826310992
24.43547606933862
9.269637604709715
15.49983774125576
9.770102261099964
11.745407582260668
30.716905399225652
11.80758110806346
7.614207009784877
9.620142511092126
12.199183967895806
19.64034692524001
9.35163093591109
9.10077898344025
13.305090073496103
10.300523178651929
8.737854905426502
12.145696377847344
10.371803247835487
10.003823353908956
11.261883084196597
7.577461018227041
8.292652356904
7.746674983762205
7.526423788163811
10.947904355823994
7.732715697493404
8.288672767113894
12.464758764952421
7.679993984755129
9.388008575886488
13.764620137866586
7.241386959096417
12.784474444575608
17.025646003894508
14.41519274795428
7.888310842216015
7.346136259846389
11.39910869160667
7.956567507702857
15.050467646215111
8.2973962421529
8.576437124982476
10.488851184025407
10.1844456451945
9.640409603249282
20.405729343649
10.686146297026426
7.615223206114024
15.80010882858187
10.46192989544943
9.26804928528145
8.007597928866744
9.2847246741876
13.28016743203625
10.678664191160351
25.084567435085773
13.370973659213632
42.00889329705387
7.6280011921189725
8.68486725538969
8.316479915753007
15.595337974838912
12.13043174566701
9.660053566098213
10.102882409468293
15.454572605900466
10.510112374089658
7.196194478776306
8.766279251780361
12.656796523369849
9.203160394914448
12.784324107691646
17.30788131337613
16.717805397231132
9.113253455609083
9.60709948046133
13.20955461775884
14.660438030958176
42.961814381182194
11.279795473907143
11.239673254545778
12.53611962357536
20.409492386505008
11.059953291434795
14.571322781499475
18.002139076590538
7.883825899567455
9.35140554793179
7.908784923609346
14.397523631341755
9.589731483720243
7.5206028572283685
9.078776427078992
8.605225935112685
7.848760393448174
9.760910916607827
8.764105097856373
8.214540348388255
8.790203430689871
7.966793873347342
9.413427216000855
6.887710632756352
7.7389039639383554
8.116963162552565
6.264784076716751
9.856721770484
7.94197745481506
8.172643810044974
8.506987001746893
8.182157007977366
7.655043856240809
5.889489713124931
6.564153428655118
7.372732095420361
10.278747171163559
8.064499804750085
13.216654311865568
24.38432658277452
9.09977550059557
9.817741124890745
16.591043141670525
8.020857117604464
10.161567374598235
12.295828376431018
9.683122508693486
6.925128553761169
7.359435303136706
7.224250723607838
7.949752053711563
8.432250962127
9.794448854867369
8.656824340112507
9.578863713424653
8.618973487522453
11.935966907069087
11.070668627507985
10.028905567713082
9.100821703672409
9.172113827895373
7.226645650807768
8.361039990093559
7.558268985245377
7.841848576441407
7.021479955408722
8.8855060338974
8.327782424166799
7.193744911346585
7.792727597523481
7.20873588649556
10.469673458486795
8.117475299630314
9.918013879097998
9.408249066676944
8.143571835942566
8.584804917685688
8.080021508038044
6.759401553776115
7.785318943206221
8.28606786718592
8.4161128513515
7.69991277018562
9.41530694393441
6.785233266185969
8.666106729302555
6.121817391831428
8.439595757983625
7.805162810720503
8.843201817478985
8.84428428625688
8.541206215973943
8.68125252937898
7.492980322334915
7.14284964511171
7.811055529862642
9.201900008134544
7.299566397443414
10.556656445842236
9.881249507889152
10.345165519043803
9.227011157665402
7.131046830676496
9.275748160202056
7.837063927901909
7.947656286414713
7.889506045263261
7.45366512844339
7.58660589158535
8.505347380414605
8.031821070238948
8.915512210223824
9.014480035752058
10.112024613656104
8.433283124119043
6.421618558932096
8.034362711943686
11.832301313057542
8.116151118651032
9.675555656198412
7.254937755409628
7.519006569869816
7.130744161549956
9.435420013964176
6.983682210557163
7.47904920228757
9.620874996762723
8.231729798950255
8.346714669372886
8.688328625401482
8.504662869032472
6.99745821300894
8.0043032662943
5.191124539356679
6.560055219801143
6.388181111775339
6.791772278724238
6.724933567922562
6.228609797079116
7.120248002698645
7.960543824825436
8.255385789787397
5.512554313521832
7.2648246814496815
7.01170920394361
6.471501870080829
7.728433306794614
6.977391974302009
6.213619286194444
6.728592852829024
7.368439782178029
10.041859461925924
8.81089569395408
8.082743652164936
7.406994853867218
11.288989723660052
8.936077533755451
8.86203449824825
12.952715741936117
9.580522370990366
7.086318087298423
6.102087929844856
6.557254847837612
10.337918153963983
7.438830356346443
8.616041037486866
8.581371997948736
7.687130206730217
8.098702972289175
11.820646073203534
7.430202439893037
8.743033634498715
9.61906411126256
8.440608628094196
7.828799564857036
7.120441373903304
7.352442629635334
6.908965330570936
7.836289928294718
6.812894699629396
9.85885556973517
8.345115612260997
8.220350268296897
7.6345698409713805
10.333050529938191
8.110796860884875
7.889725547749549
7.530030033085495
10.285777821671218
8.299978118855506
7.560960392467678
8.631105271168053
7.412820897996426
8.456704177428037
7.708163008093834
6.952638841001317
7.294344621244818
9.437387835700065
8.445437239482999
8.395863810554147
6.852819824125618
7.723607882857323
9.908132089301944
9.254436346236616
9.16099600167945
6.351332006510347
7.481579757994041
6.6088596500921994
6.366054035723209
7.660803250502795
9.081468320917338
9.072200716938823
8.972769959364086
8.892109450884163
7.323507622815669
7.836420789826661
9.334767019376159
6.846122355666012
7.906407099217176
7.177893330808729
7.567055403487757
8.248378002084792
8.608398837037385
8.203103557229042
7.632292239926755
11.256660266313702
7.626346473116428
8.063312566839159
8.066021346487105
7.157262124121189
8.54391398979351
8.540980113204569
8.432531893951818
8.687463550828397
7.993328371550888
6.937334356829524
8.198919238056988
7.750873911660165
8.975282692816108
7.523677483666688
9.137317887041718
6.583329671761021
8.938052831683308
8.415552486665547
8.483945216517895
10.985274418722838
11.847401910461485
8.943440220085904
5.619887247914448
6.491494238143787
8.165977730415761
9.895834554452449
8.253419475164264
7.8228850876912475
10.923288173507899
24.870935801416636
9.519361740443856
9.15996032115072
16.58642663108185
8.46836447995156
8.878692287020385
8.044074562378228
7.052274410612881
8.458735981956124
8.281010271981359
6.758848896250129
8.562650508014485
7.753699456807226
6.916971115861088
7.291085497941822
8.1556133357808
9.850759875494987
10.088318452239037
25.60114797204733
13.680786259938031
15.118237437214702
21.90868651960045
36.59728047437966
23.644530622288585
16.963484600186348
14.951622256077826
15.462218871340156
13.495532592758536
11.124245492741466
15.232855498790741
14.778209000825882
14.658496181480587
15.035285808146
9.464724134653807
12.985586386173964
14.582904076203704
11.513025054708123
13.89272468071431
11.738422613125294
9.64898278331384
13.428774298168719
12.659028510563076
12.043874469120055
13.216688219923526
13.63490911014378
12.378462719731033
12.982827879022807
13.34985938994214
9.759405904915184
10.007441082969308
9.581718496978283
10.260664518922567
7.91025974880904
11.41340642562136
11.008601457811892
11.887643351685256
12.302996014244854
10.319142462685704
9.922575291246176
7.811876780819148
12.94626732263714
9.88591926265508
10.441621736623347
10.314891022630036
10.026376482099295
9.516231731511652
13.751441326923668
15.938177681528032
18.202336959540844
17.013785769231617
22.944464836269617
23.50457996223122
29.51170613989234
19.22095884103328
20.603947304189205
21.202563282102346
20.818080393597484
21.52690756879747
36.078518614172935
35.289009656757116
15.01331358589232
19.3696343395859
27.75067799165845
25.29976900294423
34.872937524691224
28.533143687993288
17.005597861483693
14.24795744381845
19.172825312241912
20.22538375481963
20.538984406739473
18.853725778870285
19.604877902194858
16.093943069688976
16.784094013273716
19.904178633354604
12.80567579716444
22.083680238574743
16.92897565383464
19.655043063685298
21.65301884431392
15.811766324564815
15.846907088533044
18.598533811978996
18.06220212392509
15.139379852451384
15.062390632927418
20.012573175132275
19.25511083099991
15.731800371780992
15.696098763495684
16.229970831423998
16.41688279621303
12.807207864709198
9.705384251661599
11.243393911980093
9.407933970913291
8.98997992137447
10.88791736587882
9.980136804282665
11.658781426027417
9.997658013831824
12.685795918107033
9.595281802117825
17.26921975519508
15.410497610457242
17.80106502212584
13.373169566504657
16.697431254200637
15.491584461182356
9.700875740963966
11.06514756847173
10.694629384204745
11.877237829379737
10.602030711248517
10.587481586262584
11.707672232296318
15.728640797547996
12.182869639713317
10.87158412206918
11.772523352410644
11.092782970517874
12.73587932717055
11.419361034408212
13.71010580752045
11.551176894456148
12.54731928370893
13.23507434874773
10.736762910149992
10.5889275316149
10.1928597134538
12.134113578125834
13.370052347891033
8.048959355335683
7.806846999563277
8.650240439921618
11.66919546155259
9.066658718511462
15.491887697950006
9.662370805628598
11.056315958499908
7.0245864992029965
12.240051132626832
10.944915581960231
11.558376061730087
11.311836041975766
13.453058490529656
15.828050284646451
14.85267797484994
17.70733010582626
16.78648623917252
19.186438434757292
21.187975130043924
21.141660467721522
21.513704312965274
17.33433334995061
20.3934626840055
18.088413247838616
20.38543477654457
20.42868928052485
20.237493436783552
21.124357061460614
15.358151001855731
18.127204085700214
17.290532246232033
18.223147716373205
24.90538759343326
17.81620268151164
26.7127342838794
20.206148982048035
21.974879254586995
16.947705973871052
23.81545297242701
18.927163157612085
17.01119119580835
18.66874205134809
18.279062951914966
11.481599471531808
23.910805521532893
20.22899421863258
13.81363358348608
20.828031077980995
19.512062377296388
22.77003842126578
12.39705744665116
21.86830659583211
12.46920797135681
24.24539214000106
21.31246839929372
10.788447889499366
23.458814839832485
23.91701040416956
10.596145229879767
26.011940849013627
22.149257250130177
10.95730719808489
23.679592001251876
22.024887822568417
21.206153695471585
24.248122753575444
24.1425353391096
10.926505572162569
22.118929743766785
22.29972886480391
10.156328786164522
22.574819053523242
12.205185620114207
22.4486476611346
24.351721283979714
24.50032499898225
24.742819210514426
10.861878366675228
24.559873135760427
23.154353568330407
24.2844053003937
9.494317992124707
23.758834331296384
23.76411686372012
10.01283255731687
24.802430167794228
24.964004824869335
23.73470225185156
23.43024086393416
22.690179070457816
13.425742603372782
22.82189186103642
22.9019587142393
26.16983998194337
23.018146926537156
24.51065202523023
10.051415680907667
21.39557748194784
10.60133389243856
10.260200961958617
12.648312406148762
10.031890882644802
13.472803534008563
10.56349306087941
16.207237403839827
8.688385958317667
16.943209596909583
16.244478641543537
9.784774676896632
17.372554866597056
18.220113801769912
19.556421517394483
22.38636210747063
21.76430485676974
19.759808517992496
19.82013492844999
20.651436457410455
18.895792552269995
20.499898057430983
21.02998446673155
17.045412654988468
12.001299327239394
25.484834532253444
15.51463353075087
31.212765550240874
30.681303841993213
28.4197531696409
22.596592367626727
23.54604126792401
13.680677779950202
10.396583478432149
14.5147451935336
10.319234639871866
12.756317378021777
10.405056353192776
13.654118809849024
13.098848980851471
10.614511688705534
11.976801765151322
11.103614402469248
14.934779822826385
16.79823796171695
17.752892044372857
19.768717980012298
14.984260915778577
15.71527617238462
14.130832970608026
13.559841165319085
14.898878645151854
15.294646756723523
14.008121237158775
11.39663211395964
9.003456954378635
13.518503231462091
12.869595721829683
12.98524792259559
10.84387591201812
8.960252776741982
10.10738693131134
9.49072945676744
11.812664094381034
10.489501071628183
9.949447669554502
10.908186648506671
10.299823518842459
10.717567684594542
9.217011071741581
11.123890043236315
8.930866706185043
11.76995559129864
10.868638608139008
10.03144568298012
11.911091811023653
16.522721183486283
13.103292565792799
13.984668301884085
12.428691125940531
14.06383660947904
8.949646971188486
13.057376359589398
13.327690644189715
13.643432550597936
13.56775115430355
13.114116440527141
15.676798226311803
16.464106153231114
15.470901094842702
10.1684982907027
14.62778745032847
18.118974605109543
17.50039435736835
9.08533282065764
15.085012190509588
15.62580685224384
7.784098558593541
8.191354211885482
10.545175107195973
7.9407790075056255
10.038027868140489
8.868810268584639
10.904592467937618
8.976109732873738
9.611765943001956
10.997482629027218
11.144845820963383
11.458397921174765
9.13915411522612
14.006883528549224
7.964008522685617
13.112538860645145
14.696609887760133
16.052257136441767
12.674104040954262
15.824565751478076
13.883057294413447
9.27552896272391
12.34270749380812
8.841060829348862
9.1481873691082
9.502180276904255
9.972256087232381
10.81377942673862
9.40036715241149
8.200167118571699
9.453131916932762
9.025710308458656
11.377831981983036
10.810991949867457
7.860477108042687
10.137572790961713
12.908250632230192
11.489772364497185
12.350249593611807
9.284318290185183
12.30816549109295
11.702557961922139
10.042945153545588
9.833111044485122
9.88006411679089
13.012516676913947
12.021582269575447
12.813889626879245
9.824547282420099
11.168592043686658
13.350287647452205
7.862766815815121
12.39054346177727
11.593665449414402
11.940723658073694
6.994049032684416
12.149187907576561
13.78247917117551
12.703741214703768
13.92407551407814
8.669873925857246
11.185742028523237
13.19076665211469
13.032289751805365
7.495871883351356
8.573767212685198
8.028726507909596
9.860343435313553
10.936493210494518
10.980932267848402
8.762822811957449
10.112481462303549
7.95052068028599
8.049217004328966
10.043862212449312
8.103667171206325
8.145524485502392
8.160263143014163
7.388663207180798
8.730853184591979
8.156894403975457
8.955807949882
8.21864627674222
8.286595878656954
7.9905686429701746
8.54969863127917
8.968865504488349
8.603555796667933
8.897272602654994
8.089916766621172
9.712789451237768
9.605921139474958
9.097721521742642
8.028949433937669
9.813468135893345
9.310201759450138
10.447049390524626
8.896479052491486
9.7217622930184
9.665561054367572
10.370485107880086
10.6938883876428
9.369928752537817
11.64695442467928
10.84532683249563
11.19091231515631
11.559739992953837
9.492485449183732
9.205046091228724
11.040565035771579
10.972836714237928
11.58121111895889
9.382081353105605
10.015480170492083
9.774622140917927
9.29906694078818
10.493937755934894
10.074726406484842
9.60478538600728
9.717497816309333
9.524413451552391
10.05796628119424
10.423482982907444
9.974513766355813
9.552311904262751
10.191954758949578
9.401401022914797
9.293815913144499
10.033132101409137
11.575911751016974
12.84274716489017
19.467505725100636
14.449821958318353
9.338933664374053
18.136367993429303
11.750645695719868
15.829640317708254
12.985825454816222
15.103425371460617
13.223166773095727
10.522950512822717
14.154098419472575
13.931588280014694
15.161622043699026
13.279200138524175
13.30519053246826
11.571141325868666
14.906588280573487
10.788327700458467
9.307412835303694
8.586086219642311
9.984450337011367
8.386623188387603
8.592344473581761
8.660195994190872
10.372757096309215
9.62587915174663
10.194746890570968
10.092585802078247
11.985158955678344
11.685468116775155
10.255646969657391
10.164675965439528
10.869779461994767
12.110381655395031
12.873590509407222
9.915511415340006
8.338554224465042
9.984897250309587
9.903953677974641
9.647247216198593
12.444406836293638
11.597301024012268
13.44983475189656
10.377235667780042
13.210007848683745
8.607254580128938
15.833572108764201
16.055496680550277
13.85146372905001
16.540241646580398
8.287883789744228
17.067613307386637
8.99798769177869
18.084479689598083
19.107677130028605
19.167278572916985
20.333463835529983
19.320382715202868
19.458003003150225
18.73770090006292
19.973746318370104
19.483456689864397
10.800048689357936
22.824439510703087
18.694558694958687
21.670293015427887
8.843886067625135
8.79610669799149
9.079361636191607
10.32891341811046
10.47228025086224
8.728501957841218
9.422751263715327
10.053128970321268
9.62297300575301
10.590877584647387
9.35167159512639
10.629103065934032
8.965466518886387
11.087848492432386
9.392272781115025
9.710978229530156
9.891935200896114
10.134336458519101
10.621181236580014
10.028979829512537
10.492251275107265
11.432348453905433
9.150418152101338
9.158701460342854
9.55654731625691
9.068757326342165
9.331069042440504
8.153684434946626
7.7891263836063445
7.824539873749018
9.42699506180361
8.112051562871784
8.998305798042566
7.268351918552071
10.414355113171041
8.601381190121174
11.1800506436266
9.949454504996538
9.242265574168414
10.182275988627225
7.68204391701147
9.093229534570128
9.404922172427177
9.465012124739587
11.206927922554314
10.017657141201198
10.524877905845642
10.273617849685252
10.221825580578297
10.006504240445793
8.187097134068608
10.834923209156841
9.084883907809854
11.330252963118255
12.918622427619994
12.155512486118823
11.12500236555934
11.000180283561349
10.826280495617539
11.970023533329368
12.301187096629292
11.310663586948067
9.322001981083304
9.556838473770767
11.266857131849974
10.321933262981474
7.380862682592124
11.017591355368495
9.554084111005068
10.839698911178857
12.206454991362989
9.402430843096226
10.979669446125627
8.744657810777426
12.364665874280035
11.942963873967528
13.809652964118868
8.00053255725652
13.852982009295374
13.444511448964477
12.186529801227152
7.643148550763726
12.347996089607477
13.772813620045781
11.548365674447268
12.408435941673815
8.399773746263236
14.212264063768089
8.79233801458031
12.960174759384245
8.301166576799005
12.965279047377408
12.091501698363572
7.2671902403235435
12.427571292035282
13.653865326195955
11.23292935313657
11.023207975551486
15.143452586606145
11.931753762066364
13.241699429228902
13.201435155235231
8.82157921884209
11.279509101994336
9.797813219483942
10.87651425274089
9.991854743566364
10.093702994752675
10.587921957019717
7.521722800564021
7.5702134389430285
9.501791671849787
8.687581362202764
6.426276431418955
7.403248604387045
7.25048957252875
7.067940360400826
8.754711903631687
6.511739141307771
9.691800417844206
7.77727823657915
6.423062194371596
6.245810664724559
7.601264170836657
7.341475861612707
7.300685478374362
7.678876508492976
8.163766925223172
7.308856853283942
8.717962361406535
8.319185430184007
6.6344665619544685
7.6007967265322804
7.067374887410551
7.982041655108333
7.4738346403464675
7.286879065446556
8.312694748863578
7.743365100119263
8.2455869987607
7.394287612754852
7.345603072550148
7.4570373189635575
9.40424261847511
7.911151732318103
7.766779638361186
7.696170358452946
7.141038807108998
8.114738969132304
7.023594439961016
8.200940853450447
8.886083876248449
8.843437590636313
9.017182267736644
9.339608936570585
8.888926568906754
9.505336746573448
7.6944734393619
7.60266587138176
8.91869347076863
6.699880362953991
8.178045940119773
9.831709110178053
10.249257596209645
7.820998170413077
9.659202577546239
9.514131972100586
7.694860550109297
7.145802409388125
9.149050496518612
8.02608497068286
8.465376188512892
7.780420306138694
7.047506434842944
7.491020431742072
7.492405057884753
9.075324080884457
6.334711414761841
7.878825845662504
7.808457650244236
8.10540202818811
8.754792023915797
8.111549221910536
6.8083266778849065
7.85777699155733
8.370769927743822
7.567781968973577
8.079675572924316
7.79988929675892
8.145960774738342
8.007527397479862
9.253580843098462
8.036260790657252
8.364103015046567
8.731710970401764
8.56581611558795
8.160483696497977
7.5023419740609825
7.1619948809966445
8.879731761757284
8.476202114019543
8.575048526749015
8.138844843953848
7.793950081802905
9.799086389597505
8.403353672474623
7.783998307771981
9.313694314099848
8.317655682563782
9.561165754217654
6.003710951190442
9.141989615280181
6.620053744874895
7.18330194381997
7.719083535019308
6.251745997928083
8.08270570030436
8.262864517048001
8.7549191089347
7.6983452825807035
8.071116094011813
7.2981580113992095
9.328515675384551
8.412737673148513
10.047096627298743
9.417665671091527
8.869815289974213
9.003087490331382
10.532107256352901
8.650320049375296
8.43108807131648
9.156290782615542
8.306274706032127
9.47829226963222
8.690482867415994
9.525728053413332
9.211028644815087
9.47104137763381
9.74431586265564
11.197539634536952
9.445081505458802
7.331786742433906
9.054477100260556
7.4901863522827625
8.197742146905512
8.774385839700699
8.222004602197558
8.561006574425846
8.585814266465604
8.37825288856402
8.710564389359206
9.862425077706575
8.722467650659382
10.147415425628424
10.114609100855887
10.250276234000921
8.622614674270153
10.482830986380577
8.914654175750911
8.125756152439862
6.864881469402462
8.957474146038294
8.942816239781678
9.707341035362333
10.960739844944328
8.82788539165631
7.112000589258969
8.287255234550685
7.467686005868018
7.911685045808554
6.300583432428539
6.708374614594504
7.686604072339833
7.687796997837722
7.3395060347393155
7.807051060255617
10.194824872072786
7.13746253028512
12.047276807948947
10.802418473176658
6.532694669440389
11.600739097688347
12.360450750216842
7.495008886326104
13.416098236571997
13.843108471482992
8.058257920667529
13.624094119295478
12.480651408433914
14.522530894726515
14.160355382133275
14.329657013528049
14.180949765723199
13.681365507189184
13.113530870527029
14.59731744369492
15.417941886000335
16.120211150497198
13.122755323071033
14.914955772459507
17.924496575258672
18.102964180521667
18.437893484719098
17.768271055072546
12.913836311083287
16.989000131376088
17.032636372372508
13.369652222841978
11.96928058937192
17.197628983296454
15.349990209564567
8.079704062547535
16.82647882308811
9.08156740386039
8.481668686959893
11.478924144990742
10.905467888340354
11.650422315113246
10.160122001543641
10.45440207188949
10.495212924201041
10.368954664561898
12.293180540204048
12.306609891355038
9.285262860823423
13.657518371008337
10.943391665350646
13.526744696311653
9.172662514261901
14.283282880671322
10.696188039612025
13.915002290159464
10.680679510813206
10.152260307222605
11.957816904876381
10.356334129348397
11.18665848346427
13.340517052449286
11.067272873129696
11.859715815633535
8.285519269295037
12.510508492588997
10.374607223086059
10.107465718407184
9.29244672646746
10.359328194987029
9.816795712336898
10.933756867423654
7.806108942721039
11.155050708446652
10.163022168446332
12.453926312737167
13.320804411545396
12.36422682646662
12.768896228633821
13.569179029203951
12.989829052239656
13.130806895904243
13.538030938245356
14.708636079914868
12.545941351912916
10.632904843892902
12.157455678097904
9.991085614077747
7.710437043104321
11.79620582330972
8.882175729144365
8.443363489583135
9.436259888578206
11.204232175834477
8.88197101233527
8.949563149362803
9.61530877649784
11.162847520783544
8.958827172871679
8.527141735423356
8.843695018440485
8.245453733950853
7.507209948729724
10.867621731478721
7.76566817285493
7.615587227977812
6.635732410941273
7.439592755865306
7.222714507486671
7.324542551767081
7.92350552463904
8.30247089639306
8.565601819660515
8.103742530569434
9.456538973841816
11.619268044363707
10.213815053924918
10.238693848252296
10.749118851032108
10.698273521382362
11.040443307720125
12.455260303802788
10.942255491390824
7.818879553116858
10.589775864034891
10.154496214352548
9.4897436555475
11.441001369152218
10.583289975766093
8.823085854761302
10.814755738247186
8.59747803537175
9.128813108894974
7.600441070273519
11.191657423507422
6.51815509935841
10.324089103844017
11.00450696516782
9.878482770640403
12.430935276672244
8.228020469658077
12.764371519908309
6.808046138845384
11.99935992853716
10.84253130480647
7.797157573979348
12.99877805635333
12.22157842386514
14.065427163150162
10.45281290076673
13.190735478885472
14.429536455310881
11.632739453576505
8.377188015263528
8.393694275058806
10.169490484986454
7.988391143269837
8.233033188153058
9.71293342905119
8.398692010901868
9.807688834611326
8.585694334469736
10.063326952047646
9.699949957430363
9.496718202251941
9.1559431925416
8.97333307331428
6.939545085653663
7.489616832695901
7.998080286197364
8.197673449292779
8.206499969121069
8.652469518594444
7.775245876982808
6.975996974855661
8.42172489874065
9.643607883248478
7.5407676780596375
8.496173777151853
7.977772894315422
7.038726980332285
9.435167520307004
7.785475774668157
8.74948461400345
8.008231637068093
9.3090218314901
8.786737794056535
8.194572782609612
7.7417826862074435
6.7119506620801985
8.278763882815838
10.843844559043646
8.014352421276271
6.3605824103578925
7.73783325497061
7.036192775238305
7.207609571982175
8.28341651102528
10.393719866406173
9.44910937268287
9.92343469755724
12.884122879244387
9.577390865888447
8.342773278709501
7.599959517363459
10.94757225830108
9.176076651085168
11.04786160774529
6.930257785599679
8.028476392384619
8.551868102047592
7.0912960804998875
7.3249311610125005
7.675976678729057
6.435378125403076
8.120231081731617
8.932685847394168
7.192609837744385
7.552014975808561
8.639839144889265
9.393790368922055
8.533945911098272
8.861300760880113
10.783261850010604
10.676051827147603
9.54048390686512
8.694027277175337
8.793605871032923
7.305880099069327
8.829057752154768
8.831346599850804
9.223203519359231
8.033093428239226
6.4652279247529805
8.537965207360685
7.521035947371274
6.677585820667446
8.313234963919967
6.72675263741985
7.704068605788052
6.972236242610961
6.822658696677536
7.646333639044315
8.084076534025371
8.008247777819633
7.3700324217788875
7.769812138751149
8.045704698190093
8.636696535162628
8.380119516979903
8.02058983175084
8.991821158211678
9.109306476544589
9.432526791933924
8.813670768402517
8.371182019356638
8.312848552130163
6.620019755791873
8.447773600928485
7.719345282763243
7.825864518992603
6.953971281182021
7.764943380840123
7.679866161663085
7.797016418073326
8.432374594267458
6.108437675051391
8.943644418846816
7.219300320837647
8.122470216825604
7.698380175977945
7.706449653953314
8.577897645533085
7.8455528249032795
6.729283945634961
6.599631672725081
7.230865954421461
8.104194429703057
9.368490669410676
8.846496166661382
8.302299872972071
8.701982784084976
8.82660850090906
7.235092123039067
7.56851492356509
8.069926182739437
7.3449190724641085
8.287707388401031
8.600745348725468
8.061503521632403
8.025659356731921
8.725070771295577
8.267037528567016
8.10023354087025
6.700132836122066
8.673472980502993
7.591347544454038
7.831932430621237
7.040045558009297
7.504253762308508
6.986342160962522
7.087213997263461
7.255609902087599
7.2726897853426635
8.992249037604779
7.960425890982151
11.972824041731656
8.449458397459239
11.42611180525273
13.985563678201288
13.073817596770823
9.614828524645418
9.838748268317431
10.4607765651308
10.760505277197808
11.908945560455322
8.699387338478118
11.35103384545073
9.310491433367133
13.869702172465622
8.653284150641412
9.028166090603918
11.590984290931374
5.993573873303831
8.168068267870694
7.489327671006322
6.8408307381905615
8.705323988571763
8.546536254696548
7.5513083804398775
6.893625877331942
8.369129030499607
11.25301532074809
8.422819437924773
10.604972461238503
8.70962859177962
10.321432060562074
8.195500986650586
8.033971402328461
9.009748884476721
8.34809632692486
10.77685496211052
8.606348939239979
11.603338800370693
8.632717112544924
8.829910015687346
8.705458455719054
8.830654188990593
10.67426888924092
9.38541263481602
8.733033278491348
9.488131766207516
9.740444811992347
10.623332851566374
9.78260304313153
8.745765704195946
6.940266028512269
9.587923655286431
9.22794518340379
8.288694613147527
8.046967179048806
8.263318083249032
8.151952053420246
8.465988788288087
9.366001738701016
8.349611231125891
9.216823210008442
9.245418419595808
10.055661879014224
10.237723153550178
8.829739943146706
7.976747938897461
9.206988360267133
8.363099433481693
9.473343924619257
8.029580916743726
8.086355752777308
7.267368930391967
6.484969976358116
6.577323449309915
6.551017183344811
7.2110020983964205
7.249860793352127
7.890088977757841
6.131252212449908
7.002819125074893
7.351623952854425
8.527548442594707
8.536894150078297
6.7460504421032965
6.441473019076511
6.818776625208557
6.423062075860798
8.085171131882817
9.284550209064037
6.155227017588913
8.096307379193604
7.553110746666789
6.814191738143563
6.863537321332842
7.555728073697537
7.9182635843753815
8.334127837326378
7.982071639969945
8.33261260855943
7.829405322205275
8.466936902143061
8.506568076787516
8.853645742405206
9.186987086199224
8.117042095866054
8.777828812599182
10.260201735887676
8.063167619518936
11.298175499308854
10.432739345356822
10.636627176776528
9.973536945413798
9.53294815029949
8.410848158411682
6.628720013657585
7.873801794368774
6.859388861339539
7.895881058648229
8.67500187130645
8.234965103212744
7.213816497474909
7.546271450351924
7.329076310154051
7.566486774943769
7.484183170832694
6.826588771305978
7.055083534680307
7.221340357791632
6.7682994566857815
7.101229903288186
7.0250882701948285
7.888509751763195
8.040280543267727
7.5510745900683105
8.635286694392562
6.682502809213474
6.84071038197726
7.866733744740486
8.235356024000794
8.172150125727057
9.207058216445148
7.320024915039539
7.402593676466495
7.569652322912589
7.638490167912096
7.621513647027314
8.408791532274336
9.403130680788308
7.788007816765457
8.72360310005024
7.8030486213974655
9.79045413294807
6.86644601309672
7.842516405507922
9.07936997525394
8.31138361338526
7.779039464425296
7.195523994509131
9.0481406156905
6.9184872936457396
7.709465227555484
6.227885049767792
7.043600166682154
7.152079223189503
6.407271265052259
6.618782782461494
7.1916633802466094
7.600650019478053
6.472401957958937
7.386313360184431
7.445127277169377
7.964850468561053
5.790223319316283
8.076688454952091
7.813979331869632
7.556120064808056
7.742959383875132
7.082552313338965
6.941378366667777
8.011217729886994
7.880204120418057
8.68274860829115
6.070411557098851
7.050698284525424
6.894779117777944
7.182713387999684
6.139729197137058
7.138950234046206
8.23674752889201
6.820213170023635
7.146620003506541
5.921678001061082
6.932182101067156
6.235458305571228
6.048583414871246
5.8169694328680634
7.718741457909346
7.236126677133143
7.3471423871815205
9.095158255193383
7.446365489158779
8.246782981324941
7.38783512217924
8.494130403269082
7.41934768948704
7.561364324763417
7.844495904166251
9.650087360292673
9.601088370196521
6.52925356826745
8.965453443583101
7.861613729968667
10.475413924548775
10.108007510192692
7.362437576521188
6.982140546198934
7.170150277670473
7.194658961612731
6.926028000190854
7.10134712420404
7.80478030629456
6.9450000543147326
7.118385097011924
8.99673377815634
7.559182223398238
8.79857893846929
7.0862235692329705
8.974552003201097
7.438239848939702
7.281559770926833
7.552005901932716
7.746433777734637
7.42560062231496
7.461448675952852
8.012978725600988
6.836411079857498
6.202273265458643
8.094012359157205
7.187416801229119
7.030505542643368
7.0161738633178174
7.694574119057506
8.63348358310759
8.078066624235362
8.517012336291373
8.075548592489213
7.19345478201285
10.237564848735929
6.982385076582432
7.676542527973652
8.208305741660297
8.79138397006318
8.737466711550951
8.739567110780627
8.637931552249938
9.124189775437117
8.79421119345352
9.008031471632421
6.400971857598051
7.584067065734416
7.11948043294251
8.499546559993178
7.199253660161048
9.156675045378506
6.863043655175716
7.449037958169356
7.048764967825264
8.270462073851377
6.989490752574056
8.158584236167371
6.6528734979219735
8.809122940991074
8.06933620851487
6.898536316817626
8.520195456687361
8.567071456927806
9.078753809910268
9.323000178672373
9.26382854161784
7.531156599055976
7.357248013373464
7.337229953380302
8.582884777802974
9.617740081157535
7.911858150269836
7.880299207754433
6.804019063711166
7.820200238376856
7.64242113661021
7.670275187119842
7.75585074769333
8.18762948224321
8.370125386398286
7.717999204061925
5.861111909849569
7.855870637344196
7.788192518753931
9.778839447069913
8.195797504857183
5.326758820796385
8.85086443880573
7.002624067943543
9.609643593430519
9.763234163634479
7.827357120346278
8.75801176019013
10.594090926926583
6.999447545967996
10.817181350663304
9.601247318089008
10.838192757219076
6.866087813861668
7.041955734603107
8.301048808265477
7.267270020674914
7.652534062042832
8.794532905798405
7.21402191510424
7.363492168020457
8.28933309065178
7.0050373380072415
8.954341276548803
8.783551722764969
7.830398184247315
6.997013413812965
6.839233859907836
6.9523454597219825
7.803144383244216
8.004241212736815
6.8113196939229965
7.862099938094616
7.8081941129639745
8.595007818657905
8.481919066049159
8.990317731630057
9.292030132375658
8.732958503533155
8.552847726736218
11.476802113465965
8.506138200871646
11.632756405510008
8.741012548096478
9.10102365585044
8.984124311245978
8.078179081901908
8.633299227803946
8.224180849734694
9.349013848230243
9.39464513398707
10.373440372757614
10.791447333060205
15.307842982932925
13.442305726464838
12.161055498290807
16.335821113549173
16.24342725146562
21.026943437755108
17.609573769383132
23.96120725851506
24.568563966080546
25.91818912886083
21.690024379640818
26.791345776990056
27.042692912742496
35.799643555656075
33.051652213558555
25.85051224566996
28.33438807912171
27.654548386111856
22.343523619696498
23.601384782232344
21.429300571791828
26.494882456958294
41.592755541205406
30.00888167321682
28.14183433074504
26.485567085444927
25.932314662262797
24.43903129827231
23.921880142763257
23.318833079189062
25.59568269085139
23.83408652804792
21.590064336545765
20.96181793510914
19.037137169390917
18.821005747653544
14.805485803633928
17.906856205314398
18.125339802354574
12.922833500429988
16.09536498785019
18.498914710246027
20.68815427366644
18.74904546327889
19.43248965870589
17.445724485442042
13.620386530645192
14.66238859994337
13.50586046371609
12.607818578369915
13.380887484643608
12.413886383641511
10.6786522064358
14.313466648571193
16.128709006123245
15.415560563094914
14.124398191925138
16.10652564279735
15.66897158883512
17.099766470491886
14.829447165131569
15.925162218511105
15.926940712146461
17.07888608891517
14.917617686092854
10.686850803438574
9.622057274449617
13.149882602971047
10.848442411515862
11.82376900035888
11.294694105628878
12.4989114087075
12.111420640721917
12.41030151117593
12.948305184021592
11.589628804475069
12.286228832323104
11.885313704609871
10.014886466786265
12.662590820342302
11.163491703569889
10.92737336596474
11.163099606055766
9.945528116077185
11.78282746532932
10.515026511624455
10.422363169491291
8.142042074352503
12.784829152747989
9.317875973880291
10.374750308692455
10.768115582410246
10.342323183547705
10.121397255454212
10.046309716068208
9.263411746360362
10.081692837644368
11.553537491243333
10.914853012189269
10.7614058223553
10.130178726278245
10.29613774176687
12.384563457220793
10.535288522951305
10.11870761681348
9.44081360893324
7.9988948022946715
10.985697919968516
9.865154754370451
8.960394782945514
11.718708548694849
11.824399198871106
12.194959097541869
11.073765276931226
12.724098104517907
10.977063472848386
11.7734938794747
12.239871686790138
11.969206326641142
11.667936937883496
10.63461192138493
11.615985462907702
11.173320829868317
11.956291570793837
11.70116164861247
12.327283402439207
11.234041568357497
11.511855655815452
8.129146562423557
11.343331738840789
10.301981349941343
8.50656050723046
9.846298391930759
9.985689541324973
7.701737568248063
11.602464270312339
12.562596943229437
11.281290930695832
10.352469281759113
7.099990650080144
9.654625264927745
9.363103420473635
9.821342319250107
10.858073914423585
11.518696526065469
10.819946255069226
10.191698657348752
10.379039028193802
11.398591172415763
8.504529550205916
11.368659255560488
10.304333885200322
7.602707535494119
9.202224231790751
10.03680299827829
12.488623508252203
8.927564230747521
10.913653464522213
8.680130968336016
11.230717850383371
10.344505215995014
10.758443511556834
11.062635662965477
11.1633379352279
11.958092721179128
10.725333605427295
10.776091360952705
11.452928097452968
10.398543492425233
12.169955775607377
11.183998784050345
10.259879921097308
8.7715755822137
9.45537780225277
8.591354975942522
7.858323790598661
7.37373231863603
7.726064850576222
8.076839945744723
7.558387252036482
9.73916983930394
8.89991626702249
8.026550822425634
7.323638090398163
7.993526291102171
8.479512641206384
8.14820060878992
9.6555069941096
7.8179230922833085
8.61812959657982
7.088978637009859
7.570994481444359
9.829807920847088
7.118243809323758
8.588394306600094
7.833824342582375
8.546768385451287
7.785332615021616
7.565632118843496
7.806743442080915
11.31258867541328
7.633408181834966
7.1891295032110065
8.560566600877792
6.606052165385336
10.80806601094082
10.691837011370808
6.69373923400417
10.623409933876246
10.32581838266924
11.21869897749275
9.293088071513921
11.963695061858743
10.091638892423362
8.575459567829967
11.808189332485199
6.831703047268093
8.97381900018081
11.700263721868396
6.765472757862881
7.801907877903432
7.40304773952812
8.602968346793205
8.688567960634828
6.746226269286126
9.264081084169447
7.289548229891807
6.910880614537746
6.099630946060643
7.245165668427944
8.895126555580646
8.472997465636581
6.660752363270149
8.278394617140293
9.741367905866355
6.725861796643585
8.681984783615917
9.107178144622594
10.855341109912843
10.253248168621212
10.215074798557907
7.643583395285532
10.447363732382655
11.099025119561702
11.2111452720128
8.949269624892622
9.489157327916473
10.192610373254865
9.996936602983624
7.299223440233618
9.50282307388261
9.46801622537896
8.873415019363165
6.4879792160354555
7.786653080023825
11.352608215995133
11.297928274609149
6.3492108774371445
8.617660925257951
10.800637907348573
10.466156024951488
9.924286254215986
10.13574713235721
12.270348995458335
11.295714915264398
8.148247485049069
8.970219901762903
10.411616858560592
9.233926557935774
10.91294718394056
7.800482083577663
9.822401096113026
10.256642184220254
8.661653421353549
8.810267327353358
12.430459711235017
11.142174562904984
9.481035124743357
8.341433919034898
7.99084928072989
9.656908066011965
8.670794594567269
10.051341459155083
8.974942750297487
7.998776935040951
9.921699672471732
8.70521085197106
9.153156878426671
8.974557141307741
9.727230816148221
7.5939275356940925
9.836365710478276
8.799727840349078
9.746889168862253
8.829522586427629
10.550089238677174
7.060335649643093
10.839114043861628
10.869707927573472
10.907703331671655
9.673097474500537
10.37030694168061
10.264265641570091
10.851622607558966
10.597556957043707
9.754129831213504
10.628747686743736
10.049511483404785
9.649408063385636
10.168360586743802
9.933870897628367
9.396806334611028
9.34679197659716
8.295565146487206
9.329047336708754
9.584239560645074
10.605429811403155
9.927655315026641
11.28362141828984
9.294188699219376
9.108870409894735
9.622299350332469
9.248746891040355
11.491846783086658
9.012507510371506
9.34587934333831
10.70149905839935
11.079859727527946
9.39410864142701
12.583657435141504
10.30439205141738
10.524607653729618
7.68525574170053
7.611171047203243
8.358669645618647
7.30969149293378
7.731341992970556
10.608435213565826
8.748705581296235
6.702784926630557
6.78966214787215
7.789118133485317
10.11725013051182
11.183970042970031
8.531845767050982
10.621444539632648
11.696628732606769
12.161525065079331
11.642851578537375
9.300082222558558
18.891297020949423
9.494183013215661
12.985922737047076
7.910562430974096
10.58537545753643
11.652000126428902
12.431513961404562
10.863518456928432
16.139891309663653
8.273690536152571
15.70303921867162
9.509585227817297
12.807293000631034
16.792757485061884
8.206374347675592
9.126084713730961
11.740869844332337
8.500158991198987
6.911787122022361
7.526200845371932
9.095775086432695
10.560820169746876
9.886086666025221
8.96948505891487
6.683479675091803
7.9176241545937955
6.19418310187757
6.741207280661911
6.3601378579624
7.876754876226187
6.161217998713255
6.815620206296444
6.231799751985818
7.65012136567384
7.378047358710319
6.243911414407194
7.232455574441701
6.960595150478184
7.31414434267208
9.65531025454402
7.837146286852658
6.94178472366184
8.704288742970675
8.84961486235261
8.24040544917807
8.600692922715098
7.315682725049555
9.203461853787303
8.392630530986935
7.956747897900641
7.0045528300106525
5.66807007486932
6.559525161981583
8.507553581614047
5.756030603311956
6.797364393714815
7.282156379427761
6.219292709603906
7.04615256562829
6.595709156244993
6.0845245535019785
7.676060667727143
8.529719994869083
10.089948664885014
9.624628996942192
10.12435332685709
6.4432308152318
7.2864692634902894
8.467486205045134
7.938235064968467
8.432980104349554
6.782127290964127
8.59638837678358
6.3785854037851095
6.435315294424072
6.421191582456231
5.581598305609077
8.547958795446903
6.850743973394856
6.37766345962882
8.438905740622431
6.6257302784360945
7.600358264055103
8.576493644155562
7.880312028340995
8.156591601669788
8.442619822453707
7.610430291388184
7.335092209279537
6.822578157763928
7.719191188458353
8.255053563974798
6.980062968796119
8.568741698516533
7.549594921991229
7.164031714666635
7.986539631150663
6.412010464351624
7.117738937493414
6.2677130228839815
8.424725573975593
6.630527416942641
7.5793779995292425
6.659996998962015
6.925955242943019
6.738992205122486
6.452421207912266
6.580480051226914
7.165215311106294
7.386274487478659
5.8998802525456995
7.01339113060385
6.700223261490464
8.589468216057867
8.08527006674558
9.063492031302303
8.57526470022276
8.622654718812555
6.797854606760666
6.316815863363445
5.6136170260142535
5.8770036736968905
6.05023475503549
6.000326238106936
6.004176333779469
5.658945415401831
6.304003461962566
6.132661537732929
7.623793822247535
6.605838124640286
6.506805217824876
6.409687454579398
6.424581798259169
6.424536264501512
6.815952435601503
6.757879155687988
7.5898637576028705
7.6438360954634845
7.211412158794701
8.201214010361582
8.949027191381902
7.9469771245494485
6.86894764075987
7.27413776749745
8.625230378936976
9.178596904501319
9.620817803777754
8.069610071834177
8.887591664679348
7.772783489897847
10.23116433667019
7.327347852755338
9.853995969053358
8.567091346718371
7.071044743992388
7.713451816700399
6.702252431306988
7.1291571273468435
8.08668421022594
9.13323868997395
8.410504463594407
7.81585478130728
7.154051854275167
7.385877101914957
7.394458981230855
6.995662252884358
6.58216121327132
6.462341411272064
7.170064241159707
8.049065907020122
8.000436173984781
6.849553388077766
8.192569671664387
8.205187894869596
8.124321941751987
8.238263841718435
7.430257560918108
8.11086046230048
7.3534276688005775
6.82389847561717
8.078820650000125
8.004440552555025
7.90469982707873
8.79442885145545
7.826264186995104
6.362835136707872
7.659133261535317
7.782904316205531
6.881274735322222
7.800495647825301
6.849384591449052
6.18809913797304
7.126936840824783
6.057735558133572
5.826669781468809
7.405187666416168
5.6456405411008745
6.079290277790278
5.969783611828461
6.589477686677128
6.679476224817336
7.0046928762458265
7.2886807401664555
7.909955445211381
7.287711390061304
8.260292740073055
6.486629409715533
5.597973647527397
6.516132305609062
5.798962183762342
6.436232303967699
6.789561776211485
7.306491706520319
6.318374800961465
6.180167090147734
6.583175595616922
6.564348018728197
6.094495671568438
7.252857289742678
6.889459816738963
6.897792384959757
6.143444629386067
6.925261603668332
8.018067627213895
7.245660918299109
6.891417452134192
6.752496646717191
6.648436834104359
7.637383530847728
6.211567595135421
6.368933499092236
6.447102658916265
7.4918423648923635
7.374778570607305
6.675281789619476
6.738800485851243
7.035714726196602
8.409896443597972
6.243445578496903
5.717328205704689
6.352880836464465
5.701350442832336
4.999905971577391
6.015615294454619
7.19923977041617
6.850559558952227
6.5143356141634285
5.847202842589468
6.055052251555026
6.728100140579045
6.938546082936227
8.334241528064013
8.1121281767264
7.836935244500637
7.4535089852288365
6.354168182238936
6.255575476679951
7.033936651889235
6.044578282628208
6.408095803111792
6.724644306115806
6.115339938784018
5.652650604723021
6.930304501205683
7.003171876072884
6.519467742647976
6.862861293833703
6.393518808064982
5.807160772848874
6.756495841778815
7.533942525740713
6.288423829479143
8.883418469689786
7.1338541430886835
6.144878242863342
8.528138206340373
7.308118218090385
10.025718174409121
10.195027299690992
10.391631830018014
9.153972362168133
8.772209946997464
9.62929001217708
8.9934436888434
9.091474601067603
8.893297880422324
7.176734405104071
8.531611964572221
10.144727601204067
10.363584972452372
7.910542864352465
8.245254078414291
9.440744486171752
10.393095097504556
6.631139910314232
8.224054059479386
8.283715147757903
8.825660179136321
9.080387931782752
9.255972719751298
7.647242461331189
8.108374528121203
9.62024192372337
8.02558206091635
9.748738925438374
10.536946326028556
8.344024916179478
7.8331053198780864
9.752873198129237
10.611929353326559
10.638813558034599
8.597331465687603
9.434337487909943
10.277145652100444
9.48493688274175
7.145413532154635
8.75154952518642
8.462325977627188
7.684490537270904
8.043271776055917
11.426742024719715
11.617251618299633
6.869773383485153
9.04122773790732
7.458016769960523
8.556220272555947
6.236581307835877
13.35250364150852
8.650846883188933
7.554479856044054
9.504536967724562
8.950649288482964
8.663124232552946
8.375782779883593
6.988328696461394
7.087854120414704
6.605115604586899
7.3299780786037445
8.26054976368323
6.924162909388542
6.668300393270329
6.460981572745368
6.910719928797334
7.425904294708744
7.377361438702792
9.188551094848663
7.883662507403642
9.764664866030216
6.992749617435038
9.47482269210741
7.994608484674245
10.029726402368397
9.330813915468752
8.107225162442774
10.290839976165444
10.459681939799339
9.44795286655426
9.760935009922832
6.175140531966463
8.31555394642055
9.138128752354532
8.582415896467865
9.526596437674016
9.62551139574498
7.192757363896817
10.41592596983537
5.695797440595925
6.620862366631627
5.552309622755274
7.102110601495951
7.733174611348659
6.098354159388691
6.308415480656549
6.40912767755799
6.817898311652243
7.7625021347776055
6.406304642325267
6.295270630158484
6.165826453594491
5.972914476180449
5.961669712327421
6.462590743787587
7.389613613951951
6.483530699508265
6.284840440377593
7.348655310925096
6.78112883050926
6.641886814264581
8.16559891588986
7.319996359292418
7.167646847199649
7.746022319886833
7.5064041297882795
8.255805662833154
9.130856893956661
8.744236139580607
8.793842608574778
7.281510913046077
9.427163169253618
11.083136413712054
10.11549324914813
6.956800932297483
9.068112333770841
8.545387955149636
9.535274795256555
8.501151368953288
7.48579825158231
8.00776469707489
8.889787698164582
9.732046969234943
5.647665828233585
6.3616971876472235
6.107991780852899
6.778667793609202
7.103091744240373
7.620093601755798
8.318944788072258
7.8076054896228015
7.993561880197376
8.895751834847033
7.986663187388331
8.541512941941619
7.142101051984355
7.946407748386264
7.646817058324814
6.830869087483734
6.264788646250963
8.422959804534912
6.749696586513892
7.4158957784529775
6.663362385472283
7.0902197659015656
8.910510545130819
7.361661242321134
7.718103786697611
7.473026096588001
8.301026021596044
7.855910039274022
9.636269703507423
9.380010620690882
5.993125474313274
6.721285109175369
5.958449924830347
6.72035173070617
8.465529888868332
6.855106519069523
7.201419107615948
8.24054590286687
7.870589422062039
7.31099178083241
6.890282809268683
6.996479378081858
8.764518417418003
8.822235869243741
8.006036985199898
6.353526952676475
7.558126263553277
7.137338639236987
7.509189511183649
8.128765346482396
9.345525231678039
7.1649026167578995
6.884173393948004
6.7147100360598415
8.091141258366406
7.777734821662307
8.232410872122273
7.952872691210359
7.076672442024574
7.80548384739086
7.242262768093497
7.451276284642518
7.86682509072125
6.925661979708821
6.428470782237127
8.294316715095192
7.980043691815808
6.695954422233626
7.198669435922056
7.943450061138719
8.22769201733172
7.8819772221613675
7.177405670285225
8.416065020952374
7.618905507028103
8.089086348656565
7.268667669501156
6.76346138282679
6.148668467765674
6.435253756120801
5.999754265649244
6.983699525007978
6.941507733426988
6.191788029391319
6.817549804458395
7.071344529744238
6.78893106803298
8.223035252653062
8.026831683702767
7.974285610020161
7.58822755375877
7.44837806513533
9.411963840015233
7.676876022014767
5.897347402060404
6.810968012083322
7.092794013209641
9.194782726932317
7.90597601654008
9.149974329397082
8.387615506537259
7.547185561154038
7.751326605444774
6.642140938900411
8.391863259021193
8.45621452620253
8.06404838245362
7.9552742396481335
8.026659266557544
6.792110167210922
7.029329934623092
9.501610404346138
7.852905226638541
6.113178237341344
8.451148822205141
6.66645872592926
7.0771227886434644
8.207040783483535
5.660327164456248
8.646323092048988
8.783189625944942
8.017820390406996
