39.63032154366374
37.361164854839444
50.76072698272765
43.17086876370013
37.86705922335386
45.46004605665803
62.108257096260786
53.29643004760146
54.58120845630765
46.791809322312474
58.932964097708464
65.3591270186007
71.65275417268276
69.44786209613085
38.92556909844279
43.81600493937731
39.39895533397794
38.341599371284246
37.17602322623134
22.916689230129123
33.7951780166477
40.23665978759527
176.81502913683653
35.058246582746506
17.224404839798808
15.891311439685524
22.682150915265083
28.097102852538228
25.846275568008423
32.46207438595593
66.04373206198215
23.890860153362155
36.74869208037853
58.784298934042454
14.097325509414077
57.0377578176558
16.43847631290555
17.81661719083786
19.634909495711327
19.072488948702812
12.754347659647465
16.970744179561734
30.562566738575697
23.24544421955943
31.687542114406824
20.87474795244634
19.58468230627477
42.29098551347852
20.670181799679995
35.8371168486774
95.7456621080637
37.92151674628258
17.496759738773108
31.11328824236989
47.22143544256687
11.685240698046982
13.359253469854593
9.23042677063495
18.0517150266096
28.642428962513804
42.85482093133032
29.060523038730025
105.85124231874943
32.35746164992452
35.08083313331008
28.97283018566668
21.46023027971387
29.36230512149632
8.618332939222455
17.857880105264485
12.400942575186491
23.313855858519673
13.666940534953028
23.578745206817985
14.060189652256668
14.380539804697037
18.99193560797721
19.26180954091251
14.108688585460186
17.008528948761523
19.36041889153421
12.485177904367447
11.278576360084116
14.992301049642265
8.596563628409058
13.235675702337176
19.491357357241213
7.436801183968782
10.989851483143866
7.1733821127563715
7.8851422611624
15.055347396992147
9.881083893124014
11.149647822137922
23.20177715830505
12.446138380095363
9.053052601404488
10.380435955245048
10.084407073445618
11.561580266803503
12.136064841412008
13.150915566831827
13.798466457054019
8.783046995289624
22.173045240342617
9.55599955888465
8.179888145066798
10.33166336454451
12.064498766325414
12.402099107392132
15.35713617876172
10.005293090362102
9.391047859564424
12.451916420832276
10.827445675618947
12.033347306773067
9.000182369723916
15.338919546455145
17.454739306122065
28.5280941426754
11.490400615148246
10.39198678266257
13.480368569493294
16.38191562704742
11.077001016587019
19.142559851519763
9.580685410648584
13.506076443940401
29.737412746995687
24.97076576948166
48.28772538155317
28.189117699861526
11.373327628709376
13.66907723248005
16.94929749518633
15.902157183736563
9.719370649196208
8.841284428723156
10.215255272574723
11.761713457293808
12.990929988212883
10.587188520468771
10.372248975560069
10.21884779073298
11.787957076914608
7.247891058214009
14.072163886390626
11.846262892708182
15.066119554452598
10.218119477853179
20.782081743702292
11.636741324327886
16.11681032087654
10.128063068725169
20.626014579087496
17.0591540960595
25.26675903983414
12.027596303261817
10.017682637088
13.501000803895295
9.718997220043093
15.344966082833707
15.598619034513831
9.97954326402396
13.272353873588145
23.42411743849516
17.773468979634345
19.583031959831715
6.891159104183316
14.414066409692168
6.377281473018229
21.581430464982986
11.272382782772183
15.472919894382358
7.060218102298677
18.938862750306726
8.199739343486726
21.304925609380007
15.4522141860798
28.94541684910655
18.639927038922906
16.533016216009855
21.288890168070793
15.665316234342754
33.955542758107185
16.9200561568141
19.349047100171447
16.391914593055844
16.508438231423497
18.86953161098063
19.380719371140003
19.06825239211321
13.239625383168459
18.117042979225516
15.286254389211535
14.415722175501287
12.437908655032516
12.528454137966037
17.197609754279256
17.58913213200867
20.72575943171978
13.866036704741418
23.326190089806914
9.91595563525334
14.924473833292723
10.896926688030362
17.462241798639297
12.699226989410818
16.378019030205905
11.788566923700273
22.1210808288306
11.992387313395739
19.967261791229248
12.056826744694263
18.70680765155703
25.290290471166372
15.182615414261818
18.390490451827645
14.557313532568514
14.206000811420381
13.799626931548119
15.650218022987247
13.230955994687974
8.332869924604893
12.227379894815385
13.010804265737534
14.180103601887822
10.667465994134545
13.536194585263729
13.508832913823426
16.63384378887713
13.656583147123456
20.824128456413746
20.857748357579112
13.380698826164007
12.919335471466184
17.792090894654393
20.209246665239334
39.17898607626557
33.973141457885504
15.716280747205019
21.434697480872273
15.286906474269927
9.82376787206158
27.72736379876733
18.709943738766015
18.337912833318114
9.971777791157365
25.072559725493193
7.734234854113311
23.64102501794696
22.1769115999341
8.287629678845406
27.127251353114843
17.03641507960856
29.670952416956425
18.772882679477334
24.336668262258172
6.022995630744845
5.1258950075134635
8.389075613114983
5.755016440991312
10.871832119300961
12.877511812373996
12.967980096116662
8.934200731106102
14.47482319548726
31.23095713928342
16.70670649409294
8.624313798733056
22.27729669958353
17.536288240924478
27.070379089564085
13.961669309996068
8.158088593743742
13.692094856873155
8.804469846189022
13.057993147522211
15.733181381598115
18.79350327514112
10.73391268774867
11.379437390714884
11.314333687536418
23.258221589028835
15.383388516493142
10.799234247766435
15.49272590316832
9.873293953947723
16.936756506562233
10.880074750632048
18.31052485667169
14.819696888327599
30.286195278167725
13.085789111442864
11.273999094031751
16.662525828927755
8.294894533231854
16.873470986261964
10.136260567232966
20.961090935394168
20.685246044769883
26.050515435636044
68.74094035476446
11.4385672416538
10.386549434624612
13.84006126318127
17.185575992800295
18.611589672975242
21.51012631226331
26.94687883555889
25.758931178599596
20.197511836886406
30.213670905679464
37.93604626134038
21.48819855414331
24.007336508482695
18.948175471276045
11.66726656164974
45.02642975375056
18.801002234220505
7.795304882340133
9.386794382706285
21.194359911605716
10.727191327139735
12.216218751855195
13.085120365023613
19.90594561956823
60.47578305751085
17.542777858674526
17.94553248770535
13.16986415348947
17.11485646944493
18.869950043037534
18.532959554344416
23.33653549477458
14.371876085177064
22.45339135453105
17.734431019052863
15.434899669140577
28.254820508882403
23.80664750933647
35.04380031302571
17.134818863123655
12.247337847948074
16.036575131118298
12.998468203470111
10.845867385156453
8.616263422183692
9.397587466053665
7.352325542829931
10.314757595770061
9.975184699520469
10.434181340970099
7.657999365590513
10.390245592221618
11.897885825484991
11.656539085321128
11.63259688951075
13.843484867364168
13.60139574110508
13.680654142051935
11.187186429277062
15.547597035765648
13.293557971715927
19.190035505220294
22.75114468485117
22.34362904727459
14.556563334539533
15.247040681540966
18.3152571991086
11.614703075960279
40.299864038825035
22.140772880986333
31.475303784012794
32.688700415194035
14.53079205751419
23.29963556677103
10.283710705116391
8.131334244739264
12.66553037147969
7.41529668495059
9.187111192382872
10.436461384408176
9.435514781624079
7.860136356670409
11.933698676526546
8.16100410465151
13.882410164922476
8.965268153231591
17.652751522138715
9.380896064452827
12.388666197657585
16.12251130118966
13.766255939379334
18.217586439102888
18.10671647079289
10.834738487377763
14.390558089129627
9.41167379077524
13.432024110108614
10.612576932646334
7.87902501411736
13.553745575249195
12.936356291174889
8.63534051924944
14.44106131233275
5.527485672850162
4.691878154873848
4.579753811471164
5.423446921631694
5.3232102412730455
12.279307596385479
6.816412711516023
7.93141351127997
8.544460522942245
13.476871578022838
12.098428765311837
43.282689321786165
13.597695208154619
10.485065097920597
6.0809643981046975
5.847836286760867
10.125163966789842
45.742653734982014
8.192194446455687
11.168729345314205
15.16347146872431
9.74937670538202
9.591762899421155
8.81675259117037
13.048778573051095
13.387217200361192
9.637913729064167
9.56547034624964
8.799522894900292
8.882566097192466
5.810588281601667
7.485888269264251
7.2616628324612975
4.979329887777567
4.770631017629057
5.263341964222491
4.6132843238301575
3.9167166287079453
5.847650509793311
5.277209606021643
4.6049766768701375
6.1956675155088305
5.395611491519958
5.5103100733831525
6.161147630307823
5.10342892864719
6.693473234307021
8.91391736548394
6.897903345990926
10.696222730912268
6.312240795232356
7.734925446100533
8.068193246610463
9.493231913074851
7.507830585818738
6.305145874619484
5.527623504865915
6.707123517990112
7.265797711443156
9.745175197254866
9.596488163806498
5.514032528270036
7.064897318836302
6.957849690224975
6.4903102070093155
7.235901831649244
12.405462359078228
4.93987198965624
5.912145655602217
7.0234657833352685
6.0212241327390075
5.557509276550263
5.110158470459282
6.670509894844145
4.906124995090067
7.486944059841335
7.0046264892444015
7.736617365851998
5.121369234286249
5.595477626658976
7.200890350155532
3.796115039847791
7.217196700163186
5.106014157645404
29.746979009360075
12.330067565198988
5.2395826848223805
21.180348435416818
11.619889963883907
10.77059043943882
9.346198048442602
5.718748813960701
10.008216150105
5.350774488411844
15.652454681694508
6.454197498969734
7.343168442137539
6.381553399376571
3.675150887807831
6.491713942959905
11.580097385682166
8.342326795682311
6.58088371809572
5.299478781409562
6.127014167141169
4.214624770451337
2.6795752262696624
3.566225786693394
4.493917583022267
5.028723879251629
12.033090841956437
4.656279338989407
3.20812983578071
3.7877475977875292
4.823154619894922
7.363984661642462
7.647523099556565
6.308234068565071
5.973029823508114
5.4691965891979635
9.040208106860518
8.812315672636032
24.694585420191288
8.394007189199328
8.9860904738307
13.624335708096623
5.1461451021023095
7.804368649609387
4.85052920691669
7.350669955834746
4.4637457290664315
4.503814393654466
5.331072146072984
4.686475918628275
3.7216564724221826
5.336563331075013
4.859525250270963
5.809439703822136
6.417213352397084
6.504460261203349
6.291899921838194
5.817618966568261
5.53053127694875
5.716587328352034
5.230436489917338
4.079321596771479
3.893613454885781
4.168586315587163
5.237650545313954
4.15206437651068
4.821642612572759
8.298910349607468
4.5930468193255365
6.043750685639679
6.8795324438251555
4.871270714793354
9.160283327102661
2.964171295519918
4.4958061296492815
4.62441860884428
5.373869969509542
5.906228959560394
8.791189950890839
8.039803585968912
8.911151167936623
9.588610495440662
5.85159856127575
7.901512734591961
4.012573866639286
7.322693984024227
7.145195026881993
7.208835171535611
6.825494050979614
10.712480086833239
7.853166912216693
21.03175421245396
5.853017792105675
6.9315678691491485
16.276217199862003
7.169603906106204
9.137807009276003
4.836145232897252
5.953677445184439
6.539576158858836
7.536928485147655
6.812814130447805
10.374067706987262
4.571627515368164
10.191725928336382
3.2091512042097747
2.5448258914984763
5.729896107688546
3.7284526671282947
7.909134201705456
5.455871974583715
4.509111758321524
7.073136808350682
7.933256393298507
8.125737652182579
5.559233218431473
6.576517685316503
6.153109274804592
7.405066798441112
6.089753684587777
4.781328704673797
8.68010582216084
4.285094215068966
3.845538876950741
4.026161449961364
6.02290534041822
3.483034949982539
7.325996652711183
5.314133003354073
4.759327676612884
8.796934878453612
4.85331938136369
5.043628539890051
7.905201928690076
5.485175779089332
5.434275195468217
10.381898469757289
4.91002508206293
4.758829663041979
9.000317539088428
14.396671913564205
4.664141054265201
10.173161936923862
11.201752302236855
6.341265333350748
12.42039614636451
15.133639477193356
20.899100065231323
8.084096730686724
13.227570902556181
8.567261171527207
10.807957136072218
9.911042822524905
7.394013981334865
6.446373077109456
9.052734616212547
6.2173392553813756
5.8572181314229965
4.769328341819346
5.5357200764119625
5.171487007755786
8.602389800362289
5.244238182902336
7.253778264857829
4.221029260195792
7.7049999153241515
8.813094251789153
6.326468518935144
6.249935415107757
7.7652843543328345
7.233358121942729
4.4878051513805985
8.98831710126251
7.157994552515447
7.504686325788498
9.015811118297279
10.665001993067563
6.508049989119172
5.663952360861003
7.932172293774784
7.5363577688112855
7.613680941984057
8.766918181441724
9.707343943417072
9.399975039064884
8.713545087259263
5.109096536878496
6.132278164848685
4.992111855652183
5.257977488450706
5.360001694411039
5.872649560682476
7.067933378741145
8.064683144446462
8.696552753448486
5.230236453469843
8.074233213439584
6.579968610778451
5.482977409847081
9.274591728113592
8.642014547251165
4.740926593309268
6.425926246214658
10.95302249211818
6.479123625904322
8.811701574362814
11.033065816387534
9.539523844607174
8.172432772815228
4.5856419508345425
12.314424337819219
12.316370066255331
15.237890241667628
7.213157311081886
7.977363389916718
7.481955596245825
6.89784471783787
7.827776454389095
6.511722621507943
8.755109109915793
4.119630823843181
9.081384476274252
5.581619555130601
9.891323015093803
6.534032600000501
12.48589681275189
5.94455940136686
11.24231531843543
7.405968092381954
10.212044046260417
6.893111017998308
8.580126551911235
7.4599971966817975
6.839606813155115
5.958214560523629
4.5858421716839075
6.213629656471312
6.422379937022924
4.218243242241442
4.05817556893453
6.965773263946176
4.522418726701289
4.609049532096833
5.449606690555811
3.6335503980517387
5.101307488512248
8.260655101388693
5.785803414881229
7.278738282620907
7.045221454463899
6.026125806383789
4.959379600826651
4.8542047454975545
4.010279547423124
4.747710597235709
5.101168419234455
3.9777268138714135
6.44234410347417
3.5597141259349883
4.718851988669485
6.166934430599213
3.333575601456687
4.470208927989006
4.754427454434335
5.81711339764297
7.175324906595051
4.503368952777237
8.924315048381686
7.477887129411101
3.7415880779735744
6.620173399336636
6.25500063598156
4.269764478551224
6.400407448410988
5.185097451321781
6.1343647739849985
4.839739418122917
6.6864179112017155
7.244292764924467
4.886738036759198
7.992957872338593
7.50638653151691
7.174871690571308
6.100096034817398
6.912648621946573
11.281836822628975
10.419982243329287
9.5446174480021
9.520245453342795
9.069844974204898
11.903505058959126
9.63911940343678
5.2666358766146
9.759651122614741
10.61135384067893
8.025815851986408
13.833464288152754
6.601685645058751
11.509059628471732
8.798694109544158
19.394510123878717
5.949227998033166
4.838861296419054
6.856497029773891
8.48919496499002
4.661628814879805
6.385315354913473
4.567097884137183
5.669055857695639
5.106589914765209
3.948574966751039
7.921851069666445
6.133238383568823
5.784232473932207
5.481345676351339
8.66318734176457
5.669973120559007
10.276066936552525
6.03188058314845
7.373923692852259
6.3815317479893565
6.7982543259859085
5.471035086084157
7.410313566215336
4.832726382650435
6.641200457699597
9.23637645598501
7.571339904330671
6.561193974688649
10.793679515831172
15.817287353798747
6.522312417626381
11.800883614458144
11.401566191576421
9.193375056609511
9.047349587082863
13.905317827127874
9.140536539256573
9.756250183098018
126.74749208986759
4.519705039914697
9.758577080443501
22.3602772988379
24.51452766172588
10.57658357731998
21.58441740460694
9.10618376871571
5.8219173415564
5.2424203543923795
6.581489843316376
5.000455961097032
11.069062815979123
7.5855684000998735
9.772548749577254
7.228046534117311
6.951361094135791
9.259691294748336
6.81213413272053
5.992806657217443
9.820840531028807
9.277646980248392
10.902883371338248
5.376065119635314
7.168404885567725
9.203921735752374
8.103165741544217
7.331024320796132
5.2649413999170065
10.414749789051712
6.500326782930642
7.905307377688587
9.75912921037525
4.328985542058945
9.484857466071844
7.78566636191681
8.789887947030365
6.508776874281466
8.711822588928044
4.636807372793555
6.491235048044473
6.230881772004068
6.556997670326382
8.28379911603406
8.50528483884409
4.911830485332757
11.716038879007101
19.30106942076236
21.425264693796635
9.657597335986793
8.065078889019787
7.848547863774002
7.291203449945897
7.871387389488518
10.02931306976825
8.903398892842233
8.795174240134656
6.604955046437681
7.257934915367514
6.903199209831655
6.8371941382065415
8.41234082262963
5.9375266609713435
7.379166319500655
7.298828160390258
4.771285368129611
4.783195225521922
5.590740354266018
4.819721253123134
5.772095700725913
4.877587924012914
6.217525429092348
7.064252942800522
6.204544674605131
6.8362133633345366
5.390879155602306
5.170855977106839
5.662309744860977
5.207718865014613
6.384050773456693
4.417546623386443
8.233104543760419
6.645208862610161
7.21929139085114
5.327160242944956
7.5037502236664295
6.232218958437443
6.099347713869065
6.955757059156895
5.0263506304472685
4.8249473322648555
5.800211707595736
5.462370617780834
3.715271231951192
5.814077061600983
5.820088372565806
4.17183646466583
4.727178743109107
3.0205015991814435
3.924343030899763
4.796448296867311
3.6043242977466434
4.010682536289096
5.681003145407885
6.624745733104646
4.985882472945377
5.484139888547361
7.4817620306275785
6.469434977974743
4.459345362149179
5.937795978505164
5.076066344976425
4.69963674293831
5.056966427713633
5.3345990045927465
5.722868742421269
4.604586339555681
3.33930486952886
3.9255042504519224
3.600885611027479
4.287182283587754
5.579152982216328
4.02935527684167
4.309325266163796
4.6312260390259326
7.025660240557045
3.8623302578926086
5.059652332216501
7.118315912783146
4.465778168756515
5.6796012558043
5.405815231613815
7.380050136707723
5.443897067569196
5.066020728787407
7.855719670187682
6.61552408663556
7.584514446556568
6.564102010335773
5.380969948600978
8.047302707098424
7.141701592132449
7.974924675188959
9.990472647827119
3.6780654811300337
17.569850938394666
10.232525441795588
14.330229053273797
9.891795000061393
18.825420705601573
6.773064351640642
16.67423250991851
5.80153871839866
12.745951338671148
23.514593912288547
5.768257844727486
11.407935393042862
9.457675278186798
9.619674445129931
7.096480622887611
8.026850978843868
4.539260215125978
7.269879071973264
6.098021367099136
7.311912514036521
6.774586122948676
7.196048098616302
5.972467774525285
5.726244811434299
7.227278590667993
5.4914531470276415
7.483617389574647
6.382491729687899
7.216023954562843
8.79370774095878
9.901136366650462
7.5106079638935626
7.7658917205408216
6.393392767291516
10.762710320297629
7.8098822589963675
7.187023903708905
9.610886680427939
6.88595411228016
6.091864674817771
9.77314231870696
5.248806424904615
7.794309595134109
6.690105550456792
4.597288253251463
6.867059400770813
4.213310856372118
6.552505309227854
7.035940777976066
7.380765734706074
6.804111682111397
8.648980005644262
6.048074286431074
7.985045813489705
5.561126767657697
6.290500591509044
7.9707033396698534
6.500876429025084
4.193044360494241
6.092850994318724
6.310927527025342
10.205493147484958
4.897747695213184
5.602120792027563
5.060158037114888
6.5639401925727725
5.082410415634513
7.092973865102977
4.744769318960607
6.795934828463942
5.268547208979726
6.6334097986109555
6.3125098599120975
5.767173758707941
9.168634230270982
5.9659248273819685
9.401954544708133
10.130407785065472
8.662923957686871
9.390240279957652
13.071154131554067
8.296195269562304
8.337128701619804
12.476480276323855
5.061928493436426
4.2830007469747216
7.276626595295966
5.496148458216339
6.945686841849238
5.254056483507156
5.52715125028044
4.349326028954238
4.791821569437161
7.099627702031285
4.9578913662116975
5.343820279464126
6.119215935003012
7.056549700442702
4.846733190584928
5.402737753931433
6.077137956861407
6.428275722078979
5.215583883691579
3.453513046959415
7.263821082189679
5.302607883699238
7.143516487441957
7.389960486441851
11.41944563575089
5.817073517246172
8.892963551916182
6.873294013552368
8.78550626989454
8.579104863107204
8.972115772776306
8.872902450151742
8.948368836194277
7.191568803042173
7.582015952561051
9.163269270211458
11.398432862944901
14.070987019687891
6.220377780962735
30.44313970953226
9.686427200213075
4.365619703195989
13.409654710441828
11.308591335080564
3.914096818305552
11.16922323871404
8.543006813153625
14.0328902695328
8.477532349526882
15.185565860942006
6.447035683318973
8.305316130630672
10.029101844877005
12.73054816853255
8.901009493507445
9.649058799259365
7.964681494049728
5.939919906668365
8.812845942098647
7.989705997984856
7.691474102437496
8.60018012393266
8.266230380628258
8.952300793491304
4.823070431128144
5.383214719593525
11.759853539988399
3.6204125499352813
3.303301843581721
3.5807617707177997
5.463811085559428
3.740500164218247
4.41220017336309
5.112765368074179
5.436130105517805
2.5723062297329307
5.641944136470556
6.910171801224351
4.282794242957607
4.942613766063005
5.5336682898923755
5.357528366148472
4.941795716527849
4.733633606694639
5.046571366954595
7.043182970024645
8.297016703989357
7.152241549920291
5.649391918908805
6.120922458358109
6.440857112407684
8.558317348361015
4.032631498761475
6.057549213990569
5.255734035279602
4.866410471498966
4.327731634490192
5.796478813514113
5.585248188581318
4.203228603349999
3.987773452186957
4.89854816859588
5.201542523223907
3.2847454154398292
7.665727276355028
4.485080408863723
6.671782263088971
3.440850291401148
5.823977492749691
4.849485969170928
5.723223503213376
4.0694121834822
5.3035924029536545
4.739357877988368
4.56123409839347
5.383118762169033
6.337600403465331
7.007128320168704
8.154545241035521
4.138643767219037
7.74841921729967
5.836748744361103
7.28252882277593
3.794606959912926
4.281954193953425
5.344373449683189
4.979192282538861
5.206588217057288
4.319052786100656
4.419424488209188
4.98188767908141
4.538066144566983
5.409819288179278
4.59192891092971
5.059114840812981
4.779456163290888
5.454356331843883
4.351656747050583
4.05587605247274
3.955405255779624
4.833035545423627
6.176547843031585
5.310211650561541
4.846222794149071
5.34256609948352
5.134643571451306
5.360764393117279
3.3440515673719347
8.01895553804934
5.565026494208723
4.303590200841427
3.239135677460581
4.850900987628847
5.518052697647363
5.436180034652352
3.4134695841930807
5.045541929546744
4.295571088325232
12.108988757245243
4.727390045765787
7.016086016781628
4.914451427292079
5.031529019586742
3.5358217488974333
3.8725961348973215
4.563950418494642
3.32195765664801
5.48001653002575
3.428571188589558
4.079044363461435
5.120659910608083
4.377373553812504
4.835798338521272
4.448549601249397
5.137561552692205
6.253264049068093
6.020935314707458
4.6982712163589895
4.99496213439852
7.506098783109337
6.786448733881116
7.465487503446639
5.6713678343221545
4.499583738856018
7.044772791676223
6.9869285970926285
4.252197274006903
6.1808923510834575
7.9375642612576485
3.2705900960136205
6.894588100258261
3.6873770565725863
5.643106867093593
5.7982377973385155
4.020095682702959
4.755927457008511
5.583109733648598
3.905271669384092
3.6217197100631893
4.360889275092632
4.594307256862521
4.00917981332168
3.920007315464318
4.287753232987598
5.003040901850909
5.447727461345494
4.974618358537555
6.754773668013513
4.615645349491388
5.161334678996354
5.1771384361200035
4.3571534072980285
7.1629041992127895
5.779147216118872
3.84735105978325
4.654490765184164
4.190871107392013
4.121234853751957
4.278811039868742
5.169828914105892
4.3856807122938335
4.037237504730001
4.58430443238467
4.4989236472174525
4.5586785464547575
5.803824816830456
4.416697428561747
4.020579306874424
4.30102345906198
5.340135777834803
5.241941111162305
5.439371158834547
6.318572228308767
4.592098579742014
5.547503322828561
5.6087472746148705
5.837752730585635
3.9641766385175288
4.832625988405198
5.136861893814057
5.281998993828893
7.252750839106739
5.61380864912644
6.297724896576256
4.9255977547727525
7.0301348636858165
8.553970619104803
6.332239436917007
9.269188270904124
38.69513162225485
10.795293852686882
19.091471744701266
12.278524413704872
10.59795023035258
10.749017012305558
9.747265129350126
9.286585850641131
10.34879850037396
11.412867253646255
14.291821524500847
16.72519465442747
10.986290777102113
9.643093078397214
9.736820083111525
15.651237405836582
23.898674378171563
16.275661813095212
17.02141086384654
12.915132140740752
12.724028183147311
10.800088518299162
14.733348195441067
10.756265619769692
17.786505741998553
10.229041520506144
12.920160162262619
8.320701585616916
13.800938062369823
11.024794787168503
12.926791799254715
16.00950143672526
13.620425062719733
11.320490279700607
10.197062141261995
8.352695920970291
7.388025366701186
10.167039019521326
8.255398117005825
7.988623126409948
11.265473647974432
10.27948899148032
8.320605908986181
7.290841565001756
10.910813197493553
4.002589960815385
5.377936071250588
6.085032648872584
6.351244980935007
6.303130793850869
4.573817302938551
11.112609760370106
7.640342267928645
5.971088464604691
7.870719113619998
4.96958158351481
9.784548601601273
7.219016844406724
5.846684095449746
7.696077917236835
6.03203097358346
8.530096298549324
5.671701893676072
10.999719551298767
7.065035213716328
5.75111204944551
8.771711060777307
7.920730063226074
10.098322200588882
7.9171758610755205
7.950145347043872
7.996156845707446
8.187997817993164
7.1488535474054515
6.563812488224357
5.762927985982969
7.019771701190621
6.900370875140652
6.091486936435103
5.393685226328671
6.627216511871666
6.962982350960374
4.834024622337893
7.263160471338779
4.606174593558535
4.264116542413831
5.372854582266882
5.92993753333576
6.780911043751985
5.801890070084482
6.635149776004255
3.970571355894208
5.674347178544849
7.040917133912444
6.46309191826731
6.033909074496478
7.924542895983905
6.592926923185587
7.147194331511855
6.3011370580643415
6.012680498417467
5.857117000501603
5.082410310860723
4.341516163665801
5.039638388901949
4.9861148074269295
5.4125104625709355
5.099231448723003
5.734153445344418
3.8380511177238077
5.237603648332879
3.7256855422165245
6.792305503506213
3.1802901106420904
4.046700002858415
2.9900927180424333
4.706475351471454
3.4134645375888795
3.005536017473787
2.965969044016674
4.007447522832081
3.0073441020213068
4.078653168631718
5.11139214457944
4.6273452788591385
5.040636259363964
3.5362832832615823
4.095967178232968
4.597607834264636
4.693356902338564
5.330551445949823
4.992688197642565
4.496986685320735
5.56431312346831
4.318594078533351
4.769383581820875
5.200825986452401
5.81169805675745
5.607992049772292
5.983947661705315
4.726921386085451
4.029883634764701
4.59229785669595
3.7473078367765993
5.727147375233471
4.58893068600446
4.485803006216884
4.227327301166952
5.810681053902954
5.2491318439133465
5.155520094092935
5.136638082098216
3.73587348125875
4.895282973535359
4.915522072464228
5.843839855864644
6.120765098836273
4.128753960831091
5.536955975461751
5.24850816745311
6.336387505289167
5.02793702064082
3.6519719248171896
5.6010836600326
3.2898446714971215
4.327601287979633
4.208103041164577
4.807672430295497
4.446740809362382
4.811264816438779
4.835930246859789
3.7129953391849995
5.904263228178024
5.305722920689732
6.810440531466156
5.006674492266029
5.600204601883888
4.570708761457354
4.443880233680829
5.0284961592406034
4.38337668357417
4.267522278241813
4.218298354651779
5.9186164303682745
3.3355252428445965
5.030120632145554
3.7754638055339456
5.534698481671512
6.158367229159921
4.615707367658615
6.436856196261942
4.254006037954241
4.678087641485035
5.1186450575478375
5.300084501504898
5.064000196289271
6.412139024119824
5.122673361562192
4.632661472540349
4.652908182237297
5.763073210138828
4.399127099663019
4.706306353211403
4.813935493119061
5.526952652726322
6.208489408716559
6.01586015895009
4.782388344872743
5.378293470945209
5.690982483327389
3.9176341518759727
3.1201710365712643
6.2580365519970655
5.255027708597481
5.0361928581260145
4.96295053511858
4.736764398869127
3.977236965438351
4.719142037443817
5.795578906312585
4.273837801069021
4.139842999400571
4.032533785328269
4.50616240571253
4.190115490462631
3.23665757663548
4.692777979653329
3.8748908031266183
4.261071311775595
3.8527078200131655
3.727642447222024
3.4749713360797614
4.156776079442352
3.1820373602677137
2.9168321704491973
3.1682042316533625
4.396869276184589
3.7802352600265294
4.924882455263287
4.3179229511879385
3.801597809884697
4.33168095164001
5.6139953336678445
5.341339615173638
5.470195529051125
4.1018101326189935
4.101585059426725
6.41544886212796
4.562844329513609
4.595850753132254
4.063437176402658
3.11075200419873
3.01483835442923
3.571870781481266
2.976657572435215
3.7485448298975825
3.155733421444893
3.3047491712495685
3.5716242773924023
3.9440050134435296
3.1703774742782116
3.7992959988769144
3.7672334713861346
3.8503586160950363
3.3479395448230207
3.0510588423348963
4.232716268394142
3.3802795307710767
3.80217496259138
3.3221529675647616
3.915596733102575
3.467021170305088
4.540448926389217
4.2447654800489545
3.8668855372816324
4.7372583341784775
4.862832876387984
6.037010345607996
5.196743336971849
4.124410264426842
5.671065838076174
4.590388916898519
4.842586832586676
4.7620892957784235
3.448872609762475
3.7335007743677124
4.441523551242426
3.8051894758827984
4.614767655497417
3.954936259891838
4.17434887890704
5.007084925659001
5.229706128593534
4.504344175802544
6.322035103105009
4.53609044291079
5.113768740091473
4.140480356756598
3.8561392419505864
5.805625731591135
6.0263126962818205
4.317035285523161
4.773436329793185
4.096511089242995
4.464363388251513
4.54212553286925
3.9090072840917856
4.110083693871275
6.461864703334868
4.4314625496044755
5.135494198417291
3.9803638262674212
6.201192565262318
5.413480957970023
6.547408347949386
5.539980591740459
4.3496819022111595
4.367448694538325
5.334172070026398
3.9953503450378776
3.6371534927748144
5.781962962821126
4.12659998331219
5.193418077658862
5.3471792549826205
4.100297407247126
3.8089245394803584
5.505199872888625
6.057270724792033
4.785455220844597
7.598433301784098
5.858569045551121
4.640468799974769
5.989309628959745
3.598435120191425
4.075659134425223
4.754074451047927
4.743929417338222
3.352474360028282
3.3406358228530735
4.530023163650185
4.134828984737396
3.6815081329550594
4.401399727212265
4.145281009143218
3.7150196202564985
3.7347904287744313
3.7137663962785155
3.886701714247465
5.625314686913043
3.328293378930539
5.631056539248675
4.0802888663019985
7.808639749884605
2.9634291322436184
3.7052420675754547
4.210930754430592
3.6985770100727677
3.2559126834385097
4.612026704242453
3.9391112234443426
3.747616439941339
4.31141772470437
3.6465993779711425
3.3331809241790324
5.5593476081267
3.886135248001665
5.297235113102943
6.163806562311947
4.608391244197264
4.523680025245994
4.647440256550908
4.637531662359834
5.140702322591096
3.449170200387016
6.545206011272967
4.105938869528472
3.6950449408032
4.8608495951630175
5.690012979786843
5.163799609057605
6.7220216086134315
4.13176236115396
7.882272941060364
4.853500443510711
5.339630115311593
5.501098541542888
8.262825209647417
6.191140637733042
5.307180484523997
13.677338272798806
4.443633962888271
3.3079292085021734
2.89932629535906
5.726932053919882
3.0706805824302137
7.9748961152508855
4.029303498566151
6.289162020664662
5.816871424205601
6.106446083635092
5.764368447940797
4.739820973481983
5.110280838329345
5.527318224310875
4.354841275839135
6.72123056743294
7.249769284389913
6.856352205853909
7.615503291133791
6.243943747598678
7.004199207294732
6.279026204254478
6.517355670686811
10.26238898281008
4.275167275452986
5.524820226244628
8.764730679802597
3.8018079781904817
4.592543845064938
5.156048114411533
6.261265792883933
5.426509537734091
4.515282993437722
5.038787574507296
5.031829270068556
4.495698115322739
4.3882868541404605
4.462418919894844
3.2462385310791433
5.796561107039452
6.0078606167808175
7.224914480466396
5.77206576988101
6.122704112436622
8.088164183311164
7.548846201039851
7.705975618213415
8.05509954597801
7.747978767380118
6.570702420547605
6.245047428645194
6.608544948510826
4.058868712745607
4.543515261262655
4.65991218527779
5.223204858135432
3.1887818966060877
5.145646163728088
4.329936827067286
5.062366975937039
5.0739810988307
4.924141488503665
4.820712871383876
4.3620537468232214
5.281412032432854
4.599278878886253
5.031962372828275
5.63922672579065
4.940467248670757
4.595610612072051
4.532147352118045
5.478924251161516
4.615929643623531
5.5215202094987035
4.303621056489646
4.612445109989494
5.139202322810888
4.323006865568459
4.843033836688846
5.526052200701088
3.8634268706664443
5.782536119222641
4.244246054440737
5.710312605835497
6.340129086282104
6.082398753147572
4.214630340225995
3.5012842810247093
5.174630219116807
3.1501506129279733
4.575771043077111
4.322763677220792
3.722291556186974
4.927098602056503
4.489949302282184
4.135217471513897
4.151404175441712
4.43859308026731
5.214962845202535
4.817343431990594
4.478180445730686
5.055903434753418
4.609800112899393
4.065794781316072
4.133398636709899
5.176263407804072
2.942289229715243
4.580724749714136
4.85012503573671
4.249245918355882
3.7946459613740444
4.852394065354019
3.871899753343314
4.581206106580794
3.796282035764307
4.091222984716296
4.228850391227752
3.6749075753614306
4.733887515962124
4.257407953031361
7.070067726075649
5.767979623749852
4.513485155068338
4.028532969765365
4.543404527939856
3.668913600500673
5.085378030780703
4.904584802221507
3.463703965069726
3.017342216335237
4.486641404218972
3.191579194739461
3.688631725963205
2.99552016495727
3.1716284905560315
3.437895518960431
4.358267186209559
4.582234065979719
3.8493597516790032
3.5077615424524993
4.078609955031425
4.708062193822116
4.816478509455919
5.14680678024888
4.81783855217509
4.38869968126528
5.025280795991421
3.286270084325224
4.864928658585995
4.491812992375344
4.618342692032456
3.2792044170200825
3.7557070024777204
3.9492601596284658
4.032238325104117
3.892300816019997
4.352109802421182
2.6184198127593845
2.787054012529552
2.8018557725008577
3.2098229243420064
2.5041587131563574
2.996279440121725
3.3252668543718755
3.9166745212860405
3.372017208253965
3.23034196998924
4.089831768535078
3.7390896801371127
3.771300006657839
3.6912798299454153
3.290710770059377
3.5877830353565514
2.8711551860906184
3.352150839753449
3.1256370712071657
4.484261385397986
3.968694132519886
4.399939575232565
3.3822276298888028
3.2966531708370894
3.749742058571428
4.092548514017835
3.3939764089882374
4.3614536272361875
4.942141674924642
5.20701205637306
4.798477671574801
4.557220594026148
5.174340658821166
3.2314054989255965
3.75395932700485
3.458290721522644
3.883539067581296
3.6654215992894024
4.443443471100181
3.653976845089346
3.879208300728351
4.109797880984843
2.884420211194083
3.975599345052615
4.340421785600483
4.5513719148002565
4.2932064682245255
4.421724318061024
4.05566472094506
3.6710677018854767
3.882062515709549
4.130904869642109
3.444999214960262
3.7846237858757377
3.625490257749334
4.044310936704278
3.7723443070426583
3.715358601883054
3.5945477227214724
4.305336716584861
2.9065870617050678
3.355595295317471
2.975519644562155
3.135138524696231
3.5485036112368107
3.4078376865945756
3.8263186779804528
3.517246175557375
3.184929819079116
3.5597003863658756
4.59770311624743
3.592820956837386
4.822447986807674
4.21312506403774
3.978739210870117
2.966353469295427
4.1980303635355085
3.919792023487389
3.8878078279085457
3.460626531392336
4.7704262242186815
3.631976167904213
4.008203319041058
3.6557907222304493
4.531807541148737
3.3061995953321457
3.776498054852709
4.101217102725059
3.9473058762960136
3.171095232712105
3.548459955258295
3.294011630816385
4.1384939609561116
3.41912894975394
3.324400139041245
4.710416421061382
3.9871045001782477
3.363838572287932
3.3718411463778466
3.2362182417418808
3.854640055913478
3.199958933284506
3.9300943620037287
3.5898115769959986
3.6360663138329983
3.447796943830326
2.589953761547804
4.6204091790132225
3.5447607915848494
3.324090712936595
4.189236215315759
3.837113512447104
2.8934202638920397
3.5548897439148277
3.940558715723455
3.71243724739179
3.7042711970862
3.0973861520178616
3.7636206331662834
2.9010804321151227
4.925388836534694
3.7747144205495715
3.358544013928622
3.554662174079567
2.9807076095603406
3.307266185292974
3.1143505685031414
3.271727887680754
3.9200249267742038
3.8647347539663315
3.4173258629161865
2.71578415366821
2.886651270557195
3.3741415487602353
3.4964735750108957
3.6581785732414573
3.7112002538051456
4.549223042326048
2.9160514655523
3.3888089160900563
3.2959863459691405
3.863580115372315
4.006059654522687
3.977605043910444
3.620136711979285
3.6697961625177413
4.504165160469711
5.168558408040553
4.912042355630547
4.333626485662535
4.80843853764236
3.502156286034733
3.6590074859559536
3.0944781247526407
2.993598012253642
4.444989936659113
3.2406869863625616
3.8331242757849395
4.724176911171526
4.03190149157308
4.401514826109633
4.2731841104105115
3.7027411912567914
3.4560585599392653
3.1751013982575387
3.790172616019845
3.4602256130892783
3.3719367529265583
4.047453373204917
3.237324243178591
3.70031355204992
3.974150602472946
3.5269194163847715
2.92585112596862
3.6751279884483665
3.3722359782550484
3.2830513450317085
2.917896412545815
4.172200381755829
3.688054593047127
3.795964965131134
3.8629373470321298
4.452106897253543
3.9955126415006816
3.5995056128595024
4.814886500593275
4.902307710144669
3.711922435555607
4.026183385401964
3.2790691341506317
4.307939218473621
4.6989174445625395
4.808635298861191
3.267746734432876
4.5564776081591845
4.171775995520875
4.065139788435772
6.404227379942313
3.0074078703764826
4.680566178401932
4.956941046519205
5.269629228394479
4.779424621956423
5.28242051997222
5.2949250533711165
4.5720969727262855
3.926322082756087
2.929913702653721
4.25879650330171
4.488139751832932
4.248450030107051
4.031123880296946
4.386878052027896
3.8410379039123654
4.497270930791274
4.254877496045083
4.699001436121762
3.975735410582274
3.208540674764663
4.147790216375142
3.4030992249026895
5.292342260945588
5.321799897123128
5.58463432546705
4.38332754583098
4.505705583840609
4.593466304242611
3.1272260127589107
2.933719937223941
2.9916793002048507
2.8451781077310443
3.006393164396286
3.328913749428466
2.8560230607399717
3.397990972036496
3.468976586824283
3.006194825633429
3.9188016548287123
2.8251012086402625
3.092408462660387
2.795623487327248
2.9422905950341374
3.0247299200855196
3.9590474548749626
4.439914793940261
4.175203302875161
3.6987859806977212
3.394998262869194
3.643444570247084
3.243587147910148
3.996618301840499
4.42205719021149
3.37046729773283
3.6860182359814644
3.9004284949041903
2.5264861010946333
3.485631179763004
3.456534997560084
3.0926978738280013
3.869403756922111
3.562982099596411
3.361689302371815
3.4275186157319695
4.01019096840173
3.8589597926475108
2.829527787049301
3.8831545563880354
3.9153150115162134
3.7761807702481747
4.169440290424973
4.621816526399925
3.001073638908565
3.7261387519538403
3.4332477626157925
3.3094598655588925
3.1085321770515293
3.343914831522852
3.542376038385555
4.470311946468428
3.186545866308734
3.6800509495660663
3.9496869661379606
3.9529807209037244
5.257925807032734
4.126010335283354
5.225462053902447
4.433148950105533
3.7191941717173904
3.9051492454018444
4.6924943421036005
4.32156249624677
4.371063361410052
4.533281464828178
4.900951573858038
4.41370965493843
4.473347553983331
3.4474068272393197
3.281798340845853
2.574844160466455
3.5775727913714945
3.3830599144566804
2.8087435180786997
2.8470801871735603
3.667433188529685
3.575799302197993
3.242857458302751
3.059118684614077
3.468776998342946
3.624072572449222
3.2734283971367404
3.026100458810106
3.1714125871658325
2.988747059367597
3.756574754137546
3.7617759502027184
3.2099701883271337
4.335192524828017
4.206903671612963
4.380895252339542
3.1768041304312646
4.07264337898232
4.004726014798507
2.9677078095264733
4.249445755500346
4.298101195599884
3.537375853396952
3.650465589715168
3.2348147644661367
3.4512943995650858
3.376126042450778
3.405371752101928
2.8407375109381974
3.4410724348854274
3.5321188557427377
3.331012860639021
3.753558390541002
3.433829124318436
3.506442194804549
2.929510900983587
3.4284118195064366
2.4868291423190385
2.9362127013737336
3.256811382714659
3.778811890631914
2.863911365973763
3.4403114528395236
3.8143902183510363
3.7299449879210442
3.074029652867466
3.107957180007361
3.115702372044325
3.5324985727202147
3.2791105834767222
4.121417340822518
4.29339588037692
3.546483278973028
3.4525587951065972
3.836613764986396
3.939468811964616
3.8250276076141745
3.421810458181426
3.8857420741114765
3.203276720829308
3.864764509955421
3.466072551906109
3.7185666179284453
4.007149561075494
3.3384852821473032
3.618724166182801
3.6968956745695323
4.3648702807258815
4.672819970175624
4.946884392993525
4.495101713575423
3.718402413884178
5.103500605560839
4.236742849694565
4.311935737263411
5.259698212146759
4.198270400753245
3.50604472507257
3.575229216599837
4.0011878167279065
3.5103920535184443
4.340663768583909
3.9680050641763955
3.1691066860221326
3.8491919876541942
3.5530174132436514
3.7888676626607776
4.9820941996295005
4.501482262276113
5.21195871103555
5.343849272001535
4.757339683128521
4.896051871823147
4.7965429096948355
4.175719479564577
3.200661161914468
3.99103453848511
3.136647382983938
4.027274258900434
2.9947053195210174
3.4749614724423736
4.336676890496165
3.7928501884453
3.5986364260315895
3.8499802532605827
3.662596210371703
3.568411197979003
3.6947963325073943
4.3455037728417665
3.0936950305476785
3.5818175591994077
3.2320167230209336
2.916784605011344
2.7855806208681315
3.876171011477709
3.812147827120498
3.5793666515965015
2.5085681767668575
3.193609160138294
3.1621977938339114
3.0503180255182087
3.0657039360376075
3.0417265011928976
3.242915775626898
3.984936489723623
3.306134643731639
3.616308778524399
3.369419230381027
3.139741644728929
2.806319453404285
3.8222525296732783
3.900799230672419
4.145655271131545
4.207796508213505
3.8295970659237355
3.8344338221941143
3.437220413470641
4.406357598956674
4.064330019056797
4.272994665894657
3.734231669921428
4.881043083500117
3.3351081535220146
3.970360177801922
5.239236474968493
4.7975540943443775
4.761118030175567
4.601910326164216
4.638324410654604
4.969821600243449
5.840941980481148
2.59437258541584
3.6567356712184846
4.410267525352538
4.7647646479308605
4.8475869172252715
3.8388334626797587
4.4702342874370515
3.5088351166341454
5.273415117058903
3.32351591065526
5.394085061736405
3.8514791154302657
3.0314437786582857
2.8513681921176612
2.922563105705194
4.545704011106864
3.4335903658065945
4.933601902332157
4.0080238920636475
3.6430855840444565
3.1104019975755364
3.144167557125911
3.7242642818018794
4.154970929725096
3.232181404950097
4.275177970295772
2.9439349464373663
3.8964427586179227
3.368162588449195
3.0281115907710046
3.8247138236183673
2.8972604917362332
3.065772355068475
3.697617997182533
3.070454113301821
3.509724403731525
3.542391989612952
4.529206279432401
3.436749979504384
3.5018797978991643
4.11809775675647
5.672616085037589
4.304161686915904
3.8280693243723363
3.618083927081898
4.203051733318716
5.839749268256128
4.7030069921165705
3.3982605792116374
4.134861905360594
3.189728011842817
3.5467877886258066
2.5841432969318703
3.288484971271828
3.1380876704351977
3.0744849799666554
3.0678735463880002
2.5847865777323022
2.81148992292583
2.9041741706896573
3.260076356586069
2.707879735971801
2.8228626591153443
3.0812509797979146
2.4061043323017657
3.4452691762708127
2.70848319074139
4.295959206996486
4.540274309227243
3.50352845643647
2.6581544970395043
3.701669462956488
2.7899962007068098
3.6592275593429804
4.090804351260886
4.745788211002946
4.349595332052559
3.063507706276141
3.386004287865944
4.187068763421848
3.1630236646160483
3.7523535755462945
3.8465455886907876
3.803797342348844
3.952396262437105
4.827453540638089
3.6439895720686764
3.1378036658279598
3.4156671564560384
3.156029498204589
3.1732723980676383
3.7650048821233213
3.145365959731862
2.8133802328957245
3.788091912632808
4.945862249005586
2.7734121567336842
2.722557781264186
3.8997363629750907
3.541311435168609
3.190233700326644
2.8624093699036166
3.666376064531505
3.5882790547329932
3.40804192237556
3.1436632925178856
3.47062483523041
3.2811273119878024
3.0191455788444728
3.2005698499269783
4.378606449812651
2.8188040062086657
3.3077612360939384
3.6193400921765715
3.008514840854332
3.180957866134122
3.0039109812350944
3.037637352012098
3.559031603857875
3.7157571346033365
2.937881301390007
3.2459913748316467
3.7435894126538187
3.279098942875862
2.7026739344000816
2.6736210891976953
2.9645165288820863
3.7289516031742096
2.5774302385980263
3.3269091004040092
3.6478639531414956
3.337233026046306
5.621902322862297
3.346813668962568
4.287240951322019
2.6093115570256487
4.714680774603039
2.6438141752732918
4.671165767591447
3.512170279631391
4.62077061412856
4.448555815499276
4.312599345808849
4.0194045985117555
4.429278748575598
3.223050213768147
3.456275708740577
3.634261979488656
4.177328391233459
5.0536453041713685
3.8468516332795843
3.8558902151416987
3.4151271629380062
4.801847300259396
4.579223521053791
4.601272583240643
4.9668654394336045
3.9471646829042584
4.543482641456649
5.0512491897679865
4.152843439951539
5.35509020020254
3.621028411667794
3.2169050045777112
4.497332502622157
2.8851885529002175
4.982740959851071
5.872232965193689
4.613656941568479
3.010556878289208
4.67903839610517
3.341621457366273
5.525603646412492
4.014082857524045
4.494043407496065
4.922091461950913
7.273031803080812
4.9601048931945115
6.227214280515909
5.229783124057576
5.383032439975068
3.6933212007861584
3.8496074145659804
4.3073505342472345
3.4644762633834034
3.1796339685097337
3.096999479806982
2.82455040642526
3.870220515411347
4.249853207496926
3.649629712337628
3.573552208021283
3.5701921354047954
4.331033491529524
3.153243116219528
2.7040432664798573
3.426103411242366
3.7596192865166813
2.8356062314705923
3.735192575491965
2.6145776689518243
3.7955949008464813
3.0452221682062373
3.461665870156139
3.934041110565886
4.32763136504218
3.4927021062467247
3.288767869817093
3.2604030756046996
3.6215287286322564
4.229077571770176
3.1790083395317197
3.9398056610953063
3.651629891479388
4.72054295334965
4.898689149413258
3.649523690342903
3.834980415413156
2.967415866209194
2.6336384795140475
3.779252201318741
2.5014108973555267
3.338474349118769
3.1220085584791377
4.048278175061569
3.456443472765386
3.3993313920218498
3.1684176800772548
3.0597126685315743
3.301389285014011
3.641423689899966
3.5233206055127084
3.230353537481278
4.411260185297579
2.6902995915152133
4.171912318794057
3.8957224376499653
4.063769079744816
4.081110306782648
4.438401638297364
3.274250112241134
4.556341358460486
3.711500042816624
5.08723388845101
2.850823890999891
2.838643553084694
3.438664054265246
3.664003067649901
3.2838977340143174
3.334872758947313
3.3084636660059914
2.955896451836452
3.995044955634512
4.1873304741457105
3.6299667769344524
3.9454033471411094
2.860276941792108
3.167070744326338
3.931460799416527
3.201786113670096
4.592468503862619
3.556847740430385
3.741610086755827
4.7403805835638195
2.7935529296519235
3.316170670441352
2.9663505788194016
3.564778844709508
3.0402150969021022
3.8153508224058896
4.152009933255613
3.5730978928040713
2.9391606262652203
3.8826372073963284
3.6124865842284635
3.84455462731421
4.187190352007747
3.8479035263881087
3.432555627892725
3.9759691602084786
3.5292323470348492
2.830131697584875
3.6797987739555538
3.0394099882105365
3.9873523840215057
3.8790054300334305
3.6791095135267824
5.081450972240418
3.6767743825912476
3.9590046885423362
4.557269050041214
4.820393427042291
4.021147776278667
4.892075605224818
2.746963376761414
4.801177717978135
4.8379873489029706
4.026033454574645
3.4441614105599
4.416876792209223
4.315512690227479
3.400869818404317
4.854325987165794
3.111720895860344
3.476332022808492
4.197882186272182
3.4810163490474224
3.3404351412318647
3.596983886905946
3.345899449661374
3.9705398618243635
4.281065971124917
4.03130262310151
3.557522783987224
3.101369093521498
3.704308111453429
3.6556897016707808
3.459656124934554
3.2555858035339043
3.5650958924088627
3.807714304421097
3.8388734550680965
3.8188233363907784
3.5304081928916276
3.5516867629485205
3.320004148641601
4.079469768097624
3.045905276434496
4.34044816205278
4.48712782538496
3.0831027480307966
5.032736942637712
3.7819993435405195
2.981536509352736
4.763826685026288
4.575436667306349
4.441903825849295
4.708366494392976
4.308750887168571
5.4792090225964785
4.828600825974718
4.775135321076959
4.254141928395256
4.471000007586554
4.909766265191138
4.505272064125165
4.16496614436619
3.642398677766323
3.538370936526917
4.588459201855585
4.023341578198597
3.1650087303714827
4.410136851714924
3.052440476603806
3.5933176586404443
2.7803616187302396
3.5742524210363626
3.2389994204277173
3.8491353671997786
3.2083257554331794
3.5678452788852155
4.1636195024475455
4.346553279086947
2.944728442816995
4.265688688494265
3.7814986540470272
3.9503012602217495
4.637750678695738
3.266312726191245
4.375275744125247
3.9359886839520186
4.439939491683617
3.4844559081830084
4.922592334216461
4.5684600623790175
4.961051050573587
3.553598494734615
5.035591188585386
3.281577159417793
4.995755507843569
4.330300665926188
3.9875179077498615
3.6810932180378586
4.104327970417216
3.5969085830729455
4.948464491870254
4.006890053395182
3.676291204756126
4.093707733554766
4.108389209257439
3.7190368520095944
4.230151700088754
3.8813227338250726
3.96856381255202
4.234313364606351
4.122706576483324
4.460400088806637
3.9683470856398344
4.734405905473977
3.6964837873820215
3.5538350815186277
4.150786071550101
3.176240804605186
3.5251980937318876
4.47598903439939
4.176002087304369
3.55697875469923
3.4424638358177617
3.6727381066884845
3.519379899255
3.291974790277891
3.6285054167965427
3.499375292682089
3.8299287772970274
3.4017956028692424
3.6261063513811678
3.362071750801988
3.387582042021677
3.2836961451685056
3.224850433296524
3.5414330451749265
3.0771916604135185
3.3178581834072247
3.5133150400361046
4.248768724966794
3.1018570356536657
3.07366760680452
3.7367757747415453
2.586684613721445
3.3839774512453005
3.791481526568532
4.644362646853551
3.6769162509590387
4.8468575172591954
4.196825506631285
3.7277225366560742
3.1016411087475717
4.762558490503579
3.4430602667853236
5.100061405915767
3.393125738366507
2.6738335735863075
3.0428705067606643
3.7444200806785375
3.0062438880559057
3.354932645102963
3.6629487477475777
3.262541766394861
3.7681905664503574
4.317798008443788
3.7883998095057905
2.973366918740794
3.9561122213490307
3.3822309632087126
3.8678790838457644
3.6764159977901727
3.1835693987086415
3.2517676795832813
4.069947742624208
3.3844680679030716
3.4642294836230576
3.1987440462689847
3.341353696072474
3.214264998328872
3.4836753596318886
3.487433484522626
3.2176243881694973
3.5219650752842426
3.2936393454438075
3.006820161943324
3.369017076678574
3.3203347250819206
2.829725146992132
2.9186552710598335
3.2720870582852513
3.423569991486147
3.3808653955347836
2.731764010619372
3.7165649821981788
3.5830183384241536
2.8400207166559994
3.478261276613921
2.8283267822116613
3.459486079402268
3.6654176943702623
4.038574760779738
4.006711341906339
3.827056069392711
3.2710613704985008
4.003607766935602
3.9210813983809203
3.6991300934460014
3.5922137475572526
3.3830652373144403
4.027760312426835
4.077826911350712
4.038868993753567
4.0878610976506025
3.7373028856236488
3.62172327702865
2.819724731729366
3.4031551042571664
3.6525655759032816
3.8728553217370063
3.4468379747122526
4.808805934851989
3.8529731759335846
3.4929522316670045
4.461686293594539
3.806778220459819
3.7631821208633482
3.3663006427232176
3.5004622023552656
3.107493926421739
3.7476379440631717
3.956790732452646
2.5403562115971
3.4982038135640323
3.9549818634986877
4.338722189189866
4.2992201338056475
2.9575774098047987
3.808920515002683
4.395438997307792
3.6618423683103174
3.702138169668615
4.274161892477423
4.007495596539229
3.006681167636998
3.1641961545683444
3.9759702044539154
4.230769070098177
3.9842930058948696
4.096058248542249
4.950304329628125
4.619036421878263
4.749131988501176
3.643926636548713
4.3142274770652875
4.224978438578546
4.53839860111475
4.363275404786691
4.700728493742645
4.1840449997689575
5.043372571002692
5.350328686879948
4.332963972818106
4.183473292039707
3.772648531710729
4.34932330949232
3.304840723401867
3.1224145924206823
2.734001954086125
3.813670959090814
3.5851797179784626
3.8316888192202896
3.4639989805873483
3.904550278093666
3.874989515170455
3.304193942109123
2.977351761655882
2.957317543681711
3.9706614774186164
3.4338322184048593
3.1814144018571824
2.5533136064186692
4.320148770231754
3.1149303417187184
3.1238322723656893
3.122565083904192
3.5808777653146535
3.784263371489942
2.6553925971966237
3.290377914207056
4.396244984352961
3.0862684494350106
4.189743629423901
3.5729308798909187
3.390944372746162
3.2697064327076077
2.971251319977455
3.3457397707970813
3.232504691579379
3.5936997949611396
3.452332236338407
3.714197027264163
3.471886891173199
3.240436913911253
3.3305759036447853
3.037523129489273
3.0544068883173168
3.4833429479040205
4.017886042362079
2.888647236279212
3.585595716489479
2.933810830116272
3.654427684377879
3.1133391574257985
2.965763408690691
3.2144563377369195
3.3550631892867386
2.8306630806764588
2.681916261673905
4.110094945412129
3.3584232409484684
3.215212994487956
3.664989956887439
3.838489643065259
3.264738925965503
3.510915223043412
3.7527488758787513
3.4609915784094483
2.888538107741624
3.0682870441814885
3.354275097255595
3.5343270578887314
3.8548905476927757
3.4846928047481924
3.7670290759997442
3.0669782232725993
3.81072625820525
3.911421238910407
3.3793454172555357
3.159521905472502
3.0099470822606236
3.7283724503358826
3.2650517116999254
3.7330315274884924
4.0945086078718305
3.5574172604829073
3.8597216395428404
3.564361501368694
3.0154490162385628
3.2740163867129013
4.123922314029187
3.328703960753046
3.9953729331027716
3.541851522750221
3.1279549297178164
3.0761672048829496
2.899988988880068
4.260635502403602
3.6076203709235415
3.9879227355122566
3.7046382429543883
4.477108556544408
4.165625860681757
3.3964715644251555
3.2066366062499583
3.6773702434729785
3.6904437366174534
4.052734322845936
3.9395769216353074
3.1467652852879837
3.0783123146975413
3.8365619350224733
3.69210434157867
3.7337276607286185
3.78641037538182
3.720253071282059
3.7163849293719977
3.067777208983898
3.577806303743273
4.288231746293604
3.354612909955904
4.389698120066896
4.358184258453548
4.1271933655953035
2.9415450455853716
3.2870138621656224
4.382500868756324
5.1181612147483975
4.063594819279388
4.155125256744213
4.206575992051512
4.630166113260202
5.18984773545526
4.1797058848896995
3.9031769536668435
3.4871740891830996
3.4887296251254156
3.8964391400804743
3.4747666269540787
3.933236872544512
3.2746754861436784
4.398657845449634
3.4955051937140524
3.872853815322742
3.753791802795604
4.325113793485798
3.882339047268033
4.202258728444576
3.4315725243650377
3.716003838228062
3.5109828129643574
3.8017758257919922
4.037419197615236
4.001124982838519
3.7534561838256195
3.715950772399083
3.9581502591026947
4.579874080838636
4.338524757651612
4.258586355717853
4.787125838920474
3.3944222908467054
3.8238767506554723
3.779410057235509
3.9115768501069397
4.393111545476131
3.088856002432294
3.3210903295548633
4.12019897159189
4.481367553584278
4.499901765608229
4.110051223426126
3.347855732194148
4.0257462481968105
3.334210563916713
4.1453272650251165
3.6569866748759523
4.070715498877689
4.443117712624371
3.667910175397992
3.6326832093764096
4.094702850445174
3.651651924243197
3.6249137686099857
3.648851320380345
4.2057737819850445
4.79359726049006
3.8134727225406095
2.62303897109814
3.622944845119491
3.680897593148984
3.3287162008928135
3.833475829800591
3.3226326185977086
2.684031754382886
3.780608249246143
3.5831546706613153
3.7818618088494986
3.293064344674349
3.363376062363386
3.5329332692781463
4.2218071557581425
3.512600007816218
3.6636113475542516
4.048923658323474
3.450919619644992
3.9054666196461767
3.6699599709827453
3.323758876998909
3.811368123278953
3.387775744544342
3.685304520186037
4.122252420987934
4.073026689235121
3.7743069804273546
3.288247628021054
4.087197805289179
3.4027126291766763
4.973319279495627
3.350715292734094
3.742416102439165
3.7704529330367222
3.9022568562068045
3.6639317657100037
3.1986934433225542
3.3981004140805453
3.0704330812441185
4.084448392735794
3.319849642342888
3.644598695100285
2.9986316304421052
3.3998320155078545
3.613932303385809
4.3190401655156165
3.365356920287013
2.8429468201939017
3.2967980441171676
3.3634802423184738
3.3853294611908495
3.102454025647603
3.2490396007196978
3.4946587869198993
3.727804941823706
3.7391988737508655
3.515281989937648
3.709772200207226
3.416122459457256
3.0036256624152884
3.1126769442344084
3.90868860098999
3.110790968989022
3.324785651289858
3.9782897087279707
3.9120821908582
4.240917125251144
3.1450593061745167
3.6414228822104633
4.798871023580432
3.9101658997824416
3.762004794087261
4.293026350438595
4.146613371092826
4.12333904998377
3.473411239217967
4.207862845389172
3.2852174695581198
3.7825698170345277
4.324885156704113
4.2111129955155775
3.3459837281843647
3.2339709737570956
3.475143800023943
3.688934735720977
3.7696753590134904
3.321406594943255
3.3162922729970887
3.122637298540212
4.232612686231732
3.4681022247532383
4.037603653152473
3.3958516105776653
4.0449642518069595
3.827568811830133
4.504007880110294
4.4270328735001385
3.95048197300639
4.165883950190619
3.586937873624265
2.804426962742582
4.4041237437631935
3.7943985055899248
4.028594498056918
3.164188891649246
3.7194776098476723
3.458438439411111
3.9199647319037467
3.992978377500549
3.400630424846895
3.408132567536086
4.0724670715862885
3.1911212508566678
3.9215819771634415
4.216112893773243
4.005384882679209
4.55019123875536
4.089698628755286
4.249467782792635
3.5630331977736205
3.9068670355482027
4.4300298317102715
3.5471117256674916
4.676841990323737
3.5219795907614753
3.2622598106972873
4.288837989792228
4.420857704943046
2.896160740056075
4.063108386239037
4.198264549369924
4.191190388519317
3.022747380367946
4.37602783634793
4.531431537820026
3.7775172248948365
3.8429305775789544
3.8553090376080945
3.4062135842395946
4.015283485408872
4.011901991558261
2.733791266917251
3.2037075583357364
3.6825693456921726
3.229541342239827
3.0020670444937423
3.6867321407189593
3.314060242846608
3.2310206367401406
3.099260820192285
3.6484823464415967
3.1473689342383295
3.1939305709674954
3.6995586699340492
3.7727950769476593
3.0762886186130345
4.031193635659292
3.8800357901491225
4.222189352149144
4.346098607988097
3.668501753360033
3.1426458545029163
3.0913397661643103
3.90163712145295
3.217508581466973
3.067591807572171
3.6617125018965453
3.253103217110038
3.421717735589482
2.916488907416351
3.027948493603617
3.308189696050249
3.831011770758778
3.8565348056145012
3.543396299239248
3.820430580060929
3.42503698321525
3.430142314871773
2.951857999083586
3.2210708583006635
4.082756803953089
3.489947828813456
3.902636482496746
3.7521307844435796
3.320287370122969
3.693098261137493
3.2059091600822285
3.5226064558373764
3.7898506047204137
3.333865337772295
3.290752162109129
2.972579534514807
3.485106485313736
3.579577379161492
3.305591074284166
3.9847907962976024
3.307399754296057
3.3966817151522264
3.461625046795234
3.3464828316355124
3.779322611866519
3.5947878749575466
4.185630146879703
3.633586209267378
4.022064636345021
3.7566465109121054
4.117135227308609
4.386110003571957
3.903053969843313
4.796892338432372
3.2311617656378075
3.433138446183875
3.2036199886351824
3.1494072270579636
3.1236643069423735
3.1665214106906205
2.8612977642333135
2.9410747956717387
3.2702483797911555
3.6731360201956704
3.321719849249348
3.3080222302814946
3.177680723601952
3.421176490955986
3.300298808142543
2.7268217514501885
3.5552173557225615
4.000791503465734
3.722036236897111
3.800560388248414
3.5984158380888402
3.702989447512664
3.740325676626526
4.46046556532383
4.620279626222327
4.041154465870932
4.182252514641732
4.049094869289547
3.619647396961227
3.552528273896314
3.2923575742170215
2.8221172557678074
3.198650417733006
3.0786615156102926
3.251608212129213
2.8345326002454385
3.1143032036488876
3.534693018416874
2.9066115320893005
3.44451343617402
3.231421208009124
3.3396674701943994
3.4453832658473402
2.7586562229553238
2.773781104013324
2.998277874547057
3.461218045442365
3.421751545043662
3.5610753300134093
3.8665228930767626
3.168954947264865
3.4425563627155498
3.4022651236737147
3.3615653155138716
4.005710679106414
3.2655753712169826
3.8989163448568434
3.4209371457109228
2.8951809478458017
3.2440478171920404
3.885391322313808
3.645070266793482
4.0066288178786635
3.9510444486513734
4.430297147016972
4.026579153956845
3.3624293729662895
3.506132676033303
3.875891360337846
3.21753455651924
3.1601424920372665
3.557197134126909
3.408908191602677
3.613649580045603
3.215321602881886
3.5914700124412775
2.9012563520809636
3.08875242061913
3.339231909136288
3.421312329825014
3.355908086290583
3.5261175413616
3.3035429769661278
4.098467715200968
4.130215154029429
4.214834933867678
3.2058052924694493
3.800942945992574
3.8229586052475497
3.5547860549995676
3.8625203820411116
3.579786528018303
3.2811400362988934
3.518250541528687
4.206466634874232
3.0972363251494244
3.600059718475677
4.009665280813351
4.395153182325885
5.198688337346539
3.319722057785839
4.631895489059389
4.598942005774006
4.2524858033284545
4.649550430942327
4.92353895236738
5.746264463989064
5.617207182804123
5.170321761397645
4.443767420714721
5.001021135598421
3.451318445499055
3.793804709566757
3.8352159139467403
3.205630585900508
3.7347783549921587
3.4077630568062887
4.821333926171064
3.2900269544916227
3.7364940157858655
4.290000299806707
4.4244797106366605
3.908341186470352
4.2338121444918215
4.426264195004478
4.194692602730356
3.960454009240493
3.4522541185142472
3.825406195828691
3.689358530100435
2.9013875359669328
3.3165516826556996
3.1981659770244732
3.5227991612628102
3.358999248361215
4.125582732143812
3.6257523853564635
3.744568294263445
3.3313498612260446
4.467213288182393
3.8449330260045826
3.5585452162194997
4.321331687737256
3.9817579650552943
4.451439642347395
3.911516929976642
4.312769915442914
4.358475088374689
3.2495605191215873
3.7233701937366277
4.416889425832778
3.738840723061003
3.645326556637883
3.3227529156720266
3.218497144174762
3.3366185148479417
3.646177875576541
3.8175056610489264
3.68795392208267
3.667162357713096
3.4271483240881935
3.902570826234296
3.40893553418573
3.1856644018553197
3.667708131019026
4.0532956895185634
3.921169865061529
3.1740021383157
3.7554171414813027
3.6844367526937276
3.900252864463255
3.9294084414141253
4.430728289531544
3.9438095656223595
3.540419553872198
4.340949603240006
3.630687443423085
3.618920555571094
3.145656448788941
2.8933066700119525
2.9834100963780656
3.283119471045211
3.1312405762728304
3.304795616189949
3.4456379199400544
3.625987102976069
4.085867274785414
3.360175645677373
3.2898538724984974
3.40253134642262
3.3109003716381267
3.8672181776491925
3.646020723739639
3.599752855137922
3.1145037539536133
3.4003838778007776
3.0002345526590943
3.63339288381394
3.5813238197006285
3.3691262080101296
3.2026694101514295
3.546004773816094
3.8637519006151706
3.223726717871614
4.502717336406931
2.8200367861427367
3.4396937917917967
3.5528888787375763
2.8175974691985175
3.2395088761113584
3.596843170118518
4.099648730363697
3.688689698581584
3.8139373440062627
4.0623439002083614
3.3396622487343848
3.184134499868378
2.9892794765764847
2.9223544420674443
3.4833050234010443
3.5189632053952664
3.6264497974189
2.8981646830798127
3.2215646103722975
3.541323318379
3.7497502667829394
4.209647734533064
3.936612856807187
4.202277139178477
3.7633298505097628
3.5266950029181316
3.8020141284214333
3.5391730224946514
3.575761662097648
4.445220843423158
3.5644040283514187
4.018880934803747
3.371122937183827
3.97738788893912
3.4026432526297867
4.05974915123079
4.46314612030983
4.157184520852752
4.744902414968237
4.984468559734523
4.528241758933291
5.3599629637319595
5.1041945200413465
3.05790148593951
4.0637514147674665
3.577331329928711
4.142245575785637
4.062440573237836
4.1322956047952175
3.464424599078484
3.4898767967242748
4.142841135733761
4.40329581068363
4.012930038268678
4.9532862226478755
4.128369540441781
4.522570458939299
3.161071043461561
3.5554659764748067
3.3426940680947155
3.102050596731715
3.027990631875582
3.619246597052552
2.876306946738623
3.4903200196567923
3.872729427763261
4.102954682079144
4.061770768719725
4.123399896314368
3.7925729926209897
3.4558046185411513
3.463132757227868
3.365874382434413
3.1464533482212573
3.8958357352530584
3.7398544137831777
2.9316088571213186
3.7393771273782477
3.7933360169408843
3.5112488423474133
3.3956266798777506
3.808941811439581
3.6242357961600646
3.1821850421838462
3.4706870588706806
3.638417770038359
3.4957696897909045
4.532346967840567
3.4883270476711914
4.10031760961283
4.7107862966367975
4.1931810029782355
3.83549286716152
4.194241564837284
4.1281903443159536
4.478667443385348
3.8292887604329735
3.4084651654120535
3.457674750010483
2.8596547310007736
4.509706762619317
2.813656437851023
3.9089057142846286
3.788452181383036
4.128382975584827
4.067566586425528
3.2220986305037513
3.8266830508364365
3.7164543353719637
3.1077754710568115
3.38647965004202
3.500760816503316
3.6784593628253788
3.643431528354995
3.2528607931453735
3.9079574747011065
4.038829489145428
4.090309994644485
3.8912029047496617
4.010839743539691
3.6236255163676105
3.8851647920673713
3.37288392521441
3.559227969381027
3.671398626291193
3.754594293772243
3.5479245667811483
3.6103924132185057
3.831624810700305
3.945591489202343
4.178282970795408
3.5954542632680386
4.406470657675527
3.865637244656682
3.9595219793263823
3.0961280566407368
3.736436838982627
3.8496639479417354
3.635431364644319
3.80943028931506
3.365318806958385
3.1968413663562387
3.692276065470651
3.52160161442589
4.05676387285348
3.728733550524339
4.003754934761673
3.7176998899085447
4.221627582330257
3.7774651452200487
3.6849983896827325
4.47374552290421
4.275931108510122
4.063995663658716
4.434655446209945
4.600893826689571
3.6099727966357023
3.9693250173004344
4.33927518222481
3.4286430364008993
3.947081691934727
4.106172597734258
4.200582664692774
4.00208707083948
4.807064975379035
4.5500787037890404
4.7512144113425165
4.5730837292503566
4.042522820876911
3.7776205729460344
4.3658324014395475
3.3317646267823875
4.495492187095806
3.678669053479098
4.770444311201572
4.514320389949717
4.650846985401586
5.3254011338576674
5.3310969434678555
4.715647129574791
5.090124689042568
4.452922930940986
4.48385988897644
4.369284188142046
4.679006096441299
4.102717187255621
4.31629498838447
3.8133519791299477
3.895066141150892
3.5530170722631738
3.269378611817956
3.2320991589222103
4.177847643615678
4.031216124538332
3.327947288984433
4.17966352798976
3.6809886497212574
4.358862864784896
3.800077259307727
3.0859443328808993
4.085424326942302
3.8595393211580813
4.45382281113416
3.2292658486403525
3.940683613764122
4.693976066540927
3.5407923283055425
3.6594657766399905
3.916092199506238
3.9835902316262946
3.590035681729205
4.056325819110498
4.145150075899437
4.042983304592781
4.733244083123282
3.6185420005349442
3.651511600241065
4.6296593809966
4.395150979980826
4.920075228437781
4.360126030514948
4.155054933275096
4.845633258810267
2.970424797036685
3.072113942587748
3.180398548138328
3.161747261416167
3.9460074028465897
4.013962239725515
4.258470152039081
3.9772214783588424
2.8923536484944634
3.3904477974865586
3.973694069427438
3.828695493633859
4.653718662215397
4.516498256707564
4.460090454900637
4.346570870606229
4.319379480439238
3.937520069652237
3.890019574551843
3.467271637637168
4.130008939653635
3.9451183867640793
3.752449476160109
4.049768227618188
4.447907003341243
3.3665643697604537
4.329151222365908
3.99885846208781
4.026621252996847
4.102984636207111
3.627623481559567
3.389368896954693
3.954281069803983
4.485828837379813
3.856835668673739
3.6006311782402918
3.6709156978176907
3.893356107524596
4.397723084082827
3.525117759592831
3.305704336729832
3.3417219400871545
3.4190685021458194
3.0820848770672455
3.4833630494540557
3.2658246834762394
3.709948832867667
4.00637094292324
3.000435912050307
3.736657392932102
3.2904119642917067
3.4589046775363386
3.9098075766814873
3.3480756178032607
2.876650338585023
4.01080107758753
3.3131863839225844
3.6235179161885753
4.462193858460523
3.912469526869245
4.580626032780856
3.494903050013818
4.2580810451181605
4.367358319461346
4.201062986976467
4.5879534661071375
4.094996981788427
4.123637856566347
3.5262861871160567
3.3889761965256184
4.052098018000834
3.671635397244245
3.7438452338101342
3.2135546759236604
3.061089386115782
4.055938909412362
3.950709887431003
4.266555021284148
3.974336303304881
3.953540157293901
4.6618136637844145
3.8184709200868383
3.863774571334943
4.605653326842003
4.146407083375379
3.470622436259873
4.665548239718191
4.43981486489065
3.8417843368370086
3.922511949436739
3.5708156367763877
3.2559906132519245
4.396945232292637
4.62740615895018
4.745362858986482
4.267282399116084
3.0647133918246254
3.741284110583365
3.9175636356230825
3.4818270930554718
4.031297187902965
3.755293796537444
3.4570214299019426
3.085941584315151
3.2041294204536825
3.829767706338316
3.4188953560078517
4.202546093263663
3.412202460807748
3.6343835077714175
3.904684680281207
4.626296219881624
3.310481832246296
3.189428138663061
4.511618169373833
4.4133209713036194
3.641864820732735
3.3305660027544945
5.2230310349259526
4.645440754247829
5.283393144840375
4.20478161808569
4.502609763410874
4.665624014218338
4.876509186229669
3.958772949525155
5.246128964237869
5.331273596966639
4.677912864368409
3.480147147201933
3.3176072005880997
4.041407747543417
4.25432477297727
4.131572243059054
3.723243261454627
3.6147167567396536
3.1198598392074928
3.463346948265098
3.23588306363672
3.321988736046478
3.672806135378778
4.160714854835533
4.524635626235977
3.8429996457416564
4.426725207129493
3.5140028847381473
3.4282438484951854
3.001055278116837
3.6720217494294047
4.344598978292197
3.402386393281631
3.42875436344184
3.820430339779705
3.6010814362671226
3.366106872796081
3.7788873055251315
3.752753933542408
3.511692395550199
3.4829593701288104
3.2667458071373403
3.7545662347692996
3.3275608787080273
3.99051080935169
3.644043094245717
3.9873141050338745
4.3456808187766
4.663953272276558
4.143359356909059
3.433184805442579
3.654075998114422
3.6404754435643554
3.814855819917284
4.280332666006871
4.299743086448871
3.830749658169225
3.992204615380615
3.760307863005437
3.1183159498032182
3.8209505502600223
3.587033710209653
3.8201631780248135
3.092047585756518
4.110481466166675
3.340916510554962
3.758569773985073
4.109295329544693
3.409790617064573
4.13609529286623
3.1680823587812483
2.796719743637368
3.339309634990059
2.8618667770642787
3.7694638245739043
3.955771376262419
4.141094586579129
3.6537223532795906
3.7036568952025846
4.0855038478039205
3.7635118920588866
3.258935759891756
3.853377337451093
3.7842214480042458
3.2927957541542128
3.763093835557811
3.7251129361102358
3.4970771218650043
3.2869556954829022
3.7225348657229915
4.157595563330688
4.729686697362922
4.032573760370724
4.220429701497778
3.4422849535476416
4.7296278772410005
3.5276591260917485
3.9243450871435925
3.9334273145068437
2.9436760749085806
3.2863128659082577
3.4117793985642493
3.090402713161893
3.9566567690344527
3.295451723271981
3.599170596920885
3.7574032105039805
4.305370309157297
3.801245103008114
4.0009055227274075
4.3165859882719815
4.290381258237176
4.343355163699016
4.1614591653924435
3.7572293628472835
4.044154947041534
4.240239834529348
4.041225980850868
4.16948828776367
3.400733622489497
3.111255134223029
3.1243571926024742
2.90659313776996
3.2507500814972445
3.1961276793153957
3.4814960609655827
3.532878871774301
3.3455661745974794
3.718505837372504
3.542866204632446
4.124074705992825
3.7402422132436186
4.2825607968261465
4.275835352833383
4.255243271472864
3.733435341040604
3.4222040455788374
3.965223205741495
3.4039760294836015
3.651154659455642
4.1281466343207285
4.779545683646575
4.533499404205941
4.085157033172436
5.043916745809838
4.312143092509359
4.899528001085855
3.946904980344698
3.5144538927124813
3.4629021438304335
4.107849351363257
3.682455413043499
4.209380410029553
3.986654606414959
3.319706604233943
4.006831488921307
3.8874158738180995
3.3783775634365156
3.2464591684401967
3.920857931370847
4.213029922568239
3.300329626072198
3.0683239900972694
3.5578934130026028
3.7442753488430753
4.817485757288523
3.02993902831804
3.1286431326298043
3.8162635795306414
4.17077857570257
3.628795161144808
4.159226729418151
3.285364950657822
4.120164098567329
4.132758849300444
3.411411745357327
3.3884359324583784
3.286500930204056
3.7254350325092673
3.4783000358147547
3.1267405793769285
3.611960836336948
3.625957370037213
3.3634661897085607
3.2544950674055144
4.568568473565392
3.3152307282434776
3.8204604675993323
3.93182577972766
3.2946323251817375
3.417914786376059
3.67304410925135
3.6042303015710786
3.7101192210102454
3.970564129180275
3.554545811493881
4.180687679094262
4.402474923757836
3.127562057110481
3.3930773524334654
3.6544142462080345
3.324416175368242
3.972742026904598
3.091703440528363
3.5660076159983873
3.1541300404351205
3.110526745673269
2.739921924599912
3.5301158746005967
3.1414396717445925
3.7446363187627867
3.6365193772362545
3.422574625816196
3.587717874208465
3.0889494325383566
2.946361271548085
3.193993265624158
3.2865343592129648
3.743069719756022
3.459593641804531
4.2458042978541926
3.6347273947903886
3.4265338837867603
3.3929852253058925
3.6541471076197922
3.758727671112865
3.4146470378618687
3.335587137262337
3.303712387685664
3.0791320477146655
3.8245605878764763
3.9694400508888066
4.187378401285969
3.715256697149016
4.030391314765438
4.288884488400072
3.5377403874881566
2.8291786359623075
3.668382122879848
3.2810317310504615
4.995650125434622
3.2547594831557944
3.864171350840479
3.587152023334056
4.3195809602038935
3.9668560880236328
3.4257924931589514
3.98845650954172
4.54857809166424
3.6938639079453424
4.3217855205293745
3.7950512249954045
3.295263445819728
3.838269771076739
3.5379187737125903
3.2055034020449966
3.208836020086892
3.4371377486968413
3.234238066826947
2.987478026887402
3.552979478496127
3.0883837033761665
2.6333782007568516
3.454003924620338
3.1040783813223243
3.66417445091065
3.409262250876054
3.7719928509322926
3.9638191853882745
4.26000173331704
4.357679845532402
4.012347193318419
4.624413657234982
3.347751458059065
3.475110941915773
3.2038398631848395
3.6086968757444993
2.896579511347227
3.468954173149541
3.4404194765957072
3.3833601482911035
2.959145034663379
3.679109485121444
3.647487030713819
3.4763521339045838
3.661930193309672
3.7331510435324162
3.500201922026463
3.6644483774434775
3.593995586154051
4.126778841949999
4.091281200177036
4.010636858525686
3.750786024495028
4.145430782693438
3.777791958069429
3.8256591801764444
5.320709444349632
4.094221421517432
4.075560498749837
3.672693290631287
4.170219216728583
3.120040159439668
3.10809428896755
3.5354056634241715
3.9619196879211813
2.9637304722564295
3.201359078520909
3.213966242852621
3.6426070757443085
3.803783304290846
3.9663828120101243
3.2359432881930843
3.2980855994392186
3.876603291835636
3.871961632510647
3.6662580216070637
4.077587174600922
3.184779918170534
3.1926665694336407
3.244180769310333
3.447480349394027
3.2144262251094915
3.7403001710772514
3.2898885486647487
3.770834603579715
3.9248845386318862
4.368663124623708
4.068884140346199
4.926964149111882
4.402841078815982
5.1881793710635975
4.180472758598626
4.125619404600002
5.045554288430139
4.385705796885304
3.225634231523145
2.9512452766066417
3.5137429159367457
3.5683587153907865
3.760587036726065
3.1896707975538447
2.92449321760796
3.1690725659718737
3.174564767978154
3.3450986122479662
3.3785543056437746
3.9635072347009555
3.5149034667992964
3.4636606702115387
3.7796281235059723
3.5386151196435094
4.148301657522097
4.57990984339267
3.601092749275267
3.8725571230752394
3.2189654383109882
4.523455835180357
4.338406404363923
3.5658078115666285
3.720732958172448
4.286246532108635
3.163398119620979
3.2045809878618456
3.5105554228648543
3.7285085471812636
4.236057926318608
4.7842647053767
4.034117134171538
4.204634557827376
3.924438212183304
3.4858028100570664
3.9001343335257843
4.322401069919579
3.957916092243977
4.822524493327364
4.973231278825551
3.802639317465946
3.5219295524293557
3.9045321258017793
4.182523674564436
4.1134905642829835
4.651367540587671
3.8743098453851417
3.538015140336938
3.7672752424841747
3.6723084235563874
4.200927085359581
3.64688675920479
3.4551032199524343
3.955111113958992
3.662015316891484
3.6543346978724003
3.7095210826955736
4.1143996343016624
3.773130166810006
3.6129910562885925
4.230453237541951
3.8707404675660655
3.743502790457569
4.423345067538321
4.568348682951182
4.420753950253129
3.458249493385665
3.4307658950565383
4.4155311330687255
3.41913404839579
4.247362219612114
4.273179093492217
4.085394041612744
4.239153829403222
4.652688703383319
4.3492587502114475
4.22072602645494
5.0181590733118355
4.591126522631384
4.4009034058544785
5.2552876975387335
4.1752176496665925
4.074875962804072
4.378392818616703
4.121654361835681
4.219038573559374
4.065670954412781
3.8459291864419356
4.302715447265655
3.288653156370856
3.8940453440882266
3.750203672563657
4.301890758331865
4.159206778742373
4.3133789849234745
3.4415798026602715
4.166504519060254
4.147303716978058
4.066052121226676
4.655942160170525
3.5770316353300586
3.5092092156410217
4.488658599555492
3.0109556287061423
4.18280233850237
4.844464568886906
4.429630541126244
4.541155936429277
4.43454370519612
4.6391486478969455
4.427470983704552
4.97638833487872
5.071132044773549
4.23510876740329
5.302132357493974
3.1751935319043696
5.112810356542468
5.224047177005559
5.459203966893256
6.316994817228988
5.586522836354561
4.0365354754030704
3.922845783061348
3.76848982879892
4.1799770827637985
5.434007680625655
4.633440007688478
3.853540060459636
5.628628053935245
3.330350730684586
5.099677354679443
5.189069647574797
5.912776939221658
5.483922260347754
5.684255427331664
5.354874619748443
5.743534796405584
4.733129277010448
3.7459673959529027
3.7565510175190866
4.157930994872004
4.086342647555284
4.036959949065931
3.6780423336895183
3.783249854692258
3.601739102450665
3.752266133844387
3.1506782685173675
3.605170965427533
3.7644768205937
4.014936299645342
4.532275689882226
4.57295520871412
4.199285390553996
4.32213799119927
4.087193787214346
3.8681332017295063
3.363182804081589
4.108808488352224
4.863356286427006
4.0083301165141165
4.389485021587461
3.8750894245458767
4.183601114549674
4.4585293780546635
4.457707016845234
4.795595185132697
4.456370729487389
4.749414129066281
4.2315601230366156
4.4159534006612375
4.08866087149363
3.812359052244574
4.625171261373907
3.9551057028584182
4.202917113085277
3.934095998760313
3.562591953901574
4.297594701289199
4.928581698331982
3.6520121284993365
4.474432736984454
4.391983010922559
3.307358263642527
4.351095843478106
3.343401268008165
5.509433939121664
4.099614365841262
4.4894970409804955
4.795793725876138
5.478865302517079
5.289473283686675
5.065923360874876
5.513368218205869
5.316048162640072
5.5921763512305915
5.730806951411068
6.583164202980697
3.8882822933373973
4.468743846518919
4.241029977332801
3.679536051582545
4.409877423662692
3.6370208472944796
3.9541160713415593
3.872922894312069
3.806982696056366
4.1289032633649185
3.4201024272479117
3.964951774571091
3.984213067102246
3.281599452951923
3.758960478939116
3.2754309854935855
4.062022974016145
3.7240757149411365
3.869622375583276
4.3961359253153205
4.16510774474591
4.73319663933944
3.87648051220458
3.0301352210808545
3.1303718028357252
3.8035932747879997
4.272254608338699
4.54029055708088
4.417374041164294
3.8518361183814704
3.193949055392295
3.256462830468081
3.4426751594292
3.4896546417148784
3.4600620995042846
3.4089924066793174
3.4261363240657374
3.584267459111288
4.363913195556961
3.9380738293984905
4.329172057216056
3.928439852083102
4.145394444232807
3.4291750120464712
3.9497392430203035
3.76123797474429
4.568506999872625
3.9446879350580275
3.5616876049898565
3.308893421664834
3.7478639575419948
3.6971609032480046
4.097727097803727
3.8610414937138557
3.7510765549959615
3.1419697261881083
3.061487392289564
3.2455847630044445
3.201187886064872
3.5328411827795208
3.2995137196267024
4.326088393223472
3.8576250026235357
3.814324365812354
4.761001340346411
3.445589374168776
4.024820307502523
4.193524908972904
3.1691347502637655
3.6373115244787186
3.639630588935688
3.848768566385843
4.045942023047246
3.168754854472354
3.630742492969148
4.088497978867963
3.431857118732296
3.42800958477892
3.070270968368277
3.4349513599881902
3.7205906403250992
3.899776279227808
3.6664675320498645
3.9072398799471557
4.4742272407747805
3.8850563236046582
4.172340300283395
4.184929233393632
4.631923818262294
4.38204414548818
3.8945998995332047
4.5815359484404325
4.014657803694718
4.22570316796191
3.801493084523827
3.4504313793731853
3.8030577476602048
3.6402597974520177
4.085598624427803
3.946977361687459
3.6512408521957695
4.329252027324401
4.241890533943661
3.8314734519226477
4.118081252323464
4.432664482737891
3.0105737185804173
3.0219704335322604
3.7275906765135005
3.7502639156300575
3.3179461585823447
3.5647300155833364
2.971672013227362
3.5555216416250914
3.823185452260077
4.361523883417249
4.008864156669006
3.689860594808124
3.5552649311721325
3.5982457457575947
3.3235677405027673
3.482903777388856
3.7623817052226514
3.677802531630732
3.2911411678651348
3.307067248155363
3.347292460326571
3.7361937910318375
3.4471006873063743
3.649968849029392
3.42286759999115
3.9989233331289142
4.305748004699126
4.806971474434249
4.061337914201431
3.1004648944363
3.5030844145221636
3.760161477723159
3.305969286710024
3.27934544661548
4.489052331424318
4.394057362922467
4.199336652294733
4.010518436320126
4.562095349654555
3.6084563799668103
4.59920030948706
3.739178351010196
3.5856013576267287
3.4863670255290344
3.68931741011329
3.0519938786746934
5.492403658456169
4.907590761780739
3.360258355969563
3.4309890249278396
3.40746005193796
4.20946225640364
3.365094104898162
3.123697688919492
3.575340378214605
3.648653973126784
3.894802426570095
3.4138302489882335
3.571163567365147
3.565502192475833
3.612526497687213
3.9974245358025655
3.4636155302869156
3.8187725378666073
3.46931097318884
4.024873236310668
4.243436748743989
3.568027483066544
3.375146842561662
3.8866888389457017
4.19452371483203
3.6058308315696195
3.9550139694474638
4.956017050426453
4.307956146192737
4.316532872966491
4.025219747330993
5.067320039262995
3.20204293099232
4.156296064495109
3.7080417905235663
3.5339259188622236
3.5510794621659443
3.7790844353148714
3.3892638068646193
3.3502244548872113
3.3729718544054776
2.8986745821894147
3.674070054781623
3.491989429225214
3.4197395590599626
3.501363765913993
4.077568832086399
3.4738468807190657
4.092142862267792
3.6288811020785943
3.4578014764701948
3.547940698103048
3.391706033376977
3.722207860671915
3.774270323337987
3.728851823369041
3.9332710440503433
3.9423952165525407
4.089565939153545
3.2733745084842667
3.364628847455606
4.022754244389944
3.93770005076658
3.692848770879209
3.1789066906785592
3.843360792612657
3.7807431637775153
3.2940602911403403
3.729002899955958
3.1351423403830267
2.987876913510263
3.5308152532670647
3.5668700099922717
3.407262798747979
3.8764523218851537
3.1174201706890017
3.356272071483545
4.159756009350531
3.1322747477097437
3.8939435788197443
3.2206951786065474
3.872302446863614
3.4196970113553107
4.973187927855179
4.3823917848058045
5.12419004237745
3.789930015685968
4.029923669993877
3.780359859461896
3.5415279782610014
3.357076296233572
3.8835928089683875
4.054935758467764
4.392020086874254
4.571878231596202
3.568962895660661
3.7733667381107807
4.24431708001066
4.160566120524891
3.847216347581707
4.398792716790922
3.8767053356859833
3.279038087639492
3.798005470307544
4.594712863327004
3.4092742779757828
3.258710489142686
3.8430007247952744
3.3853567781625316
3.394293813558761
3.207361896871589
3.21487067011185
4.3152939738938585
4.047314969706349
4.70618351874873
3.8970259234774858
3.548630892764777
3.3687014434253797
4.483017836348154
3.1382072519045323
4.097413382376544
3.9084929232485592
4.516103025176562
4.181033741333522
4.574449355946854
4.370629861834459
4.746921534766443
4.058524900348857
4.44138408836443
4.368754214490764
4.313818673137575
4.703445017687045
4.183856853167526
4.0907808964839205
4.905479097156785
3.6153521817177534
4.759859647601843
3.8925748341716826
5.432054842822254
4.374945123563521
4.861195164266974
4.528313176240772
4.566638341289945
4.446953520877287
4.158662345376797
3.3839431202504784
3.9883444629376754
3.8241869932971895
3.7237230936298147
3.752159814350307
3.887664220179431
3.657589673064649
3.8676803243579343
4.308798802900128
3.9623798781540245
3.8462726190919057
4.266893775667995
3.8577194850659
4.366721872589551
3.873691158834845
3.516386764124036
4.1495597754837945
3.2244509633164853
4.389437605510466
3.3000396157149225
4.285805723746307
4.362167076324113
3.6649488606490195
3.845094329677522
3.7788848822237924
4.2868081867927685
3.4384595308220014
3.3732814755057916
3.402437483542599
3.7921757496660575
2.946027224359568
3.5492853593896143
3.750793447950855
3.5562708117067814
3.4579704254865646
3.2941184024093673
3.1478690869989805
3.563282793853432
3.809939312399365
3.3932164921425283
4.117448883363977
4.0967134583042935
3.8696185260778293
4.279788010986522
3.4647709819255397
3.87506743427366
3.4876377953914925
3.9453992617782205
3.623083127080463
4.513704655575566
4.030034444411285
3.2082705850480124
3.2955000719521195
3.4109736708924174
3.3819685265189037
3.5635471037821844
3.584270661114715
3.6357149941613898
4.388286445406266
4.868597179302014
4.028339701588266
3.746698730508797
4.632466664421372
3.705920492298901
4.388795298407786
3.8760417728917673
4.2724691613111645
3.9095053096534684
4.227837160113268
3.2872948702424765
3.82351159513928
3.8692035931162536
3.405132025363855
4.1249644830822945
4.2902404280612245
3.921561615075916
4.194677090737969
3.553946092375554
3.1951003656722605
3.3060601624893025
3.6212678351439536
3.639636856270954
3.700141665409319
3.453087985282764
3.5945028678979725
3.7967962299007922
4.223325647646561
4.163702908554114
3.642793552717194
3.3072827847208828
4.241475658025593
3.877119943150319
3.8778839868027717
3.6011417396366596
3.176541091990657
3.814973315456882
4.461718353210017
3.5844235019758344
4.004640620434657
3.832742548896931
4.012147231027484
3.675522572710179
3.6308338715462014
4.299798222142272
4.007368902792223
3.8088543387129903
3.469515595585108
3.8966241283342242
4.222223853459582
3.925555221387185
4.386179992579855
4.217104992480017
4.453945455723442
4.012332483427599
4.834676222875714
4.012538390001282
5.158619777183048
4.26080744038336
3.881797384703532
4.2838653329527006
4.021741062751971
4.194926917320117
4.980045942240395
4.2817956088110805
4.929246687563136
4.437703578383662
4.172773378202692
4.899083490599878
3.883818090427667
4.5688309136312455
4.417116841534153
5.595205559395254
5.508412244031206
4.529198535718024
5.916853811824694
5.703237736597657
5.43980326410383
5.084793649963103
6.054614674998447
5.939481173176318
5.050207217573188
4.157328984932974
4.918536387151107
5.331223912071437
4.229588658199646
5.034173807594925
5.999479776015505
4.113920659874566
3.6735169214662164
3.5460723837604746
4.264512237277813
3.5391216502757743
3.8896020922111347
3.9487591728102416
4.174326604348607
4.168147754040547
4.416916209855117
4.369409641018137
3.4274116944288835
3.5544000650406815
4.004735852242447
3.7069819886237383
3.400680427555926
3.7772290614666417
4.640311892959289
4.435886653489433
4.435008000815287
3.780513268429786
3.2254735936876386
4.2532218501437455
4.5339768312405795
4.411033062962815
3.5396825106581673
3.49943975021597
3.3733352097915486
4.82571514393203
3.6158098640153185
4.223891419242136
3.9133529607206583
4.466239343280904
4.380792808253318
4.216409013140947
4.3265900475671515
4.257760227192193
4.6244519877946
4.1521971359616145
4.320483153685927
4.8257229081355035
3.3557254426414147
4.177322008297779
4.840474479133263
4.40773424890358
4.922044936334714
4.464457986527123
4.899591738707386
5.0498254732228816
4.548771666712128
4.612475666683167
3.9069794478127733
4.14551382465288
4.171027927426621
3.3257617210038006
4.598429355188273
3.318033624906093
3.107755129924044
3.9104948814492673
3.658602553536184
3.5382392603205517
3.66298615175765
3.6356330268317834
4.084400627529249
3.5057779338676482
4.096700327587314
3.4966416162787937
3.5523517053807154
3.4904871663893573
3.78608625207562
3.9414444391150028
3.8316377074224874
3.901461740373634
3.0904985454981215
3.898611181182787
3.965104478527792
3.0134320872602984
3.0873408148181625
3.754143223981373
3.8016084011178464
4.3079839831916615
3.984537828131579
3.55092637357302
4.254771977546625
3.884432286140509
3.824264731258154
3.8206917754141614
4.266665450297296
3.6254240174312145
4.743345054215752
3.912861837656237
4.363601404358633
3.619326109881513
3.8872903916053474
4.415778380236588
4.885915897553787
3.570126070873812
4.731429128092714
4.265674496884458
4.6257144240662456
4.35688659211155
3.232211720838677
4.612760582589544
4.73675470915623
4.72748264321126
4.820236073806882
4.618430539034307
5.109609215636738
4.317497193813324
4.900652249227278
3.191290828748606
3.846046923310496
4.086871384177357
4.340523111983202
4.010135151795112
3.9689652455272153
4.164590120781213
4.712152450112626
4.615168397082016
4.240758395753801
4.502641350729391
4.159507725620642
4.727764828596264
3.93491514143534
3.571501254918985
4.584373026387766
3.9480499314377084
4.341775674140081
4.450660550617613
4.38004895800259
4.015226767631248
3.475412814761512
3.624386897077784
3.6664373711682856
3.144122883095406
3.2737085066037253
3.729890778544359
3.978152320953086
4.323637587833218
4.258306041359901
4.082193396636285
3.4328155234688893
4.394532777601853
4.256348652532324
4.219374324893579
3.7276940977899358
4.5151070734718814
4.241018804721534
4.094880459480919
3.132638623821549
3.778617823845707
3.9839804832590744
2.9878850536770187
3.489189820131287
3.7488055345602334
4.008138916804455
4.084258606424555
4.06017376948148
3.8439414472086355
3.905905283521861
3.134517062222585
4.541662622126751
3.277704656822607
3.8742479373468086
3.77361108653713
3.920448829419911
3.623184497351758
3.979498245869763
3.6777913949918
3.9851934218313545
3.87726624624338
3.5155525602167472
3.629823018447496
3.5111637910595164
3.5602423936361447
3.7313181599602103
3.5226815920323133
4.016462177038193
3.737342845299281
3.693356695352122
4.207234894158319
4.3615280812373385
3.341339193400927
4.018662281916477
3.5347784359473735
4.092241855338216
3.849133974406868
3.1494347292464226
3.600641744560562
3.574031042517163
3.5577889183769003
3.1032350434106775
3.6882806009380147
3.4978895881213248
4.203781768446788
3.5526389677543193
4.444471426308155
3.699106027954258
4.859359575202689
3.919718990335241
4.473786317044869
3.839812290505506
4.025477396673523
4.094804132939316
4.55545171094127
4.068160627037287
4.1916697811102495
4.44882492441684
4.225359443225898
4.925438622944057
4.102117773029022
4.423598277615383
4.073293210822158
3.5096965122502297
3.6127999875461683
3.639199640019797
3.7668087447527796
3.2971669989055954
3.438760149758309
3.5144026682246476
3.1167744036065415
3.713587749283761
3.631343966233544
3.674964649020694
