2.958517663180828
2.6694473922252655
2.9445241689682007
1.7763683833181858
2.6397264525294304
2.4273755848407745
2.6644224375486374
2.0622734501957893
2.0280921012163162
1.943750485777855
2.020948514342308
2.2249824330210686
1.5983251556754112
2.5235223472118378
2.0034952610731125
2.2586324736475945
2.8793957754969597
2.9346680641174316
2.1761667132377625
2.5903492495417595
1.827191848307848
1.48773555457592
1.6494340561330318
1.9697479903697968
1.7169076316058636
1.3754568472504616
1.8501348420977592
1.8707569241523743
1.5176829285919666
2.369790203869343
1.8600136116147041
1.2962818294763565
1.7442001141607761
1.5611256286501884
1.848898984491825
2.047040283679962
1.1624413914978504
1.7699371874332428
1.8894144967198372
1.834686040878296
2.3744401410222054
1.764279544353485
1.9446347020566463
2.123772993683815
1.657378725707531
1.426581621170044
1.610585879534483
2.0670331344008446
2.3069676533341408
1.4239492006599903
1.8942546769976616
1.9970313608646393
1.2107046619057655
1.5608342997729778
1.9742325246334076
2.4604430571198463
1.5397585518658161
2.2889307886362076
2.4694385826587677
2.5813032165169716
2.188958190381527
1.6039889380335808
1.8370292037725449
1.9492913223803043
1.7424550093710423
1.6232011653482914
1.4026034213602543
2.088518090546131
1.9117907136678696
1.533584140241146
1.7858146615326405
2.097162187099457
1.4782795533537865
1.9998570457100868
3.438100479543209
1.5962228700518608
0.9268559217453003
1.4119841121137142
2.368131637573242
2.1067959144711494
2.124944008886814
1.8051181770861149
1.3384042531251907
1.811431422829628
1.9287340603768826
1.9732242822647095
2.0135431066155434
1.435119118541479
1.8061090484261513
1.8024519234895706
1.2648034617304802
1.4824474938213825
1.8120745122432709
1.736241664737463
1.5570711009204388
1.5674951411783695
1.9138959795236588
2.263090595602989
1.437176588922739
2.21359783411026
1.8209997415542603
1.7747964933514595
1.5044094882905483
1.4348265565931797
1.9894392043352127
1.6493851467967033
1.3669832050800323
1.527289006859064
1.2644443400204182
1.3496658988296986
2.223771646618843
1.6949417665600777
1.642833698540926
1.6593688316643238
1.7530992217361927
1.2664009034633636
1.5205903612077236
1.5364975109696388
1.5531240403652191
1.565355084836483
1.115822710096836
1.599145069718361
1.8837500102818012
2.586842432618141
2.2443572618067265
1.1390251815319061
1.7056675292551517
1.452279832214117
2.005619376897812
1.7002350687980652
1.9189669489860535
1.5766597762703896
1.7678627260029316
1.8080225214362144
2.694040447473526
1.4192985035479069
1.538992390036583
1.4750052355229855
2.043772801756859
2.3859515115618706
1.5322665348649025
1.777805257588625
2.234279617667198
1.3461740538477898
1.7695244140923023
1.7386840283870697
1.617179162800312
2.2830622270703316
1.9136484935879707
2.0757286697626114
1.9471371918916702
1.609753355383873
1.7443680986762047
1.5336301438510418
1.9100897125899792
1.7466771602630615
1.4912683889269829
1.792492538690567
2.32234675437212
1.309155322611332
2.1917129158973694
1.0886450335383415
2.1620932444930077
1.251602578908205
1.3469395376741886
1.9942366480827332
1.903911553323269
1.2695166505873203
1.6831414848566055
1.4024445563554764
1.9671882838010788
1.56463822722435
1.6129852049052715
1.4183942638337612
1.192967489361763
1.4434197023510933
2.378147579729557
1.8897306248545647
1.2949499189853668
1.6202723570168018
1.625965926796198
1.376859825104475
1.1960592493414879
2.3506420478224754
2.408956676721573
1.9855775237083435
1.8616648316383362
2.106294684112072
1.2442976459860802
1.0481641367077827
1.2922066859900951
1.7899686731398106
1.9609021469950676
1.4968479722738266
1.9892467334866524
1.2466310784220695
1.2520386651158333
2.117124691605568
2.1635524556040764
1.653840109705925
1.4458937048912048
1.433679185807705
1.3241818975657225
1.5595476366579533
1.8138632401823997
1.7867011055350304
1.5387745276093483
1.8569965064525604
1.2888442687690258
1.4703103490173817
1.8423446081578732
1.7950814440846443
1.130621548742056
0.947008203715086
1.165294460952282
1.5627202168107033
1.851514171808958
1.8757189810276031
2.2270189002156258
1.4555624164640903
1.8870005905628204
1.485799454152584
1.7137368321418762
2.3713266029953957
1.3505034893751144
1.2508139982819557
1.483447015285492
2.3517545014619827
1.4489675909280777
1.2517100647091866
1.5525481477379799
1.28284877166152
1.8933061733841896
1.9232691936194897
1.1814307570457458
1.1339076198637486
2.1811600625514984
2.8076509535312653
1.276417974382639
1.492296028882265
1.5194396115839481
1.381182610988617
1.1970336250960827
1.8406782522797585
2.281813934445381
1.3387678563594818
1.5150918401777744
1.8913607597351074
1.770594447851181
1.7509345524013042
2.546407602727413
2.0117570981383324
1.9005531668663025
1.4947489202022552
1.9442642331123352
1.121407013386488
1.9627975225448608
1.4937804006040096
2.4494068920612335
1.562135498970747
1.6387324184179306
1.7169161550700665
1.3711679130792618
1.5717906579375267
1.1301241517066956
0.8715836368501186
1.525855466723442
1.554230123758316
1.3856690302491188
1.9609982445836067
1.7306173630058765
2.0615929886698723
2.3408579975366592
1.4592884704470634
2.2706494256854057
1.7239712998270988
1.0545615926384926
1.9543505683541298
2.287484161555767
2.705693408846855
1.6220869906246662
1.2463762536644936
1.6790134459733963
1.9075438156723976
1.1389077231287956
1.7098411954939365
1.5606753006577492
1.16770713403821
1.5463509000837803
1.3142161257565022
2.306152857840061
2.694972336292267
1.8792173191905022
1.9761041477322578
1.6285493597388268
1.6043421626091003
1.9277919679880142
1.9884293377399445
1.506486788392067
1.4247190728783607
1.4625472910702229
1.845616351813078
1.2527632676064968
1.8365236595273018
1.3305923603475094
2.0345624312758446
1.9579633176326752
1.595887716859579
2.2902031540870667
1.670015413314104
1.6549015380442142
1.6846047304570675
2.3677441850304604
1.7802600413560867
1.5938059128820896
1.9642533734440804
2.310892954468727
2.5382428988814354
0.945888839662075
1.100537694990635
1.5539650283753872
1.4253474734723568
1.700268443673849
1.639101605862379
0.9817409478127956
1.445583812892437
2.1113424375653267
1.3592667952179909
1.0773942656815052
2.3705606311559677
1.7788847647607327
1.2702942304313183
1.3489575311541557
1.9581725597381592
1.3935940600931644
1.9068582877516747
2.4008878394961357
1.4991422705352306
2.4235492646694183
1.5138046890497208
1.2958928011357784
1.9766657873988152
1.7828702628612518
0.8615307677537203
1.4266796000301838
2.2921449914574623
1.66211698949337
1.5182639472186565
1.3435619659721851
2.081939898431301
2.190823368728161
1.8382766209542751
1.5542937591671944
1.8055026233196259
2.328862175345421
1.755002997815609
1.1120033226907253
2.0903429314494133
1.4191240556538105
1.5976118072867393
2.1172301694750786
2.8260117769241333
2.1781608164310455
1.8871194906532764
2.0867759585380554
1.9886119961738586
1.9599662944674492
1.3653296940028667
1.4203089214861393
2.024895951151848
1.3942993097007275
2.174502193927765
2.0185879692435265
1.3747000135481358
0.9779469333589077
1.5646097585558891
1.5504346191883087
2.2251530811190605
2.816832609474659
1.6295616999268532
1.7506560608744621
2.013267792761326
1.923798881471157
2.1243012696504593
1.7682506740093231
2.1440588384866714
1.8992347195744514
1.859019011259079
1.891414612531662
1.9868391305208206
1.4241423532366753
1.5964033342897892
1.4552205875515938
1.9105666056275368
1.76992804184556
1.8057425320148468
1.9077814035117626
2.5544539988040924
2.145098179578781
1.7816426530480385
1.3602411523461342
1.7460002228617668
1.482295922935009
1.0637618880718946
1.628201711922884
1.2798627950251102
1.8148582950234413
1.106200747191906
1.3872558400034904
1.7012385800480843
1.2312959432601929
1.5571184381842613
2.3513610437512398
1.8236549012362957
1.1812995932996273
1.5874459780752659
1.5049085095524788
1.9826149493455887
1.1823648624122143
1.3555583320558071
2.064139649271965
1.7382406368851662
1.7478377930819988
1.5322664082050323
1.357864834368229
2.006912127137184
2.251126728951931
1.6337460242211819
1.6562517583370209
2.1543585509061813
1.9558023810386658
1.6865358017385006
1.6771552488207817
2.1312772929668427
1.9613219983875751
1.8597188591957092
1.555030483752489
1.8856196589767933
1.364621713757515
1.2465707436203957
2.4732440933585167
1.7849818095564842
1.4808581843972206
1.3168633915483952
1.9495530612766743
2.433664709329605
2.00445868819952
0.9857064187526703
1.780603814870119
2.2105190381407738
1.7144960649311543
1.034782037138939
1.3852150700986385
1.6115728095173836
2.813577428460121
1.8714721910655499
1.7437703683972359
2.3119923174381256
1.7296636924147606
2.2216261252760887
1.3038076311349869
1.0278127808123827
1.8330993689596653
2.15116635710001
2.381695456802845
1.8490725010633469
1.279233854264021
1.4136167950928211
1.4411417357623577
1.7108888886868954
2.040506809949875
2.5995799899101257
1.4126483798027039
2.212096221745014
2.486754395067692
1.148299440741539
1.0391997508704662
1.3294746540486813
1.1219628937542439
1.0754251815378666
1.9759610667824745
1.74656642973423
1.4469019807875156
1.6792090646922588
1.6067619062960148
1.180588785558939
1.0115348137915134
2.0145791694521904
1.637727115303278
1.9779501184821129
1.2690604031085968
2.005613848567009
1.32658152282238
2.162245810031891
1.409925352782011
1.4718953408300877
1.1728473156690598
1.740249902009964
2.0137766525149345
1.32173802703619
1.2924189493060112
2.0967863723635674
2.6281510293483734
2.0320129692554474
1.1595333069562912
1.2812728323042393
1.8313139155507088
1.2171372920274734
1.9433099180459976
1.6982886008918285
1.0408914349973202
1.8067572116851807
2.20492359995842
1.5683667100965977
1.6767728105187416
1.8289324715733528
1.9381757229566574
1.73474844917655
1.9256287664175034
1.4940416403114796
1.474399883300066
2.2400714308023453
1.5851591899991035
2.266464926302433
1.8998986259102821
1.6648754812777042
1.2908792234957218
1.0526725016534328
1.1243042275309563
1.764093354344368
2.5017758905887604
1.8477707840502262
1.399943619966507
1.8544006645679474
1.5997392795979977
1.4894215241074562
2.216202564537525
2.4111624136567116
1.9424717351794243
1.8553874380886555
2.3000901639461517
1.9992243945598602
2.3012227341532707
1.5166202448308468
1.532389797270298
1.764536865055561
1.4362048208713531
1.7886119559407234
1.7380349598824978
1.8673045337200165
1.9064890332520008
1.5521915443241596
1.9339548870921135
2.0852992981672287
1.571261189877987
1.8539662584662437
2.144894525408745
1.66268615052104
1.6490890681743622
1.3044308461248875
1.515732366591692
2.1126300543546677
2.498159483075142
2.1502847149968147
2.1812956109642982
2.433806389570236
2.3882759287953377
2.182982012629509
1.934596724808216
1.9765048697590828
1.8410975188016891
2.0361105501651764
0.9323222246021032
1.6713862642645836
2.2197017818689346
1.628299843519926
1.7984617426991463
2.4092787355184555
2.213074766099453
0.9904083404690027
1.5197176933288574
1.4049337208271027
1.255018476396799
1.948120728135109
2.1021399572491646
1.5517398528754711
2.471514843404293
2.040668748319149
1.650839988142252
1.4729265458881855
1.6543083675205708
2.6539676040410995
2.168680615723133
1.3622960597276688
1.257554817944765
1.6853823736310005
1.4100298173725605
1.6496469713747501
1.4340080469846725
1.4749935530126095
1.758791334927082
2.2406441271305084
2.0062475875020027
1.5725809298455715
1.7720515057444572
2.0917091704905033
3.102601632475853
2.1747836247086525
1.8404801189899445
1.0770072638988495
1.7619354501366615
1.8102867528796196
1.4900193214416504
1.857421487569809
1.294910468161106
2.0069523826241493
2.1999027729034424
1.1894946172833443
2.4343084692955017
2.618285171687603
2.31357604265213
1.7194279246032238
2.1834707781672478
2.075313687324524
1.8532548025250435
1.0279452372342348
1.5635420642793179
1.1977340579032898
1.2460724897682667
1.8755150958895683
1.728869043290615
1.9600905030965805
1.798502378165722
1.6659772284328938
1.087504081428051
1.5856329426169395
1.9166781902313232
2.3674167916178703
1.7584656178951263
1.7298847250640392
2.1638864129781723
1.1916932873427868
1.6619615107774734
1.7527247928082943
1.5710748508572578
1.317810032516718
1.1483718752861023
1.1008041948080063
1.4116097129881382
1.7367589958012104
1.2594664581120014
1.816698595881462
1.5389222837984562
1.5656866431236267
1.5473708510398865
1.6043481267988682
1.544759638607502
1.8272539302706718
1.5083660781383514
1.5001904368400574
2.27662056684494
2.02463136613369
2.1150653660297394
1.1677665635943413
1.0328426994383335
1.461621806025505
1.1095248349010944
1.4101397693157196
1.4482067711651325
1.8996301516890526
1.6385747790336609
1.209476511925459
2.1399621441960335
2.01648860424757
1.5839033722877502
2.618230067193508
3.139295145869255
2.3653999492526054
1.2234691642224789
1.7197968773543835
1.687040090560913
1.5579560920596123
1.636094130575657
0.9929006788879633
1.9334975853562355
2.522292099893093
2.138866603374481
1.6038003377616405
1.9482331052422523
2.10078351944685
1.4270610995590687
1.3994189612567425
1.6078028157353401
2.0222476050257683
1.6499690115451813
1.8358701840043068
1.5087554678320885
1.5434337854385376
1.5714616030454636
1.4980404749512672
1.9021624699234962
1.6549745723605156
1.5949944369494915
1.506076604127884
1.9768186956644058
1.3256384022533894
2.3245452642440796
2.009030371904373
2.65866057574749
1.8752094507217407
1.1121656745672226
1.4450581781566143
1.4063914194703102
1.3920951709151268
2.317943587899208
1.7722926288843155
1.3017166666686535
1.4906796254217625
1.9242768213152885
1.4364113882184029
1.5372935310006142
1.3229582644999027
1.4956855811178684
2.053764268755913
1.535216886550188
1.2562952116131783
1.5441290996968746
1.4139079861342907
2.304725728929043
2.316722460091114
1.3679959811270237
1.2833075486123562
2.1751977801322937
1.9768399074673653
1.0367596112191677
1.5181871689856052
1.575215045362711
1.7044486589729786
1.631690826267004
2.4221288934350014
1.6503623127937317
1.652394525706768
1.2995628975331783
2.920976310968399
2.2659686505794525
1.6388658247888088
1.7317892238497734
1.4636125713586807
1.7778416648507118
1.6029879935085773
1.3570119962096214
2.0849917232990265
1.360448069870472
1.462748359888792
1.3367341868579388
1.8258656486868858
2.0532250106334686
1.2046375758945942
1.9250766932964325
1.6185226663947105
2.0869981199502945
1.6692740358412266
1.195102445781231
1.5026922523975372
2.162435159087181
1.5572504103183746
1.1527055129408836
1.4800232835114002
2.684978447854519
1.5039913766086102
1.5224272459745407
1.5341389440000057
1.332206416875124
1.8281383588910103
1.9048883467912674
1.8469155058264732
1.77287807315588
2.083487384021282
2.541403293609619
2.0136543661355972
1.0173803940415382
1.6986245959997177
1.5069659985601902
1.0832665786147118
1.415010828524828
1.4019217416644096
1.5017480179667473
2.5344079956412315
2.205436132848263
1.5817219913005829
1.8565324880182743
1.4013449996709824
1.5097211860120296
1.8932183980941772
2.5453431457281113
1.334567204117775
1.6936089769005775
2.12517861276865
1.7443276271224022
2.1812164038419724
1.5371986702084541
2.896301232278347
2.6806686595082283
1.4889626950025558
1.8136312738060951
1.6447162330150604
1.749778188765049
2.2273476123809814
2.49464500695467
1.5797355882823467
2.514585927128792
1.6476543545722961
1.0451108701527119
1.624663420021534
1.794456236064434
1.6641692109405994
1.27973984926939
1.6045152582228184
1.7053118906915188
0.7579686548560858
1.3942014016211033
1.7302724607288837
1.4781910590827465
1.512290809303522
2.2919788658618927
1.6099414676427841
1.2275187447667122
1.203306496143341
1.5619229078292847
2.4162025079131126
1.940351940691471
1.8270738534629345
2.0147861540317535
2.3599840104579926
1.8085413724184036
0.7547183129936457
1.3806927278637886
1.5708236955106258
1.7897161394357681
1.0750878974795341
1.509135965257883
1.9617678746581078
1.782457374036312
2.315194271504879
1.8807202652096748
1.5500159189105034
1.8895613327622414
1.9038851708173752
2.641993425786495
2.1175942793488503
2.227999560534954
1.741172157227993
1.6562299244105816
1.749793153256178
1.820531316101551
2.12599691003561
2.1399724408984184
1.4220460131764412
1.97508405148983
2.2779452055692673
1.3291563764214516
2.2597222924232483
1.4484177939593792
0.9273489806801081
1.2568264231085777
1.576078835874796
1.7523415759205818
1.314175058156252
1.433383647352457
2.505366303026676
1.783057525753975
1.4808908589184284
1.9288092032074928
1.5827134735882282
1.6880361065268517
1.4350389204919338
1.4816438555717468
2.5092313289642334
2.714462995529175
1.8073768317699432
1.8711536712944508
2.2585155442357063
1.685689553618431
1.1017578467726707
1.9062936305999756
1.6187747903168201
1.9178265035152435
2.6445033252239227
1.6723748669028282
1.0227465964853764
2.4175273701548576
2.464965857565403
1.2263385877013206
2.0023191571235657
1.7577646672725677
1.3448200039565563
1.3863972947001457
1.4603254571557045
1.2071440890431404
1.1497544683516026
1.5290247052907944
1.7650105021893978
1.9518124535679817
1.9612149484455585
1.5034615620970726
1.4337400384247303
1.7089814022183418
1.5316582582890987
1.0961662828922272
1.628308791667223
1.900216929614544
2.565502628684044
2.3740488663315773
1.9916032329201698
1.49726876989007
1.9858742356300354
2.124170057475567
1.5082362219691277
1.0560136996209621
1.8996384516358376
0.9691658820956945
1.5017852038145065
1.9736103042960167
2.0510532706975937
1.6950764432549477
1.5252061896026134
1.9568060263991356
2.054727405309677
1.787912793457508
1.0971877537667751
1.1535316593945026
2.216020777821541
1.6680432632565498
1.4244980104267597
1.0100866928696632
2.8340663611888885
2.1935835257172585
1.4680623039603233
1.0895917117595673
1.8208213783800602
1.7786600887775421
2.1686812192201614
2.51150780916214
1.6450513415038586
1.2749540135264397
2.3362554013729095
1.4467241615056992
1.7895752638578415
1.700445618480444
1.58983239158988
1.4424626305699348
1.5782521851360798
1.7246463298797607
1.3414545021951199
1.2300197519361973
1.3870409317314625
1.3054433055222034
1.7637547738850117
1.2374045588076115
2.4491080567240715
2.5674395114183426
2.211063399910927
2.2474010959267616
1.0651175193488598
1.45098976790905
1.0120488554239273
1.1700570657849312
1.842956617474556
1.8604753091931343
1.4210113063454628
0.9141322169452906
1.2962255328893661
1.241593774408102
1.4824234955012798
1.8205658793449402
1.8715702891349792
1.633493859320879
1.8443264365196228
1.6405594497919083
1.2671002745628357
1.4605679959058762
1.7648654878139496
2.4337495863437653
1.3557595759630203
1.3509191572666168
1.0794656090438366
1.3021135367453098
1.431751910597086
1.5385068245232105
1.4380430094897747
1.4847705736756325
1.7017994336783886
2.2844180539250374
2.3477981239557266
1.9095942601561546
1.0717936269938946
1.5400795638561249
1.9275130033493042
2.1195163428783417
1.6484243981540203
