8.64841710915789
8.345400385558605
8.621898014098406
8.275264499243349
8.286456724163145
8.571894965134561
8.491766518447548
8.655384186655283
8.86776804085821
8.548756469972432
8.63562140474096
8.45484034717083
8.333755746018142
8.461358583997935
8.383900053799152
8.085331564303488
8.614847772289068
8.571173248812556
8.686671298928559
8.469109093770385
8.566692657768726
8.681755773257464
8.407852954696864
8.752781445160508
8.345525149255991
8.605871956795454
8.589087589643896
8.7442670725286
8.48475145548582
8.412058750167489
8.795031924266368
8.542399681638926
8.847758331801742
8.66771819582209
8.69487454649061
8.643515217583627
8.807017242535949
8.799043144565076
8.484609771054238
8.630227564368397
8.56025998853147
8.778232318814844
8.802875091787428
8.671652044169605
9.19598997104913
8.910547188483179
9.053356273565441
8.613178448751569
8.841636775061488
8.931865120306611
8.94499025773257
8.845665710512549
8.757090163882822
8.62924216967076
8.87882735952735
8.82629371387884
8.719324207864702
9.115846207831055
8.664136949926615
9.037370667792857
8.98017283109948
9.194658995140344
8.781148354290053
8.808014677837491
8.908387809526175
8.738651622552425
8.714307515881956
8.882707480806857
9.010158887598664
8.843868575058877
8.907477968838066
9.081588962115347
8.921042887493968
8.764310226310045
9.023448897525668
8.955212618689984
8.887722450308502
8.981652836780995
8.997666064184159
9.286477807443589
9.050827315077186
9.2365014674142
8.94418668653816
8.695870402269065
9.025244127493352
9.139643594622612
8.81049085734412
8.884623184334487
8.780531868338585
9.103818959090859
8.79760986380279
8.96076889289543
8.72117191273719
9.130023586098105
9.238774821162224
8.993076046928763
8.67866959515959
9.110917806159705
8.815153066534549
9.065343600697815
9.117068463470787
8.752782590221614
9.160586749669164
8.952011043671519
9.21506791934371
8.70168278645724
8.948242247104645
8.951351979281753
9.03604717226699
8.623176718596369
9.16897919587791
9.328317807987332
9.128422330599278
9.101014910731465
9.114062597043812
9.044902554247528
8.859749827068299
9.095210792962462
9.266662736888975
9.193994007539004
9.227676211390644
9.038819839246571
9.328277284279466
9.432049412745982
9.00952139031142
9.349324816837907
9.18303907243535
9.356305962894112
9.553284314926714
8.874440469779074
9.276649917010218
9.658922974485904
9.263667169492692
9.11250170506537
9.05707129649818
9.372651076409966
8.985369859728962
9.190793741960078
9.00312915770337
9.200150531250983
9.447526737116277
9.457385652232915
9.598980259150267
9.012479663826525
9.208071656525135
9.429140490479767
9.378573579713702
9.302938615437597
9.350019386038184
9.259801610838622
9.355741222854704
9.36323886970058
9.290944102685899
9.502729011699557
9.429067658260465
9.335763552458957
9.232977488078177
9.49316201126203
9.202440046239644
9.087338972371072
9.47913001012057
9.158583084121346
9.534480166621506
9.355663964059204
9.534565131179988
8.789357448928058
9.074313130229712
9.47772399475798
9.255875734146684
9.224704319378361
9.964164951816201
8.943282610271126
9.3292654203251
9.220577300991863
9.425538043957204
9.113331497646868
9.15942099224776
8.980042503681034
9.318217867054045
8.987101846374571
8.943347118794918
8.865205575479195
8.923189136199653
9.063476672861725
8.875278236344457
9.270487469621003
9.163472298532724
9.351824258454144
8.772615016903728
9.082905001938343
8.99659748794511
9.214275505393744
9.253154262434691
8.969169447664171
8.704560612794012
8.795152249280363
9.184012395329773
9.05890682991594
8.889048004988581
9.057679093442857
9.211307759396732
9.722240268718451
9.420118398498744
9.275649607181549
9.010412150528282
9.01451892638579
9.005539414007217
8.96217289287597
8.92188469786197
8.813798606861383
9.46558237913996
9.183207425754517
8.804054108913988
9.361801866907626
9.15113334544003
8.902270466089249
9.25003584381193
9.377555611077696
9.01780598750338
9.099367456976324
9.067300044931471
8.631616986356676
8.95806188043207
9.191922458354384
9.011420938652009
9.059321257751435
8.886231138836592
9.04861159203574
9.17579086497426
9.293981266673654
8.774454115889966
8.95296712871641
9.518768106587231
9.167258048430085
8.911926612257957
8.65334611479193
8.980486794840544
8.690728292800486
8.997254201211035
8.948476771824062
8.918540259823203
8.757010049186647
8.755559907760471
8.622900432441384
8.83508579293266
8.88838079944253
9.020941841416061
8.780657916795462
8.704090868122876
9.709068858530372
8.693985143210739
8.938683746848255
9.407749090809375
9.375142366159707
9.210005290340632
9.321535052265972
9.063929930329323
9.189043254591525
9.264926169998944
9.112855890765786
9.541326984297484
9.46866340842098
9.641156029887497
9.126814977731556
9.020597385242581
9.47191185504198
8.894802744500339
9.013893055729568
9.1321219811216
8.985228127799928
9.197330468334258
8.910327174700797
9.27075319411233
8.677266047801822
8.850402220152318
9.054863474331796
8.921043220441788
9.199192752595991
8.526542337611318
9.008446211926639
8.537816083990037
9.133400806691498
8.445706158410758
8.396093088202178
8.254905899986625
8.47751115867868
8.118154400028288
8.809364541433752
8.689041934441775
8.648105286527425
8.428271402604878
8.631494491361082
8.445183226605877
8.583979087881744
8.361006601247936
8.879881761036813
8.258776442147791
8.670390541199595
8.700371267274022
8.526868414832279
8.832581346388906
8.730625581927598
8.910004001576453
8.611313066445291
9.049461103975773
8.61246877303347
8.68304490763694
8.558648788370192
8.872397799044847
8.761636923998594
8.859049717430025
8.820658553857356
9.03689775802195
8.742848487570882
9.073544036131352
8.811176042072475
8.95023137005046
9.106323295040056
8.842110397061333
8.846964978147298
9.068966319784522
9.034963494166732
9.190674663055688
9.696665139403194
9.355686204275116
9.312078942544758
9.297580033075064
9.475468446034938
9.675866655539721
9.663679592544213
10.041066865436733
9.913344780448824
9.955598319415003
10.287868024315685
9.777965925633907
9.62588887149468
9.593698816373944
9.580499358475208
10.041876242496073
9.501786039676517
9.437932530418038
9.425656183157116
9.006655130535364
9.13034481415525
9.291411685757339
9.26615019608289
9.860810179263353
9.758124289568514
9.956025718711317
9.626633812207729
9.830915089696646
9.9366773837246
9.165844031143934
9.792222780175507
9.00200626347214
9.40298721427098
9.443612792529166
9.963029767386615
9.58589691389352
9.066432483494282
10.210800259374082
9.395898091141135
9.188930042553693
9.229161269031465
9.69607671070844
9.22029845463112
9.371546909678727
9.483965578954667
9.080559319350868
8.665249314624816
10.073844082653522
8.744589204667136
8.972863901639357
9.143082225229591
9.034912059083581
9.805069620721042
9.13592253997922
9.227472380269319
8.610664455685765
8.867728435900062
8.975852351868525
9.713019581977278
8.910889204591513
8.895582934841514
8.968416681978852
9.094225189648569
9.3163379910402
8.888368034735322
8.730302151991054
9.262914839666337
8.810237675672397
9.278802409768105
9.007132485043257
9.280317602679133
9.304051318205893
9.761452238075435
9.503795765340328
8.995038218330592
9.472984437597916
8.982081884285435
9.153782587964088
9.1335742152296
8.962686623446643
8.855688933981583
8.735909087117761
8.603195876348764
8.114828511606902
8.675636140396819
8.664937175810337
8.32178716128692
8.483446994330734
8.869722893228754
7.905751752434298
8.118714809417725
8.640009388327599
8.472657253965735
8.552752618677914
8.211883619427681
8.019336021272466
8.382502499967813
8.245781066827476
8.204600574215874
8.327105350326747
8.27839725650847
8.31198873813264
8.437831375747919
8.500314923468977
8.322622935753316
8.611803215462714
9.055609171744436
8.856455279979855
8.879876032238826
8.682304330868647
9.114598954794928
8.617572773480788
9.118059896398336
8.583817718084902
8.477691201027483
9.196263671386987
8.781937553780153
8.756460825446993
8.622521419078112
9.072737727547064
8.692569243488833
7.976227605249733
8.522534612333402
8.708138739923015
8.499167698202655
8.712962402729318
8.895055556437
9.169770892011002
9.26453032810241
9.272002693731338
9.235758748836815
9.063260407885537
8.674312291899696
8.540966579457745
8.317614960949868
8.896254115039483
8.22661881428212
8.704384515760466
8.693312345771119
8.316416375571862
8.990735053783283
8.462440293980762
8.824124806560576
8.720950066344813
9.083458112319931
9.332994813565165
9.378694908693433
9.78714544326067
9.477297260425985
9.768197351135314
9.232081134803593
9.882436202373356
9.847204115008935
9.863598028430715
10.018203270854428
9.641930683050305
9.513259914470837
9.860814057057723
9.619474290171638
9.276793046155944
9.555823150090873
9.070358388358727
9.451814519707114
9.582161272643134
9.87703851563856
9.086058722808957
8.955876293359324
9.52570430492051
9.30183031829074
9.70949240331538
9.282805189257488
9.864827873650938
9.626369373407215
9.786808526143432
9.786295511759818
9.313922563567758
9.448472988093272
9.598071477143094
9.647643329109997
9.522921750787646
9.43174314755015
9.92805606732145
10.559956833720207
9.634232012089342
9.448197849327698
9.497447811532766
9.461164250038564
9.604126441059634
9.31938204006292
9.075300683965907
9.492741092573851
9.03750174632296
8.904640537220985
8.990522412816063
9.090016410686076
8.531602748436853
8.75410451926291
9.128852271707729
9.156660596374422
9.00620536482893
9.051857164828107
8.494253763230518
8.402606345247477
8.76920171151869
8.760362495435402
8.69139592978172
8.888327883789316
9.432629530550912
9.366132288239896
9.575071551371366
8.430827118456364
8.599829950369895
8.879969522589818
8.970819728681818
8.678993214387447
8.47827220754698
8.251645501935855
9.07938505988568
8.354760783025995
8.481429259292781
8.664012348046526
9.089610346360132
9.052374467486516
9.175759071018547
9.407734034815803
9.583679950796068
9.96633180230856
9.769913372118026
10.023630660725757
9.246318179182708
9.385770848952234
9.856699297670275
9.49297441309318
9.459297155961394
9.529813819099218
9.463331621140242
10.04857359197922
9.18332880642265
9.298800347140059
9.725120218237862
9.598545096814632
9.018340832553804
9.169176952214912
9.281734887277707
8.974728071829304
8.579431659309193
9.583184787537903
8.739106802502647
8.946076238527894
8.637619680492207
8.75917224260047
8.331580242840573
8.438161667436361
8.681109736440703
8.549319790210575
8.62071677367203
8.333424610784277
8.835892346454784
9.302277947543189
9.266563508659601
8.334970296360552
9.361570963868871
9.286675667623058
8.608890525996685
9.073276249691844
8.696428132476285
9.315327123505995
8.817302988609299
9.114830357721075
8.562492387834936
8.975154964951798
8.93224753299728
8.827902871416882
8.259865740779787
8.654566349694505
8.380392428254709
8.710340498015285
7.872758503304794
8.494933104841039
8.170810419134796
8.657734947279096
7.832171713467687
8.407491009449586
8.737835732288659
8.351082180161029
8.167366218054667
8.226308951620013
9.269547288073227
8.544018163112924
8.607233313377947
8.54417239013128
8.786337058292702
8.609686848009005
8.663520436733961
8.841099380282685
9.173458588309586
9.287308850558475
9.346499076578766
8.794050212483853
8.708445250289515
9.38109024334699
8.8460826841183
9.420389623614028
9.238508061273023
9.73217998072505
8.704780254280195
9.58589819795452
8.448192925658077
9.144360774429515
9.452390052843839
9.082774619804695
9.566286474000663
9.471234001684934
9.438666634261608
9.665301204891875
9.790645451284945
9.120712215313688
9.689212058670819
9.74126444151625
9.241987932706252
10.349612136604264
9.308830475900322
9.405180005123839
9.001076488755643
9.43284434475936
9.257848114706576
9.873859137762338
9.674902837490663
10.184135671472177
9.272125655552372
8.804045202676207
9.241682400694117
8.896303488407284
8.837546246824786
8.515000218525529
8.530605640262365
8.671878317603841
8.225916542112827
8.369124317541718
8.350969962542877
8.01954631647095
7.997297001304105
8.076417754404247
7.74603633582592
8.04583313013427
7.873956144088879
8.07344689546153
7.787320384057239
7.810550082242116
7.670770943164825
7.631351868156344
8.219494175864384
8.094030615175143
7.4456090978346765
8.433578853029758
7.732841234654188
7.675991108641028
8.552150642499328
8.190879976376891
7.978213150752708
7.958334915805608
8.528650878695771
9.042865658178926
9.050128717208281
9.523504718206823
8.701337111881003
8.491898676846176
9.1293088439852
8.58330523292534
9.23252852493897
8.802281446289271
9.30512274056673
8.718902291264385
9.573023561388254
8.844377429457381
8.547554485499859
9.022445281036198
8.11819401057437
9.43221818539314
9.285822338657454
8.681282300967723
8.870716127566993
8.316416261019185
8.78703587828204
8.797439984278753
8.600021617487073
7.868795554852113
8.819384965114295
8.950510416878387
8.943316662451252
8.838552645174786
9.11224648472853
8.149813329102471
8.784859593957663
8.805685523664579
8.616668924456462
8.931358434725553
9.378140489803627
9.09085537889041
9.00059064431116
9.617205848684534
10.012424973538145
9.283786711050197
9.991719821235165
9.751177946804091
9.273859728360549
9.214370399480686
9.603206964675337
9.44981140573509
9.441930472617969
8.785384122980759
9.504070485010743
8.644699390046299
8.707967209396884
8.71028097323142
9.36804431071505
9.143658438697457
9.708028857363388
8.715921700932086
9.34500300209038
9.267742281081155
9.135803856421262
8.556169745279476
8.504409875487909
8.045144893461838
8.576455253642052
8.985036918427795
8.417726793326437
8.814525734167546
8.357752195559442
8.544737762771547
8.37684662709944
8.643583650467917
9.20201237872243
8.137504144338891
8.174059206619859
8.283600630704314
8.585486511932686
8.882546981796622
8.512079004431143
8.647183840395883
8.348496600054204
8.394008266972378
9.373900317586958
8.892515416024253
9.391383486334234
9.778587504522875
8.960562353488058
8.396838973741978
9.019259934779257
8.754549077712
8.986996217630804
8.316713561303914
8.479853425873443
8.64753014757298
8.960897358134389
8.066846064291894
8.09859523177147
8.45470284181647
8.444246996194124
8.399833441944793
8.832933101803064
8.598020910751075
8.013299989281222
8.258208828046918
8.500713547924533
8.771621009102091
8.829240653198212
8.727942789904773
8.603730832226574
8.314229878596961
9.425105539383367
8.580117477336898
9.020842619705945
8.866621628403664
9.32927514379844
8.533706942107528
8.328821098897606
8.97958411090076
9.076523547526449
9.544086548732594
8.654786980245262
8.553994877962396
9.149157953215763
9.075731289340183
9.086349493358284
9.460358393844217
9.067021659109741
9.303518548142165
8.926828423049301
8.699227184755728
8.753829947207123
8.986704390263185
8.831206910777837
8.565272280247882
9.088385303737596
8.970988887129351
8.172007858287543
8.689275069860741
9.234063658863306
9.02683299453929
8.2035731037613
8.637482491554692
9.076595136197284
8.690957239829004
9.168490547453985
8.905103707220405
8.7962363823317
9.10349132004194
9.138286435045302
9.605492010945454
8.858953678514808
8.72898183320649
8.787220886908472
9.380374800181016
9.21026445669122
9.114580262685195
9.218218566384166
8.80091508035548
8.76031501707621
9.118894392158836
9.603786386782303
8.970038367202505
9.340718532912433
8.928065354935825
9.71617083484307
9.951372241135687
9.162073568440974
9.819753547897562
8.62799961026758
9.92682521394454
9.44721415778622
9.62981070461683
10.286693929927424
9.325248477980494
10.033361524809152
10.400293059181422
10.378664371557534
9.65848381514661
10.229634524090216
10.52612354583107
9.864889843156561
9.762306581949815
9.36648307973519
9.081189496442676
9.74045921023935
8.808203209657222
9.33995840814896
9.14973350474611
8.890505847288296
8.287491022609174
9.601948433322832
9.101114486344159
8.76286527980119
9.552993566729128
9.30071411980316
9.812313585309312
8.778837645892054
9.343216464156285
8.88345765019767
9.065563119016588
8.697679967619479
9.053737295325845
8.509591759648174
9.272088328376412
8.668064125115052
9.154489234555513
8.728952461155131
8.978071537800133
8.925587341655046
8.931189430411905
8.73745838389732
9.249847040977329
9.411599511746317
8.810936390655115
8.948954311897978
9.373045456130058
8.495131939882413
9.111350454390049
9.06984738400206
8.983777374727651
8.695498156128451
9.29999158415012
9.102781184017658
9.224473206792027
9.486298366216943
9.656514197587967
9.900068131741136
8.800609644735232
8.858280841028318
8.849779475713149
9.275279812281951
8.936259580310434
9.142049253219739
9.14558045216836
9.054098679451272
8.953059769468382
8.140403878409415
9.09659806266427
8.432442158460617
8.361093532526866
8.573140896856785
8.55361265107058
8.359612594358623
8.372869803570211
8.754994926042855
8.563477379269898
7.772666312986985
8.441844827029854
8.533497572643682
8.284786805743352
8.665859148139134
9.583435709355399
8.81577709224075
9.201466498197988
8.18836145219393
8.672691035084426
9.07630002615042
9.21255157631822
9.18547189491801
9.388382604112849
9.648659048369154
8.396061912644655
9.10716694407165
8.70250699087046
8.825275015784428
9.308024807367474
8.808689808705822
8.504692202666774
8.991424910258502
9.203220078255981
7.907413066830486
8.547333862865344
8.867427794262767
8.837572489632294
8.409343724604696
8.569745929678902
8.901199048152193
9.414626065408811
9.508213165448979
9.150149540044367
9.565632202429697
9.327914622146636
9.421063909772784
9.659707859158516
8.978340541012585
9.911739742849022
10.223876086296514
9.341027098242193
8.496629516594112
8.877621944760904
8.709607015363872
8.62424981361255
8.628614376997575
9.0520013961941
8.70075739803724
8.660623866599053
9.15377978538163
9.256461820797995
8.957847997080535
9.120291540166363
8.525706487242132
9.235858962638304
8.720030715456232
9.095035581849515
8.813336212653667
10.460929795866832
9.675810493296012
9.134611554676667
9.001269093248993
9.323166723363101
8.979579859413207
9.197042210493237
8.97284905682318
8.706256160745397
8.946373803541064
8.505556442774832
