1.7452475242316723
2.0118294060230255
2.155567191541195
2.3662519454956055
1.8653679825365543
2.0978278145194054
1.8238382525742054
2.5736876726150513
1.895540103316307
3.1875380873680115
1.6981504671275616
2.284871533513069
1.77683886885643
2.193052165210247
2.2140215411782265
1.8926452696323395
2.381227768957615
1.870164044201374
1.9323737770318985
2.3953870460391045
1.8869286179542542
3.028298318386078
2.00654124841094
2.3251858949661255
2.0468193739652634
1.6607109643518925
2.4843703508377075
2.0574622973799706
3.405545435845852
1.993691325187683
2.009056009352207
2.1804808899760246
1.8454546481370926
3.4309635758399963
1.891960497945547
2.336330868303776
1.624423235654831
2.005009263753891
2.245090000331402
1.6885596476495266
2.840868480503559
1.680914729833603
2.168767139315605
2.112059637904167
2.0510580614209175
2.106784224510193
1.6882642805576324
2.041626699268818
1.612156055867672
2.0301258489489555
2.2382719814777374
1.639722689986229
2.348070867359638
2.01070898771286
1.7427900061011314
2.0611508041620255
1.819895401597023
2.00165031850338
2.3740246072411537
1.783759392797947
2.260608859360218
1.9285829365253448
2.1723856553435326
1.9042127579450607
1.8560300767421722
2.5074521899223328
1.6589677073061466
2.7802961617708206
1.6948580481112003
2.3965209126472473
1.6484686732292175
2.049343481659889
1.8343824446201324
1.793324638158083
1.9850387871265411
2.4068076610565186
1.7265464700758457
2.1048696488142014
1.824282769113779
1.9916495755314827
1.8318399041891098
1.7570670396089554
2.1531619876623154
1.6345796585083008
2.2442402616143227
2.0883579179644585
1.726991768926382
2.060654766857624
1.8804404251277447
1.7974690049886703
2.184572324156761
1.8467305414378643
1.760358527302742
2.188429147005081
1.9319272004067898
2.3430879190564156
1.705059003084898
2.756806790828705
1.5919819921255112
2.3759433776140213
1.6555254012346268
2.176911376416683
1.641949575394392
2.016930043697357
1.7969823628664017
1.8830661624670029
2.5402098074555397
1.7606282159686089
2.5017755180597305
1.7824112586677074
2.289441630244255
1.5328789427876472
1.6822239831089973
2.046455390751362
1.973932582885027
1.8330925665795803
2.4859936833381653
1.7241074964404106
2.6983691453933716
1.5549361407756805
2.6240524500608444
1.7002152763307095
2.1486311480402946
2.3010290786623955
1.8491398617625237
2.5013922452926636
1.6047935895621777
2.1005505695939064
2.4610934257507324
1.626059751957655
2.9367170557379723
1.6912975944578648
2.786197155714035
1.733059898018837
1.8133344538509846
2.5279255360364914
1.8167317546904087
1.9611628875136375
1.7079102993011475
2.0087066367268562
2.01879745721817
1.6588791012763977
2.658953510224819
1.6547009646892548
2.4826646521687508
1.6626824997365475
2.058318592607975
2.2036582306027412
1.7429145090281963
2.01953461766243
1.8597238324582577
1.9151272475719452
1.8357983604073524
2.3531040772795677
2.7984813898801804
1.716416496783495
2.0249448865652084
2.21463792771101
2.4579601511359215
1.7731083407998085
1.85399504378438
1.8851275518536568
1.9935517683625221
1.9258484542369843
1.8820650838315487
1.7602607570588589
1.7564587630331516
2.249659463763237
1.516087606549263
2.2048502936959267
1.9324668794870377
1.9015657231211662
1.8974548764526844
2.1680054366588593
1.926187589764595
2.152236618101597
1.7731411457061768
2.093625120818615
1.9762823432683945
1.7809177935123444
2.265132315456867
1.8505311384797096
2.094742737710476
1.594571828842163
1.9554016031324863
1.9467918649315834
1.7904774323105812
1.8204754628241062
2.823070488870144
1.7913598716259003
2.143098436295986
1.7664032988250256
1.7345353551208973
1.713110413402319
2.087286226451397
1.794680394232273
1.901693906635046
2.4350333139300346
1.5179075114428997
1.9650822132825851
1.9778226464986801
1.8987705707550049
1.9372312501072884
2.1211372539401054
1.7649357207119465
1.8844054080545902
1.8747169859707355
1.8522979393601418
1.9774177893996239
2.7690328881144524
1.6481718197464943
1.8937356248497963
1.8434424810111523
1.8762103989720345
2.164065048098564
1.8984375782310963
1.6183023229241371
2.091416895389557
1.8032850660383701
1.762386754155159
1.5944240614771843
2.406192198395729
1.8045182079076767
1.6592223197221756
2.179644338786602
2.1336936950683594
1.55844646692276
2.1314165964722633
1.8966580741107464
2.3764554411172867
1.6339416466653347
2.8230557814240456
1.6606288217008114
2.3270489498972893
1.4763322621583939
2.486950434744358
1.6857381984591484
2.326795816421509
1.6535802446305752
2.584031820297241
1.8830460645258427
3.0962794795632362
1.5551913306117058
1.845690492540598
1.8862676098942757
1.8502016551792622
1.8864174634218216
2.6614223048090935
1.8098778948187828
2.2604772448539734
1.5140594616532326
2.3018068373203278
1.6291083618998528
1.86465984582901
3.1555644273757935
1.9704983606934547
1.932323433458805
1.8073450177907944
2.447041541337967
1.9699649661779404
2.701252721250057
1.7953851707279682
2.0928907319903374
1.908497966825962
1.8407443799078465
2.0151896104216576
2.029654838144779
1.6399241797626019
1.9729328006505966
2.1966026350855827
1.4423730075359344
1.9325547143816948
2.1492528319358826
1.8891106620430946
2.146472379565239
2.103863373398781
1.8779095187783241
2.2149811163544655
2.0450852662324905
1.8935135714709759
2.0000803023576736
2.03581727668643
2.0935346633195877
1.501961924135685
2.255614534020424
2.072039410471916
1.5683038607239723
2.0326367616653442
1.7671125903725624
2.2114064022898674
1.5925970710814
2.0047550573945045
1.7327418141067028
2.043190822005272
1.850397750735283
1.928250789642334
1.9507690742611885
1.9269730597734451
1.6524717509746552
2.4772322550415993
2.1191352754831314
1.8853191658854485
1.7171157822012901
1.7980629056692123
2.2633537277579308
1.7695930488407612
2.6212660521268845
1.637583039700985
2.119653530418873
3.264374516904354
1.733926896005869
2.6971844658255577
1.5972253754734993
2.046024888753891
1.8489081226289272
1.868532557040453
1.8111878298223019
1.742530945688486
2.5863325744867325
1.6096456497907639
1.9783545210957527
1.4649125002324581
2.150229811668396
1.7270351834595203
1.7840667478740215
1.780767448246479
1.82745823264122
2.141091473400593
1.8032677993178368
2.0439696088433266
1.737961895763874
1.907299492508173
2.2720320895314217
1.7306539230048656
2.2972911968827248
2.0941675901412964
1.7249812670052052
2.468429408967495
1.6024415791034698
2.3731273785233498
1.616933487355709
1.945920918136835
1.6659338548779488
1.8628690242767334
1.9563202112913132
1.6598444655537605
1.9627726450562477
2.2187402844429016
1.7467967979609966
2.1015605852007866
1.6962148882448673
1.7460082955658436
2.0115646049380302
2.281490482389927
1.6422522850334644
2.906551882624626
1.5511489436030388
1.9764039292931557
2.151745945215225
1.8334855735301971
2.3582459688186646
1.5470160953700542
2.0687765032052994
1.6453534699976444
1.9465083293616772
1.969693347811699
1.735233809798956
2.7367974147200584
1.5571520663797855
2.193430356681347
1.671220876276493
2.2594706937670708
1.6213789358735085
3.7708033472299576
1.879950501024723
2.114905782043934
1.8405792266130447
1.7369446642696857
2.0686966255307198
1.9896306805312634
2.216461569070816
1.7518192492425442
2.375465638935566
1.8698993884027004
2.1886253729462624
1.7903264462947845
2.8050931617617607
1.7900454215705395
1.9611386470496655
2.475268766283989
1.697320681065321
2.588486783206463
1.8371742367744446
2.309854120016098
2.1922758147120476
1.8178251907229424
2.249649405479431
1.685811199247837
1.8363512828946114
2.5280846431851387
1.6580826789140701
2.2644407525658607
1.6515707708895206
2.7986616790294647
1.575223758816719
2.1336904615163803
1.8777910508215427
2.6042020842432976
1.797373354434967
1.7852510251104832
1.9565325304865837
2.060255378484726
1.8676467463374138
2.7104524299502373
1.688400987535715
2.1323251128196716
1.8473267368972301
1.6553896367549896
2.0888613015413284
1.743661094456911
2.069359004497528
1.5541975535452366
1.8870498165488243
1.8748883605003357
1.6226951070129871
1.8799311704933643
1.9323147013783455
2.558888353407383
1.6598535999655724
1.9285705909132957
1.591385129839182
2.396841362118721
1.655264437198639
2.7670258432626724
1.7383902072906494
2.2574612647295
1.8138949610292912
1.8038326352834702
1.9959563724696636
1.834447469562292
2.6462976187467575
1.8230777233839035
3.2292667254805565
1.9448851831257343
2.261079505085945
1.67496807128191
2.0437000542879105
1.7987543754279613
2.41118573397398
1.4574670009315014
2.1038960963487625
1.8998732268810272
1.7004297003149986
1.873856458812952
2.1542172729969025
1.87411218136549
1.8654558695852757
2.054405763745308
1.8459339179098606
2.0661551281809807
2.018760770559311
1.8475651778280735
1.9425246194005013
1.8462999761104584
2.5201652869582176
1.6885568797588348
2.4863434359431267
1.637555181980133
2.686317689716816
1.6655164174735546
1.8000427447259426
2.5132710486650467
1.6557633318006992
2.2086359187960625
1.6012010984122753
1.6081428825855255
2.269649013876915
1.6405936181545258
2.2380208149552345
1.79677090421319
1.747604414820671
2.3186390921473503
1.5544678904116154
2.1816911697387695
1.7948928363621235
1.7514487355947495
1.9706805981695652
2.1694865226745605
1.6011401526629925
2.1038447991013527
2.180047854781151
1.7130273282527924
1.7771669328212738
1.862703189253807
2.2560063302516937
1.6247934997081757
1.8086295537650585
2.4777158573269844
1.710040234029293
2.9029425755143166
1.624006550759077
2.359973691403866
2.0493424758315086
1.600701667368412
2.248510956764221
2.02904062718153
1.749254859983921
1.6722142472863197
2.3237071707844734
1.7568914666771889
2.2174697890877724
1.7468052357435226
4.093862466514111
1.9279892519116402
2.2085717245936394
1.662793643772602
2.1410288587212563
1.7405123487114906
2.336981974542141
1.745219700038433
1.7576669231057167
2.3125257939100266
1.6349047161638737
2.160229966044426
1.5538335517048836
1.7977160811424255
1.8419950790703297
1.709495797753334
2.540627673268318
1.9166269041597843
1.6544011682271957
1.9564254581928253
2.4599022418260574
1.669141974300146
2.1770257502794266
1.707541335374117
3.0568497702479362
1.7861227616667747
2.4180397242307663
1.7992313094437122
2.308571457862854
2.043674997985363
1.9468995742499828
1.6560704037547112
2.1190936490893364
1.7515544891357422
3.4460729584097862
1.8583413176238537
2.1917966157197952
1.5852735489606857
2.4555375799536705
2.1565825566649437
1.902190987020731
2.5473230108618736
1.5539342164993286
2.2147041857242584
1.4333440475165844
2.1719337925314903
1.9044934660196304
1.495529469102621
1.8912084102630615
1.995282158255577
1.7394124530255795
1.7839232832193375
1.9553556516766548
2.0428968369960785
1.787321213632822
1.6439007185399532
1.9356958121061325
1.614564262330532
2.5361212491989136
1.6279485523700714
2.1483459547162056
1.731698576360941
2.5511089712381363
1.6280421763658524
1.6604574955999851
2.489847630262375
1.8342855237424374
2.3342840746045113
1.6643672809004784
2.122159093618393
1.6876672357320786
2.167880229651928
2.2010172456502914
1.6081431955099106
2.374535493552685
1.9085096940398216
1.8693928644061089
1.9308905266225338
1.7597819194197655
1.8023312203586102
1.9780248552560806
1.3449496366083622
1.8379500657320023
1.9267922788858414
1.9154107086360455
2.5586567893624306
1.585546214133501
2.19160246104002
1.7945284135639668
2.6070949658751488
1.7218667678534985
1.9038180001080036
4.505500495433807
2.0224513858556747
1.9832214452326298
1.7676858752965927
2.082117483019829
2.1707188934087753
1.9205643087625504
1.954473353922367
2.1113161519169807
1.7492629997432232
2.148798204958439
1.6600247733294964
2.842086873948574
1.5048279128968716
2.472490295767784
2.06989374011755
1.8267833217978477
1.581818513572216
2.111453540623188
1.959089558571577
2.1186844259500504
1.6905579529702663
1.8213917799293995
1.7545217797160149
2.167324148118496
1.7379749044775963
1.941214695572853
1.8631404116749763
2.2955982759594917
1.4003238528966904
1.8743670210242271
2.185005083680153
2.8510337099432945
1.696137934923172
2.6730576008558273
1.8064020834863186
3.1413280814886093
1.8153340071439743
2.3147566094994545
2.431785322725773
2.074748657643795
1.6453790292143822
2.2542675510048866
1.8244329951703548
1.8312955982983112
2.0265311896800995
1.9134602025151253
2.332823306322098
1.9168882183730602
1.646490179002285
2.526086747646332
1.8477816730737686
2.120753988623619
1.9334773607552052
1.7304221279919147
2.1705684140324593
2.1511271968483925
1.7324446327984333
2.0919075161218643
1.797101877629757
2.061425782740116
2.0686349347233772
2.291178874671459
1.5599622018635273
2.3379098922014236
1.7203137055039406
1.9454668052494526
1.8506987690925598
1.8692679181694984
2.069389171898365
2.4305025711655617
1.5208229459822178
1.9242111034691334
1.990706890821457
1.6127344518899918
2.4951171204447746
1.6123909875750542
1.9917446970939636
1.7580213882029057
1.8210412748157978
1.5691592693328857
2.0726684778928757
1.8997633308172226
1.8553930185735226
1.6743165701627731
2.090309299528599
2.9751075208187103
1.6765127815306187
2.4725704416632652
1.5244406946003437
2.2137932553887367
1.520847450941801
2.2722175270318985
2.1099049374461174
1.8761718645691872
2.8186563178896904
1.8148423470556736
1.7986081503331661
1.8103218227624893
2.101719655096531
1.4743076674640179
1.9183080047369003
1.8569513857364655
2.329175628721714
1.5437168218195438
1.9983201175928116
1.546631634235382
1.9149210080504417
2.1684919968247414
2.2083441764116287
1.9215858355164528
1.887258619070053
1.9256552793085575
1.5605225935578346
1.9130644276738167
1.6591725386679173
2.4691795110702515
1.8123071677982807
2.2989591509103775
1.5051778182387352
2.3879277035593987
1.8048746474087238
2.484769158065319
1.5263881236314774
2.102682553231716
1.7285948060452938
3.165738731622696
1.8205357044935226
1.9447020813822746
1.7785335816442966
2.122686430811882
2.0537012591958046
1.721943847835064
2.4969656467437744
1.9786409325897694
2.347829654812813
1.7899779006838799
1.6457356959581375
2.310457192361355
1.6473091840744019
2.4351988583803177
1.7180083394050598
1.576889880001545
2.4561784490942955
2.05240385979414
1.9539414010941982
1.6359673254191875
2.122633174061775
1.6603163108229637
2.2243930026888847
1.7376479245722294
2.6796284168958664
1.5327887050807476
2.3242581114172935
1.730892188847065
1.9668631479144096
1.7344917133450508
2.3757562190294266
1.4057470299303532
2.1009240075945854
1.960801437497139
2.1261654049158096
2.0961189940571785
1.8002235777676105
1.629683792591095
2.0327253118157387
2.2587190344929695
1.6551061570644379
2.334040232002735
1.5929668545722961
2.2415736988186836
1.7349515780806541
2.217458963394165
1.7170400619506836
2.535593919456005
1.6222785711288452
2.064678467810154
1.9375209249556065
1.7150375731289387
2.150222711265087
1.9991824850440025
1.6835103332996368
2.002277873456478
2.0496902391314507
1.622365839779377
2.3308238461613655
1.8862624019384384
3.6572553738951683
1.8447377122938633
2.2217974960803986
1.6746462285518646
3.34960924834013
1.781606487929821
1.9699938893318176
2.3119295611977577
1.9897860065102577
1.7414807081222534
2.0168236643075943
1.6503778137266636
2.129122741520405
1.7169075645506382
2.6047373712062836
1.8672597296535969
2.4310521706938744
1.8002615198493004
3.240315817296505
1.7697634436190128
2.2114783450961113
1.7116507664322853
2.225298322737217
1.755205161869526
1.9319667369127274
2.1604988127946854
1.9030750207602978
2.7753885984420776
1.5877468101680279
2.303439863026142
2.1126988604664803
2.514589123427868
1.4154630079865456
1.986945927143097
1.5848420709371567
2.1006705462932587
1.7919905595481396
2.187804825603962
1.5503847897052765
2.094825305044651
1.6888385973870754
2.607222191989422
1.6357112675905228
2.0867011919617653
1.9591741599142551
1.611462164670229
1.9819625839591026
1.6350269131362438
2.040637105703354
1.652075756341219
2.307009331882
1.697689514607191
2.950621873140335
1.6993477866053581
2.163124568760395
1.6308601312339306
2.0844444185495377
1.9878548830747604
1.7725433073937893
3.3271228298544884
1.8410045616328716
2.129294775426388
1.9364969059824944
2.060098946094513
1.6819073669612408
1.966893382370472
1.6466261334717274
1.9357191398739815
1.7349238842725754
3.390841566026211
1.5559563897550106
2.3343171924352646
1.5152852945029736
1.8734411112964153
1.6606381721794605
1.5446561425924301
2.0212211534380913
1.938437394797802
1.7643365189433098
1.5830539725720882
1.650480568408966
2.089145801961422
1.8283308111131191
1.6864131316542625
2.4381247833371162
1.7353212013840675
2.8181644082069397
1.798757866024971
2.55935712903738
1.629713661968708
2.3622514754533768
1.4991751909255981
1.9335891343653202
1.8925344571471214
1.7097896113991737
1.8191934823989868
1.8514643348753452
1.6045258417725563
2.0843095034360886
2.9705241471529007
1.5845868401229382
2.015681453049183
1.5165504105389118
2.386953614652157
1.6292365975677967
2.067158490419388
1.943344160914421
1.8210578225553036
1.9672838747501373
2.8203867748379707
1.6180628910660744
2.2823556289076805
1.768225409090519
2.19824381172657
1.4659856893122196
1.6617413014173508
1.7429263703525066
2.4279356822371483
1.8149031959474087
1.6923238784074783
1.785507421940565
1.741208080202341
1.833551973104477
1.9018667601048946
1.9985864385962486
1.8791183307766914
1.6237032264471054
1.7784920409321785
1.9267985075712204
2.0140267685055733
1.713171798735857
1.6069108173251152
1.8771611526608467
1.9987327456474304
1.7503803260624409
1.8801568262279034
2.137160114943981
1.66317767649889
2.0784965232014656
1.7762327641248703
1.7899985760450363
1.7307127378880978
1.8736971989274025
1.9491950124502182
1.6320587620139122
1.867725033313036
1.7303388640284538
2.3090686574578285
1.6456527821719646
3.5955113917589188
1.9123112000524998
3.080947369337082
1.5306487567722797
2.1052452102303505
2.0097892209887505
1.8138770163059235
1.6945751532912254
2.157670743763447
1.639597974717617
1.9332961216568947
1.7593253292143345
2.245316728949547
1.7778993993997574
2.3054381161928177
1.5806215144693851
2.2420770302414894
2.0669137462973595
2.038520894944668
1.6524838581681252
2.507116086781025
1.4973316937685013
1.9113023728132248
1.611109096556902
2.340177744626999
1.485116433352232
1.7257178388535976
1.8077144585549831
2.357451483607292
1.886932760477066
1.6353125274181366
2.1263145059347153
1.7341167852282524
2.2205552235245705
1.9753205552697182
1.9382978491485119
1.7719860039651394
2.070437654852867
2.2277372628450394
2.3327113315463066
1.4807490222156048
2.411797046661377
1.7483025304973125
1.8577644489705563
2.1013776659965515
1.5430984646081924
1.6123581752181053
2.1438381895422935
1.6811270080506802
2.0725650787353516
2.2059032693505287
2.020276051014662
1.8057245276868343
1.6656015180051327
2.1146848648786545
1.9134364500641823
2.1602703332901
1.8634921833872795
2.1405067667365074
1.86837737262249
2.2122487127780914
1.9398177973926067
1.6094501502811909
1.9133425280451775
2.019271418452263
1.5823850855231285
2.1651460230350494
1.6274500228464603
2.1595964953303337
1.9643878787755966
1.879518285393715
1.86108760535717
2.4849947541952133
1.7834298126399517
2.786884494125843
1.7147965021431446
2.057882182300091
1.70043570920825
2.289299860596657
1.7083113342523575
2.0883863642811775
2.0055371448397636
1.5511969067156315
2.368424355983734
1.6257076673209667
2.343462251126766
1.644983809441328
1.563738126307726
2.268395774066448
1.7247087955474854
1.9249818474054337
2.0263686403632164
1.6542890034615993
2.3006025701761246
2.006222628057003
3.176946721971035
1.5032905526459217
1.662166204303503
1.8194982297718525
1.8443064950406551
2.1776034012436867
1.7141143828630447
1.818264465779066
1.9109079204499722
2.292854093015194
1.6418739072978497
2.3386736810207367
1.9567044861614704
1.7481314353644848
2.081419885158539
1.9458591230213642
2.0067553520202637
2.4927228540182114
1.5415571630001068
2.2509973496198654
2.0273313224315643
1.8292773701250553
1.9163541570305824
1.767023991793394
1.9842535108327866
2.2115486711263657
2.0555805936455727
3.1427867710590363
1.6867667734622955
2.6553392559289932
1.523556549102068
2.098149389028549
2.3746533542871475
1.515587393194437
2.6549986228346825
1.6335769146680832
1.8549799136817455
1.7949397452175617
1.8618515655398369
1.895140901207924
1.8704656288027763
1.8244738541543484
1.6678418591618538
1.7087461166083813
1.5541161112487316
2.149157300591469
1.652933795005083
2.3499593436717987
1.5348203107714653
2.4980388656258583
1.548416007310152
2.0700796395540237
1.5438286699354649
1.9424857944250107
2.0839814245700836
1.4927934594452381
2.1226557940244675
2.002036150544882
1.6896840892732143
1.9902482107281685
2.080009065568447
1.7549858577549458
1.9194773510098457
2.1576174795627594
1.578926920890808
2.066253699362278
1.6681791357696056
2.388081505894661
1.5911127179861069
2.020770899951458
1.9843260198831558
2.2542423754930496
1.528109047561884
2.308663584291935
1.4946781732141972
2.5675751715898514
1.5396300293505192
2.1111127585172653
2.0853727385401726
1.733701467514038
2.577468939125538
1.6137227602303028
2.4613063037395477
2.0075201615691185
1.776119191199541
2.2201129347085953
1.906557060778141
1.692758247256279
1.7226646766066551
1.6638851761817932
2.051844447851181
1.7755952589213848
1.6710647232830524
1.632173627614975
3.1465362682938576
1.4837297312915325
1.9629069566726685
1.9149247109889984
1.7223894633352757
2.021079257130623
1.505730263888836
2.0395156294107437
1.8454539850354195
1.6987463347613811
1.7631676346063614
1.8133950755000114
1.6315524242818356
2.106390543282032
1.7006939053535461
1.8571899831295013
1.910035379230976
1.9771131575107574
2.440572790801525
1.7498692572116852
1.721237313002348
2.0795093923807144
1.498143032193184
1.9109134525060654
1.846762701869011
2.2571634501218796
1.810132123529911
3.945139415562153
1.7607320323586464
1.7644647993147373
1.9659239910542965
1.9562284052371979
2.516245976090431
1.5782614760100842
2.0049681439995766
1.5000531040132046
1.7343330830335617
1.9673063233494759
2.3460085168480873
1.5607237294316292
2.0406401082873344
1.7714944556355476
1.7105040550231934
1.9349447004497051
1.6947128400206566
1.8016835562884808
1.656888235360384
3.1722839027643204
1.500485174357891
2.0120432674884796
2.310415916144848
1.9159806407988071
1.4619166441261768
2.056087575852871
1.6586163118481636
1.9175217747688293
1.58404203876853
2.4520333781838417
1.7241140119731426
1.8263013362884521
2.027471847832203
2.1987645998597145
2.9903248101472855
1.6801594197750092
2.300238959491253
1.744359403848648
2.056310087442398
2.1003893315792084
1.6342003159224987
2.271033190190792
1.8525883108377457
1.868219692260027
1.6380825489759445
1.7825200036168098
2.6698974296450615
1.663026962429285
2.5713632628321648
1.550661813467741
1.961275652050972
1.7910928130149841
1.7546873316168785
1.9492958150804043
2.013793870806694
1.613085724413395
1.5647992379963398
1.809439830482006
2.3933307006955147
1.3899714574217796
2.1019470021128654
1.9710698649287224
1.8383923396468163
1.7128850519657135
2.285005547106266
1.4262575395405293
2.3427159935235977
1.5325328931212425
2.7117033898830414
1.7028566785156727
2.202038586139679
1.6425446160137653
1.922257099300623
2.035429112613201
2.1180349066853523
1.9163179695606232
1.796875860542059
1.9397225975990295
1.4770126268267632
2.6133575439453125
1.7269485592842102
2.1190969422459602
2.009402483701706
2.001872144639492
1.9597833044826984
1.8557760789990425
1.8900382071733475
2.161537602543831
1.8154830038547516
2.7761705070734024
1.7619550377130508
1.937152437865734
1.960903387516737
1.6804467216134071
2.1145055070519447
1.7551039308309555
2.2971929609775543
1.4441858604550362
1.9639002084732056
2.2144828513264656
1.566209502518177
2.68456257134676
1.534804079681635
2.6074866503477097
1.752526167780161
2.9064007326960564
1.6849141716957092
1.9627854749560356
2.258958615362644
1.617417123168707
2.510047771036625
1.7092420980334282
1.6027199104428291
2.699563704431057
1.7982023693621159
1.6715924106538296
1.7867181710898876
2.021883573383093
1.6599912866950035
2.379145033657551
1.7087597213685513
3.0794512555003166
1.5983624793589115
2.2073594108223915
1.5703690983355045
2.1913523599505424
1.731481570750475
2.2641714438796043
1.6796020679175854
2.7119946256279945
1.601978749036789
2.19667287170887
1.72364841401577
1.7840359322726727
2.015848845243454
1.746971007436514
2.1249281093478203
1.7872562929987907
1.9738916978240013
2.031494904309511
1.7627114169299603
1.9889915250241756
1.7857425697147846
1.7650583870708942
2.009749613702297
1.8994848914444447
1.7161518298089504
1.5336503982543945
2.336379401385784
1.610646314918995
1.9674680903553963
2.1321596652269363
1.5971039906144142
2.012168478220701
1.5664287023246288
2.347341015934944
1.6241836249828339
2.0412093475461006
1.6793901547789574
2.3108754605054855
1.4964573979377747
2.6906554773449898
1.7047514729201794
2.0563767924904823
1.7903118282556534
1.7633177638053894
1.7056675851345062
2.3934628888964653
1.6593860238790512
2.2498668283224106
1.6003688126802444
1.9125699624419212
1.9687871485948563
2.0102486461400986
1.7389114797115326
2.394315369427204
1.6430197097361088
2.219368129968643
1.7219559960067272
1.993393436074257
1.6015266552567482
1.9968868754804134
1.925688337534666
2.0458444878458977
1.3846499063074589
2.3038634210824966
1.694920688867569
2.1818033531308174
1.742862943559885
2.134399227797985
1.651024755090475
2.2497567534446716
1.840335052460432
2.265611246228218
1.9548588991165161
1.9403900764882565
1.9673400819301605
1.8806562945246696
2.1744448393583298
2.5669231191277504
1.663396630436182
2.3306102976202965
1.9904316067695618
1.809372540563345
1.8041774332523346
2.170273222029209
1.7855245247483253
1.9967566467821598
1.9631369598209858
2.0327499881386757
2.455650568008423
1.516585886478424
2.260378785431385
2.0260271579027176
1.8205106817185879
1.7860787995159626
2.11486554145813
1.3416573777794838
2.1189313158392906
2.1490016505122185
1.6076202131807804
1.6914800181984901
1.86147241294384
2.9926009848713875
1.7467959374189377
2.3233731240034103
1.6631425954401493
1.9336189702153206
1.727695718407631
2.2738807797431946
1.637974876910448
2.0353420451283455
1.7183987013995647
1.9850656613707542
1.5457053184509277
2.0002752505242825
1.7375930957496166
2.0879159197211266
1.7211261168122292
1.689342875033617
2.1483388021588326
2.1223873645067215
2.5540039986371994
1.6394475847482681
2.4052126854658127
1.4751147776842117
2.078604079782963
1.6868232861161232
2.0428337305784225
1.678659524768591
1.7324243150651455
2.989619180560112
1.7494695857167244
2.442693255841732
1.926294218748808
1.9952332451939583
2.3495080322027206
1.6925047039985657
2.766228199005127
1.7927882373332977
2.1986792534589767
1.727846872061491
2.039749391376972
1.9005992747843266
1.5697243176400661
2.1508451476693153
1.7235312722623348
1.886185184121132
1.7567120343446732
1.8145564794540405
2.022296391427517
1.6616742312908173
1.9709147065877914
1.8134210966527462
1.7291960790753365
1.9582731500267982
2.054857984185219
1.614097949117422
2.062272347509861
2.015534408390522
1.4597380571067333
1.9816143736243248
1.8139512576162815
1.7041488885879517
1.8942959755659103
1.9719025567173958
1.667483415454626
1.9769738018512726
2.3830401599407196
1.6586091369390488
1.669754534959793
2.2414244934916496
1.7715995833277702
2.3024932891130447
1.5086248889565468
2.1840221881866455
2.020495567470789
1.5369118228554726
2.800131171941757
1.514747105538845
1.9811236560344696
1.987179547548294
1.880687341094017
2.2881108447909355
1.7896073274314404
1.7401330471038818
1.8861845135688782
1.9273272156715393
1.7816042564809322
1.681480996310711
2.5670734494924545
1.8890766017138958
2.1663998439908028
1.5876398012042046
2.1735325306653976
1.7896037735044956
2.2560887038707733
1.9117351211607456
1.8259129263460636
1.8593584597110748
1.9035205319523811
1.5667643770575523
1.7955011911690235
2.114703133702278
2.164268381893635
1.827762607485056
1.8582148887217045
1.5243992060422897
2.4266771525144577
1.6888856142759323
1.932095605880022
1.5914757885038853
2.4277758970856667
1.553517509251833
2.134300649166107
1.491569247096777
2.095341205596924
1.634302344173193
1.9718428701162338
1.988078836351633
1.5274948254227638
1.7272358499467373
1.8475895710289478
2.121060736477375
1.6143872812390327
1.7753706350922585
1.8338354118168354
1.6825906597077847
2.095354825258255
2.380980186164379
1.9234528429806232
1.9781397879123688
1.7399153411388397
2.3038428723812103
1.5149466395378113
2.002733036875725
2.3439167514443398
1.4725196808576584
3.5435130670666695
1.769352350383997
2.0983376875519753
1.8013910502195358
1.7611691839993
1.8639871925115585
1.8886462859809399
1.9017021618783474
1.7266256660223007
1.7717412039637566
1.7905807755887508
1.8983587883412838
2.06288543343544
1.7995587512850761
1.934446595609188
2.11959520727396
2.6452128663659096
1.6183782368898392
2.498404659330845
1.5820674858987331
1.9721045568585396
1.7954322658479214
1.6935828253626823
2.163406878709793
1.5608411580324173
2.000482775270939
2.11056686937809
1.963903933763504
1.723265003412962
1.9497780203819275
1.6367686055600643
1.7183340340852737
1.9543181024491787
1.762692917138338
2.061791203916073
1.7004990503191948
1.691255796700716
2.0496940091252327
1.6473771445453167
2.1067606434226036
1.637959286570549
1.97280228510499
2.2763510271906853
1.8050239719450474
2.5024866238236427
1.834894087165594
2.4763051196932793
1.7317883595824242
3.402402490377426
1.684559904038906
2.3645624816417694
1.5150331892073154
2.158139429986477
1.6222206950187683
2.1511132791638374
1.8861887343227863
2.0454628840088844
2.0511046424508095
1.6284245811402798
2.0328271836042404
1.9247066043317318
2.122647099196911
2.1273940429091454
1.6455205157399178
1.8556924164295197
1.6001406982541084
2.0555471628904343
2.0956898778676987
1.6691788733005524
2.111064724624157
1.8898915760219097
2.3401314094662666
1.6997215673327446
1.7203922979533672
2.568236380815506
1.8288995549082756
2.1217464208602905
1.9797720573842525
1.6288381107151508
1.917588621377945
1.8344233930110931
1.8411964997649193
1.5765545293688774
1.8100638426840305
2.1098688170313835
1.8274310603737831
2.2343931570649147
1.676492553204298
2.0336664244532585
1.7972781024873257
2.0952287688851357
1.83680796995759
1.8771941140294075
2.090929664671421
1.7528030425310135
2.0677149519324303
1.7481479123234749
1.7957539930939674
1.786642499268055
1.6568987630307674
1.826840728521347
1.5731678307056427
1.8565548807382584
1.780037086457014
1.9015844613313675
1.6622501835227013
1.7710275873541832
2.372309163212776
1.492185901850462
1.8938767053186893
1.8720629699528217
2.1183911487460136
1.5438828654587269
2.015193961560726
2.1308258324861526
2.039376311004162
1.649850532412529
2.001717507839203
2.556048423051834
1.5814680010080338
2.3325734734535217
1.6211104467511177
2.3278593719005585
1.615135706961155
2.294922560453415
1.8124391809105873
2.376591257750988
1.4864914827048779
1.8822289034724236
2.024220883846283
1.7574894577264786
2.1971933767199516
1.7528428249061108
2.0202142000198364
1.9440546967089176
1.828161433339119
1.924012828618288
2.193527579307556
1.779929332435131
2.2513373345136642
1.6867801509797573
2.029848761856556
1.6473540365695953
1.7001408711075783
2.4121107310056686
1.7534832395613194
1.8973413370549679
2.7448144778609276
1.6316468827426434
2.4498475566506386
1.6744082383811474
2.3353370055556297
2.1780230030417442
1.4777424074709415
1.9458056762814522
2.251993454992771
1.7452936731278896
1.90005823969841
1.6666265204548836
2.532016471028328
1.6917617581784725
2.062964603304863
1.7383186407387257
1.7045795805752277
2.1420555636286736
1.6674586981534958
2.009442612528801
2.0762401036918163
1.5318683050572872
2.766053721308708
1.4902974739670753
1.8832721412181854
1.9520357698202133
1.9491740018129349
1.6719022504985332
2.2397537007927895
1.617821842432022
2.1961514204740524
1.5567689314484596
1.9440538212656975
1.6710247248411179
1.6084849461913109
1.8746017962694168
1.6792123354971409
1.878875631839037
1.6869791373610497
2.187028244137764
1.727673664689064
2.4468591064214706
1.63297738134861
1.8041501753032207
2.073026232421398
1.5040466040372849
1.8500075414776802
1.7907936833798885
1.6134791783988476
2.0305866971611977
1.9979623332619667
1.5274692811071873
2.0756362974643707
2.3043841272592545
1.737951222807169
1.887147605419159
1.612929668277502
1.9629717767238617
1.7561064139008522
1.8783076591789722
1.9895694553852081
1.9463219791650772
2.299464739859104
1.8934437297284603
2.0086543783545494
1.9577220156788826
1.9487451612949371
2.0687342509627342
1.7682597041130066
2.361686646938324
2.152536742389202
1.6495014913380146
1.9864153191447258
3.295669808983803
1.587380200624466
1.9335029609501362
1.7342900149524212
2.3031214252114296
1.9434802532196045
2.148940719664097
1.5217736102640629
2.179639585316181
1.6181100197136402
1.7808136157691479
2.5601454749703407
1.6877844333648682
2.074731171131134
1.7825156450271606
2.0741523802280426
1.5889579616487026
1.8870676308870316
2.128198578953743
1.5507669933140278
2.106697157025337
1.6233116202056408
2.540579929947853
1.765158947557211
2.284260682761669
1.9619530066847801
1.851804256439209
1.7583519481122494
1.8862212263047695
2.023330718278885
1.4420387670397758
2.149685986340046
1.6119064576923847
1.7199538499116898
1.6694406233727932
2.1028656996786594
1.6115926317870617
2.341544806957245
1.496270626783371
2.555734798312187
1.688992202281952
1.6351085230708122
1.6698739640414715
2.154695935547352
1.7282819598913193
1.652667596936226
2.1730870455503464
1.5418475829064846
1.8980478383600712
1.9160990789532661
1.5885440595448017
1.8564855009317398
1.6622123681008816
1.893119279295206
2.2548128440976143
3.149754986166954
1.8275803439319134
2.1618283167481422
1.6711335070431232
2.0101104341447353
1.6167340017855167
3.2249129191040993
1.440153557807207
1.7035158462822437
1.820658553391695
1.9417388215661049
1.7982349805533886
1.9518593177199364
1.8140593767166138
1.967647884041071
2.128140777349472
1.8232005797326565
2.2347011491656303
1.767074964940548
2.2648154497146606
1.8707517385482788
2.3083206936717033
1.8891928941011429
2.1252045407891273
1.8328346200287342
2.2090779468417168
1.5509244464337826
1.8878557831048965
2.215483918786049
3.559102885425091
1.6799898967146873
2.1170286685228348
1.5646404810249805
2.344539664685726
1.4815407544374466
2.356009416282177
2.199815720319748
1.7448463179171085
2.052337124943733
1.9696548096835613
1.3891457617282867
2.3861317560076714
1.760134331882
1.8702899031341076
1.8418665640056133
2.1467858850955963
1.733152311295271
1.6978140510618687
1.9065317958593369
1.739528577774763
2.3037277907133102
1.9052818603813648
1.5706581696867943
2.281530275940895
1.6098699755966663
1.9099776148796082
1.6549394018948078
2.1651963889598846
1.9760269969701767
2.4795201495289803
1.6031642146408558
2.229386381804943
1.7823991999030113
1.969481684267521
1.8729348815977573
1.9530379325151443
4.70476707816124
1.9811527729034424
2.1330591440200806
1.752020575106144
2.7136683464050293
1.6266852356493473
2.0868939012289047
1.7014661505818367
2.4105645045638084
1.7262709997594357
1.8356159776449203
1.4757382608950138
2.015504591166973
2.033129245042801
1.718287743628025
2.256768651306629
1.6893442571163177
2.039268307387829
1.8424509428441525
1.9499064609408379
2.166214533150196
1.815274901688099
2.179720625281334
1.806759126484394
1.7296785339713097
2.2932702377438545
1.6970223784446716
1.7628908231854439
1.677115187048912
1.9933293163776398
1.6876254752278328
2.0514339432120323
2.724789120256901
1.7961734123528004
2.2651859149336815
1.474632315337658
1.8995755463838577
1.8778743594884872
1.9799700826406479
1.6888070218265057
2.630328118801117
1.6305483244359493
1.931000653654337
2.6637995690107346
1.6299742981791496
4.001896195113659
1.8555615805089474
1.9639551937580109
1.9344371557235718
2.18437160551548
1.3552467711269855
2.0765442922711372
2.52529077231884
1.4264874383807182
2.383039526641369
1.6812025271356106
2.1683904379606247
1.7855131067335606
1.7956125065684319
1.731920886784792
1.988579772412777
1.710134532302618
1.9323127605021
1.8813516348600388
1.805151715874672
1.6305628716945648
1.7266266085207462
2.2529403641819954
1.8905067518353462
2.03404887765646
1.6122396923601627
2.142061784863472
1.825283493846655
2.048614874482155
1.7743819318711758
1.9623639807105064
1.766042534261942
1.8124585263431072
1.8425524979829788
1.8109273202717304
1.8907385803759098
2.2388123348355293
1.8238146156072617
2.460845597088337
1.5274440571665764
1.888664223253727
1.8402061387896538
1.6487125158309937
2.184693306684494
1.7785170674324036
2.3923502787947655
1.7200225070118904
1.8417991288006306
1.8495482951402664
2.2153909727931023
1.6599193513393402
2.4211258813738823
1.5900527834892273
2.068430483341217
1.8652169331908226
1.678582802414894
2.4374569952487946
1.6058409586548805
2.1573851332068443
1.4288108423352242
1.7517635859549046
2.05292160063982
1.5081735998392105
1.835943154990673
1.8410077802836895
2.604253262281418
1.6345109157264233
1.7365725487470627
1.769249103963375
1.9550008103251457
1.5304271765053272
2.7228809744119644
1.7031244859099388
2.3526382744312286
1.8143163435161114
1.5754758566617966
2.206647053360939
1.671593178063631
2.1861128211021423
1.803340993821621
2.3400546610355377
1.6530252769589424
1.8190041966736317
1.933120109140873
2.0761803165078163
1.6521815545856953
1.8838377222418785
1.6365932039916515
1.897879783064127
1.9520305693149567
1.7799274548888206
1.8340885937213898
2.0927466601133347
1.7705862298607826
2.1549072340130806
1.8676663935184479
1.911888498812914
2.0611979365348816
1.9349935911595821
1.6661228463053703
1.9767886400222778
1.5609104372560978
1.7486401982605457
2.031154491007328
1.807048499584198
2.2578398436307907
2.6547772362828255
1.541779339313507
2.5362519547343254
1.7068734392523766
2.0812349170446396
1.9074711985886097
1.7899205014109612
1.925263598561287
1.7294585071504116
1.781550046056509
2.3578923866152763
1.5423398800194263
1.824391234666109
1.7813380062580109
1.8016485422849655
2.0618444457650185
1.6517420150339603
1.9568649977445602
1.6981747820973396
2.443945035338402
1.893837794661522
2.2395272701978683
1.7900081798434258
2.1216035187244415
1.4060505628585815
2.0341064110398293
2.9206910207867622
1.637148316949606
1.8393006548285484
2.5062357410788536
1.626783400774002
2.757243499159813
1.591429464519024
2.167296350002289
1.8466991372406483
2.037482336163521
1.6864718869328499
1.7747916504740715
2.2678342685103416
1.6499124094843864
2.733036369085312
1.5174884907901287
2.371858239173889
1.6237690970301628
1.9921147897839546
1.5231233425438404
2.1708349138498306
1.9489211663603783
1.8072688281536102
2.349377565085888
1.4226111471652985
1.777922097593546
1.7380359843373299
2.0552383214235306
1.9085086435079575
2.1172164157032967
1.7629341036081314
1.928619358688593
1.6116740070283413
3.4047484546899796
1.7239604219794273
1.9518867135047913
1.6035475209355354
1.650171373039484
1.9131377637386322
1.8896204121410847
1.8948619961738586
1.9808232560753822
1.6191983446478844
1.8494920991361141
1.9022783227264881
1.6549132317304611
2.0574790835380554
1.8775475546717644
1.6567782424390316
2.463172122836113
1.8613660670816898
1.7703779265284538
1.5899492911994457
1.9970331266522408
1.5761409811675549
2.0072063505649567
2.9127077758312225
1.612982302904129
1.8997401148080826
2.092709146440029
1.8102432675659657
1.9794683903455734
1.7163372933864594
2.143116720020771
2.367792248725891
1.5494362451136112
2.5455830320715904
1.6956241317093372
3.508598119020462
1.696865253150463
2.0904067158699036
1.9843683019280434
1.7036101296544075
1.8361809328198433
1.9132631234824657
1.6598180308938026
1.7518601790070534
2.463877350091934
1.5802986025810242
2.0272556468844414
1.7822505682706833
1.7055923268198967
2.3743907287716866
1.4971234872937202
1.8337147235870361
2.1257376596331596
1.8272109143435955
2.1083618700504303
1.713838804513216
2.22269444167614
2.031775526702404
2.622225522994995
1.6476384922862053
2.4018860310316086
1.6051524356007576
2.1460313349962234
1.8713432103395462
1.6808481700718403
1.7284925319254398
2.24593885242939
1.7621795386075974
1.5758014395833015
2.2593456134200096
1.661234188824892
2.279328688979149
1.8168624080717564
1.5846743993461132
1.8285246528685093
1.777429025620222
1.8432984799146652
1.8316001519560814
2.1482496559619904
1.799537904560566
1.9455718472599983
2.0417650938034058
1.6974675059318542
2.205003671348095
1.9589987471699715
1.5942221395671368
1.9349550679326057
2.097631387412548
1.7911203131079674
2.720607250928879
1.4599739573895931
1.6613997556269169
1.6939548440277576
1.8545705415308475
1.5957886762917042
2.0640198662877083
2.156332530081272
1.7055743597447872
1.8758860863745213
1.8997244723141193
2.28270510584116
2.1990065425634384
1.8346257358789444
1.7454876378178596
2.3971951380372047
1.5551971532404423
1.9260611273348331
1.8307950235903263
1.9069840386509895
2.1899589002132416
1.7444920986890793
2.1871711388230324
2.212460331618786
1.8024965152144432
2.077222593128681
1.8607436418533325
1.8929710686206818
1.5382548533380032
2.0662140399217606
1.9243489876389503
1.7156621031463146
1.7078704982995987
1.8608683459460735
1.8629501983523369
1.898728385567665
2.4630784392356873
1.5141219794750214
2.1653245389461517
1.7117536403238773
1.8062450513243675
1.671182993799448
1.8957014419138432
2.367608465254307
1.6767028868198395
1.786949623376131
2.2997750267386436
1.6799029037356377
1.959899641573429
1.857723906636238
2.07313884049654
1.8972452282905579
2.2551578655838966
1.7138232626020908
2.3539341762661934
1.912738375365734
2.2410202249884605
1.5656860321760178
1.8094300404191017
1.6793564334511757
1.7739058397710323
1.8284758478403091
1.5984808169305325
2.468206822872162
1.832487728446722
1.5597264654934406
1.7976009398698807
1.8095689415931702
1.776695642620325
1.681887499988079
1.8972866497933865
1.7240472994744778
2.4241879880428314
1.522704467177391
2.021911472082138
1.6794222854077816
1.8712293840944767
1.8184495493769646
1.9512749835848808
1.6329891867935658
1.712823212146759
2.074494905769825
2.058803729712963
1.7331125624477863
1.9577770978212357
1.7199974358081818
1.5305203534662724
2.231567397713661
1.7026823870837688
2.257506713271141
1.7018219120800495
2.5074626207351685
1.5466963425278664
2.381990931928158
1.6143479980528355
1.8788833692669868
1.5497344583272934
2.02102492749691
2.2399932742118835
1.7432894594967365
1.9369366578757763
1.5603191740810871
2.0390557646751404
1.7593549489974976
2.255819506943226
1.6631305776536465
1.8198675960302353
1.5598767958581448
2.1935721933841705
1.698433954268694
2.1009086668491364
1.7595297135412693
1.9353443756699562
1.927471049129963
2.015684150159359
2.0059553161263466
1.689609918743372
1.96726194024086
2.3575225174427032
1.4776744022965431
2.020290791988373
1.868517804890871
2.1950327679514885
1.7044695504009724
2.4132753387093544
1.6803782023489475
2.3314716666936874
1.6196244396269321
2.326099380850792
1.7697447538375854
1.8999693468213081
1.6414350010454655
2.1338163018226624
1.7320815958082676
1.76563024148345
2.802081674337387
1.3996917754411697
1.775681883096695
1.9970863685011864
1.880209319293499
1.713293507695198
2.6170775443315506
1.6167654544115067
2.742478907108307
1.5107351131737232
2.174993522465229
1.5692957267165184
2.0425635129213333
1.9229718297719955
2.351861871778965
1.5587057694792747
1.8114639110863209
1.563144527375698
1.8858050666749477
1.9119623899459839
1.9430082216858864
1.5740172192454338
1.98575409501791
1.9327107071876526
1.7280254773795605
1.8533086143434048
1.844817366451025
1.950052160769701
1.6037148013710976
1.9534560292959213
1.872868601232767
1.8761088885366917
1.829566653817892
2.187549404799938
1.5469159483909607
2.061213858425617
1.9530847370624542
1.8314294330775738
1.918994527310133
1.8241153880953789
1.390305519104004
1.413885060697794
1.684467125684023
1.556156937032938
2.404419206082821
1.6880502738058567
2.4540810957551003
1.4671936482191086
2.0490429922938347
1.480254739522934
1.9905279725790024
2.114167958498001
2.0269062146544456
1.5399196296930313
1.9704520851373672
2.0209966003894806
1.8519447073340416
2.450741022825241
1.6942936815321445
3.5395209789276123
1.6234413608908653
2.6496728882193565
1.5899224542081356
2.5227573812007904
1.4506019949913025
2.20387402176857
1.5603943690657616
2.0736614167690277
1.863398015499115
1.9479706138372421
1.718448992818594
2.4588729590177536
1.6190663203597069
2.1336960569024086
1.9297172911465168
1.5417793355882168
1.7976319044828415
1.8219084478914738
1.6744489148259163
1.9078654050827026
2.007667697966099
1.5579688213765621
2.33937768638134
1.835100743919611
2.072219245135784
2.1094706133008003
1.7190632857382298
2.080066040158272
1.6945522129535675
2.002144992351532
2.6923428550362587
1.5493608601391315
2.2032571360468864
1.6325076222419739
2.064595676958561
1.9073869585990906
1.7938461787998676
1.785751886665821
2.111991837620735
1.7647117674350739
3.9636406749486923
1.981510791927576
2.3501510694622993
1.7273614555597305
1.9155608117580414
1.895161211490631
1.8904170915484428
1.7268543802201748
1.800494883209467
2.117244854569435
1.5974555350840092
2.1013679802417755
1.6446611694991589
1.699423585087061
1.8321132138371468
1.9729139618575573
2.4666625261306763
1.8561969995498657
2.0752701312303543
1.9962764978408813
1.9049180895090103
1.8220322467386723
1.5527828820049763
1.7114901542663574
3.252123236656189
1.516394067555666
1.8559639789164066
1.7767770774662495
1.9176524803042412
1.8995348922908306
1.8980421870946884
1.9019750468432903
3.414322666823864
1.7775462679564953
1.9834400117397308
1.6170385889708996
1.7088702321052551
2.5214491188526154
1.5973006077110767
2.192922793328762
1.6520113907754421
1.9959780275821686
1.7974149323999882
1.836067110300064
1.6437130309641361
2.0148147866129875
1.513808213174343
1.8524776101112366
1.9274782873690128
1.8873992338776588
1.61288633197546
2.270603969693184
1.7268725037574768
2.251783661544323
1.560419287532568
2.366077095270157
1.6086079217493534
2.0342400148510933
1.6244125217199326
2.01083230227232
1.8182413801550865
2.6493298336863518
1.7108864486217499
1.9331109076738358
1.7228170670568943
1.6004404053092003
2.248542293906212
1.5964259430766106
2.0887429416179657
1.6151675172150135
2.5168611779809
1.6271493472158909
2.059351108968258
1.5412854366004467
1.8841498270630836
1.9513478800654411
1.8515281081199646
2.0062145069241524
2.083770342171192
2.2017976865172386
1.686771810054779
1.8802727274596691
1.897693533450365
1.6956842131912708
1.6729546561837196
1.8727155961096287
1.9025447852909565
1.8474886417388916
1.6690394394099712
2.104739472270012
1.5442027375102043
1.7359614931046963
1.9253811314702034
2.3906065076589584
1.5873614847660065
2.4796935990452766
1.8244016356766224
2.20828315615654
1.6687495298683643
2.6774176880717278
1.6382440105080605
2.1904572919011116
1.9226799793541431
2.177734464406967
1.5979321412742138
1.7726934626698494
1.9648089781403542
1.830871608108282
2.2342536374926567
1.7897140383720398
1.9161218777298927
1.664430022239685
1.9753872863948345
1.9663538374006748
1.4610668271780014
1.9721754565835
1.7414371743798256
1.8079396709799767
1.9070742093026638
1.6540110297501087
2.126782849431038
1.8894283398985863
2.1834883242845535
1.481027528643608
1.9432986378669739
1.7253754697740078
2.256576359272003
1.7356900498270988
1.712125163525343
1.6631194651126862
2.044315494596958
1.9911432825028896
1.9204786345362663
2.1324780955910683
2.139226019382477
1.8056854642927647
1.7903633415699005
1.603695672005415
1.76579450070858
2.38998544216156
1.5358806364238262
2.05496034771204
1.6903234273195267
2.3788739666342735
1.413281325250864
1.6606695130467415
2.323766812682152
1.654183778911829
2.032450094819069
1.4794204570353031
2.075503870844841
1.6224302388727665
2.3010795265436172
1.594851277768612
2.055371508002281
2.6913921386003494
1.7823152095079422
2.5014747455716133
1.5377280786633492
2.422234944999218
1.8369223438203335
2.30791062861681
1.5634102001786232
1.939773216843605
1.6586490496993065
2.2290501222014427
1.7403842732310295
1.9581880681216717
2.1665667220950127
1.8319325372576714
2.030503325164318
1.8275447078049183
2.1075400710105896
1.7393232360482216
2.0577340200543404
1.7880099639296532
1.552943166345358
1.7096820995211601
2.0956040173768997
1.980262003839016
1.825466576963663
2.342758461833
1.3516282849013805
1.9956979155540466
1.4896543473005295
2.2303991615772247
1.7183087393641472
2.4516307935118675
1.8589579910039902
1.989586554467678
1.613293245434761
2.2391039952635765
1.8390280939638615
2.0563697293400764
2.0702573135495186
1.8607358448207378
1.7754357606172562
2.1884009912610054
1.5944139435887337
3.0084889829158783
1.6508696898818016
2.1995973140001297
1.9099352285265923
1.8199259415268898
2.1840683445334435
1.5656970329582691
1.7694655433297157
1.8800419978797436
1.8019627258181572
1.7532630935311317
1.8580130152404308
2.5492451563477516
1.443692184984684
2.045382410287857
1.7064062543213367
2.2707363441586494
1.7489229999482632
1.6824874244630337
2.199702277779579
1.4869226664304733
1.6158173382282257
1.8794736191630363
1.952753521502018
1.6796048432588577
2.1730396151542664
1.7637509740889072
2.3554307222366333
1.5423625260591507
1.760487750172615
1.6238591149449348
2.216665878891945
2.653009131550789
1.4822927378118038
1.9614854045212269
2.0196654871106148
1.824243038892746
2.20935295522213
1.845831848680973
2.103076823055744
1.9249060973525047
1.6191121861338615
2.015161909162998
1.4755672439932823
1.9342571385204792
2.016965538263321
1.8332544974982738
1.4236368611454964
2.3658860996365547
1.7437427453696728
2.28107438236475
1.7720986269414425
2.1640971451997757
1.5354308895766735
1.7827562615275383
1.60301161557436
2.085272580385208
1.54405914619565
2.2096670642495155
1.630742684006691
2.4352292343974113
1.7744105085730553
1.7925827279686928
2.2426518499851227
1.8107644692063332
1.9051178209483624
1.7156384326517582
1.7887622565031052
1.5388677306473255
2.5930578261613846
1.6892704106867313
2.6611603498458862
1.7680858746170998
2.4011847898364067
1.71236602216959
2.1052722930908203
1.8660257495939732
1.8607979752123356
1.784338302910328
1.8248524740338326
1.4448217190802097
2.2424207031726837
1.7235713824629784
1.9328739568591118
1.6863600835204124
1.9660895578563213
1.6890695989131927
1.9173668846488
2.116889238357544
1.6228651516139507
1.8578828647732735
2.087959349155426
1.8337947838008404
2.033649265766144
1.7739424332976341
2.437867157161236
1.6585294380784035
2.020012579858303
2.13318133354187
1.8493960835039616
1.824665855616331
1.8361524865031242
2.5056031346321106
1.5294659473001957
2.0200958624482155
1.5597729347646236
2.4007525369524956
1.6154712475836277
2.247718006372452
1.5931953974068165
2.112123779952526
1.6312109045684338
2.3055551797151566
1.5780726447701454
2.0386488661170006
1.709244653582573
2.362751081585884
1.5814417973160744
2.241754859685898
1.7231251634657383
2.5415835678577423
1.5673286467790604
2.449285425245762
1.9170489236712456
1.6037929020822048
2.272199772298336
1.772543840110302
2.2632020488381386
1.8605584055185318
1.5774785615503788
2.088302828371525
1.689961776137352
2.160292409360409
1.6556150875985622
1.682450383901596
1.6707492619752884
2.2909549921751022
1.6813717782497406
1.4090359881520271
1.9046312719583511
1.881649173796177
2.124665006995201
1.9753839746117592
1.6489788815379143
1.8929077461361885
1.7040573097765446
2.042397491633892
1.8724811635911465
1.6436280496418476
1.996146410703659
1.4888724237680435
1.9521922916173935
1.7397394105792046
1.7092523202300072
1.9137649796903133
2.0262154936790466
1.5190045796334743
1.859246976673603
1.9414832815527916
1.7098515294492245
1.5086908750236034
1.865234699100256
1.7148624993860722
1.9879110381007195
1.6476583033800125
2.032586667686701
1.7463227063417435
1.660448532551527
1.9529547840356827
1.6820652559399605
2.3286517336964607
1.4777812771499157
1.5294398739933968
1.8713021092116833
1.7890495881438255
1.5683523081243038
1.6573047079145908
1.9412131905555725
1.7184318378567696
1.8561439625918865
1.6600615829229355
1.8572040237486362
2.239514172077179
1.842612236738205
2.528326630592346
1.4832913167774677
2.615567982196808
1.6802151016891003
2.445592947304249
1.6906657554209232
2.019424632191658
1.8265802450478077
1.9742096550762653
1.8617168888449669
2.141674116253853
1.6421926505863667
1.8640280924737453
1.6964363381266594
1.8295748196542263
1.947493713349104
1.6400728709995747
2.3733959272503853
1.79562421515584
1.7070343121886253
2.546755827963352
1.502055861055851
2.274996757507324
1.8180303536355495
2.33733868598938
1.6951801218092442
2.1020291224122047
1.653660699725151
2.0134886875748634
1.7252011746168137
2.7512715458869934
1.631952453404665
2.266201004385948
1.838980183005333
1.5905126370489597
2.0301473885774612
2.1559813991189003
1.671777080744505
1.8835970126092434
1.7199606336653233
1.8642167933285236
1.762123342603445
1.8453522436320782
2.090552382171154
2.0324039310216904
1.588625494390726
2.142977684736252
1.84331738576293
4.632363945245743
2.1302981078624725
2.0452811121940613
1.7761293016374111
2.0836786925792694
1.784017875790596
1.5973530560731888
2.061631441116333
1.6550203561782837
2.5842383056879044
1.699551299214363
1.9624392837285995
1.9020735062658787
1.758166342973709
1.8982117511332035
1.6595873534679413
2.306867152452469
1.497160505503416
1.9034994877874851
1.8664389476180077
1.6792600713670254
1.7729573771357536
2.403833642601967
1.6242334358394146
1.7827753871679306
2.217554032802582
1.5853458009660244
2.0927801951766014
1.6704308055341244
2.070849969983101
1.8016841188073158
1.942261777818203
1.9732937067747116
1.7469900250434875
1.9983781427145004
1.6307590827345848
1.775929618626833
2.129515618085861
1.5200131461024284
1.8794261813163757
1.8173088245093822
1.7914562076330185
1.9716201424598694
1.897055760025978
2.026541046798229
1.9314709156751633
2.0114621855318546
1.4340751804411411
2.174476519227028
1.8241215646266937
2.5653060525655746
1.3958733789622784
2.021983303129673
1.666237000375986
2.224235363304615
1.681318398565054
1.913392785936594
1.50846616178751
1.7848463132977486
1.8493581973016262
1.8855000622570515
1.7132669240236282
2.4035013541579247
1.367180172353983
2.1458724290132523
1.5491741858422756
2.4136503860354424
1.6852928027510643
2.3870084807276726
1.9605944976210594
1.6591942310333252
2.150242991745472
1.8510766625404358
2.1513876542448997
1.6627546548843384
1.6368487365543842
1.8878318034112453
1.6756289675831795
1.9448812007904053
1.4847451895475388
2.2224349975585938
1.9910017624497414
1.7286447025835514
2.147967219352722
1.4506322517991066
2.032894715666771
2.0547818690538406
1.9504911005496979
1.8521625399589539
1.940897025167942
1.998179852962494
1.8842207305133343
1.7639689072966576
1.7999594174325466
1.9307210519909859
1.841278925538063
1.8763049729168415
1.7814061976969242
2.2155916690826416
1.7561313398182392
2.0944955945014954
1.7222733087837696
1.9252718165516853
1.6427882686257362
2.124623417854309
1.660367213189602
2.0781308338046074
1.6885804757475853
1.7410070821642876
2.0473348200321198
1.7720738239586353
2.205633357167244
1.5514571405947208
2.043146528303623
1.6538741551339626
1.869893368333578
1.6905587241053581
2.1119998544454575
2.0036247074604034
1.8048281073570251
2.067609630525112
1.5884214229881763
2.0123059153556824
1.8275711238384247
1.816292766481638
1.6310929767787457
2.5177619978785515
1.7098631970584393
2.0178555995225906
1.9421901553869247
1.717673446983099
2.069647815078497
1.9151668436825275
2.1856749355793
1.4579197503626347
1.9358948022127151
1.731682926416397
2.074084773659706
1.7545917853713036
2.000737465918064
1.8202753961086273
1.5853387750685215
2.330738164484501
1.7346428707242012
2.147673897445202
1.7584306932985783
2.3244848027825356
1.877005785703659
3.167604476213455
1.8212824538350105
2.02375864982605
2.4593411684036255
1.787404052913189
1.7863642126321793
1.8258333057165146
2.0341732278466225
1.8652024902403355
1.802520390599966
1.7987305633723736
2.1403389796614647
1.6329503655433655
2.111791219562292
1.5707937479019165
1.8493371903896332
2.037441149353981
1.7976449728012085
2.0974877029657364
1.6659063212573528
2.029551222920418
1.6569876447319984
1.9395982325077057
2.2028603479266167
1.956141084432602
1.823586344718933
1.8349356278777122
1.7080272361636162
2.2249457389116287
1.8679808862507343
1.9440056309103966
2.252838760614395
1.7165892496705055
1.7623740211129189
2.0769311040639877
1.7844882123172283
1.8485416546463966
1.6637452952563763
2.815212555229664
1.5206899717450142
2.12873737514019
1.7580657228827477
1.8491617180407047
1.613133430480957
2.3431674987077713
1.607419729232788
2.135774716734886
1.5162691809237003
1.9690054878592491
1.9147409200668335
2.0030021518468857
1.5700401477515697
2.0938308611512184
2.0849366039037704
1.8309261165559292
1.55524493008852
1.899517983198166
2.0046007335186005
1.83615031093359
1.8109307177364826
2.5190040692687035
1.6114120222628117
2.2893332466483116
1.874955229461193
2.699650466442108
1.575120735913515
2.018139235675335
1.7292125783860683
1.9460121653974056
1.5104673728346825
2.6613077372312546
1.6666582487523556
2.4435392692685127
1.943475391715765
2.203053541481495
1.702994428575039
2.6105497255921364
1.7418611496686935
3.6891626492142677
1.8459637016057968
1.6521435715258121
1.7678314186632633
2.0064940005540848
1.8371874764561653
1.5108007080852985
2.293796479701996
1.741401694715023
2.2182028144598007
1.6978507861495018
1.7241860292851925
1.72994364798069
2.0790393874049187
1.6316412277519703
2.238700717687607
1.5970914289355278
1.645836167037487
2.2914039343595505
1.636651437729597
2.5823622345924377
1.6477670967578888
2.313295602798462
1.6325221359729767
2.212300159037113
1.592400573194027
2.3610807433724403
1.4290386475622654
1.9228133633732796
1.8295936062932014
1.7098710462450981
2.0180347710847855
3.8911449313163757
2.0060704723000526
2.4389474764466286
1.5344381928443909
2.3686016276478767
1.5288211181759834
2.439985103905201
1.896078810095787
1.7087201811373234
2.1298431903123856
2.1663844659924507
1.8774639926850796
2.332353301346302
1.4687889330089092
2.0236429795622826
1.5943285264074802
2.100261077284813
1.696223672479391
1.955758348107338
1.84473193064332
2.1531921178102493
1.3733734302222729
1.9462319239974022
1.6727352626621723
2.311917193233967
1.5940373949706554
2.641619175672531
1.6884319186210632
2.152869887650013
1.8896908536553383
2.047396697103977
1.5268200375139713
1.8902174942195415
2.0210670977830887
1.553296260535717
2.110900677740574
1.622092392295599
2.008781276643276
1.603273842483759
1.636213593184948
2.540152356028557
1.8347191698849201
2.1719570234417915
1.4712945073843002
2.2618165090680122
1.4999466091394424
2.2426307797431946
2.1851790323853493
2.239791624248028
1.534306451678276
2.2042919769883156
1.9329424351453781
1.4699235707521439
1.7694166712462902
1.745409019291401
2.034500241279602
1.7929721772670746
2.114097833633423
1.9706773236393929
2.065091349184513
1.5436794832348824
1.8360522389411926
1.9693937748670578
1.4926367290318012
2.072295807301998
1.8270711451768875
1.7604489736258984
1.7006402760744095
1.9818552918732166
1.8195582404732704
2.4174229130148888
1.7582219615578651
2.0568059906363487
1.6953490376472473
1.5805345624685287
2.186252996325493
2.08774833381176
1.659370455890894
2.3963372632861137
1.8199299089610577
1.8981234207749367
1.8659465163946152
2.472910836338997
1.7720940969884396
2.0320241525769234
1.760664239525795
2.18332289904356
1.6475626900792122
1.9931258969008923
1.5372819527983665
2.031393378973007
1.9414174854755402
1.5705498233437538
2.3973856270313263
1.4866921827197075
2.0237394720315933
1.5571300946176052
1.9639549404382706
1.9393834546208382
2.149553284049034
1.4132786318659782
1.873664140701294
1.9909457564353943
1.9587128683924675
1.5717153027653694
1.6911444067955017
1.7574093006551266
1.9189041629433632
1.7009834423661232
1.79619350284338
2.1495728194713593
1.6693298518657684
1.85131199285388
2.011531114578247
1.9986856952309608
1.6916367933154106
2.712911881506443
1.752781592309475
2.2737344950437546
1.8632298447191715
1.973096676170826
1.691242054104805
1.985487438738346
2.0081993341445923
1.6188617162406445
2.2810791432857513
1.6696402542293072
2.3244302943348885
1.623604230582714
2.0837148502469063
2.2442476600408554
1.7706141211092472
1.8281571716070175
1.596257459372282
1.6354357860982418
1.962436094880104
1.6850157119333744
2.037122543901205
1.4601321667432785
1.9861130639910698
2.026280239224434
1.6271875612437725
2.4884987995028496
1.7388702258467674
1.8295975551009178
2.1948447823524475
2.003960743546486
1.870615892112255
1.7100791819393635
1.7567514851689339
2.080666646361351
1.7622738555073738
1.460751537233591
1.9970012679696083
1.6378958001732826
2.0569253861904144
1.6148535870015621
1.697192456573248
1.928498089313507
1.6976000294089317
2.0526132956147194
2.6691704764962196
1.4703774899244308
2.390431508421898
1.688508853316307
2.1480896323919296
1.926876924932003
1.8348442055284977
1.9535980522632599
1.6599671728909016
2.0925639644265175
1.526421345770359
2.009993441402912
1.470096930861473
2.0651469826698303
1.7378852479159832
1.7985284626483917
1.9140523448586464
1.6259049139916897
1.6889601163566113
2.0781397223472595
1.7541405409574509
1.9086534827947617
2.034246914088726
1.6769827492535114
1.8864053636789322
2.0786344707012177
1.6528718136250973
3.289784073829651
1.6463773772120476
2.0774401128292084
1.5297354720532894
1.9983701780438423
1.822721190750599
1.7370600067079067
1.7100914642214775
2.220053605735302
1.5165423527359962
1.788137011229992
1.6458784230053425
2.0395810678601265
2.071891948580742
1.6910412572324276
2.067443661391735
1.7948790304362774
2.0788569152355194
1.6046959236264229
1.861922774463892
1.9783060401678085
1.5361612737178802
2.328803189098835
1.5202370844781399
1.8754915371537209
1.8638921938836575
2.051722213625908
1.588191892951727
1.941612608730793
1.9450557567179203
2.1349725425243378
1.6963194757699966
1.8285179808735847
2.197346828877926
1.5212113820016384
1.6328124105930328
2.278845153748989
1.6575329639017582
2.346956290304661
1.551224049180746
1.8663036711513996
2.3586242645978928
1.7697689570486546
1.9420402199029922
1.7704842314124107
1.7508324906229973
1.8665793873369694
1.9067551419138908
2.322721518576145
1.5131860859692097
1.786818414926529
1.8669753335416317
1.9299951009452343
1.9371211491525173
2.1225730553269386
1.6652858816087246
2.126818783581257
1.6815089844167233
3.14526779204607
1.6612777598202229
2.244834214448929
1.8178051188588142
1.4870397485792637
2.191696286201477
1.7810923494398594
1.753587033599615
1.6174327842891216
1.9657443314790726
1.6260689049959183
2.0188105329871178
2.269446015357971
2.0633958280086517
1.8520877659320831
1.8504456840455532
1.663874514400959
1.8616799339652061
1.9217145815491676
1.9107836596667767
1.8755966573953629
2.2415387108922005
1.623768076300621
1.9454394653439522
2.181505724787712
1.4774662964046001
2.868117593228817
1.7956730760633945
2.3681300058960915
1.6418338976800442
2.1523835510015488
2.2605767250061035
1.7030567601323128
2.133838653564453
1.7205031402409077
1.7773093804717064
1.8340224400162697
2.309116303920746
1.7629626728594303
2.1790024861693382
1.6103668995201588
1.7159313410520554
2.1783942580223083
1.6636994779109955
2.235329233109951
1.71068075299263
2.138436421751976
1.8002434484660625
1.5262757278978825
2.166691556572914
1.6922877840697765
1.7489081732928753
1.58479143679142
1.902137253433466
1.7256355918943882
1.8164674825966358
2.3696263879537582
1.5258095785975456
2.22527763992548
1.528155755251646
2.1283953487873077
1.6777549758553505
2.013397015631199
1.6483990289270878
1.7314872853457928
1.8488729149103165
1.8472635075449944
1.738659642636776
2.1231909692287445
1.2928577810525894
2.0208348482847214
1.9155343361198902
2.254387453198433
1.6962008997797966
1.6319157257676125
2.407452180981636
1.5798560455441475
1.8692010082304478
1.7399608343839645
2.13320754468441
1.8879459202289581
1.9835790619254112
1.7114960923790932
1.6229937933385372
1.8163856603205204
2.0907677710056305
2.221017248928547
1.5042285099625587
1.9157500341534615
1.8353773169219494
1.861630629748106
1.8435756973922253
1.8414217568933964
1.768901091068983
2.629447229206562
1.5655038058757782
2.0262696743011475
1.6346351616084576
1.7654790207743645
2.0724300742149353
1.5201394110918045
1.974806658923626
1.7516489699482918
1.953341793268919
1.9658465087413788
2.1134801134467125
1.7385759577155113
2.287118151783943
1.8645819425582886
2.1461680978536606
1.7088874951004982
2.0566103234887123
2.4839908108115196
1.5177185870707035
2.032565712928772
1.8780073896050453
1.8436085395514965
1.578537579625845
1.865754447877407
1.8514864072203636
1.8831781297922134
1.5690033547580242
2.175642818212509
1.5583659894764423
2.018220581114292
1.7185617461800575
1.951488934457302
1.7388110682368279
2.4662655889987946
1.5775756314396858
1.7997664548456669
1.6501058749854565
1.9493474513292313
1.7461495511233807
1.8433289043605328
1.7935107238590717
1.657067246735096
1.7968340702354908
1.7929841354489326
1.84391900151968
1.6273859329521656
2.020669311285019
2.1863642930984497
1.994776837527752
1.8853307478129864
1.6700562201440334
1.8605930767953396
1.7026126869022846
2.1416355296969414
1.71660740301013
1.5402234718203545
1.8676168359816074
1.9888013377785683
1.7034412063658237
2.2771912813186646
1.7041359469294548
2.438477799296379
1.5073621347546577
1.7952839247882366
1.9505797773599625
1.7377561144530773
2.607740707695484
1.7876007556915283
2.070309393107891
1.7723761349916458
1.8587647043168545
1.5608708634972572
1.78089102730155
1.9446449354290962
1.6454503126442432
2.091992102563381
2.0079507529735565
1.4854229278862476
2.1728602796792984
1.8119472227990627
2.239360950887203
1.5026864595711231
1.9769853129982948
1.8118569254875183
1.6643561534583569
1.9125709161162376
1.874515924602747
2.14952939003706
1.7383426800370216
2.3090105280280113
1.5301011726260185
1.7551247254014015
2.0285982713103294
1.6963213793933392
1.805019125342369
1.5384179577231407
2.5278986990451813
2.0322212874889374
1.5616511143743992
1.6564931832253933
2.1459197476506233
2.0475986301898956
1.616748221218586
2.283769816160202
1.6971597112715244
1.7240466959774494
2.2431418150663376
1.7997773438692093
1.792284831404686
1.6345449648797512
1.7693845517933369
2.2175428941845894
1.8498405031859875
2.9248541966080666
1.525528509169817
2.0379943400621414
2.2955364286899567
1.474658165127039
2.0467380434274673
2.0203389525413513
1.6935747228562832
1.8518871255218983
2.0368456095457077
2.0332884192466736
1.7203236818313599
1.673463024199009
2.193911299109459
1.6408446952700615
2.3249853029847145
2.080495536327362
1.5635782666504383
1.734049517661333
1.8507093004882336
1.6807013265788555
1.635630238801241
1.9706856235861778
1.6637372709810734
2.0384045019745827
1.78132975846529
1.981259636580944
1.6928296014666557
2.156025379896164
1.6804754808545113
1.9887056797742844
1.7787907384335995
1.8247555047273636
1.8615311533212662
1.908471941947937
2.132039427757263
1.4530609399080276
2.1662971451878548
1.9777775518596172
3.130826137959957
1.7752319611608982
2.2341398894786835
1.5656752288341522
1.8397662118077278
1.8747538179159164
1.9669891968369484
1.8015526682138443
1.533487033098936
2.139142781496048
1.8348655514419079
1.8834505155682564
2.07440048456192
1.484861172735691
1.8849203027784824
2.2034418135881424
1.494764607399702
2.530256874859333
1.644053041934967
2.254402294754982
1.7131230495870113
1.813844408839941
1.7557038702070713
3.5544063448905945
1.679831251502037
1.9411384910345078
1.7762188576161861
2.1134145483374596
1.8169822469353676
2.110083870589733
1.5343055240809917
2.6289272159337997
1.6063300594687462
1.9828194975852966
1.8217793554067612
1.677508618682623
2.131533958017826
1.8454073891043663
2.0205145180225372
1.4636946953833103
1.8889921456575394
1.6069695502519608
1.9959323331713676
1.7744745947420597
2.1978255957365036
1.4734059683978558
1.7212119400501251
2.6273024454712868
1.6432258859276772
2.538427397608757
1.5488721914589405
2.0630615651607513
1.7478834725916386
2.0030624866485596
1.7778304629027843
1.7269086390733719
2.013171263039112
2.3565882593393326
1.5376115515828133
2.734249107539654
1.5979402847588062
1.871617667376995
1.7556558884680271
2.2346206977963448
1.685972172766924
2.1750019639730453
1.5925331264734268
1.7839338928461075
1.7021987773478031
1.7453464828431606
2.0752606838941574
1.7397362776100636
1.7289711721241474
2.053470179438591
1.8397822193801403
1.9914207719266415
1.6453988328576088
2.838227294385433
1.7312843278050423
1.9489168897271156
1.7243148386478424
2.0361250825226307
1.5023053362965584
2.0101467221975327
1.8937899991869926
2.0334958508610725
2.181153394281864
1.4786319695413113
2.396012507379055
1.7535570412874222
2.311155192553997
1.6361207030713558
2.613843522965908
1.5638893023133278
2.3622783944010735
1.8169983848929405
2.0954142808914185
1.5721421279013157
2.0353458300232887
1.6854965314269066
2.0523155704140663
1.5462120063602924
2.031662844121456
2.540006674826145
1.6226027943193913
2.6481240913271904
1.7672667354345322
2.4600018709897995
1.4697950072586536
2.6455955132842064
1.7629896402359009
1.8112209290266037
1.8756753876805305
1.8579750135540962
2.044879049062729
1.7998631224036217
1.8894413225352764
1.6159442365169525
1.9006481170654297
1.6059193797409534
1.7212575860321522
1.6427272781729698
2.197791635990143
1.546734418720007
1.999477505683899
1.6187745444476604
1.7252381853759289
2.2411618679761887
2.174317218363285
1.6381939351558685
1.9431532248854637
2.0637482404708862
1.8174331337213516
2.274764008820057
1.6705522388219833
2.335102394223213
1.7664318680763245
1.9258111417293549
1.7450159080326557
1.8769720494747162
2.0273400023579597
1.521747600287199
1.8845974206924438
1.751500714570284
1.546434074640274
1.9152792021632195
2.272586390376091
1.9524733275175095
1.5961107052862644
2.2236083894968033
1.5834054313600063
2.24684789031744
1.5358210504055023
2.0670541301369667
1.7397838421165943
1.830981757491827
1.7107655480504036
1.9409847483038902
1.7220348753035069
1.6818418093025684
2.1056067496538162
1.4829165413975716
1.6559510715305805
1.9566476941108704
1.6123122349381447
1.8349480107426643
1.5861920081079006
1.9683193862438202
1.8471777997910976
1.943522572517395
1.5787610299885273
1.9432023167610168
2.1875191181898117
1.4866163171827793
2.052893213927746
1.8813744075596333
2.1001437976956367
1.6827874556183815
2.3840277269482613
1.5549237579107285
2.195908837020397
1.5307358615100384
1.8706371188163757
1.796136200428009
1.8064423017203808
1.8812952935695648
2.121890939772129
1.6449672766029835
1.6258131451904774
2.0590125545859337
1.7556698359549046
1.7465519160032272
1.9126257970929146
1.7627895064651966
1.6977533139288425
1.924777314066887
1.7896274365484715
1.8933618180453777
1.8984380960464478
1.5107090324163437
1.9150486215949059
1.690562330186367
2.1890292912721634
1.5910744853317738
1.9420344084501266
1.7021437399089336
1.9187073074281216
1.752441942691803
1.8085078038275242
1.8714254163205624
1.919627606868744
2.537668414413929
1.6195404902100563
2.6389233618974686
1.673535045236349
2.396924711763859
1.763574730604887
2.2077508121728897
1.7980868332087994
2.23819512873888
1.738268829882145
2.140737347304821
1.5512536875903606
1.7139208987355232
1.8468749448657036
1.8672555088996887
1.6560709364712238
1.824697159230709
1.9330680817365646
1.852451752871275
1.7057641334831715
1.9558091424405575
2.0626567266881466
1.4904847666621208
2.164552040398121
2.126154415309429
1.6886334456503391
1.9783940874040127
1.981084793806076
1.9359475150704384
1.4926311448216438
1.9493032656610012
2.0266240537166595
1.5445217117667198
2.078664354979992
2.0359862968325615
1.5505715124309063
2.196880854666233
1.6333902068436146
2.1315785944461823
1.6301519237458706
2.1074820160865784
1.536976795643568
2.4506972432136536
1.7984014265239239
1.6407745890319347
2.0815380439162254
2.1479428187012672
1.5603965111076832
1.9789344668388367
1.6499969065189362
2.3823086470365524
1.6613605543971062
2.511452965438366
1.7371576726436615
1.9774046316742897
1.7929518483579159
2.0741273313760757
2.1476122364401817
1.8509428016841412
2.0895506739616394
1.4606320783495903
2.1546121537685394
1.8833366073668003
1.8001226522028446
1.9176669791340828
1.6445192098617554
2.5057314187288284
1.752784300595522
2.2931216582655907
1.619030773639679
2.370615854859352
1.552476555109024
1.918611891567707
1.6595848090946674
1.655706275254488
1.8441185802221298
1.5048039071261883
1.9329954199492931
1.6703841425478458
1.6670517064630985
2.221475012600422
1.7114295177161694
2.0700098052620888
1.3992585316300392
2.0591563135385513
1.6720036752521992
1.7074683271348476
2.236499458551407
1.7675228342413902
2.0605990886688232
1.6686982549726963
1.7882920540869236
2.2858323603868484
1.342227291315794
2.1678585931658745
2.1642842143774033
1.553952980786562
1.7686238028109074
1.9359554685652256
1.6965201795101166
2.813844472169876
1.7071328163146973
2.1613555401563644
1.7428568787872791
1.9077227264642715
1.6093721985816956
2.3428094014525414
1.5289625078439713
1.7894538715481758
1.8824822567403316
1.7804642468690872
1.8869003877043724
1.9413716346025467
2.121915742754936
1.700182929635048
2.002313509583473
2.6999375969171524
1.7356174364686012
2.83917523175478
1.6573483310639858
2.0628452375531197
1.7728144600987434
2.585337780416012
1.6885714903473854
2.3197311013936996
1.7704315558075905
2.068073734641075
1.741568025201559
2.4615487828850746
1.4823491759598255
1.9301914721727371
2.2265991270542145
2.0118852704763412
1.821462221443653
1.6372191570699215
2.0765174850821495
1.8330747187137604
1.9539783671498299
2.3237018808722496
1.822054162621498
1.7676250822842121
1.8449604324996471
2.868750810623169
1.7242003343999386
3.1259315833449364
1.7147433832287788
2.341053083539009
1.8189588077366352
2.1310027465224266
1.6564719378948212
1.8023616522550583
1.5107228830456734
2.0810656920075417
1.7538161091506481
2.3564952686429024
1.969362050294876
1.6499961540102959
2.1503244414925575
1.8401104733347893
1.705773800611496
1.9018221236765385
1.5666135139763355
1.8639984466135502
1.9951436817646027
1.741826619952917
2.0896633341908455
1.569891057908535
2.030188299715519
1.8785153478384018
2.070479318499565
1.5505668744444847
2.1487742736935616
2.0976724177598953
1.608830250799656
2.0058086216449738
1.5834337286651134
2.3557379245758057
1.6260608807206154
1.837235864251852
2.298768326640129
1.5395991951227188
1.9070233516395092
2.836151644587517
1.6603326946496964
1.9486897215247154
2.034832999110222
1.6579202227294445
1.8680339194834232
2.0634090453386307
1.9960667192935944
1.853239431977272
2.046922132372856
1.3829848989844322
2.2842294052243233
1.585945438593626
1.6474220044910908
2.256640873849392
1.5978707671165466
2.125116564333439
1.907670482993126
1.837618663907051
1.8283181227743626
1.821050800383091
1.8336486890912056
1.784077249467373
2.13495222479105
1.5354089476168156
1.737976185977459
2.3008564934134483
1.3571234457194805
1.9091619402170181
1.7902987450361252
2.0330112278461456
1.891072303056717
1.6730488054454327
2.392529606819153
1.6469749994575977
