3.9069557785987854
2.2909069433808327
1.9499253705143929
1.7590427584946156
2.1178792007267475
1.2262440752238035
2.2335269078612328
1.7428533919155598
3.1304233968257904
3.3732761442661285
2.749036006629467
1.8983842357993126
2.2316032871603966
2.08743417263031
2.032366096973419
2.297971859574318
1.932875830680132
2.25872665643692
1.9487670734524727
1.9093380123376846
1.673168458044529
2.35778246819973
2.559351958334446
1.9584421180188656
1.6303889118134975
1.6198734231293201
1.8033275455236435
2.455762781202793
2.513561435043812
1.4033229872584343
1.4754440151154995
1.8804500624537468
1.8541263118386269
2.2854296267032623
2.6043481454253197
1.6161986403167248
1.7524051666259766
1.8607606440782547
1.6446906626224518
2.211611121892929
1.774139128625393
1.9553297832608223
2.5426585376262665
1.626435723155737
1.2121463008224964
2.005239211022854
2.2234569266438484
1.4547719322144985
1.8454900160431862
2.5045331493020058
2.109159916639328
2.5395862609148026
2.4585030674934387
2.5464644730091095
2.0452496334910393
1.3645568005740643
2.0445706211030483
2.0835642963647842
1.7494496703147888
1.4653587639331818
1.120854739099741
1.4281929731369019
1.0186744928359985
1.4343124963343143
1.4422749318182468
1.9511403515934944
2.196042813360691
2.5410235226154327
1.4007847346365452
1.4509737826883793
1.8347251638770103
1.8859873190522194
2.3704002127051353
2.2604512348771095
1.1464105620980263
2.206829011440277
1.712926559150219
1.20259815081954
2.2724599689245224
2.1942471489310265
2.194760374724865
1.9325881898403168
1.8062609024345875
1.958553783595562
1.7715966887772083
1.6716088317334652
1.093935165554285
1.308409608900547
2.1605775877833366
1.9794367104768753
1.6068332977592945
1.4883704148232937
2.5149995610117912
1.8270447105169296
1.6994055472314358
1.4669363610446453
1.6507721319794655
2.362987130880356
1.951956458389759
2.3446530029177666
2.374318704009056
1.7637165561318398
2.0456277802586555
2.443208299577236
2.3476516529917717
1.5760568976402283
1.5431078970432281
1.9399819523096085
1.5293555781245232
1.3042008616030216
1.2912754528224468
2.0308008529245853
2.0972666293382645
2.012237310409546
1.606064934283495
1.6925446093082428
1.5633608438074589
1.3404130265116692
1.4249084889888763
2.2613212391734123
2.2314194813370705
1.6533156633377075
1.8451620377600193
1.8473048582673073
1.1315525136888027
2.064944349229336
1.4154096841812134
2.0161056220531464
1.6787529438734055
2.13549418002367
1.6765218898653984
1.8348744809627533
1.4256848767399788
1.7995610609650612
2.0549476221203804
2.378622777760029
1.6555505990982056
1.890283603221178
1.4765294082462788
2.7211095467209816
2.608813501894474
2.1307379975914955
1.583470892161131
1.4032433480024338
1.3510985150933266
2.0423038005828857
2.256851904094219
2.0905598551034927
1.624525062739849
1.842540219426155
2.3149915039539337
2.3591562062501907
1.5021185278892517
1.981993280351162
2.22112500667572
1.7164864912629128
1.6954202950000763
2.3157385289669037
3.18846595287323
1.9232952296733856
1.827810786664486
1.565778162330389
1.551555898040533
1.2269660495221615
1.8615087307989597
1.80755203217268
2.046758845448494
2.3676597252488136
1.9159405902028084
3.0769561380147934
2.1099919229745865
1.9448240771889687
1.540564727038145
2.497515544295311
3.08085947483778
1.5005591437220573
1.7695631310343742
1.237037643790245
1.4440457709133625
1.2388898991048336
1.9259653240442276
1.5689783357083797
1.4668086245656013
1.7939550504088402
1.4727414846420288
1.6249045431613922
2.3108489513397217
2.22284846752882
2.641977660357952
2.141361452639103
1.2324112690985203
1.4415418691933155
2.307528592646122
1.4579399786889553
1.9837334156036377
2.423127681016922
1.7909686416387558
1.7235541567206383
2.2365963384509087
1.6905616968870163
1.4440588653087616
1.546950500458479
1.267006792128086
2.1238479018211365
1.5825911685824394
1.5701081305742264
1.5180773846805096
1.9833876565098763
2.0387798994779587
1.7058634795248508
1.669595681130886
1.316048040986061
1.6536335982382298
1.6051697619259357
1.6076117195189
2.0596939101815224
2.112537421286106
1.8722248896956444
1.410990048199892
2.4985547065734863
2.546225607395172
1.7463751286268234
1.558623556047678
1.8606626093387604
2.079519934952259
1.5426416955888271
1.170632991939783
1.8135070577263832
1.9094084948301315
2.132891431450844
2.779240667819977
1.1520120911300182
2.2825614511966705
2.273596815764904
2.2441290095448494
2.0719148963689804
1.609534103423357
1.5210381597280502
2.331431470811367
2.5859644562005997
1.6965806037187576
1.7951264157891273
1.3385636322200298
2.3825065195560455
1.9669447503983974
1.7564884275197983
1.9972060061991215
2.0733600556850433
1.5186775736510754
2.337259255349636
1.936066672205925
2.1406625136733055
2.996395781636238
3.701332211494446
1.7175244837999344
1.1817063726484776
1.7981309667229652
1.8887580037117004
2.5105911567807198
2.2474474161863327
2.2418540492653847
1.3491989374160767
1.46840575709939
1.2363657467067242
1.947315014898777
1.948241874575615
1.636392917484045
1.7039555050432682
1.3382680304348469
1.7611247301101685
1.859658982604742
2.02778522670269
1.8925933465361595
2.1098845079541206
1.6523842625319958
1.0619062967598438
1.6746853739023209
2.2264677062630653
1.7820085771381855
2.146486409008503
1.033333320170641
1.0265571288764477
2.625794403254986
2.3710529133677483
1.8712110221385956
1.589526116847992
1.3651654832065105
1.9473159313201904
1.8419609777629375
1.4795225486159325
2.036743573844433
2.45185287296772
2.2368883192539215
1.7181844636797905
1.6810956075787544
1.4557422026991844
1.3283694311976433
2.452657140791416
2.2498983964323997
1.7839673422276974
1.9331979230046272
2.284224271774292
2.3956443294882774
2.524864412844181
1.9313249960541725
2.131833031773567
2.104752689599991
2.1279400140047073
2.0829153656959534
2.0581699535250664
1.9490536600351334
2.5591573268175125
1.555524118244648
1.6478932164609432
2.2073164135217667
1.6011483408510685
1.7946168445050716
1.79973404109478
1.8925285339355469
1.6822220385074615
2.5263238325715065
2.0881552696228027
1.8049386329948902
1.2290310263633728
1.9423183873295784
2.3581764176487923
2.317296177148819
1.6873268634080887
1.933118425309658
2.0175364315509796
1.993444748222828
1.603894043713808
1.4278156645596027
1.7150981351733208
1.9020468592643738
0.8538035955280066
1.3302334658801556
2.2340883687138557
1.9517121762037277
2.0667287558317184
1.336052879691124
1.5120369121432304
1.5638131573796272
1.3591215759515762
2.1419845521450043
2.1577525436878204
2.0242620557546616
2.659519203007221
1.908544898033142
1.382530603557825
1.840793900191784
1.5495141372084618
1.8364333882927895
1.8367239087820053
1.3069047145545483
1.5562117733061314
2.003984749317169
1.6651574112474918
2.2985475808382034
2.11436527967453
1.4161973781883717
1.3238308727741241
2.230431765317917
1.8845145925879478
1.6683660298585892
2.1045127362012863
1.8202274665236473
2.551824502646923
2.083343230187893
1.9101668372750282
1.645070891827345
1.876540195196867
2.0591288208961487
1.4426428936421871
1.4679661877453327
1.8218180611729622
2.180624671280384
1.703311488032341
1.2206978164613247
1.3726172409951687
2.403602160513401
1.923636868596077
1.1953489035367966
1.6603879779577255
1.5326648764312267
1.5766408555209637
1.5087745636701584
1.4655472822487354
2.2849725037813187
1.6185566559433937
1.1624700427055359
1.8926605433225632
2.016271360218525
1.3260853253304958
2.2187661230564117
1.5795211493968964
1.9214808344841003
1.8373775891959667
1.6547179631888866
1.4081637635827065
1.4775706194341183
1.768035501241684
1.9047614261507988
1.5406786054372787
2.011531822383404
1.069943144917488
1.3964504078030586
1.3889423832297325
2.3747636899352074
2.615915820002556
2.061309054493904
2.293328419327736
1.689370647072792
1.6130510568618774
1.6854220181703568
1.3510445095598698
1.5312819480895996
1.6311775036156178
2.1314689591526985
1.4071696437895298
1.1133503019809723
1.5174613520503044
1.078158337622881
2.486708953976631
2.1972881853580475
2.298881858587265
1.8718710094690323
1.5485382676124573
1.5638933666050434
2.366420455276966
2.2031392455101013
2.5909386426210403
1.7576137892901897
1.210776723921299
2.039718709886074
2.016295000910759
2.246154271066189
2.2940453216433525
1.5011061318218708
1.676718957722187
1.9736537486314774
1.3747309781610966
1.0615123957395554
2.0750443413853645
2.4454478174448013
2.8470737114548683
2.300677627325058
1.437809370458126
1.2137008681893349
1.524268414825201
1.6636633537709713
1.9154895693063736
1.8472830206155777
1.7637771628797054
1.688249610364437
1.3889505714178085
1.3152457289397717
1.947554737329483
1.9126777052879333
1.7084416337311268
1.0027217343449593
1.4588411673903465
1.6779269762337208
1.3748915456235409
1.570206232368946
2.3283362835645676
2.153040364384651
2.070188958197832
1.4805619791150093
1.3279495015740395
1.5407662689685822
2.004002206027508
1.6394749730825424
1.8740688636898994
2.036196693778038
1.8887781277298927
2.208472967147827
1.8980664163827896
2.226065181195736
2.0915936678647995
1.6881128996610641
1.455828931182623
1.6277105249464512
2.690472722053528
2.059801198542118
1.5010852850973606
2.374149762094021
1.444623202085495
2.0973316207528114
1.3647946193814278
1.567093025892973
1.1787896789610386
1.5299845896661282
1.7593375630676746
2.0034239068627357
1.9959219172596931
1.07098095305264
1.2005674205720425
1.8054654374718666
1.6855746731162071
1.7026923708617687
1.8776878714561462
1.8607387691736221
1.463435735553503
2.216241627931595
1.9223002567887306
2.174667328596115
1.9178178310394287
1.9500546231865883
1.8906798735260963
1.5800524055957794
1.6153410263359547
1.6332441791892052
1.8346432223916054
1.952551256865263
2.143945448100567
2.336720250546932
1.3683556728065014
1.3756828270852566
1.4193518087267876
1.930940218269825
1.9766272231936455
1.7576477155089378
1.1208617836236954
1.2512611411511898
1.6992883495986462
1.0910742618143559
1.9132636412978172
2.2817510589957237
1.8183687441051006
1.792297825217247
1.794407196342945
1.0340519957244396
1.6303734816610813
1.799245860427618
1.9973441362380981
1.23265989869833
1.7957493625581264
2.840969957411289
1.8022080585360527
2.314917117357254
1.417241781949997
1.9617956206202507
1.75741508603096
2.0702599957585335
1.629833873361349
1.1197968050837517
1.90686971321702
2.127998359501362
1.0868661738932133
2.0943715274333954
1.271449688822031
1.279837116599083
2.240559995174408
1.5952951274812222
1.2510428465902805
0.9244099613279104
1.581833578646183
2.6373026594519615
2.284001223742962
2.0056859105825424
2.455305829644203
1.5930683426558971
2.147567071020603
2.379007212817669
2.271099828183651
1.996475800871849
1.4045476391911507
1.2013674937188625
1.3016588315367699
1.3087612800300121
1.9905027747154236
1.980060689151287
2.1382517367601395
1.641851782798767
1.7916172444820404
1.6419303379952908
1.447921946644783
1.2682358622550964
2.1304326876997948
2.191950373351574
1.8913890421390533
1.2619301564991474
1.9590959399938583
2.3690101504325867
2.6845338568091393
2.0079621225595474
1.886828102171421
1.5952501259744167
1.890508696436882
2.391200013458729
1.5903632380068302
1.5091836154460907
1.3277394250035286
1.6457501724362373
1.4134689718484879
1.4567285887897015
2.0354296937584877
1.3961532451212406
1.407136283814907
2.1336437836289406
1.0940924994647503
1.3206934668123722
2.1960987001657486
2.5744651556015015
1.4754237718880177
2.035767525434494
1.6289435923099518
1.6425797194242477
2.2526117339730263
1.41848698630929
1.3986432999372482
1.3649393655359745
1.2901835888624191
1.0607012826949358
1.4728447273373604
1.9993087202310562
1.335702572017908
1.0950327590107918
1.0579965189099312
1.9458825960755348
2.162508063018322
2.1060413271188736
2.2676425874233246
2.0059872791171074
1.9296220615506172
2.0747940242290497
2.052010104060173
1.8834714815020561
1.6122444160282612
2.345464453101158
2.198464997112751
1.8630737513303757
2.1481470987200737
2.3076378107070923
2.4670011177659035
1.3215627931058407
1.7854936309158802
1.944865707308054
1.6089965030550957
1.3747727200388908
1.55059115588665
1.6029324010014534
1.7410936206579208
1.6914913915097713
1.3103320188820362
1.213658943772316
1.8612986132502556
2.1863364428281784
2.216830864548683
1.588071871548891
2.4446044489741325
2.4546982049942017
2.670901045203209
1.968326359987259
1.9056520909070969
1.6936319135129452
2.2885986045002937
1.7179821282625198
1.19644396007061
1.2681458964943886
1.5443418212234974
1.5366914942860603
1.5410309359431267
1.7721584178507328
2.433065839111805
1.9434824585914612
2.366149365901947
1.7809148579835892
2.3287625908851624
1.4934036768972874
1.2759208492934704
1.1785158701241016
1.4473160281777382
1.8392820954322815
2.380050405859947
1.4284514598548412
1.5022866427898407
1.3545126765966415
1.1493139751255512
1.2586537934839725
2.588134288787842
2.363686226308346
2.1708835810422897
1.1417241357266903
1.9100848883390427
2.28044293820858
2.2023567110300064
2.924241542816162
1.6376695185899734
2.0827756226062775
1.8811590746045113
1.737226478755474
1.5330734439194202
1.2973401434719563
1.4581358209252357
2.5022015273571014
1.5046199411153793
2.347939394414425
1.84677479788661
1.6424185447394848
1.4183437451720238
1.0108896642923355
1.6840889193117619
2.2998683601617813
1.3636691644787788
1.678888700902462
2.0313445031642914
2.717211678624153
2.900085888803005
2.2644846588373184
1.380684681236744
1.744183499366045
2.274325668811798
1.8274126797914505
1.7390270456671715
1.1432967521250248
1.8163751363754272
0.9587992709130049
1.850416537374258
1.2049207612872124
1.7792699448764324
2.214478559792042
2.2745259925723076
2.279576003551483
1.5079838559031487
1.7465487346053123
1.9963961988687515
2.7760440334677696
3.2153873294591904
2.82224952429533
1.8743158653378487
1.8241173103451729
2.558606319129467
2.3604059144854546
1.0629970990121365
1.62898488342762
1.8187987804412842
2.3137511163949966
2.213375046849251
1.7195219695568085
1.841918222606182
1.0966422446072102
1.691199328750372
2.4162717387080193
2.6882530003786087
1.9279575310647488
1.518937785178423
1.3748864457011223
1.6114101074635983
1.252748642116785
1.60730841755867
1.9546508342027664
2.973623149096966
2.339323729276657
1.7398740835487843
1.8351184278726578
1.803193137049675
1.581758327782154
1.6964115612208843
1.5961215496063232
1.1840090602636337
2.2502689957618713
1.6001556739211082
1.980611190199852
1.6626604087650776
1.6559876538813114
1.736170046031475
2.100106820464134
1.524925034493208
1.853392206132412
1.8827769793570042
1.7379986271262169
2.0305998027324677
1.8531954996287823
1.5297361835837364
2.293164186179638
2.9451414942741394
1.996167242527008
1.1473626792430878
1.1426162160933018
1.2962998114526272
1.712283343076706
1.955908663570881
1.8143315389752388
2.683862030506134
1.8153259605169296
1.2701683938503265
2.2340650483965874
2.677945114672184
1.2290146984159946
2.0260509476065636
1.4813473708927631
1.0809260457754135
1.59084065631032
1.3993949331343174
1.4640142619609833
2.2005520462989807
1.7642539031803608
1.5441119782626629
1.31151806935668
1.4683894850313663
2.150357335805893
1.8633761294186115
1.681655153632164
1.3794927820563316
1.514427911490202
2.0506998524069786
1.5284183509647846
1.9620105922222137
1.9717601835727692
1.6405224539339542
1.3332853578031063
1.7532236240804195
1.4015551321208477
1.4000558406114578
2.644908629357815
1.6485094837844372
2.1901921927928925
2.077383406460285
1.2238131798803806
1.473242923617363
1.4481138847768307
1.620358619838953
1.9786907732486725
2.2551966458559036
1.8912735059857368
2.1342616379261017
1.5334502011537552
1.50435696169734
1.704717017710209
1.469209261238575
1.8152403756976128
1.5743327848613262
1.562277115881443
1.5296137258410454
1.7928292267024517
2.0296931117773056
1.873415470123291
2.1927541121840477
1.4286145716905594
1.202599160373211
1.337272297590971
1.6101222932338715
1.940654445439577
1.977885626256466
1.7949646934866905
1.744009405374527
1.655670564621687
1.8441467359662056
2.0439971312880516
2.167100764811039
1.5208954140543938
2.801166296005249
2.555751845240593
2.3822307139635086
2.2398328706622124
1.068611839786172
0.9987977109849453
1.4445691406726837
2.4210342839360237
2.1793468222022057
1.8430281728506088
1.0547320134937763
1.8600430265069008
1.2041236646473408
1.7958513759076595
2.028035171329975
1.746059838682413
1.3299334831535816
1.063140369951725
1.8212400749325752
1.655229613184929
2.5202205032110214
1.9528577253222466
2.195739194750786
1.571118377149105
1.8317137956619263
1.467408161610365
1.5398347452282906
2.5191275477409363
1.8965365886688232
1.2931776903569698
1.1856252439320087
1.1355393305420876
1.1463249251246452
2.0584339275956154
1.2567685581743717
1.0187614671885967
1.6205939911305904
1.1483232229948044
2.1571116968989372
2.0978225395083427
1.5184501707553864
2.2444857209920883
1.8257306590676308
2.1679858192801476
1.8747393637895584
1.3090324513614178
1.4648671187460423
1.6390729993581772
1.4131640195846558
1.9644652344286442
1.9225290417671204
1.7610268704593182
1.6671469882130623
2.1195473298430443
1.4064380005002022
1.5395696423947811
2.1766485050320625
1.262283831834793
1.6707030609250069
1.138681873679161
0.9745768960565329
1.6466907747089863
1.6365863233804703
2.5716105103492737
1.4973363764584064
2.357811778783798
2.309186168015003
1.51685955747962
1.8363708406686783
2.2283974066376686
1.681724801659584
1.469144593924284
1.9112901017069817
2.375563032925129
1.581158421933651
1.9228754341602325
1.2888048477470875
1.823414534330368
2.056431718170643
1.9616542011499405
2.2089041769504547
2.1606599763035774
2.5793896913528442
2.115727886557579
1.5734230019152164
1.3654874041676521
2.064547784626484
1.6436466053128242
1.4431106336414814
1.7611966766417027
2.0573586523532867
1.5510244257748127
2.012194264680147
2.1687319204211235
1.5314332097768784
1.3194085992872715
2.3009172081947327
2.1366519555449486
1.565844263881445
2.2116082161664963
1.8916845172643661
1.7098116613924503
1.3811433538794518
1.8409784883260727
1.6484372317790985
1.978949673473835
2.0153324380517006
1.349313948303461
1.616731647402048
1.7134812623262405
1.2868157103657722
1.7331918887794018
1.8530446290969849
2.2661805003881454
2.4610061794519424
0.9618247356265783
1.962857611477375
1.9625817686319351
2.3815047442913055
1.120238609611988
1.0190433859825134
1.3704483099281788
1.9119624942541122
1.780963458120823
1.4996724799275398
1.8670080676674843
1.7095534354448318
1.2956621199846268
2.7810591235756874
1.9921608120203018
2.000915728509426
1.8486565053462982
1.487531378865242
0.9441271163523197
2.1847232580184937
1.5881512574851513
1.8337386325001717
2.010066643357277
1.0451269447803497
1.7852565348148346
1.9936360865831375
1.7588139735162258
1.9524639546871185
2.658531814813614
2.167337216436863
1.3212736546993256
1.4992926344275475
