2.497715339064598
2.370482750236988
2.4020292535424232
2.7524997144937515
2.0537071004509926
3.0738126039505005
2.8938187584280968
1.3807675335556269
1.8163448423147202
1.9266514331102371
1.6092999838292599
1.1716014631092548
2.394801877439022
2.079725943505764
1.770663108676672
1.2171939760446548
2.2926482260227203
1.9644889757037163
2.301151305437088
1.6768900752067566
2.1781101003289223
2.0920275077223778
1.3699078299105167
1.8656830675899982
2.8717358335852623
2.8703910037875175
1.6867341995239258
2.118734821677208
1.4100963696837425
1.747789803892374
1.729827530682087
0.953638032078743
1.3959276899695396
1.4821038097143173
1.7177305147051811
2.457410290837288
2.968276873230934
1.0468791909515858
1.5798433870077133
1.6630355678498745
1.2490249313414097
1.0442231576889753
1.145404577255249
1.5270195938646793
1.319981925189495
1.6727565564215183
1.4794623851776123
1.390862863510847
1.2000262327492237
1.4627343378961086
2.1007027700543404
1.6322677098214626
1.544108685106039
1.5269452258944511
1.4682010523974895
1.0645075179636478
0.9599418044090271
1.160659123212099
1.1911121904850006
2.063552476465702
2.244263507425785
1.8620355241000652
1.7339425757527351
1.5993394926190376
1.7486196532845497
1.6360589936375618
1.5147419348359108
1.2197702452540398
1.856137566268444
2.453880861401558
1.1581494063138962
1.4307823814451694
1.5575359985232353
1.2117392122745514
1.1355200707912445
1.2268128097057343
1.3414681814610958
2.3552695140242577
2.7911167219281197
2.3494006991386414
1.4922845847904682
1.7684130668640137
2.2887485325336456
1.2084732986986637
1.3277821503579617
1.8411044217646122
1.0899469405412674
1.507486816495657
1.3674445264041424
1.6899977996945381
1.5374573059380054
1.123598475009203
2.382188633084297
2.4157299250364304
1.5205705389380455
1.446959126740694
2.2520585507154465
1.7529348134994507
1.9653141349554062
2.196190685033798
1.5524556078016758
1.4577724486589432
0.9974506497383118
1.400385718792677
1.2065801955759525
1.707335215061903
2.5624662935733795
2.142417348921299
1.8198642879724503
1.2237259820103645
1.4485957399010658
1.6696342825889587
2.9541826993227005
1.7823965325951576
1.4924531504511833
1.7594404555857182
1.382362924516201
1.7475300170481205
1.5642627887427807
1.0447684526443481
1.516031239181757
1.3871004581451416
1.8062385395169258
1.8263897113502026
1.66560747474432
1.6145094446837902
2.183233954012394
1.7950092181563377
1.173458807170391
2.395094469189644
2.0155744403600693
1.7159422636032104
1.9330379515886307
1.3343233540654182
1.09597123041749
1.9940601214766502
2.288670264184475
1.5279964543879032
1.9343894198536873
1.6161235235631466
1.8674358054995537
1.2041620407253504
1.5807812921702862
1.143221978098154
2.1247076988220215
2.951846055686474
1.175099153071642
1.6205290034413338
1.1556765101850033
1.0903496742248535
1.2924706265330315
1.4315559230744839
1.428222443908453
1.398818727582693
0.8986392505466938
1.0146498568356037
1.21140181645751
1.9544414542615414
1.8312389180064201
2.1709549352526665
1.5662331394851208
1.4283632971346378
1.1156855449080467
1.7411593198776245
1.8194624856114388
1.8177330419421196
1.4600612185895443
1.490376804023981
1.6017198786139488
2.235163912177086
2.463453233242035
1.935980200767517
2.344244159758091
1.8585912883281708
1.7804274708032608
1.5661150962114334
1.605371419340372
1.5226074531674385
2.2852593660354614
2.471736289560795
1.7576824314892292
1.4028024338185787
1.7522591687738895
1.0324994698166847
1.5112182311713696
1.15165314078331
1.2398904263973236
1.2459133192896843
1.6220364980399609
1.0013327486813068
1.164570301771164
0.8970182109624147
2.056613966822624
2.453594818711281
1.5431278236210346
1.445855226367712
2.1035424694418907
1.7529282793402672
0.9697879627346992
1.7307866290211678
2.247942991554737
1.8950398191809654
1.665770746767521
2.523985132575035
1.284025363624096
1.403105579316616
1.5521115809679031
1.2894824892282486
2.082490049302578
1.661664079874754
1.437345489859581
1.6587968096137047
1.6225585862994194
2.160060152411461
0.8914727214723825
1.4430798441171646
1.9914546832442284
1.085012685507536
1.8526289463043213
1.0868614576756954
1.888019297271967
1.2752951122820377
1.6388154849410057
1.6759225465357304
2.3677121698856354
2.5675597190856934
2.8175179809331894
1.8269844092428684
1.2696055211126804
1.7461964972317219
1.9193396866321564
1.230429906398058
1.8746601566672325
1.956801138818264
1.2594801485538483
1.5576637350022793
1.2008085139095783
1.2043958455324173
1.6213710568845272
1.9070142731070518
2.780556745827198
2.4652200788259506
1.6054014042019844
1.2140297777950764
1.8174159228801727
1.5285624265670776
1.3217002637684345
1.4295074455440044
1.5121202170848846
1.7501609437167645
1.58437779545784
1.782596331089735
1.9360945522785187
1.5711564160883427
0.8443078361451626
1.6679464355111122
1.4537460803985596
1.673998486250639
1.6810925863683224
1.5112106651067734
1.6647304743528366
1.6432871408760548
1.5978828258812428
1.72248824685812
1.7248380407691002
1.6797375679016113
1.902103453874588
1.2525441199541092
1.2788832448422909
2.2742311730980873
2.505143567919731
2.2345263734459877
2.488660015165806
2.3618072494864464
1.29567676410079
1.6480686739087105
1.6198274604976177
1.2422609999775887
1.1763456761837006
1.263813965022564
1.6871101334691048
2.0850124061107635
2.652327112853527
1.3104594685137272
1.4373526275157928
1.6672913990914822
1.380217283964157
1.503757644444704
0.846252566203475
1.4596851281821728
1.3881362490355968
1.6072495877742767
1.15524398162961
1.7700427286326885
1.5638367533683777
1.4866984374821186
1.4535470381379128
1.5025269724428654
1.8946954309940338
1.812897238880396
1.1727313213050365
1.2811424881219864
1.7088339440524578
2.1072637885808945
1.6025149039924145
1.4878755249083042
1.7461714521050453
1.6581600941717625
2.6391949579119682
1.4960499107837677
1.3892596401274204
1.9834381639957428
2.17463705688715
1.656398806720972
1.7006510086357594
2.1615693494677544
1.6290690824389458
1.6983319371938705
1.0703936703503132
1.3294850029051304
2.180045023560524
2.0457179993391037
2.0221245288848877
1.6808017492294312
1.7441605366766453
1.982921615242958
2.4344464913010597
1.616792257875204
1.5493969544768333
1.6389328315854073
1.5966280959546566
1.6104527451097965
2.483774982392788
2.4522485211491585
1.9174542874097824
2.2213952615857124
1.3730709254741669
1.7060445249080658
1.4279932118952274
0.9366143606603146
1.6747147925198078
1.3257857151329517
1.9506287425756454
1.8156670071184635
1.5725399442017078
1.2805350758135319
0.7520269192755222
1.4109425693750381
1.5535415224730968
1.1261230036616325
1.31571951135993
1.2109311446547508
1.2055584080517292
1.452675960958004
1.6321489810943604
1.889789991080761
1.3800195008516312
1.8212584219872952
2.0167927220463753
2.170255571603775
1.9838167279958725
2.3105454817414284
2.034021407365799
1.178611122071743
1.709887471050024
1.4496439024806023
1.369247879832983
1.5685200728476048
1.4080941751599312
1.220532052218914
1.219949796795845
1.7449985891580582
1.6049385368824005
1.31925443187356
1.1672848798334599
1.796526126563549
1.7059913761913776
1.8406281471252441
1.5105297230184078
1.2119319289922714
1.6820543482899666
1.3508192300796509
1.6628229171037674
1.491560697555542
1.5348117239773273
2.07683527469635
2.272906720638275
2.2212764099240303
1.9097116366028786
1.629587471485138
1.2176815122365952
1.9119987413287163
2.1241355016827583
1.536317702382803
1.8074021972715855
1.7670923843979836
1.2350948601961136
1.506310261785984
1.671640768647194
2.1141806468367577
2.286951631307602
1.498285498470068
1.356898508965969
1.849360466003418
1.6982875615358353
1.755845244973898
1.7797330245375633
1.9983403459191322
1.5201456137001514
1.2251944951713085
1.6931691281497478
1.6859610453248024
1.4571304470300674
1.8427897244691849
2.0190896093845367
1.8037131540477276
1.723124135285616
1.7798259109258652
1.7382835261523724
1.493099831044674
1.6061204113066196
1.9518989995121956
1.6267309710383415
2.1298270002007484
1.4875855334103107
0.7583398055285215
1.4020705185830593
1.7731890827417374
1.6315750032663345
1.2461788021028042
1.644790105521679
1.3724402226507664
1.8926530703902245
1.7489012815058231
2.195119082927704
1.6444303430616856
1.4573420397937298
1.7931863963603973
1.7559742331504822
2.207962952554226
1.7529552429914474
1.7898804359138012
1.445259615778923
1.4596568569540977
1.2558144591748714
2.2555037289857864
2.244846023619175
1.495623406022787
1.1145594380795956
1.9650587067008018
1.5135696306824684
1.7697189934551716
1.5854351371526718
1.1967934146523476
1.8335056640207767
1.8135516718029976
1.7950629517436028
1.4614144526422024
1.6201617307960987
1.705879919230938
1.5714621767401695
1.9966776072978973
1.4183559492230415
2.0070087611675262
2.0052809193730354
2.473136320710182
1.3622507452964783
1.7290747314691544
1.6280766725540161
1.169703908264637
1.291051510721445
1.4176066108047962
1.6925497241318226
1.7426261194050312
1.4642401076853275
1.6623868495225906
1.6432709135115147
1.6532617472112179
1.7361008375883102
1.6959730386734009
1.6220569796860218
1.2724348083138466
1.6460358500480652
1.9705058336257935
1.5793333053588867
1.9248354509472847
1.1680601239204407
1.4983710572123528
1.5436009876430035
1.5112322308123112
1.6058832071721554
2.0202559120953083
2.3976576402783394
2.100964307785034
0.9637151341885328
0.9597866870462894
1.355881217867136
1.260356780141592
1.1800809167325497
1.214166346937418
1.42189696803689
1.3108658157289028
1.299151573330164
1.6584595628082752
1.3577783033251762
2.0752238035202026
1.8453843630850315
1.784224584698677
2.223248802125454
2.218325674533844
1.3190715946257114
1.53686498478055
1.6188794262707233
2.0443499237298965
2.0458799824118614
1.756796509027481
1.8679826110601425
1.581831093877554
1.190736334770918
1.4622472450137138
1.1978410594165325
1.3182066157460213
1.7039874829351902
1.3048605509102345
1.455698423087597
1.6683770716190338
1.5672688074409962
1.6182721704244614
1.90887051820755
1.6346168778836727
1.504699733108282
1.8529002964496613
1.7066493555903435
1.7740435265004635
1.7794244550168514
1.6644344441592693
1.4516981467604637
1.571509774774313
2.039293386042118
1.7438618317246437
1.1145311668515205
0.923447759822011
0.9576881676912308
1.4297064766287804
1.5701296254992485
1.8457038551568985
2.007833033800125
1.5827041305601597
1.6718127056956291
1.5956084243953228
1.236037790775299
1.5296517424285412
1.8354735746979713
1.4418188743293285
1.6484734527766705
1.1704739518463612
1.3797827884554863
1.3976506479084492
1.5187754034996033
1.4745408929884434
1.1704736649990082
1.7024885043501854
1.9838166013360023
2.045861631631851
0.9983658567070961
1.1272377967834473
1.2016571015119553
1.4592710100114346
1.7384024187922478
1.7122452333569527
1.9378142803907394
1.4329463317990303
1.3916605152189732
1.226886861026287
2.310023583471775
1.7962584495544434
1.8299269899725914
1.2837225422263145
1.9786423072218895
1.8781442418694496
1.3043780028820038
1.2656876854598522
1.188078336417675
1.3767647668719292
2.022925864905119
1.6673674322664738
1.3342676647007465
1.3724919855594635
1.6192256174981594
1.041016411036253
1.7302095293998718
1.9786689579486847
1.378649652004242
1.8506703935563564
1.4187539666891098
1.406884253025055
1.0856099873781204
1.6569889672100544
1.3076861649751663
1.567222822457552
1.7047180607914925
1.2220047041773796
1.4813544675707817
1.5045067518949509
2.08208217471838
1.652777586132288
1.9704561159014702
2.4258080273866653
2.241013430058956
1.3187913633883
1.6191463097929955
1.6914821118116379
2.0868417993187904
1.5388696528971195
1.3846351951360703
1.6072752140462399
1.3649208135902882
1.5043305829167366
1.660582985728979
1.4003369845449924
0.8260941486805677
1.4351899586617947
1.4867753311991692
1.3664981871843338
1.69249003008008
2.141850672662258
1.9592988416552544
1.4336458928883076
1.8342586271464825
1.843396708369255
2.1629465892910957
1.5992657504975796
1.1982092894613743
1.655501812696457
1.3163129910826683
0.7679676227271557
1.1437079645693302
1.6165415346622467
1.228913638740778
1.6521060094237328
1.4426918923854828
1.9510941877961159
1.1989110819995403
1.4352350234985352
1.2818234898149967
0.8644983153790236
1.4989094957709312
2.092216543853283
1.9371776208281517
1.752280343323946
1.643292210996151
1.6330862306058407
1.2944469712674618
1.6905184835195541
0.9400114044547081
0.9594456553459167
1.3703831993043423
1.4208233952522278
2.3270580172538757
2.3019171357154846
1.6212563663721085
2.140653572976589
1.8006930947303772
1.0933364555239677
1.775825448334217
1.5330598540604115
1.5318252108991146
1.5690022483468056
0.9395564794540405
1.9511635974049568
1.431972675025463
1.6081113144755363
1.2161876782774925
1.570809181779623
1.7580622769892216
1.9747536480426788
1.7189063355326653
1.8107500337064266
1.223068866878748
1.006868802011013
1.5668091215193272
1.3615778386592865
1.2257984727621078
1.2366355285048485
1.9242744073271751
1.3840312957763672
0.9291928373277187
1.1266028210520744
1.444994829595089
1.6999876536428928
1.4253692030906677
1.4569055400788784
1.208294816315174
1.4714579991996288
1.5836763679981232
1.856963261961937
1.5417648702859879
1.1592113338410854
1.116943333297968
1.5438033044338226
1.9900096282362938
1.4121258556842804
2.090467121452093
1.559189084917307
1.73588040843606
1.7316521666944027
1.3651583194732666
1.574816718697548
1.7989891059696674
1.7835060358047485
2.3787606433033943
1.7199899144470692
0.9926734082400799
1.3987900912761688
1.421835232526064
1.7811365760862827
2.0131006464362144
1.6623583994805813
1.6083189435303211
1.2611802220344543
1.9856565669178963
1.9282596781849861
2.3679600059986115
1.4469352886080742
1.990623027086258
1.2379271164536476
1.7658857889473438
1.9139982089400291
1.8434291258454323
1.5292446129024029
1.7432179674506187
1.9715376496315002
1.2951584495604038
1.6045869626104832
1.447948295623064
1.9417206272482872
2.0913856476545334
1.5377315543591976
1.1981596276164055
1.4816467016935349
1.7111031599342823
1.3713979870080948
1.540765192359686
2.086352027952671
1.9397188909351826
0.8913661409169436
1.2283062115311623
1.9789437800645828
2.3818622529506683
1.3598707057535648
1.6579179503023624
2.048291251063347
1.5604198090732098
1.7922871969640255
1.5781354196369648
2.2330643385648727
2.2323155030608177
1.1953109316527843
0.8686920665204525
1.2793602049350739
1.4491754621267319
1.3738856241106987
1.9978928714990616
1.7343246527016163
1.2191993966698647
0.8373766671866179
1.2314520664513111
1.5107282735407352
1.4408587850630283
1.5175585933029652
1.4086835607886314
1.52265028283
1.698057595640421
1.4237592332065105
1.8682692274451256
1.5897666774690151
1.9669157192111015
1.6443444266915321
1.7944137752056122
2.02796383947134
1.7918354235589504
1.4020120948553085
1.4752387441694736
1.3570522218942642
1.367675643414259
1.8812197670340538
1.8052923530340195
1.2948299087584019
1.436184998601675
1.3824376836419106
1.2775053158402443
1.6068617776036263
1.4374787658452988
1.0368920899927616
1.5455308631062508
1.5357164852321148
0.9487994350492954
1.9453311935067177
1.3709621541202068
1.7009377367794514
1.1891862340271473
1.55112998560071
1.8585188016295433
1.7421467266976833
2.3221277371048927
1.999367043375969
1.8725508004426956
1.6277736946940422
1.934142418205738
1.411205481737852
1.0565685629844666
2.103776603937149
1.94623401761055
1.7231452129781246
1.6925561875104904
1.6920625008642673
1.5804900750517845
1.5144100189208984
1.564866703003645
0.7505172900855541
0.8311713021248579
1.9316894710063934
1.5568270199000835
1.2531753033399582
0.861281568184495
1.5507876202464104
1.6302298158407211
1.5214047618210316
1.7126789204776287
1.7974393106997013
1.3893037401139736
1.2403300255537033
1.2648584693670273
2.135237030684948
1.8629348054528236
2.0125169306993484
2.0525581315159798
1.4077662825584412
1.4996007978916168
2.033176399767399
1.1447931863367558
1.5453926995396614
1.1876589320600033
2.2980798706412315
1.25366972386837
1.650236513465643
1.5548028387129307
1.6031207852065563
1.532103180885315
1.7663021460175514
1.0388883277773857
1.3356753177940845
1.2922741509974003
1.6482211500406265
1.6584603898227215
2.0085197910666466
2.808382533490658
1.779905628412962
2.1584395840764046
2.3767556101083755
2.0656908079981804
1.2737546749413013
1.639939833432436
1.9391914680600166
1.330516591668129
1.735559418797493
1.8618058040738106
1.939336620271206
1.9672303274273872
0.9561521466821432
1.8450308069586754
1.4292865470051765
1.363936461508274
1.3239075690507889
0.9965279586613178
1.2227509170770645
1.7727460600435734
1.902626596391201
1.4888243786990643
1.416527934372425
1.0446485355496407
1.7208308763802052
1.5898171477019787
1.4815355092287064
1.2944837287068367
1.8915333822369576
1.0766898766160011
1.249859493225813
2.019662745296955
1.3678716123104095
2.0645693466067314
1.293321281671524
1.434000439941883
1.4579208940267563
1.1521120518445969
1.971206158399582
2.3078244999051094
2.0358171835541725
1.685246266424656
1.479032825678587
1.2766581438481808
1.664347942918539
1.82004264742136
1.4456963799893856
2.0036064833402634
1.814071875065565
1.0257656499743462
2.379693366587162
1.8235702589154243
1.6932780668139458
1.4053196609020233
1.3129646629095078
1.5125800222158432
1.6109842769801617
1.74326391518116
1.6118287853896618
1.6009561941027641
1.0233303606510162
1.960848830640316
2.407650448381901
2.1320897340774536
1.5056575313210487
1.7040385380387306
1.5058659128844738
2.118450067937374
1.656758140772581
1.45103307813406
1.960825890302658
1.6922718398272991
2.0216226652264595
2.3422722965478897
1.9336605668067932
1.142104733735323
1.2447998598217964
1.5076439045369625
1.3455608449876308
1.899845227599144
1.877062126994133
1.5393697395920753
2.034253343939781
1.6549641750752926
1.2580838948488235
0.9930887408554554
1.3872361481189728
1.0898076854646206
2.056040793657303
2.5001309365034103
2.0274158492684364
1.161318525671959
1.6879266798496246
0.8731669224798679
1.2440552935004234
1.5100815184414387
1.6000600531697273
1.4501848444342613
1.8011632524430752
1.4945874847471714
1.5605223812162876
1.7502071671187878
1.6544754579663277
1.8300459273159504
1.8068375289440155
1.5300940200686455
1.924268402159214
2.269636534154415
2.325749419629574
1.706532508134842
2.080426186323166
1.887529645115137
1.4276167154312134
1.4867546297609806
1.8599354177713394
2.0836994647979736
2.2246789187192917
1.2812187150120735
1.7847167328000069
1.5107735618948936
1.3847704865038395
1.599014911800623
2.099870190024376
2.098107874393463
1.8485598377883434
1.0394556000828743
1.6591117531061172
1.8174053728580475
1.296228401362896
1.38275346159935
1.1150796227157116
1.3556379303336143
1.6805387511849403
1.6902933456003666
1.5148059539496899
1.1893194764852524
1.6587006114423275
1.0109782256186008
1.676058854907751
1.2600962929427624
0.9289201144129038
1.4933902584016323
1.2399673126637936
