3.136242724955082
2.840595565736294
2.139672353863716
2.362306460738182
2.2903198450803757
1.7290472500026226
2.359756924211979
1.8588127605617046
1.4702137671411037
2.7541423738002777
3.1911744102835655
2.357169732451439
1.9804070517420769
2.0916666984558105
2.2343916818499565
2.3188716545701027
1.7114495187997818
2.226664699614048
1.8377182632684708
1.668016865849495
1.7661183886229992
2.5569857880473137
2.06654242426157
1.6632100194692612
2.337006241083145
1.857316292822361
1.8103987276554108
3.0889125987887383
2.0710315108299255
2.3437769263982773
1.9248937368392944
1.170425333082676
1.9785075634717941
1.8111071549355984
1.02175248041749
2.023277722299099
2.2928342297673225
2.051142133772373
1.8727067336440086
1.9809684678912163
1.1555970814079046
1.7443997263908386
1.5713592432439327
1.4348434209823608
2.2464281022548676
2.274944707751274
2.0068328008055687
2.1224671006202698
1.9156654849648476
2.941378228366375
2.2115984335541725
2.561197839677334
1.6834928095340729
2.615348942577839
1.702305942773819
2.0843625962734222
1.4934741109609604
2.0580222383141518
2.2030043601989746
1.8858385309576988
1.4381181597709656
1.753904365003109
2.7069816514849663
2.8565728217363358
1.6990526765584946
2.3009606301784515
2.3347665816545486
2.168876737356186
1.796675093472004
1.4018987864255905
2.5506496950984
1.3573601767420769
1.5966947562992573
2.1317513808608055
1.91356310993433
2.3024620190262794
3.1930282190442085
1.807710900902748
1.6972400844097137
1.7290254831314087
1.4724434167146683
2.4501437917351723
2.0277960747480392
1.8159924633800983
1.2984774373471737
0.9277838654816151
1.202976819127798
1.535749513655901
2.152191661298275
1.964753434062004
1.9600561708211899
2.161223888397217
1.9973401464521885
1.8908323012292385
1.7161081954836845
1.7043443769216537
1.6168470047414303
2.3134385123848915
1.4972171187400818
1.701625507324934
