3.6401014253497124
3.0991921350359917
1.7888711132109165
2.2787037193775177
2.750720500946045
2.3437095806002617
2.164837960153818
1.9922365918755531
3.0567261651158333
2.5953077748417854
1.764749988913536
2.3014627918601036
2.494344100356102
1.7205432243645191
2.8091490045189857
2.059214301407337
1.3354697078466415
2.2040742561221123
2.897366002202034
2.9190918281674385
2.2707595750689507
2.4147837460041046
1.3095752894878387
1.7516732960939407
2.503694973886013
2.227875269949436
1.6701553463935852
1.6669174805283546
2.332340568304062
1.4524119906127453
2.1006125137209892
1.7660714387893677
2.2706596180796623
2.883968874812126
1.179037619382143
1.1222255937755108
1.7714769318699837
1.7389129623770714
1.7385712265968323
1.667246326804161
1.818940743803978
2.007484868168831
1.5493353828787804
2.22933529317379
1.332415159791708
1.935825414955616
2.0077013820409775
1.8339238688349724
1.6979571282863617
1.9264530539512634
1.8417897634208202
2.091750644147396
2.7360755875706673
1.7520225793123245
1.4484814442694187
1.7342310920357704
1.8204555287957191
2.848470628261566
1.5518218129873276
2.4328399524092674
2.1248390153050423
1.581146813929081
1.7931068129837513
2.1810401752591133
1.7434834130108356
2.4401929080486298
2.12878131121397
1.5843624137341976
1.8883773013949394
1.488935936242342
1.7939246222376823
1.990627534687519
1.303782343864441
1.7592672519385815
1.9301080480217934
1.8166620917618275
2.2456775307655334
1.3241573348641396
1.7624299600720406
1.4108536057174206
2.143387161195278
2.307081326842308
1.5385611802339554
2.18181624263525
1.7217896655201912
1.2626927755773067
1.4318861775100231
2.5247932225465775
2.901477374136448
2.6000108495354652
1.640848197042942
1.571160938590765
1.3551674745976925
1.2869374454021454
1.3357932195067406
1.4874253794550896
1.4614390097558498
1.687087494879961
1.681266412138939
1.6887244433164597
1.4816456697881222
1.8144026324152946
1.5899792201817036
1.472657285630703
1.9683132097125053
1.4300617799162865
2.689763993024826
1.984356302767992
1.0216985363513231
1.5535673685371876
1.6688078306615353
1.8333951905369759
1.8021893873810768
2.6332376301288605
1.143144641071558
1.6454528868198395
1.8016741834580898
1.9106249660253525
1.964671291410923
2.0766949877142906
1.687452919781208
1.099425470456481
1.2945240177214146
1.1668604165315628
2.2256139665842056
1.812113344669342
2.047783389687538
1.9788672029972076
2.157045863568783
1.756549697369337
2.382882460951805
1.92278341203928
2.1292172744870186
1.8343061245977879
2.0063919350504875
2.7649825885891914
2.11614890396595
1.8408310264348984
2.1273614317178726
1.149180330336094
1.367529734969139
1.855081744492054
1.2764332201331854
1.7829904295504093
1.6308880113065243
1.265998985618353
1.5919188000261784
2.0891197472810745
2.6471922546625137
2.050174117088318
1.931665576994419
1.651461150497198
1.7910370379686356
1.583735402673483
1.5285733416676521
1.3387294337153435
2.977222576737404
2.3741884008049965
1.572328045964241
1.9486277997493744
1.6415155231952667
1.2557069286704063
1.7686945423483849
2.3273862674832344
2.4322203025221825
1.2523605227470398
1.0213224608451128
1.8553445674479008
1.9862875491380692
2.080565929412842
1.5984885059297085
1.6560478918254375
1.4294074326753616
1.402168907225132
1.8298336900770664
1.6534875258803368
1.5668427050113678
1.575087994337082
2.075964443385601
1.3031959608197212
1.9976875633001328
1.5705449469387531
1.5738316476345062
1.7616939060389996
1.6821917593479156
1.4494077526032925
1.6973700560629368
1.746964082121849
2.006471335887909
1.4752117395401
2.0358009710907936
1.2278942912817001
1.6714898496866226
1.4462986178696156
1.7078366093337536
1.955165721476078
1.3597868904471397
1.2250081300735474
1.3285498544573784
1.437687885016203
2.421560935676098
2.2226576805114746
2.31500943005085
2.039208710193634
1.6108600348234177
1.8742909841239452
1.7388399355113506
1.9135615080595016
1.6300589255988598
2.0487608462572098
1.5284947976469994
1.941795688122511
1.6954343393445015
1.8208280876278877
1.9329223111271858
1.8660615496337414
1.9708626940846443
1.5306276381015778
1.7793942093849182
1.3873471021652222
2.1094590425491333
2.1107897832989693
1.7991954274475574
1.7729600332677364
2.3342694863677025
2.3878787085413933
1.4712588489055634
1.836731318384409
1.824294663965702
1.4809418395161629
1.9761420711874962
1.2641750127077103
1.8109040968120098
2.4417789727449417
1.8739819563925266
2.26530934125185
1.9627474322915077
1.5428860113024712
1.2192132622003555
1.4090774580836296
2.188544675707817
1.073169745504856
1.7621051222085953
1.6819587908685207
1.8727522566914558
1.363482903689146
1.8002964183688164
1.9473481550812721
2.6345337629318237
2.561238467693329
1.2914715334773064
1.8025293052196503
1.069038501009345
1.4465420581400394
1.8471384719014168
1.4506891146302223
1.0663291066884995
1.410030223429203
1.5070327445864677
1.5275486670434475
1.702587228268385
1.9291018545627594
1.326497282832861
1.746189709752798
1.9072397127747536
1.7182780876755714
1.7483790516853333
1.1330277770757675
1.771848525851965
1.2582877278327942
1.5444812774658203
1.6694458313286304
1.695975061506033
1.5089362747967243
1.5220097303390503
2.1528109461069107
1.639186192303896
1.39895074442029
2.0499135479331017
1.7430915758013725
1.086911492049694
1.0701430290937424
2.350194588303566
2.3257754296064377
2.863293021917343
1.714803397655487
1.7445757761597633
1.8506060503423214
1.40236996114254
0.9556399472057819
1.316355936229229
1.814940933138132
1.6655827946960926
2.6095418483018875
2.0873801931738853
2.690868064761162
2.751433812081814
1.144205767661333
1.3619687259197235
1.5186509117484093
1.8442532122135162
1.186953604221344
1.18030147254467
1.5442660003900528
1.8563219085335732
1.3601364754140377
1.3153236247599125
1.184063509106636
2.0088211074471474
2.8846720159053802
1.268217846751213
2.0494579300284386
1.412903793156147
2.121312625706196
1.7041458673775196
1.4338851757347584
1.7278219275176525
1.4761908575892448
1.5806845985352993
1.51006318628788
1.453291866928339
1.826246503740549
1.1062788255512714
1.9703312888741493
2.650545373558998
1.1641599275171757
1.2808742076158524
1.847617045044899
1.0539509244263172
0.9344284683465958
2.000996381044388
2.2088117748498917
1.4257284812629223
1.8523683100938797
1.4517042748630047
1.8399449586868286
2.7546493262052536
1.1814272999763489
1.197612475603819
1.480289164930582
1.533033661544323
2.1440074890851974
2.0010977759957314
1.32749392837286
1.893024019896984
1.7306417301297188
1.5365887768566608
2.0104872435331345
2.0822470262646675
1.8066633492708206
2.617101602256298
1.9417660310864449
1.3364874310791492
1.1213062033057213
2.075221486389637
1.572938747704029
2.1600003987550735
1.4866881556808949
2.0789398550987244
1.7368691861629486
0.9556001871824265
1.8849236518144608
2.335981674492359
1.8108535297214985
1.7926738262176514
1.4288828074932098
1.7830093428492546
2.407768800854683
2.7565057650208473
2.0569420158863068
1.8672804310917854
2.1565680727362633
1.7174604758620262
2.127963960170746
2.5381062775850296
1.510197028517723
1.7488972879946232
1.74863600730896
1.1928205601871014
1.807452667504549
2.235986292362213
1.7908224314451218
2.566824160516262
2.101574745029211
2.0644059479236603
1.8011933527886868
1.452484030276537
1.369769848883152
1.1510417684912682
1.8176274858415127
2.3495564982295036
1.8427164405584335
2.129244014620781
2.1611660197377205
1.8410573080182076
1.621212437748909
1.5961299575865269
0.7956120278686285
1.5120561383664608
1.1781080029904842
0.9009919222444296
1.8856450952589512
1.9548379778862
1.4285027720034122
1.1689594015479088
1.3880125395953655
1.1368270814418793
1.3912069573998451
1.3622528165578842
1.567136563360691
1.792935285717249
2.5456261411309242
1.8687624409794807
1.0633701495826244
1.7962657883763313
1.8318241313099861
1.653226189315319
2.091758754104376
1.4691491946578026
1.8946546912193298
1.8861504048109055
0.8138138484209776
1.2893069088459015
1.5677263103425503
1.5267052538692951
1.655239962041378
1.5234128013253212
1.4788638576865196
1.4014566503465176
2.298700377345085
1.602576743811369
1.9801258444786072
1.8645491302013397
1.3747783675789833
1.4113900735974312
1.5092493407428265
1.7229292541742325
2.179679922759533
1.30354405939579
1.3045047782361507
1.3924254328012466
1.6376511007547379
2.1552910953760147
1.7205509841442108
1.4811026491224766
2.139039024710655
1.7759082540869713
1.4845068417489529
1.1212815940380096
1.6570908948779106
1.768575556576252
1.589323230087757
1.8766625598073006
2.769304856657982
2.46442998200655
1.5276971384882927
1.441903404891491
2.1173578202724457
2.78957499563694
1.3595649227499962
2.2510699704289436
2.0362853407859802
1.6770250648260117
1.8070149645209312
1.656733363866806
1.7465762756764889
0.9893398731946945
1.917333446443081
1.8975344598293304
1.9144720956683159
2.1037167608737946
1.9674458280205727
1.5057231336832047
2.0213783383369446
1.9354044273495674
2.415679134428501
2.055564798414707
1.7157617211341858
2.1634512916207314
1.7085544131696224
1.2679754085838795
1.8703247234225273
1.536543544381857
1.0431957468390465
1.7535904981195927
2.0247524082660675
2.654506266117096
1.996569201350212
1.1883121952414513
1.2362015657126904
2.807895727455616
2.546979896724224
1.8366192430257797
2.432915486395359
2.3098785653710365
2.052817478775978
2.5395873337984085
1.883766919374466
1.795542512089014
1.8126059621572495
2.341539576649666
1.1103229485452175
1.3557801470160484
1.6050869710743427
1.3626019731163979
1.908406637609005
2.3838517516851425
1.3340610638260841
1.3952652886509895
1.9426887035369873
1.5909773111343384
2.5708090141415596
2.7439041063189507
1.0756817311048508
1.537245962768793
2.1236927285790443
2.4285432919859886
1.9747938625514507
1.6129264645278454
1.361983548849821
1.5335873439908028
1.9488718584179878
1.4796270579099655
1.0535354726016521
1.2738927826285362
1.356103453785181
1.708770751953125
1.8220425806939602
1.8922394923865795
1.9964088574051857
2.113909862935543
2.1941036880016327
1.7717452496290207
2.0010883435606956
1.946722835302353
1.371069647371769
1.0617191679775715
1.157103631645441
2.0883508771657944
2.466518424451351
1.297793459147215
2.0865344405174255
2.0261722654104233
2.191072642803192
2.1978770717978477
2.0073262378573418
2.2041605561971664
1.7186552546918392
1.8254395611584187
0.8814050834625959
1.2337741293013096
0.9531910363584757
1.5722611881792545
1.4516137912869453
1.6899698190391064
2.2302225455641747
2.2981069311499596
2.480648674070835
1.1931767463684082
1.644914548844099
2.1940466165542603
1.4232158027589321
2.3430338874459267
1.1726109497249126
1.6979616545140743
2.1252328902482986
1.21145686134696
1.778821922838688
1.7109840586781502
1.80788903683424
2.215082101523876
1.591972541064024
1.6900355033576488
1.6483047865331173
1.350211102515459
1.6072592064738274
1.429573681205511
0.99770288169384
1.5004350431263447
1.4413049519062042
1.189116969704628
0.8862702138721943
1.4793307110667229
1.335341777652502
2.281308203935623
1.9170053899288177
1.116756808012724
1.53843405097723
1.8039175495505333
1.3837486505508423
1.2741456553339958
1.212663047015667
2.1252286955714226
1.3714850917458534
2.6248841285705566
2.296491861343384
2.1510872319340706
1.5934253446757793
1.3374142833054066
1.3724286258220673
1.7328641526401043
1.83149903267622
2.0284288823604584
1.3430725820362568
2.1606004536151886
1.2529223561286926
1.195185698568821
2.1995938941836357
1.3306289054453373
1.7947775647044182
1.912383958697319
2.4020203053951263
1.6873903907835484
1.7627363838255405
1.4735568910837173
1.5959575921297073
1.9592751674354076
1.835319809615612
1.818346094340086
1.7418817579746246
1.616919208317995
1.6528661996126175
1.4738906659185886
1.0981928743422031
1.2986539267003536
1.8809399157762527
1.7438984587788582
1.4853201881051064
2.187631480395794
1.9063629806041718
1.7619383446872234
2.0992443934082985
2.1344278380274773
1.6470409743487835
2.169264830648899
2.2359545454382896
2.028079278767109
1.8558016158640385
2.02009417116642
1.7576010301709175
1.6059365160763264
1.4679262228310108
1.8265343606472015
1.8867520838975906
1.2483385391533375
1.0800497643649578
1.0285593681037426
1.6149157099425793
2.3896294608712196
1.8049177788197994
1.3196025267243385
1.5134222693741322
1.8480622470378876
1.2787926569581032
1.5537082999944687
1.6079281382262707
2.0916245356202126
2.123498313128948
1.802094042301178
2.138139858841896
1.7654548101127148
1.6720199137926102
1.5384350083768368
1.3694332800805569
0.8262219689786434
1.5076113604009151
2.1954084932804108
1.4822043515741825
1.1931040305644274
1.7667050957679749
1.9036776795983315
1.8119574338197708
1.3290108852088451
1.6145093068480492
1.1014527715742588
1.1680317111313343
1.4630561992526054
1.1456179581582546
1.5549209378659725
1.6927897334098816
1.7435327433049679
1.5605694241821766
1.2819715328514576
1.4148591570556164
1.4977445378899574
1.5466098710894585
1.3177389688789845
2.25384958088398
2.081511050462723
1.5626249238848686
1.8505519926548004
2.010589174926281
2.4072574377059937
1.315274029970169
1.1048300378024578
2.022846519947052
1.1007844023406506
1.547720991075039
1.8088209852576256
2.064303807914257
2.631407506763935
2.3047502636909485
1.1918689608573914
1.309733048081398
2.0583114847540855
2.112244926393032
1.913659505546093
1.3514807373285294
2.254160702228546
1.4784017354249954
2.3012616708874702
2.3870388194918633
1.4403415843844414
1.0858760923147202
1.1382622309029102
1.4488547444343567
2.510448805987835
2.6033155247569084
1.4796700961887836
1.9210763461887836
2.8248636573553085
2.404334455728531
2.48303784430027
1.4017477445304394
1.5280737355351448
1.6563070639967918
2.1061287596821785
1.518265824764967
1.064343236386776
1.6784394010901451
2.3596548438072205
1.5855670981109142
1.2498051524162292
1.254159577190876
1.419267501682043
1.3249579556286335
1.6350064612925053
1.596059400588274
1.6008446477353573
1.7362236566841602
2.1072130650281906
1.5457855351269245
1.184322651475668
1.8665047585964203
1.7624352350831032
1.913237303495407
1.5865789838135242
1.4312434047460556
1.8802878260612488
1.3422768712043762
1.3836332112550735
1.344045203179121
1.9200408309698105
2.0642219334840775
2.339521236717701
2.720228500664234
1.8887383341789246
2.081919439136982
1.7389965765178204
1.6105473823845387
1.7546609714627266
2.444357544183731
1.635962925851345
1.6507415734231472
1.9269893243908882
1.7416312731802464
1.695451531559229
1.9388387799263
2.261971265077591
1.9470011219382286
0.8754953984171152
1.1816823072731495
1.5562002435326576
2.695670537650585
4.105918392539024
2.441803812980652
1.9920714795589447
1.2594572827219963
2.7969292402267456
2.0490843281149864
1.0082370340824127
1.9718306586146355
1.8652481399476528
1.6758673675358295
2.334184728562832
1.9118456467986107
1.6207106299698353
1.6390577144920826
1.0139474980533123
1.741258766502142
1.8614789135754108
1.5524109676480293
1.6622020155191422
1.1929444037377834
1.958011083304882
1.8486195988953114
1.1176249533891678
1.3119356855750084
1.4093375466763973
2.329582065343857
2.574152424931526
2.0081946030259132
2.265639327466488
1.6954982951283455
2.321839787065983
2.2248817682266235
2.2237633243203163
2.7726078554987907
1.9729525819420815
1.7649968601763248
1.8895038142800331
1.1103313080966473
1.4364697448909283
1.3875090554356575
1.8827593438327312
1.7114651650190353
1.134695839136839
2.059911921620369
1.998931422829628
0.8637762870639563
1.6819318048655987
1.1654189936816692
1.7876561731100082
1.97530035674572
2.119402199983597
2.318349190056324
1.8321514800190926
1.8181160688400269
2.1068487390875816
1.4550543166697025
1.9338791221380234
1.36295735090971
1.795530840754509
1.1280698329210281
1.697375301271677
2.3664161041378975
2.4630051106214523
2.0365668535232544
2.0148469284176826
1.8580754734575748
1.1138342954218388
1.7367633283138275
1.7541798800230026
1.6544909700751305
1.8607932180166245
2.0335481241345406
2.013893835246563
1.6490414142608643
1.6453975588083267
1.4971334412693977
1.4471163675189018
1.8804623484611511
2.0919670909643173
2.1941692903637886
2.272978588938713
2.145350843667984
2.06249026209116
2.389479160308838
1.2066188901662827
1.495872624218464
1.6326925456523895
1.5854232050478458
1.9327090978622437
1.8958076387643814
2.362899124622345
2.743971087038517
2.0740127563476562
1.7026643827557564
1.7628642581403255
1.8205829672515392
2.1570210084319115
1.38061748072505
1.7517614401876926
1.3517853021621704
1.8598258830606937
2.257401928305626
1.6610164307057858
2.083885721862316
1.5303549990057945
1.452234961092472
1.5272243097424507
1.9537855982780457
1.4236224666237831
2.1488997265696526
2.0169502645730972
1.5186639986932278
1.4965094774961472
1.6707991883158684
1.7454673387110233
2.7461351081728935
2.404195934534073
1.431700460612774
2.2961331084370613
1.7549633793532848
0.9987774156033993
1.7242682874202728
1.8992309272289276
1.2120385095477104
1.4665379226207733
1.3223188668489456
1.5889873951673508
1.2334699556231499
2.0204893574118614
2.3544229194521904
0.9679919555783272
1.6063118614256382
2.0938307270407677
1.8592887371778488
1.3621228076517582
1.4205954149365425
1.830882541835308
1.493667222559452
1.676009364426136
2.436299242079258
1.5479600466787815
2.0165968239307404
2.131522238254547
1.5475458838045597
1.6747019663453102
1.1670848168432713
1.9955714643001556
1.3676130026578903
1.3713816367089748
1.7389674112200737
1.8696973249316216
1.9959862008690834
2.185064449906349
1.5630555972456932
1.2637326158583164
1.4504066854715347
1.8605363368988037
1.635701034218073
1.5625494308769703
1.9002250917255878
1.7869784981012344
1.5842328146100044
1.48197765275836
2.360547713935375
2.3064665347337723
2.047983907163143
1.6807782873511314
1.6291404999792576
2.853654310107231
0.821876784786582
1.966481201350689
1.7795615643262863
1.9828411042690277
1.058840323239565
2.267890550196171
1.4007979817688465
1.3124411217868328
1.6498743779957294
1.091312874108553
1.3223491832613945
1.7714082300662994
1.8994402959942818
1.3013954125344753
1.6977103762328625
1.7354005239903927
1.7642283216118813
1.4074663408100605
1.9239960610866547
2.0108407959342003
1.906005334109068
1.1354367621243
1.3348797671496868
1.6067306324839592
1.341419778764248
1.3727119341492653
1.9618651047348976
2.314551204442978
1.9096893146634102
1.3280428238213062
1.7314621843397617
1.317882426083088
1.363008014857769
2.0525109991431236
2.0520793199539185
2.0504981726408005
1.1679306328296661
0.8015426620841026
1.3505447693169117
1.7645016685128212
1.7278486639261246
1.1317752860486507
1.6195404902100563
1.711052294820547
1.58667666092515
1.609351396560669
1.8146868646144867
1.0634558610618114
1.241123579442501
1.7175483293831348
2.0384790003299713
1.0455474592745304
1.8608722612261772
1.8102090582251549
1.9236857518553734
2.672947257757187
1.3858430460095406
