1.6295885108411312
1.6559289991855621
1.5655784383416176
1.4622695036232471
1.473343402147293
1.7393111288547516
1.42732784897089
1.4235729649662971
1.427150722593069
1.444486204534769
1.4975839294493198
1.496929906308651
1.4491363614797592
1.6080955639481544
1.7316141612827778
1.5247344449162483
1.5139104016125202
1.6730095744132996
1.5710302144289017
1.577600423246622
1.5514856167137623
1.410251509398222
1.4914377555251122
1.4743720926344395
1.5664504319429398
1.4864656142890453
1.4982739500701427
1.5631062872707844
1.5474431365728378
1.5102227441966534
1.5326501056551933
1.554679337888956
1.5194505006074905
1.4762572646141052
1.4506479240953922
1.4635668061673641
1.446472156792879
1.5695130750536919
1.4458783827722073
1.5891542099416256
1.546298123896122
1.437338050454855
1.4631550125777721
1.3266414478421211
1.3160164654254913
1.5067774839699268
1.497452188283205
1.5112269967794418
1.4321179501712322
1.4147391319274902
1.4014060571789742
1.493602029979229
1.4991672150790691
1.5406933575868607
1.421519797295332
1.4296919107437134
1.4569145739078522
1.4933603145182133
1.4786327369511127
1.5141890905797482
1.4043598361313343
1.4424847699701786
1.454958040267229
1.5235752239823341
1.4890778176486492
1.5046344101428986
1.4726743884384632
1.2767024748027325
1.5635253675282001
1.4400851875543594
1.3381097055971622
1.3332038782536983
1.3516959808766842
1.486282553523779
1.420157790184021
1.5820442512631416
1.407820101827383
1.4418203383684158
1.5173451751470566
1.4252962172031403
1.4086637645959854
1.6721591465175152
1.6432865522801876
1.3955219350755215
1.40221431478858
1.4387788474559784
1.3803533166646957
1.4754776433110237
1.3236711248755455
1.460496723651886
1.4955064617097378
1.421044286340475
1.490008395165205
1.4062718711793423
1.5145578384399414
1.5675815604627132
1.4544555470347404
1.3810425661504269
1.41182766482234
1.4669005386531353
1.497868150472641
1.409776907414198
1.3464978337287903
1.2864283248782158
1.6290916129946709
1.476953461766243
1.326211392879486
1.4976125061511993
1.3930079229176044
1.5901965573430061
1.4668027348816395
1.4510351084172726
1.3770280554890633
1.54035010561347
1.6407610438764095
1.5244946740567684
1.3398397974669933
1.537297461181879
1.5715411454439163
1.524226613342762
1.4667295999825
1.5475703850388527
1.4743486866354942
1.554041713476181
1.4347902052104473
1.3609445728361607
1.7068805620074272
1.4652672186493874
1.4208058901131153
1.5028040781617165
1.4738308042287827
1.4635093919932842
1.4768853560090065
1.345750492066145
1.5160029977560043
1.5366589203476906
1.652917217463255
1.5306342132389545
1.5465163923799992
1.4547819197177887
1.470470566302538
1.3787835165858269
1.5902098752558231
1.4655666314065456
1.2313567698001862
1.508755151182413
1.4828050918877125
1.4907117411494255
1.5795091651380062
1.524519506841898
1.2817518040537834
1.487836241722107
1.5006368570029736
1.4640040956437588
1.4703503772616386
1.4421425238251686
1.3770266436040401
1.4774931333959103
1.4045217335224152
1.3912940137088299
1.310135219246149
1.3700967766344547
1.5406553633511066
1.3748847506940365
1.4968689270317554
1.4271790571510792
1.3753908686339855
1.5166869461536407
1.5730892829596996
1.4922578558325768
1.438664585351944
1.548243410885334
1.3506806679069996
1.373635433614254
1.3584834039211273
1.5780200362205505
1.4208883941173553
1.4014673233032227
1.508075725287199
1.4121541641652584
1.5274281427264214
1.4094991907477379
1.4706010483205318
1.34667344763875
1.489164225757122
1.5810296833515167
1.5254835709929466
1.476359885185957
1.4399202540516853
1.3714793361723423
1.4261158406734467
1.3625701069831848
1.457462627440691
1.4551584236323833
1.3049331828951836
1.3371844626963139
1.5389566160738468
1.4705934934318066
1.685058455914259
1.3749807588756084
1.5519726499915123
1.4640939608216286
1.4401788376271725
1.4619244113564491
1.4451229274272919
1.4363666698336601
1.5837213546037674
1.5353691801428795
1.301804069429636
1.66920904815197
1.4847764559090137
1.8062335178256035
1.4925607815384865
1.506523359566927
1.4887454360723495
1.5606261752545834
1.537940226495266
1.4658463820815086
1.3927729576826096
1.3855592794716358
1.5024888589978218
1.4152793549001217
1.4297950379550457
1.419336773455143
1.4435376897454262
1.3456695675849915
1.4626545906066895
1.421521283686161
1.3945498019456863
1.4201965145766735
1.5148490108549595
1.398075569421053
1.4923361912369728
1.5653569474816322
1.4064556546509266
1.5042421333491802
1.5356972999870777
1.6504666358232498
1.6031530126929283
1.2833780534565449
1.4767900742590427
1.3963602595031261
1.5130576342344284
1.533929843455553
1.4606918394565582
1.4269525408744812
1.5419647917151451
1.437187485396862
1.5192591361701488
1.3667964786291122
1.3317394107580185
1.6680051572620869
1.5117070749402046
1.4895085729658604
1.3216435499489307
1.389291275292635
1.4449174515902996
1.502384640276432
1.4455485753715038
1.4468071535229683
1.4917069524526596
1.5605640336871147
1.256455384194851
1.4574930928647518
1.4524125009775162
1.2467054091393948
1.4596348330378532
1.4183673523366451
1.5259663611650467
1.4179032258689404
1.3672961480915546
1.425477035343647
1.5215008854866028
1.5519254431128502
1.4422695711255074
1.3838464505970478
1.4143903627991676
1.5160962603986263
1.3741390258073807
1.470450472086668
1.416716318577528
1.5116428174078465
1.4801599010825157
1.418266151100397
1.5037541761994362
1.4245555140078068
1.4488824494183064
1.4977598190307617
1.3398196771740913
1.444235809147358
1.3636511489748955
1.5474986135959625
1.4232960417866707
1.449704471975565
1.5118952095508575
1.5855211466550827
1.4766414538025856
1.555784221738577
1.5720423497259617
1.3279280997812748
1.2867272943258286
1.4197122901678085
1.5085085667669773
1.2518175207078457
1.4572673812508583
1.4325706772506237
1.4461633041501045
1.4856923893094063
1.3753790259361267
1.4610550701618195
1.4683342166244984
1.517512433230877
1.5240982733666897
1.4737860336899757
1.3730996996164322
1.4186971075832844
1.4108360074460506
1.5063468664884567
1.3806270062923431
1.640052080154419
1.508484911173582
1.3990396596491337
1.5336511954665184
1.4745743200182915
1.5793171003460884
1.4009464606642723
1.5314882658421993
1.3580872416496277
1.3669841699302197
1.2539568953216076
1.2368216142058372
1.6144811511039734
1.3237398639321327
1.3853958435356617
1.5031846761703491
1.5395786687731743
1.5810424499213696
1.541144136339426
1.365532748401165
1.428213831037283
1.4672283940017223
1.3490789495408535
1.462482277303934
1.5070474855601788
1.3525134660303593
1.4726188331842422
1.397864867001772
1.2583453096449375
1.4200547076761723
1.394663244485855
1.4905715249478817
1.4835412874817848
1.3577305562794209
1.3687929920852184
1.30035100877285
1.517776533961296
1.296232894062996
1.3778340518474579
1.397613700479269
1.4688591808080673
1.3757158368825912
1.5046188160777092
1.4033244997262955
1.4443146772682667
1.463346991688013
1.4831476099789143
1.575287375599146
1.4547203555703163
1.4980642907321453
1.4205430038273335
1.470126073807478
1.5442670620977879
1.4827106855809689
1.354597456753254
1.5103210732340813
1.4508010409772396
1.5989339649677277
1.2512453123927116
1.3887247815728188
1.4573593325912952
1.693748839199543
1.4249571897089481
1.344023197889328
1.5178060196340084
1.3978302963078022
1.606840580701828
1.4800236746668816
1.5643646642565727
1.421323236078024
1.5346194356679916
1.5108255632221699
1.4229049533605576
1.2591337971389294
1.3879507258534431
1.573606040328741
1.3781958557665348
1.4269069880247116
1.338916003704071
1.4500779286026955
1.430708795785904
1.455713152885437
1.5900219418108463
1.5990296564996243
1.3137814700603485
1.2802666835486889
1.2691245935857296
1.3713356964290142
1.450966626405716
1.5321264453232288
1.2822377309203148
1.469748366624117
1.4325149357318878
1.317822802811861
1.5753272213041782
1.47148197889328
1.2306300401687622
1.2649670615792274
1.3357080072164536
1.6057139746844769
1.477808728814125
1.348709437996149
1.3369479700922966
1.3482251279056072
1.4877173081040382
1.5527645274996758
1.515706092119217
1.387721937149763
1.510380920022726
1.409041054546833
1.6431162096560001
1.319592047482729
1.5087945014238358
1.3383625783026218
1.586089339107275
1.4955199137330055
1.4224104955792427
1.4306025803089142
1.4183932915329933
1.4616033546626568
1.3512781858444214
1.3224196694791317
1.591513518244028
1.4440100006759167
1.3551295883953571
1.4055360853672028
1.487949088215828
1.42045908421278
1.2497730143368244
1.5850591361522675
1.458932001143694
1.2939248122274876
1.448097337037325
1.3278904259204865
1.559819433838129
1.3561604022979736
1.3286630101501942
1.4463270232081413
1.475968424230814
1.525668554008007
1.6085472889244556
1.4033599607646465
1.4704480357468128
1.5150576308369637
1.358556855469942
1.3871402703225613
1.572673000395298
1.3539326079189777
1.4770574234426022
1.3942984566092491
1.3194161467254162
1.5492018349468708
1.3056508116424084
1.4728432595729828
1.2848204672336578
1.3047707304358482
1.5048156045377254
1.4423365592956543
1.4163747243583202
1.4300446957349777
1.4160338751971722
1.536361776292324
1.4722031839191914
1.5252566114068031
1.431115835905075
1.5175207927823067
1.4980540908873081
1.4718244560062885
1.301885712891817
1.5402147881686687
1.605713352560997
1.4829587526619434
1.4555336944758892
1.5071560107171535
1.5176226049661636
1.2928182072937489
1.4551214314997196
1.248916257172823
1.5344325341284275
1.4474869668483734
1.4815541170537472
1.4432694353163242
1.5432673394680023
1.2717821933329105
1.4660057835280895
1.4191240333020687
1.5746740140020847
1.2087108753621578
1.3995547033846378
1.570546094328165
1.4264986850321293
1.4778730534017086
1.4977671056985855
1.4947199821472168
1.374124813824892
1.5471654683351517
1.471475724130869
1.3535620011389256
1.3492943868041039
1.5209671892225742
1.646690722554922
1.4322189502418041
1.5863687805831432
1.4131707325577736
1.498042143881321
1.3778760246932507
1.4304218254983425
1.4821629635989666
1.510851439088583
1.6002996042370796
1.5408130623400211
1.4485212787985802
1.488187287002802
1.3498729541897774
1.2638130001723766
1.5770963579416275
1.4041948840022087
1.4575430005788803
1.2899237386882305
1.5204876475036144
1.43046460673213
1.5264279581606388
1.4387147724628448
1.440768413245678
1.3907882533967495
1.666839487850666
1.4159639701247215
1.4125404059886932
1.3743058368563652
1.5525380931794643
1.4235149063169956
1.4599906019866467
1.3096322230994701
1.4413712956011295
1.3738430887460709
1.4173524081707
1.458194587379694
1.462267905473709
1.4278977140784264
1.4899874106049538
1.560855109244585
1.4803610295057297
1.5481738857924938
1.3120505511760712
1.3770237304270267
1.4863413274288177
1.4038564004004002
1.5340763255953789
1.3399492017924786
1.3950669132173061
1.4657155722379684
1.3388322070240974
1.477886337786913
1.5061871111392975
1.1980073973536491
1.3610161244869232
1.4293236210942268
1.369859702885151
1.3963684663176537
1.3707483261823654
1.3929252550005913
1.394800752401352
1.3093180656433105
1.5529250651597977
1.4920290261507034
1.6278499439358711
1.287806686013937
1.3165581338107586
1.2424314990639687
1.3734200410544872
1.4862884506583214
1.3662551939487457
1.5227233357727528
1.540564090013504
1.339480921626091
1.3063344545662403
1.3408770561218262
1.4193630777299404
1.4390443339943886
1.444854311645031
1.489821419119835
1.4709462374448776
1.3859626613557339
1.442862905561924
1.5135086625814438
1.4806738048791885
1.370515387505293
1.6022840701043606
1.4766266867518425
1.3241846896708012
1.499345950782299
1.3470732159912586
1.321343820542097
1.4109310545027256
1.3791213147342205
1.4993370845913887
1.4468073286116123
1.6097493469715118
1.4372368566691875
1.4180084317922592
1.3831321895122528
1.2977690361440182
1.4364884942770004
1.4771996848285198
1.4573876298964024
1.5827437080442905
1.3053012005984783
1.480074718594551
1.403058711439371
1.2947328947484493
1.3921746872365475
1.4822634533047676
1.4425420984625816
1.4192127659916878
1.6192051209509373
1.5369502380490303
1.580016165971756
1.4298050552606583
1.2948741503059864
1.4607486538589
1.278369814157486
1.5213590674102306
1.6215716861188412
1.4568220041692257
1.340931225568056
1.4091605618596077
1.5295685604214668
1.5157053619623184
1.4751664511859417
1.3255169317126274
1.3272008635103703
1.489235918968916
1.4730082377791405
1.3856404200196266
1.4052872322499752
1.6525337398052216
1.3835330158472061
1.3840047493577003
1.4684091918170452
1.279394943267107
1.3150543831288815
1.3904168754816055
1.4592079818248749
1.4638358242809772
1.3091338910162449
1.3821548447012901
1.5098877176642418
1.604547031223774
1.5309709534049034
1.4977195262908936
1.5402984507381916
1.3410064913332462
1.2338231950998306
1.4355831407010555
1.5239249765872955
1.444451667368412
1.4601906277239323
1.6329816170036793
1.3265303671360016
1.3674760274589062
1.348500870168209
1.5567218475043774
1.497848305851221
1.3931233957409859
1.419844776391983
1.4970222637057304
1.3562678210437298
1.3553924299776554
1.5112141221761703
1.3794299103319645
1.2734467722475529
1.4497483000159264
1.4725092202425003
1.452491905540228
1.405768409371376
1.4441966749727726
1.3780820555984974
1.481453087180853
1.5632686391472816
1.4897973909974098
1.3830317594110966
1.6445623636245728
1.5045373179018497
1.4959148280322552
1.5363536439836025
1.4811455681920052
1.499241914600134
1.4900852516293526
1.4066912233829498
1.522269494831562
1.4025386907160282
1.380015466362238
1.4338025748729706
1.4611816257238388
1.4429216757416725
1.4768992140889168
1.4274185486137867
1.4161894582211971
1.4709613770246506
1.4879203513264656
1.5731249302625656
1.4416453428566456
1.412775058299303
1.5393336489796638
1.4499019905924797
1.3764897659420967
1.352419488132
1.2481657937169075
1.3040850311517715
1.4083475284278393
1.2936589419841766
1.251944623887539
1.4268556833267212
1.399067010730505
1.5441480576992035
1.387819942086935
1.5027540512382984
1.3589122705161572
1.3195779398083687
1.458888679742813
1.3670909479260445
1.4063843563199043
1.4799021519720554
1.3864819519221783
1.3019817657768726
1.3559022471308708
1.6627270393073559
1.4050792083144188
1.4999555498361588
1.4922391586005688
1.6229105740785599
1.52341203764081
1.4639298729598522
1.425291072577238
1.4332027584314346
1.3624481000006199
1.4152358062565327
1.3745693042874336
1.303915522992611
1.3250291235744953
1.465652171522379
1.299241904169321
1.5378576628863811
1.5361824706196785
1.6295143850147724
1.4265679940581322
1.645303700119257
1.4351268485188484
1.4386009611189365
1.5544076897203922
1.487142652273178
1.5000372119247913
1.474684614688158
1.3678722754120827
1.5030332319438457
1.5593185424804688
1.4178619794547558
1.4379774294793606
1.4123053885996342
1.354754228144884
1.4172456786036491
1.5212232768535614
1.5121071971952915
1.4746906571090221
1.59451350197196
1.3401255533099174
1.4964249767363071
1.4090000838041306
1.2577223293483257
1.4112980961799622
1.3910136595368385
1.7166109047830105
1.3910114839673042
1.464991558343172
1.4151772931218147
1.3781497031450272
1.3025431409478188
1.4999894388020039
1.3971095718443394
1.4176241271197796
1.42324885353446
1.4364362508058548
1.4752635322511196
1.362501259893179
1.2895314581692219
1.4237726107239723
1.4700482301414013
1.3682194203138351
1.3733661249279976
1.4995337910950184
1.4318879470229149
1.3712142184376717
1.3786611966788769
1.546346254646778
1.5079053044319153
1.2694109939038754
1.4769384786486626
1.4782380387187004
1.3041896224021912
1.4383785724639893
1.650059100240469
1.513125129044056
1.717711202800274
1.5159501247107983
1.6099711805582047
1.389931470155716
1.4713198207318783
1.3634892888367176
1.4376494474709034
1.5064053907990456
1.4071924462914467
1.7005113400518894
1.4884548634290695
1.6174849569797516
1.3254204392433167
1.543244607746601
1.4805212393403053
1.3929050229489803
1.3318276144564152
1.3642828613519669
1.3821286708116531
1.4077478013932705
1.3513214848935604
1.3632813729345798
1.3445969708263874
1.4700439348816872
1.4600198902189732
1.3528134003281593
1.5120205245912075
1.3596279919147491
1.343493141233921
1.4195646904408932
1.4162485897541046
1.4344995878636837
1.3703748099505901
1.5548017136752605
1.3707125559449196
1.533029068261385
1.4927913285791874
1.5072737149894238
1.4760256484150887
1.5385516248643398
1.4763665683567524
1.33358546346426
1.5187273547053337
1.333788551390171
1.4543842412531376
1.5494209751486778
1.3706992380321026
1.3733347356319427
1.3782070763409138
1.4291949421167374
1.3374969810247421
1.5771673582494259
1.405041977763176
1.3423882834613323
1.6566082760691643
1.4021496772766113
1.467285480350256
1.449669275432825
1.4260825105011463
1.4317514933645725
1.5810205712914467
1.3701509647071362
1.5186916925013065
1.4757436327636242
1.4002012088894844
1.3449973575770855
1.4814693294465542
1.4892343431711197
1.4202331453561783
1.4137782417237759
1.465191274881363
1.504124965518713
1.4512651562690735
1.6655362956225872
1.356007233262062
1.6326234340667725
1.3637344017624855
1.5356249660253525
1.2660375460982323
1.5404240190982819
1.383962720632553
1.5218230970203876
1.4892719984054565
1.531164076179266
1.2474118024110794
1.4204022288322449
1.4099034927785397
1.5717378295958042
1.3937922976911068
1.5952324643731117
1.3565847761929035
1.4208755902945995
1.4093731567263603
1.5144824832677841
1.422240972518921
1.4819204062223434
1.3145565539598465
1.3824296593666077
1.3956594355404377
1.2952461317181587
1.4563191421329975
1.5527611263096333
1.4721866101026535
1.382790993899107
1.4236982315778732
1.5538083352148533
1.30494225025177
1.3787559904158115
1.4771778471767902
1.5647699311375618
1.2956133261322975
1.430417474359274
1.497662104666233
1.5375327356159687
1.3939277790486813
1.4174864180386066
1.4289177767932415
1.30171662196517
1.5211247988045216
1.2877192795276642
1.4538138955831528
1.479259666055441
1.4653017073869705
1.336854938417673
1.348785076290369
1.3447573632001877
1.5434121415019035
1.574797049164772
1.446442175656557
1.4644312262535095
1.4673045463860035
1.3995372019708157
1.3877712674438953
1.500038307160139
1.2558321096003056
1.4972120523452759
1.2525393143296242
1.5294658727943897
1.2775516659021378
1.3022362738847733
1.4131393432617188
1.4674728214740753
1.4718428701162338
1.5757459662854671
1.2315890826284885
1.4376715086400509
1.353865921497345
1.3027452528476715
1.3980435468256474
1.298690926283598
1.4019034504890442
1.40083834156394
1.468807402998209
1.3794927075505257
1.3985548168420792
1.4827195182442665
1.4989340752363205
1.4408541880548
1.5556465350091457
1.4681856520473957
1.207629520446062
1.3744244687259197
1.379492875188589
1.414284959435463
1.4779348857700825
1.4032358787953854
1.45067822560668
1.437975686043501
1.4532443284988403
1.5072038136422634
1.3919473737478256
1.3229684382677078
1.5628612525761127
1.2914594560861588
1.4408008828759193
1.3356469087302685
1.3734912164509296
1.4402498118579388
1.5208721868693829
1.2712301909923553
1.4257459752261639
1.3022132888436317
1.4183697439730167
1.387830462306738
1.3132725730538368
1.4852000027894974
1.428359217941761
1.4300888404250145
1.3027258478105068
1.5090437233448029
1.5210231356322765
1.4701374620199203
1.4014549031853676
1.3974858783185482
1.4000597335398197
1.5174801461398602
1.4567767642438412
1.585131973028183
1.2981364279985428
1.4997936487197876
1.2667739912867546
1.3252325132489204
1.4489692822098732
1.5963742956519127
1.420534610748291
1.285292625427246
1.4433474615216255
1.4600834101438522
1.4484904259443283
1.4254929088056087
1.4982202425599098
1.4834613129496574
1.4167164005339146
1.3857630789279938
1.4319024868309498
1.2316203229129314
1.4880426302552223
1.3293259181082249
1.3228993155062199
1.4723045341670513
1.2650436386466026
1.4531885907053947
1.4335457421839237
1.6047758720815182
1.5080863647162914
1.3418994471430779
1.3806378915905952
1.5049984492361546
1.3009514920413494
1.3462246768176556
1.2343030273914337
1.476650107651949
1.4661151468753815
1.536261409521103
1.3986994847655296
1.3902062587440014
1.3291261903941631
1.446102675050497
1.3568617179989815
1.3398904167115688
1.4127686507999897
1.340950135141611
1.494456171989441
1.5555682852864265
1.4537705108523369
1.6351894438266754
1.2699064575135708
1.3251642100512981
1.503270622342825
1.3319584727287292
1.3890752457082272
1.465996291488409
1.3835529200732708
1.340982846915722
1.3688400834798813
1.5229951068758965
1.3982480391860008
1.3530132994055748
1.316270399838686
1.255967203527689
1.3321090787649155
1.510726187378168
1.3396146707236767
1.3335281647741795
1.3175508119165897
1.3161744587123394
1.5381210707128048
1.418949093669653
1.302258562296629
1.5647073723375797
1.5377845391631126
1.334645502269268
1.4264718145132065
1.2429721765220165
1.44143583253026
1.4345312789082527
1.4653148539364338
1.5009209848940372
1.4649315476417542
1.5019020661711693
1.4496119916439056
1.507863413542509
1.3515410870313644
1.3316979259252548
1.432340580970049
1.3878034874796867
1.3594571463763714
1.4841121546924114
1.3308217339217663
1.3787697367370129
1.3993384093046188
1.498350277543068
1.4434752278029919
1.460167769342661
1.3651908747851849
1.4628389179706573
1.3908723443746567
1.344550546258688
1.3852693624794483
1.3661991283297539
1.387899897992611
1.419382382184267
1.4688495360314846
1.397985890507698
1.4882899820804596
1.364635843783617
1.3277239464223385
1.2339786738157272
1.6173758283257484
1.3931358605623245
1.4994659796357155
1.2915418148040771
1.3535303473472595
1.3060452453792095
1.4823452793061733
1.4537081606686115
1.5746794268488884
1.326444074511528
1.504540417343378
1.315849594771862
1.501861609518528
1.2108559720218182
1.3508809097111225
1.6464327462017536
1.3713501580059528
1.4408007748425007
1.5410460494458675
1.4353614300489426
1.6215741448104382
1.2444193102419376
1.342559676617384
1.5164683163166046
1.5518344901502132
1.5268989317119122
1.4069791100919247
1.4463082887232304
1.23797095566988
1.4260928370058537
1.5273377001285553
1.2873722314834595
1.4333490170538425
1.4114479199051857
1.3841412216424942
1.480152364820242
1.3859176561236382
1.361154668033123
1.3690070658922195
1.3997302502393723
1.5644133612513542
1.487075138837099
1.3903874345123768
1.4923781640827656
1.2304710485041142
1.4247512966394424
1.487866759300232
1.34865016117692
1.4016380831599236
1.4003569297492504
1.4486234709620476
1.3226425684988499
1.4308906495571136
1.3946076445281506
1.5740780532360077
1.5583073981106281
1.3581140488386154
1.4059840813279152
1.475191369652748
1.4104511737823486
1.471207857131958
1.3670525960624218
1.2789635434746742
1.5494422763586044
1.4628072828054428
1.5083456672728062
1.37397800385952
1.451591607183218
1.5466735176742077
1.3624436259269714
1.442636962980032
1.6508089527487755
1.1722943633794785
1.3452606461942196
1.4422327168285847
1.4078014679253101
1.4681541994214058
1.5279673859477043
1.3665300831198692
1.288029044866562
1.3891226015985012
1.3760566301643848
1.4045579582452774
1.441308118402958
1.5702572613954544
1.5692235305905342
1.5631602555513382
1.4994503185153008
1.4840804152190685
1.5001022443175316
1.3499477319419384
1.321829304099083
1.4029097631573677
1.3290590830147266
1.298653807491064
1.6351527385413647
1.4142282865941525
1.5086342096328735
1.5112130492925644
1.4135679565370083
1.4062225855886936
1.4787264056503773
1.4394366182386875
1.3155269771814346
1.3768748939037323
1.5867704674601555
1.2816726826131344
1.3421195521950722
1.3856056965887547
1.5141601525247097
1.4374567940831184
1.4689058251678944
1.3979533649981022
1.3102088049054146
1.4099599197506905
1.3514193072915077
1.3807624466717243
1.4238367304205894
1.4293101727962494
1.3706080913543701
1.3176701478660107
1.3870157822966576
1.4566807337105274
1.2632500678300858
1.3704051598906517
1.4248361103236675
1.3816837221384048
1.4233915209770203
1.5531667284667492
1.368210669606924
1.3760527670383453
1.440615501254797
1.4289908595383167
1.3584589064121246
1.452696293592453
1.4790175780653954
1.5964908413589
1.337072841823101
1.5375063605606556
1.4600169211626053
1.4615952782332897
1.3439945690333843
1.4206281416118145
1.3454366028308868
1.366091564297676
1.4361241459846497
1.357729610055685
1.419320072978735
1.4148062318563461
1.3328360505402088
1.4170420952141285
1.5156367048621178
1.5638600885868073
1.3720211423933506
1.3614861331880093
1.437748309224844
1.3660885356366634
1.2312003001570702
1.3709543235599995
1.3208401128649712
1.4272995181381702
1.317208506166935
1.25379553809762
1.4364010505378246
1.4032755494117737
1.4034549482166767
1.522488795220852
1.4834070019423962
1.4714202843606472
1.4234855994582176
1.397848803550005
1.4227780811488628
1.4015288352966309
1.453503791242838
1.5282547064125538
1.3194459229707718
1.266925286501646
1.5274786427617073
1.514013472944498
1.3796488232910633
1.5955989211797714
1.3984811678528786
1.3378702998161316
1.4025164432823658
1.5309089496731758
1.4144978262484074
1.458522018045187
1.2217539735138416
1.3697140030562878
1.3569148741662502
1.3195783458650112
1.276355441659689
1.3440036065876484
1.4211316742002964
1.2833751365542412
1.3880340866744518
1.5422104708850384
1.2493059411644936
1.305499766021967
1.4531387202441692
1.5481269471347332
1.2070185355842113
1.4633197411894798
1.3656391650438309
1.5205872058868408
1.3210823684930801
1.3782718107104301
1.317944973707199
1.4385376460850239
1.6056728325784206
1.3178898952901363
1.461043756455183
1.29120384901762
1.4117237962782383
1.4923799075186253
1.4505181312561035
1.4846803657710552
1.3955017067492008
1.4136101976037025
1.4457061924040318
1.514559842646122
1.5038438253104687
1.380633894354105
1.3892125487327576
1.395530667155981
1.3884817771613598
1.253882385790348
1.4729161970317364
1.3217574320733547
1.3625220097601414
1.50148107111454
1.5625973120331764
1.3117482624948025
1.414308711886406
1.4709365889430046
1.3034406825900078
1.4024880193173885
1.4764416553080082
1.3658535107970238
1.3651399873197079
1.341695062816143
1.390118595212698
1.3906836174428463
1.3677649907767773
1.3134267926216125
1.3596183955669403
1.4849895276129246
1.7053256332874298
1.4107214361429214
1.5627994500100613
1.4881422147154808
1.4131465144455433
1.5340199284255505
1.2167388275265694
1.4457300081849098
1.408579733222723
1.4821361936628819
1.4868689179420471
1.3553504459559917
1.4247912280261517
1.376040130853653
1.5105795748531818
1.408526562154293
1.463393222540617
1.3702870346605778
1.4134546928107738
1.3984957300126553
1.4714353904128075
1.4725269973278046
1.536498300731182
1.3179925121366978
1.4467693120241165
1.5108617655932903
1.5283527299761772
1.3317025303840637
1.5069448240101337
1.4426092021167278
1.4408716671168804
1.4371246062219143
1.314392328262329
1.495089776813984
1.3044486716389656
1.359984777867794
1.5072937794029713
1.265691015869379
1.2464660108089447
1.573461964726448
1.4690062999725342
1.5968838818371296
1.4168695323169231
1.400796353816986
1.3722111880779266
1.2937338575720787
1.4853240437805653
1.4623993337154388
1.5329946279525757
1.5790926814079285
1.3298323079943657
1.2670675292611122
1.3617421984672546
1.304619699716568
1.443843461573124
1.2728725597262383
1.391199767589569
1.427015196532011
1.3358333259820938
1.4064345061779022
1.3930567242205143
1.4626560397446156
1.3312915600836277
1.457918107509613
1.5179584585130215
1.347313679754734
1.4895650818943977
1.4082137271761894
1.5893870070576668
1.4079217948019505
1.4933635033667088
1.370480913668871
1.3288020230829716
1.3440379202365875
1.4327449761331081
1.5136181525886059
1.4816977754235268
1.5763062462210655
1.4020793549716473
1.2516301423311234
1.2971188500523567
1.5074086971580982
1.3980580754578114
1.4856783635914326
1.4726445116102695
1.500846441835165
1.37994946539402
1.5079595521092415
1.3361853249371052
1.149989627301693
1.3653138019144535
1.431965097784996
1.3726655393838882
1.4241364747285843
1.320993833243847
1.3784458115696907
1.4570326581597328
1.341893769800663
1.4380718506872654
1.297581858932972
1.4228327386081219
1.4416433349251747
1.2754778824746609
1.3326022289693356
1.3921929150819778
1.5925909541547298
1.5088834948837757
1.5473248288035393
1.3512385003268719
1.4892480969429016
1.5035966150462627
1.421123929321766
1.3907597064971924
1.4000142514705658
1.4588700719177723
1.4767082780599594
1.3426518626511097
1.3731360025703907
1.4440153688192368
1.3234782218933105
1.4040993116796017
1.4635691978037357
1.460901003330946
1.3643035478889942
1.401765052229166
1.487931054085493
1.432215679436922
1.558543749153614
1.5357378497719765
1.4111619219183922
1.5245666205883026
1.4783725813031197
1.2920805737376213
1.461289033293724
1.3590381890535355
1.3476932495832443
1.3862683586776257
1.3108285181224346
1.3181338720023632
1.405646089464426
1.2641061581671238
1.3199703097343445
1.5319829769432545
1.4274086244404316
1.3902059569954872
1.5860221721231937
1.3982154801487923
1.3072914890944958
1.3348906822502613
1.533330824226141
1.3196107856929302
1.4776483848690987
1.3327699676156044
1.3432592786848545
1.5401963517069817
1.303738459944725
1.398029562085867
1.3843874335289001
1.443059477955103
1.3234240263700485
1.316251277923584
1.4218755550682545
1.4305024668574333
1.3355556651949883
1.474007397890091
1.4645891971886158
1.330757711082697
1.4464576244354248
1.424362063407898
1.3547781705856323
1.424362264573574
1.3574939891695976
1.7023167051374912
1.5828569009900093
1.535125732421875
1.4520186372101307
1.3078083842992783
1.4749048799276352
1.3758783601224422
1.3420604020357132
1.3874328061938286
1.4047002159059048
1.5673519000411034
1.5325765274465084
1.3769145980477333
1.451314952224493
1.2970261722803116
1.44554977491498
1.4807990938425064
1.3073795475065708
1.2345335595309734
1.5026021711528301
1.3803825043141842
1.4301476627588272
1.469390369951725
1.494711697101593
1.3568831719458103
1.4479105472564697
1.4774918854236603
1.3854259513318539
1.4810706339776516
1.4575291648507118
1.3999214209616184
1.3689336143434048
1.5990632995963097
1.5627354644238949
1.5061802044510841
1.4409439750015736
1.4469542503356934
1.315779685974121
1.4848317839205265
1.442318867892027
1.2995224222540855
1.344934068620205
1.3926885575056076
1.6097644940018654
1.5366010181605816
1.3381441235542297
1.3761105127632618
1.4623918980360031
1.3092016763985157
1.3536511920392513
1.5762862339615822
1.3687227927148342
1.2892544977366924
1.2993017137050629
1.4956418089568615
1.3485807590186596
1.5394314117729664
1.4002948626875877
1.466745175421238
1.4007515870034695
1.3505919836461544
1.2914895936846733
1.4716636016964912
1.6924973763525486
1.5496656447649002
1.3850681856274605
1.3608546890318394
1.4347468428313732
1.4664551429450512
1.2871548533439636
1.287157729268074
1.4521113894879818
1.3017443157732487
1.2538508102297783
1.3930636048316956
1.3679203316569328
1.350744228810072
1.3824342973530293
1.2664462625980377
1.4885169565677643
1.251749787479639
1.369488563388586
1.38174494728446
1.4723839834332466
1.3258606679737568
1.3067304231226444
1.5962741635739803
1.3613372892141342
1.5648054406046867
1.3864974081516266
1.5033888965845108
1.361969280987978
1.6505112871527672
1.5823712423443794
1.4248773530125618
1.4406242035329342
1.4943375959992409
1.5286979265511036
1.340218175202608
1.5250865705311298
1.5137623362243176
1.4286978878080845
1.4208972118794918
1.3902274146676064
1.5089457891881466
1.391788363456726
1.3240248300135136
1.253593884408474
1.375557068735361
1.3183132968842983
1.4594048075377941
1.2821534536778927
1.3840427584946156
1.409344807267189
1.3980858027935028
1.322086751461029
1.372230589389801
1.4514901898801327
1.3954032845795155
1.4651798568665981
1.4408658109605312
1.4031628631055355
1.5750229358673096
1.2875964157283306
1.6491668373346329
1.5362162366509438
1.4183551743626595
1.4231377691030502
1.5181928426027298
1.2857977077364922
1.3455337844789028
1.454158142209053
1.446801882237196
1.3470433168113232
1.3017196655273438
1.3994928561151028
1.4297710433602333
1.431262243539095
1.3950089067220688
1.417731650173664
1.542234517633915
1.3941024392843246
1.5343780629336834
1.4048085324466228
1.4938196651637554
1.4883604981005192
1.4196275807917118
1.3476308435201645
1.3149679824709892
1.3986950181424618
1.2477923557162285
1.2541828341782093
1.4837613254785538
1.4501259662210941
1.446051649749279
1.4549695700407028
1.3400486037135124
1.5185904055833817
1.479419007897377
1.3497670069336891
1.412144746631384
1.5609074011445045
1.3140018545091152
1.3853863328695297
1.3447258844971657
1.4973369091749191
1.3350099734961987
1.5070807300508022
1.3139629811048508
1.279857024550438
1.4259706996381283
1.3834218010306358
1.5186230391263962
1.4647551998496056
1.2934997901320457
1.3646141849458218
1.4551527723670006
1.596131294965744
1.3432562202215195
1.588000327348709
1.4754214510321617
1.4059446305036545
1.308350969105959
1.4654533416032791
1.309224534779787
1.601637251675129
1.38468686491251
1.36559471860528
1.2254585698246956
1.3519019484519958
1.4656299874186516
1.3487841449677944
1.5531959719955921
1.4054760485887527
1.405782762914896
1.435243897140026
1.3295909874141216
1.4969427734613419
1.3557090386748314
1.272535115480423
1.4077887386083603
1.324860293418169
1.5393115766346455
1.3895186446607113
1.3180364035069942
1.5609432123601437
1.4611937925219536
1.329181794077158
1.5049282237887383
1.4561821334064007
1.4722741022706032
1.4521037451922894
1.2444563284516335
1.4129519946873188
1.4435441978275776
1.4537479244172573
1.4120060540735722
1.3815993256866932
1.3579613231122494
1.3587483391165733
1.5341057777404785
1.3952182792127132
1.391153123229742
1.3221566677093506
1.3607228621840477
1.3036203607916832
1.5682842433452606
1.2413606867194176
1.5558352917432785
1.3363082185387611
1.544182252138853
1.4958498775959015
1.5247873477637768
1.4236287847161293
1.605365440249443
1.2908611595630646
1.612558826804161
1.3658096306025982
1.4228742606937885
1.3867917470633984
1.6285826303064823
1.33992450684309
1.2966498471796513
1.3920253701508045
1.4581485576927662
1.33232980966568
1.3924625515937805
1.2754466161131859
1.5230667181313038
1.315105389803648
1.4457163251936436
1.3764690198004246
1.5756157077848911
1.306812360882759
1.4437004588544369
1.5845004245638847
1.4493143856525421
1.3687542527914047
1.3665712848305702
1.308894220739603
1.5491577461361885
1.3935613594949245
1.4991320744156837
1.3551921360194683
1.4354937933385372
1.3095633499324322
1.391659926623106
1.4235431477427483
1.3803746774792671
1.3715299479663372
1.4009871520102024
1.2903856933116913
1.539583545178175
1.3153622895479202
1.4230560883879662
1.3265256024897099
1.3314822316169739
1.4269272424280643
1.3633758910000324
1.332619160413742
1.501499779522419
1.4261652491986752
1.2829379551112652
1.4143342524766922
1.3363910131156445
1.3617797866463661
1.4789245203137398
1.3709804750978947
1.4682049453258514
1.3570047281682491
1.3282380066812038
1.4044812098145485
1.4987455420196056
1.5449976958334446
1.428858369588852
1.3953435681760311
1.4962503761053085
1.487740382552147
1.467920195311308
1.3272958397865295
1.33495270088315
1.4186434857547283
1.3968835733830929
1.35164113342762
1.4355486296117306
1.4121091961860657
1.3971395082771778
1.455392923206091
1.5044123716652393
1.5247591510415077
1.3798848614096642
1.4096663631498814
1.3724201284348965
1.255601905286312
1.4354875162243843
1.4480450190603733
1.6838783025741577
1.407262910157442
1.2331195622682571
1.3426127545535564
1.388913918286562
1.2865781970322132
1.398940309882164
1.474928192794323
1.4833940714597702
1.4158600494265556
1.253412313759327
1.396041814237833
1.4077603444457054
1.6532223001122475
1.4375820308923721
1.241976574063301
1.3194682002067566
1.434637788683176
1.2794240824878216
1.3823279552161694
1.2622716315090656
1.3621698208153248
1.3838260397315025
1.4173071421682835
1.3971973285079002
1.4065988175570965
1.525421068072319
1.5675547011196613
1.371401272714138
1.4368612095713615
1.3060015179216862
1.4884791485965252
1.39332015812397
1.3409203179180622
1.4422715343534946
1.4427475668489933
1.5027317740023136
1.394898496568203
1.3618757128715515
1.3594208806753159
1.363076876848936
1.4634215235710144
1.4035040773451328
1.5015906728804111
1.245476707816124
1.3008111864328384
1.468943502753973
1.3889610134065151
1.3843460157513618
1.281607311218977
1.3289571143686771
1.4449141956865788
1.4316608607769012
1.2952755503356457
1.554633054882288
1.5569133274257183
1.4319055937230587
1.3228199072182178
1.3413980156183243
1.417068064212799
1.5258364118635654
1.358245749026537
1.5121913477778435
1.309034999459982
1.353119596838951
1.4336691834032536
1.4514139257371426
1.4147000014781952
1.3874755799770355
1.1306058801710606
1.460325963795185
1.2449815012514591
1.487767405807972
1.3682402819395065
1.3548654206097126
1.322348389774561
1.396560464054346
1.5378840379416943
1.4717398695647717
1.5474445894360542
1.4055020548403263
1.3866919539868832
1.4065240621566772
1.3630053400993347
1.3276922926306725
1.274966225028038
1.449572503566742
1.5072878375649452
1.295882623642683
1.333767130970955
1.5777039043605328
1.3192229233682156
1.253941122442484
1.2865489199757576
1.5127205289900303
1.3700582310557365
1.4149886891245842
1.467301320284605
1.5558703765273094
1.3595074824988842
1.4360890239477158
1.3183302469551563
1.4191479869186878
1.335292275995016
1.4396534860134125
1.3227088898420334
1.5151166468858719
1.593776099383831
1.2134590335190296
1.3385215178132057
1.33832997828722
1.4642277732491493
1.4834530241787434
1.4519273526966572
1.374604757875204
1.3560833521187305
1.2791401483118534
1.2911932468414307
1.4532271958887577
1.2642752453684807
1.5649777315557003
1.2951023764908314
1.5262831673026085
1.292886395007372
1.3559985272586346
1.5903557762503624
1.415994442999363
1.348553642630577
1.3494196459650993
1.4911932237446308
1.2994612902402878
1.38042276725173
1.4164886996150017
1.3933131024241447
1.41405139118433
1.292169164866209
1.398666463792324
1.3886883147060871
1.3991337418556213
1.491980828344822
1.3720527738332748
1.4397907704114914
1.3361559733748436
1.4880241192877293
1.5268231965601444
1.3952066712081432
1.3268589824438095
1.5833706222474575
1.4803093634545803
1.379385631531477
1.3944416902959347
1.372835922986269
1.4285022765398026
1.468339990824461
1.286825779825449
1.5752721428871155
1.338398166000843
1.404330749064684
1.372307762503624
1.2796627804636955
1.491779662668705
1.4233441464602947
1.411015558987856
1.3220396675169468
1.3740121088922024
1.3498345836997032
1.6010289192199707
1.4722047187387943
1.3052281960844994
1.4211589694023132
1.369577307254076
1.4521771930158138
1.4005926884710789
1.4784917570650578
1.458359930664301
1.4328300952911377
1.2305688373744488
1.35104338824749
1.4864686280488968
1.490010391920805
1.3732055947184563
1.2912959679961205
1.2611784674227238
1.4460133127868176
1.3336730003356934
1.2756180576980114
1.2851281873881817
1.4160262569785118
1.4135338813066483
1.237675279378891
1.4143723733723164
1.5166467726230621
1.4007900655269623
1.4310513101518154
1.3712816275656223
1.4168779328465462
1.471302542835474
1.3546805344522
1.4028824493288994
1.2421098239719868
1.5191045962274075
1.3463396057486534
1.2355314195156097
1.5250997506082058
1.3868769109249115
1.409766398370266
1.4130554907023907
1.5098388008773327
1.316812478005886
1.3373869955539703
1.4678883887827396
1.2540970407426357
1.2974812164902687
1.4434533528983593
1.4891467988491058
1.4293822161853313
1.389079064130783
1.3467167727649212
1.3969602398574352
1.243102304637432
1.391142014414072
1.4058893136680126
1.4295742958784103
1.3208101317286491
1.3557127304375172
1.2336012087762356
1.4930000603199005
1.2472523115575314
1.3173589706420898
1.422024104744196
1.3466809950768948
1.4574186503887177
1.3044489547610283
1.4168536886572838
1.517617903649807
1.4965460784733295
1.3286619558930397
1.4035342708230019
1.542678102850914
1.343882605433464
1.6381454356014729
1.5077558122575283
1.2870983257889748
1.428170908242464
1.4170997776091099
1.4176570922136307
1.300083763897419
1.3684411831200123
1.2678724266588688
1.519218821078539
1.3612651452422142
1.3336639367043972
1.340259250253439
1.3773141391575336
1.1672189123928547
1.3500469028949738
1.3984371908009052
1.2975267805159092
1.4748290032148361
1.4454751908779144
1.4624479487538338
1.4237367548048496
1.3948884010314941
1.431059341877699
1.4884800799190998
1.4311749041080475
1.3467570953071117
1.4222820065915585
1.3169464357197285
1.4819427393376827
1.3645246587693691
1.419670969247818
1.481047760695219
1.3226476609706879
1.3151755705475807
1.310514509677887
1.5105278752744198
1.417762815952301
1.2642942816019058
1.2982239238917828
1.45387402176857
1.4680244624614716
1.4918744750320911
1.3847491964697838
1.3918650448322296
1.391514129936695
1.4635913372039795
1.412424623966217
1.274061631411314
1.2903403788805008
1.3435983546078205
1.5630352050065994
1.401220016181469
1.5302118733525276
1.377693995833397
1.1920362710952759
1.4567332789301872
1.4390271045267582
1.2577872648835182
1.4653923623263836
1.3776399418711662
1.3453042581677437
1.3284866213798523
1.257087454199791
1.4307489283382893
1.3522871807217598
1.3860887326300144
1.2011064812541008
1.5580340176820755
1.3401811383664608
1.3551043309271336
1.4434775188565254
1.313742596656084
1.4452898688614368
1.435887187719345
1.3540618009865284
1.4914266765117645
1.470148429274559
1.337989304214716
1.2780700251460075
1.468103013932705
1.3397460468113422
1.3705180659890175
1.2637165114283562
1.5062547288835049
1.30814303830266
1.3427966013550758
1.4522905312478542
1.386047214269638
1.2952625565230846
1.4159808345139027
1.3850462138652802
1.3548317104578018
1.3918304741382599
1.3467762917280197
1.3717982172966003
1.3356534205377102
1.3110547326505184
1.4737051464617252
1.500215109437704
1.3738804124295712
1.282590214163065
1.511754211038351
1.506878212094307
1.5267589427530766
1.5430626571178436
1.324519071727991
1.2200827039778233
1.43577179312706
1.4380267933011055
1.5678639970719814
1.412444569170475
1.5622033700346947
1.446319717913866
1.2898698970675468
1.3750699870288372
1.4547490812838078
1.4570688530802727
1.4637166261672974
1.2244493141770363
1.5399913229048252
1.4229854717850685
1.598011925816536
1.4685196988284588
1.3659585267305374
1.2602516263723373
1.4360845163464546
1.4199635945260525
1.3712049089372158
1.528102207928896
1.396540891379118
1.4430165588855743
1.3440833762288094
1.4772171415388584
1.4695715382695198
1.4140574783086777
1.536428403109312
1.4255954548716545
1.478731919080019
1.475527860224247
1.42310132086277
1.5791187845170498
1.4992332234978676
1.2660297229886055
1.3197133392095566
1.3972855694592
1.2364965043962002
1.411279484629631
1.3180995918810368
1.3634715341031551
1.3816165141761303
1.4492684565484524
1.4383819848299026
1.370694499462843
1.3979171961545944
1.3104571998119354
1.3283843696117401
1.430079646408558
1.4526958465576172
1.5084660090506077
1.4824287667870522
1.313122432678938
1.297760970890522
1.251274198293686
1.602918516844511
1.3982716873288155
1.4215071499347687
1.2921932972967625
1.4461439177393913
1.3832419663667679
1.3424901887774467
1.1915872022509575
1.4218672327697277
1.3542069420218468
1.204229936003685
1.4488099068403244
1.4559032544493675
1.2493470720946789
1.272565171122551
1.3023528754711151
1.3530480675399303
1.430254753679037
1.4265431128442287
1.382711298763752
1.4753830470144749
1.2919788882136345
1.337836615741253
1.4807025976479053
1.3582185842096806
1.6488486118614674
1.357651975005865
1.4981832914054394
1.6521937027573586
1.3308046646416187
1.4560970403254032
1.5905307456851006
1.5051543302834034
1.4642994329333305
1.3200764656066895
1.1799710802733898
1.5208212062716484
1.488624282181263
1.3921504132449627
1.4050427861511707
1.336996704339981
1.3907798267900944
1.3282202035188675
1.486927144229412
1.3625119738280773
1.2979616336524487
1.4524416252970695
1.3451030403375626
1.326347779482603
1.4731673039495945
1.4367213360965252
1.440041184425354
1.4526361711323261
1.256951205432415
1.373735286295414
1.3079131916165352
1.355041179805994
1.336154218763113
1.287460070103407
1.279753215610981
1.38552937656641
1.2682198882102966
1.4979837536811829
1.5169593803584576
1.450688585639
1.4792779684066772
1.280715435743332
1.364085752516985
1.450668640434742
1.411857444792986
1.5486392341554165
1.2510833851993084
1.4379325918853283
1.4705926030874252
1.4126733765006065
1.420761201530695
1.3353432416915894
1.4849578812718391
1.4912193268537521
1.4790171459317207
1.31837872043252
1.1702606976032257
1.2922324873507023
1.4980020746588707
1.3526555560529232
1.4108081720769405
1.3592971563339233
1.3107231669127941
1.3526475615799427
1.4411242082715034
1.466513603925705
1.3017868623137474
1.493629116564989
1.4397158324718475
1.3137104585766792
1.3996707871556282
1.4446527510881424
1.4217629916965961
1.58590879291296
1.3440059684216976
1.3677403666079044
1.2840221114456654
1.2886838242411613
1.340653520077467
1.503784853965044
1.323454611003399
1.4275078997015953
1.3795558363199234
1.4011434689164162
1.3307085111737251
1.3806588612496853
1.4383841902017593
1.2698268704116344
1.4854886308312416
1.4840803369879723
1.3677318021655083
1.3692045249044895
1.3360052816569805
1.4267046451568604
1.4599675424396992
1.4216880574822426
1.4238631837069988
1.316405825316906
1.4562101066112518
1.4595736153423786
1.4529665596783161
1.3297752365469933
1.350430965423584
1.4365105703473091
1.545806773006916
1.294191524386406
1.3311896249651909
1.5117494761943817
1.3280511237680912
1.2254056073725224
1.2924001514911652
1.4470176212489605
1.3192146383225918
1.358413316309452
1.5758574232459068
1.4797539226710796
1.417219117283821
1.3590601049363613
1.3816662728786469
1.4276002682745457
1.302949346601963
1.336553931236267
1.4901939779520035
1.277378287166357
1.5573392398655415
1.4532574526965618
1.4900508970022202
1.452161282300949
1.295448660850525
1.4297865070402622
1.3391050770878792
1.488955069333315
1.288051225244999
1.4645194374024868
1.4257108941674232
1.289936676621437
1.473040897399187
1.464210107922554
1.297855544835329
1.4212120585143566
1.304868958890438
1.4275924004614353
1.2492035664618015
1.4101815037429333
1.2203042320907116
1.2878385335206985
1.508077159523964
1.3663028813898563
1.5666637755930424
1.3220987543463707
1.3478526547551155
1.4868167750537395
1.213002149015665
1.2433850914239883
1.240580566227436
1.5133800394833088
1.427220594137907
1.4147343300282955
1.4340412206947803
1.239703692495823
1.3673045374453068
1.3899866491556168
1.4917525947093964
1.4903034828603268
1.4704533331096172
1.4184584617614746
1.396264635026455
1.5108585357666016
1.4102010875940323
1.497058194130659
1.4251389652490616
1.344544854015112
1.5253915712237358
1.494026679545641
1.3413711711764336
1.2273507080972195
1.5154463648796082
1.526971761137247
1.3217359781265259
1.585133209824562
1.3700695633888245
1.3615521378815174
1.3260785825550556
1.2108684703707695
1.4081151187419891
1.366489190608263
1.5034504383802414
1.4522734992206097
1.364204067736864
1.185655515640974
1.5703321918845177
1.4903696849942207
1.3148960769176483
1.5823475196957588
1.57692439109087
1.3543396517634392
1.3420404307544231
1.4255564473569393
1.3412146531045437
1.3502590246498585
1.3145242258906364
1.3866319879889488
1.2875971496105194
1.286514014005661
1.3077950291335583
1.338947907090187
1.2900113426148891
1.4775122217833996
1.24296510592103
1.2868059463799
1.3656562715768814
1.2918302118778229
1.4410755075514317
1.5411761701107025
1.4261252544820309
1.3357758037745953
1.4922679141163826
1.309524156153202
1.443799965083599
1.458705060184002
1.2360129095613956
1.3982497043907642
1.3590843565762043
1.4411049224436283
1.4625965654850006
1.3217872940003872
1.3314308002591133
1.2573260255157948
1.4906719326972961
1.4914526119828224
1.2237447500228882
1.4272131137549877
1.349731508642435
1.3842964321374893
1.4795363619923592
1.4707816876471043
1.1926816515624523
1.346832126379013
1.4619091339409351
1.3427002876996994
1.4416803307831287
1.456489060074091
1.4520031698048115
1.3657145500183105
1.4344950392842293
1.4639570899307728
1.4280165620148182
1.3684138134121895
1.4110039323568344
1.3270197473466396
1.4430902898311615
1.3741828463971615
1.417607605457306
1.2599129490554333
1.45889687910676
1.4884824492037296
1.2949765846133232
1.3628500439226627
1.3424475863575935
1.4688181169331074
1.5481333248317242
1.3618854358792305
1.230380792170763
1.3637256883084774
1.4999711588025093
1.4557394832372665
1.2123917303979397
1.4308032467961311
1.2888045869767666
1.309692569077015
1.5722043216228485
1.382977981120348
1.248317163437605
1.2962337099015713
1.388009563088417
1.4618026055395603
1.4322958812117577
1.3720227926969528
1.248338334262371
1.3684085942804813
1.406322881579399
1.3837005756795406
1.2358320467174053
1.3611699007451534
1.3463149704039097
1.4882795251905918
1.298945464193821
1.4308118373155594
1.4380207695066929
1.4290855675935745
1.4616750217974186
1.4865940548479557
1.4264596663415432
1.345041535794735
1.3138424716889858
1.4456159062683582
1.580603450536728
1.3991832323372364
1.4112100563943386
1.3857628777623177
1.297688890248537
1.276892989873886
1.3892184309661388
1.4667660556733608
1.4996564947068691
1.4425305090844631
1.40522076562047
1.341903667896986
1.319555502384901
1.1339144669473171
1.5592087432742119
1.2217879556119442
1.3471621684730053
1.397549919784069
1.3677238747477531
1.5060060657560825
1.3424757346510887
1.4230365008115768
1.4754928015172482
1.453466061502695
1.3719542883336544
1.5008105896413326
1.3727124743163586
1.451634295284748
1.4904522001743317
1.4227379485964775
1.488862805068493
1.5657400898635387
1.4442624375224113
1.5041831135749817
1.514835774898529
1.3302632123231888
1.2826174572110176
1.2939691245555878
1.4632015563547611
1.3408598899841309
1.4427714422345161
1.3179554641246796
1.4781225807964802
1.321508213877678
1.5148573592305183
1.3365344405174255
1.2797663323581219
1.4414232671260834
1.302135732024908
1.4196530357003212
1.3663556389510632
1.3471165969967842
1.3376933671534061
1.495386514812708
1.5145010314881802
1.3798896931111813
1.5103667974472046
1.461750540882349
1.3131729811429977
1.4521128758788109
1.2393197789788246
1.3698595352470875
1.5130161717534065
1.3862042836844921
1.3245460577309132
1.3451926708221436
1.4847792983055115
1.4054679088294506
1.5220054164528847
1.388007279485464
1.594956487417221
1.5116301029920578
1.2190582603216171
1.4699364230036736
1.2340413741767406
1.2888688296079636
1.312458548694849
1.3883776143193245
1.2636364474892616
1.2031078152358532
1.3741000518202782
1.457163818180561
1.3641453795135021
1.448116347193718
1.1735955514013767
1.3942966014146805
1.5203867517411709
1.2771227397024632
1.438607633113861
1.4781175293028355
1.5238751098513603
1.444555390626192
1.2299580872058868
1.240586169064045
1.323409266769886
1.3827263340353966
1.4845582768321037
1.5128918290138245
1.3444076478481293
1.514400478452444
1.3183850944042206
1.3630916103720665
1.3713060058653355
1.377175685018301
1.4191408194601536
1.2909305915236473
1.5515508987009525
1.3828939273953438
1.5212635807693005
1.4759310483932495
1.2774356715381145
1.3458112739026546
1.4462129957973957
1.3553248457610607
1.3169683702290058
1.5098326355218887
1.419056735932827
1.2655649445950985
1.3954085633158684
1.3292696475982666
1.4444805830717087
1.3926471546292305
1.346638798713684
1.3337889835238457
1.236483622342348
1.461895577609539
1.3806997425854206
1.4802492186427116
1.4839633144438267
1.401285320520401
1.497889269143343
1.3486590944230556
1.3431761153042316
1.3505146875977516
1.488609854131937
1.3596545904874802
1.3852842599153519
1.3571098409593105
1.4600818753242493
1.3383327424526215
1.2927778586745262
1.5613691993057728
1.2666202895343304
1.4833272993564606
1.2640531286597252
1.3506891131401062
1.5621782317757607
1.4531173333525658
1.4415428079664707
1.4308706931769848
1.2947207912802696
1.4816031716763973
1.3407901301980019
1.367395956069231
1.2590994760394096
1.2503911145031452
1.3943522050976753
1.373779185116291
1.4264516830444336
1.4383275248110294
1.3243249729275703
1.4208132699131966
1.2589746788144112
1.4712013974785805
1.5980933010578156
1.3563769571483135
1.4228513054549694
1.63325859233737
1.4963861666619778
1.4654150754213333
1.465224526822567
1.3730223402380943
1.4226882196962833
1.447515495121479
1.3405158631503582
1.39810137078166
1.2856181375682354
1.3633456230163574
1.4112259112298489
1.4032152891159058
1.483999039977789
1.4278988987207413
1.4391214847564697
1.398215651512146
1.457084070891142
1.3551128208637238
1.6524197943508625
1.457955427467823
1.4589117355644703
1.3586649112403393
1.3625536635518074
1.2911486066877842
1.4193604066967964
1.4381111413240433
1.492754478007555
1.367309309542179
1.333532266318798
1.40879175812006
1.2891042083501816
1.4992300756275654
1.5308873765170574
1.3445534110069275
1.5241249203681946
1.4489890113472939
1.4148638844490051
1.3461321257054806
1.5785288885235786
1.3805840909481049
1.4814459532499313
1.4016353003680706
1.3454091660678387
1.3240156657993793
1.3789848983287811
1.403252650052309
1.3875329606235027
1.2451034262776375
1.4038012996315956
1.3526886329054832
1.3710284903645515
1.409898765385151
1.3733085244894028
1.3301218450069427
1.4257933348417282
1.3900205045938492
1.490912951529026
1.3935577161610126
1.3759506568312645
1.3850710950791836
1.4721650630235672
1.265961967408657
1.5560498759150505
1.449807845056057
1.3819538280367851
1.38321353495121
1.4238934218883514
1.4726064205169678
1.4821586795151234
1.3048470839858055
1.4027776084840298
1.4798260889947414
1.4912985563278198
1.5075443647801876
1.4224784784018993
1.2324874848127365
1.4304676093161106
1.384807363152504
1.3405798897147179
1.4719362072646618
1.468050267547369
1.3258525244891644
1.419654194265604
1.1594137623906136
1.2737166471779346
1.3143628798425198
1.2837382480502129
1.3510634750127792
1.2488359399139881
1.4126799739897251
1.3583000600337982
1.4037140421569347
1.5030818469822407
1.4010323584079742
1.3765236474573612
1.4892555363476276
1.3080092370510101
1.524731632322073
1.432351291179657
1.4865474291145802
1.3621410690248013
1.1372756883502007
1.3798098377883434
1.3560449443757534
1.3444489054381847
1.3141477890312672
1.2600023373961449
1.3833017945289612
1.5780218876898289
1.3917856812477112
1.3959287777543068
1.3217871561646461
1.3434186279773712
1.345378328114748
1.4132893420755863
1.3911286368966103
1.1986160539090633
1.279768992215395
1.2247691415250301
1.316197246313095
1.5184202380478382
1.4311481229960918
1.3058257400989532
1.3988918028771877
1.4829330034554005
1.3160834088921547
1.432483732700348
1.3484764844179153
1.401940729469061
1.4409569017589092
1.3547576889395714
1.412014927715063
1.417876087129116
1.3998292163014412
1.3017173819243908
1.2724974006414413
1.3247400633990765
1.316906962543726
1.3749361485242844
1.3351790271699429
1.3266301080584526
1.2613924741744995
1.4274839870631695
1.4488264955580235
1.614208746701479
1.4392182752490044
1.3973009437322617
1.2579577900469303
1.402568280696869
1.352286972105503
1.453523077070713
1.529422715306282
1.4507046416401863
1.2458718158304691
1.3166579529643059
1.266279011964798
1.3766757734119892
1.4737155959010124
1.6466025486588478
1.431407444179058
1.424027606844902
1.472808837890625
1.3894927948713303
1.4565749913454056
1.499189455062151
1.5438652597367764
1.4800817593932152
1.3428840599954128
1.3876058496534824
1.345375645905733
1.5243015997111797
1.4161670915782452
1.4724789895117283
1.327069204300642
1.3328934200108051
1.4574425891041756
1.3498886972665787
1.4728931486606598
1.3127931654453278
1.375713773071766
1.303863812237978
1.2107057087123394
1.6663382053375244
1.2451655976474285
1.4083775095641613
1.2041739895939827
1.4396795071661472
1.3543937131762505
1.5490012541413307
1.467585053294897
1.4025335237383842
1.3880814537405968
1.3983851745724678
1.333409558981657
1.4100202694535255
1.4808577075600624
1.2989312633872032
1.5770966783165932
1.4709385894238949
1.2850566022098064
1.417478572577238
1.4258263818919659
1.467994563281536
1.2805614732205868
1.3528089560568333
1.3152349069714546
1.3076852150261402
1.4207435734570026
1.1571587733924389
1.326982993632555
1.4272296652197838
1.4622535482048988
1.5037815049290657
1.6155090108513832
1.4832303076982498
1.2851741127669811
1.3056634403765202
1.29185651242733
1.3850312232971191
1.2893170788884163
1.389355093240738
1.4056778103113174
1.4351888969540596
1.298599984496832
1.507964339107275
1.3983931504189968
1.3176681511104107
1.3842668011784554
1.5285036638379097
1.389981497079134
1.363983329385519
1.3048652336001396
1.3990776054561138
1.394934769719839
1.2711999043822289
1.2295645475387573
1.4365520663559437
1.4167359732091427
1.2755954004824162
1.4758483283221722
1.5210214108228683
1.450484436005354
1.2313815280795097
1.3651392571628094
1.5104310363531113
1.3514930382370949
1.4257886223495007
1.441278051584959
1.3115798830986023
1.2786715403199196
1.4095399975776672
1.4057794325053692
1.4944151006639004
1.2881118170917034
1.4263660907745361
1.4050087295472622
1.3168607205152512
1.4579728469252586
1.5732988752424717
1.2933529168367386
1.4414874762296677
1.4180994369089603
1.3865180052816868
1.4143990240991116
1.4766151085495949
1.4522686079144478
1.35999121889472
1.2954090535640717
1.3765911981463432
1.479601014405489
1.21371428668499
1.332197342067957
1.4891684353351593
1.2029298171401024
1.4985597506165504
1.4485423043370247
1.4239720031619072
1.5466378889977932
1.416496466845274
1.3295871652662754
1.4656913951039314
1.5635105408728123
1.3601836264133453
1.428526122123003
1.3868138268589973
1.451550655066967
1.2260565683245659
1.4918165020644665
1.414823044091463
1.3537331782281399
1.3799487799406052
1.3298481330275536
1.3488732911646366
1.3108632415533066
1.3327024653553963
1.3934122510254383
1.3558055236935616
1.404634665697813
1.306571576744318
1.4022916182875633
1.4083236567676067
1.290111880749464
1.4040987119078636
1.4096524827182293
1.4316897988319397
1.4917732737958431
1.3473597839474678
1.2871523536741734
1.379943061619997
1.4800511449575424
1.4599329307675362
1.4631495364010334
1.3560319729149342
1.4013356901705265
1.44711172580719
1.4022699259221554
1.4355309307575226
1.4447903037071228
1.521280873566866
1.3166768960654736
1.4118355996906757
1.607243288308382
1.3926995359361172
1.314233485609293
1.3902876488864422
1.232394963502884
1.3981625102460384
1.448819849640131
1.3319862745702267
1.466847587376833
1.5651079006493092
1.1788670718669891
1.3626568280160427
1.4489403143525124
1.4914678521454334
1.4175146743655205
1.2867969907820225
1.5365717634558678
1.2972811050713062
1.3617943786084652
1.4049430638551712
1.2882901169359684
1.3862268663942814
1.405482891947031
1.5487582050263882
1.3413096442818642
1.4306407533586025
1.3248635418713093
1.3626902215182781
1.3755470588803291
1.3763669282197952
1.4808471165597439
1.3369105458259583
1.3067092150449753
1.376401111483574
1.3725243881344795
1.3612960129976273
1.3856097720563412
1.4642427898943424
1.4058668576180935
1.501694031059742
1.366199180483818
1.2788930796086788
1.3767509311437607
1.6057184524834156
1.4928208105266094
1.2946768514811993
1.2887989208102226
1.3653177954256535
1.3792556151747704
1.4233462549746037
1.325571309775114
1.1952482648193836
1.5543596222996712
1.5343592278659344
1.3939769119024277
1.3778023459017277
1.472626157104969
1.4233593717217445
1.4238304384052753
1.4215656779706478
1.2974356152117252
1.3428245559334755
1.3572437837719917
1.464691549539566
1.381886299699545
1.3463557586073875
1.2742049805819988
1.3316126838326454
1.5415778309106827
1.3790113851428032
1.2806529812514782
1.4283480271697044
1.4588940925896168
1.4147822260856628
1.5003686733543873
1.4138673320412636
1.2072510346770287
1.5367809496819973
1.4016560204327106
1.3090673051774502
1.3864022195339203
1.3036670833826065
1.3895109444856644
1.4490796029567719
1.5956020951271057
1.2324582152068615
1.4856580346822739
1.5591487921774387
1.3465376198291779
1.4106344990432262
1.453998614102602
1.4038850031793118
1.2863285727798939
1.3543725609779358
1.4271324276924133
1.368433941155672
1.3183143772184849
1.2938314266502857
1.2743068747222424
1.4466647505760193
1.3537195697426796
1.2395824156701565
1.4315257854759693
1.4486065655946732
1.4331071116030216
1.436969067901373
1.1915209479629993
1.4720746167004108
1.3227205872535706
1.4280550219118595
1.3571497201919556
1.4705814607441425
1.4755382016301155
1.4983964040875435
1.50034524127841
1.2806698456406593
1.534991778433323
1.4641783833503723
1.3753649331629276
1.280469935387373
1.225801881402731
1.3637601919472218
1.3834152407944202
1.2375421077013016
1.5346028581261635
1.5584264732897282
1.5129917487502098
1.270699817687273
1.2598967514932156
1.4327373951673508
1.3682967275381088
1.4086097180843353
1.3646951280534267
1.3943479433655739
1.278059657663107
1.4761338084936142
1.6758740469813347
1.2380022145807743
1.3610689155757427
1.5608153082430363
1.4162847250699997
1.3741724416613579
1.3791979737579823
1.5055242106318474
1.2229147776961327
1.2567964047193527
1.3314716033637524
1.4443932436406612
1.3908047042787075
1.3959499895572662
1.4398571476340294
1.2545586600899696
1.4457083195447922
1.3548510037362576
1.4153589867055416
1.6441956758499146
1.442667342722416
1.5122543685138226
1.4166505858302116
1.375327967107296
1.5206118039786816
1.4140583835542202
1.3863175325095654
1.4558582603931427
1.5127878747880459
1.3621891140937805
1.3495855443179607
1.4336237721145153
1.4034528955817223
1.410868413746357
1.4411704130470753
1.3568790592253208
1.3843112140893936
1.4047939740121365
1.5601432286202908
1.3976982533931732
1.401857402175665
1.4683553129434586
1.550000723451376
1.400375198572874
1.4422157034277916
1.2661212906241417
1.3961625061929226
1.3362566158175468
1.534975778311491
1.4112447053194046
1.3486596569418907
1.4564521238207817
1.3669608868658543
1.3052172772586346
1.2744654938578606
1.2734111174941063
1.43983568623662
1.4719108268618584
1.3899767063558102
1.3178412690758705
1.4256353676319122
1.3785426914691925
1.24739820510149
1.2543437480926514
1.4101208411157131
1.5118941478431225
1.4162788689136505
1.2647526524960995
1.2900991514325142
1.3313100412487984
1.4308866523206234
1.4496077820658684
1.4790878556668758
1.4022178500890732
1.2592083029448986
1.3060402274131775
1.4738757908344269
1.209193378686905
1.3106346130371094
1.3818522840738297
1.449772920459509
1.3920516110956669
1.551366563886404
1.3849506936967373
1.3529035411775112
1.5020009391009808
1.4361188150942326
1.4508448541164398
1.3907127641141415
1.3045870997011662
1.48156164214015
1.3117274343967438
1.32350567355752
1.4719490520656109
1.467439692467451
1.3600898459553719
1.4868666380643845
1.2906579412519932
1.3298276402056217
1.3329246044158936
1.4274026043713093
1.4472594633698463
1.4225908443331718
1.3393552042543888
1.416267342865467
1.3269887454807758
1.3980909809470177
1.3962896130979061
1.5983815267682076
1.3458420522511005
1.3479263819754124
1.4164450466632843
1.468173272907734
1.5066516362130642
1.4757832139730453
1.300138358026743
1.4761986210942268
1.4836245812475681
1.4097578637301922
1.2375225089490414
1.4285513646900654
1.4243351854383945
1.219512663781643
1.5050865523517132
1.386812400072813
1.3072917573153973
1.3429285250604153
1.3126290366053581
1.4797058589756489
1.5317455492913723
1.3975586853921413
1.434574842453003
1.309570536017418
1.2969246357679367
1.366054143756628
1.3290303014218807
1.3439228795468807
1.363249022513628
1.4719377644360065
1.1872299499809742
1.3300565406680107
1.5552849136292934
1.3466045670211315
1.2851387970149517
1.3394118323922157
1.3612207882106304
1.190696693956852
1.4492027834057808
1.4697634242475033
1.3153340816497803
1.5673864111304283
1.496755015105009
1.4375620931386948
1.5098537877202034
1.5014501065015793
1.4369803853332996
1.465409617871046
1.3332842141389847
1.4023393243551254
1.489537388086319
1.2938138358294964
1.4039782583713531
1.3733865469694138
1.3941092751920223
1.4195118732750416
1.3634687960147858
1.3568513616919518
1.513353444635868
1.384026888757944
1.5220855437219143
1.4523934349417686
1.2804736196994781
1.4935097955167294
1.233354076743126
1.4366083033382893
1.4091909900307655
1.4758009128272533
1.3824563138186932
1.4236596785485744
1.417845208197832
1.3971033096313477
1.3956870324909687
1.3876454755663872
1.3303242102265358
1.3206199221313
1.5025592967867851
1.3880824893712997
1.3134033754467964
1.41033473610878
1.2515185736119747
1.5006190240383148
1.3087636269629002
1.5674707479774952
1.4321473650634289
1.262484285980463
1.382877241820097
1.3465898633003235
1.3927877135574818
1.527295559644699
1.3487884998321533
1.3665922693908215
1.2439056411385536
1.471286565065384
1.3555795326828957
1.5757676996290684
1.414229042828083
1.3439716584980488
1.3805392645299435
1.3775283358991146
1.4897566922008991
1.2868039049208164
1.4262633994221687
1.505706824362278
1.5479643680155277
1.5004941783845425
1.388607483357191
1.3326583430171013
1.2907264158129692
1.416944932192564
1.3458827771246433
1.4656370431184769
1.2757885083556175
1.4764575697481632
1.3583433143794537
1.4294742941856384
1.343555562198162
1.4043140411376953
1.3033379055559635
1.3025988191366196
1.4822735786437988
1.3619196899235249
1.452983569353819
1.2986720614135265
1.4160738848149776
1.2477079629898071
1.4956592731177807
1.2794658802449703
1.4507898427546024
1.3806516863405704
1.3124560751020908
1.3278743475675583
1.380163088440895
1.387229885905981
1.387131903320551
1.36517696082592
1.2656000331044197
1.461997926235199
1.4733315631747246
1.4571203142404556
1.474399197846651
1.3054969310760498
1.4756069779396057
1.3113631941378117
1.2605392932891846
1.3749716021120548
1.4549820572137833
1.4778147675096989
1.3691360764205456
1.2311124838888645
1.2994496002793312
1.321359895169735
1.376772727817297
1.3301626928150654
1.3094699867069721
1.3604872673749924
1.4099870175123215
1.3657903745770454
1.4032945223152637
1.376430418342352
1.2939756773412228
1.2998108342289925
1.4633745178580284
1.4213988594710827
1.3667364083230495
1.2653792463243008
1.3474255576729774
1.3318918719887733
1.3476576432585716
1.505464069545269
1.3555661775171757
1.4107038788497448
1.4601933360099792
1.4516069777309895
1.4334650188684464
1.4890989512205124
1.4204244799911976
1.479229249060154
1.381072986871004
1.3481705114245415
1.3324227184057236
1.5535278506577015
1.2705980762839317
1.4331196174025536
1.4513995349407196
1.4452604353427887
1.346273422241211
1.4469886310398579
1.2822426296770573
1.470633041113615
1.4393582865595818
1.3313605412840843
1.4195904433727264
1.4484022296965122
1.382959809154272
1.438271839171648
1.3427635915577412
1.2975580282509327
1.3441705033183098
1.290857668966055
1.4460594169795513
1.2433209903538227
1.1000915318727493
1.4833673425018787
1.4618353098630905
1.2236275300383568
1.243607148528099
1.432850118726492
1.2733918689191341
1.223286498337984
1.2579834796488285
1.338133778423071
1.3926125057041645
1.3857769072055817
1.1997436732053757
1.4392463751137257
1.3719093017280102
1.531760174781084
1.2995046973228455
1.311575386673212
1.5613977871835232
1.2815051823854446
1.2348120734095573
1.4021592773497105
1.465059395879507
1.4121770150959492
1.4549985453486443
1.5208987593650818
1.3116692043840885
1.4895033724606037
1.4164941348135471
1.4150268621742725
1.4458104744553566
1.451155163347721
1.3469163402915
1.3548964820802212
1.4596738666296005
1.4784427843987942
1.4013288468122482
1.468496985733509
1.411908358335495
1.3950041830539703
1.3973225578665733
1.4997657500207424
1.2471661008894444
1.4942103400826454
1.2809454761445522
1.4961886629462242
1.3437267765402794
1.3665732480585575
1.271582666784525
1.489424854516983
1.4283654615283012
1.3206831514835358
1.3854785822331905
1.3324009738862514
1.5591680109500885
1.3362961448729038
1.3764699287712574
1.401456791907549
1.2156087532639503
1.4202065356075764
1.4501932598650455
1.463182244449854
1.2868518494069576
1.3819107934832573
1.4604239575564861
1.334289725869894
1.3640385158360004
1.3692775592207909
1.3755471892654896
1.3906400091946125
1.4738505184650421
1.3010075874626637
1.4829185977578163
1.4092283472418785
1.3942144736647606
1.2653013318777084
1.3439239524304867
1.3750850893557072
1.535191509872675
1.3365449979901314
1.384309746325016
1.3155894204974174
1.2987775839865208
1.5177515856921673
1.3084395341575146
1.3125368431210518
1.3473109379410744
1.4030447080731392
1.3325191549956799
1.3047975189983845
1.4108404070138931
1.3929622881114483
1.3523112162947655
1.37094422057271
1.3750839717686176
1.5339307636022568
1.5026759319007397
1.3819542936980724
1.439425926655531
1.352964386343956
1.2955308742821217
1.4606185592710972
1.422600444406271
1.3546795137226582
1.4139779806137085
1.3174230195581913
1.3339713215827942
1.3987323082983494
1.4230902455747128
1.3672298528254032
1.261278674006462
1.2588114887475967
1.4954122751951218
1.3836806900799274
1.38148670271039
1.4219930060207844
1.444570954889059
1.4894080720841885
1.4485101476311684
1.489854495972395
1.3893276676535606
1.3469524011015892
1.5403827540576458
1.4466181248426437
1.3276971988379955
1.4492487609386444
1.4125515148043633
1.4361877776682377
1.5543459989130497
1.3587819822132587
1.3315410017967224
1.4832537397742271
1.557516884058714
1.3765991404652596
1.46021868288517
1.4472183734178543
1.401680439710617
1.272484727203846
1.370763849467039
1.2260606102645397
1.405508290976286
1.3911844976246357
1.371268168091774
1.3125636130571365
1.5071428194642067
1.334510650485754
1.3701762780547142
1.3570650145411491
1.3090881332755089
1.4546847827732563
1.3802673891186714
1.2605134136974812
1.3299973271787167
1.2425749525427818
1.3137175031006336
1.2141253910958767
1.4643218629062176
1.4519170746207237
1.4329982288181782
1.4257332347333431
1.500993113964796
1.3014990724623203
1.428245022892952
1.285647127777338
1.3840877749025822
1.474813025444746
1.6031950823962688
1.4492302723228931
1.2996549047529697
1.3935196325182915
1.561677847057581
1.222540631890297
1.4197554104030132
1.5147191733121872
1.5704164020717144
1.3578621968626976
1.4079719111323357
1.3835308700799942
1.5236660726368427
1.2619121111929417
1.5077829025685787
1.3501593843102455
1.541549425572157
1.2846237234771252
1.3638271279633045
1.3429365642368793
1.3436511009931564
1.4049971997737885
1.3394081965088844
1.3555890060961246
1.5206056199967861
1.4874947853386402
1.3172997869551182
1.412978883832693
1.31333152577281
1.4896636083722115
1.4283933527767658
1.361174087971449
1.4902618862688541
1.3829063586890697
1.387457761913538
1.3917264379560947
1.38550029322505
1.393630113452673
1.3830911964178085
1.3977274224162102
1.4014950543642044
1.2197292819619179
1.333785068243742
1.4417430646717548
1.4743361547589302
1.5659081004559994
1.429755236953497
1.3877732641994953
1.4116203747689724
1.3687067963182926
1.6506517082452774
1.344315342605114
1.3985728584229946
1.4317274428904057
1.3204767443239689
1.2341338284313679
1.5378669239580631
1.3768031261861324
1.5768789574503899
1.4765202328562737
1.4123302102088928
1.5159146077930927
1.3373177163302898
1.491519145667553
1.6020493991672993
1.3709874115884304
1.414214551448822
1.46953808888793
1.280940931290388
1.4301704093813896
1.342762365937233
1.4052696861326694
1.519184809178114
1.358228288590908
1.4949970915913582
1.3854857720434666
1.4009018428623676
1.4646415188908577
1.5226476229727268
1.4630195498466492
1.434027772396803
1.3264342658221722
1.5974205546081066
1.3841471374034882
1.463736493140459
1.3576706945896149
1.3586777411401272
1.428811702877283
1.4510766044259071
1.280268743634224
1.3705170713365078
1.2689823433756828
1.4121453948318958
1.3878350891172886
1.35794747620821
1.5550049915909767
1.3672046139836311
1.4724860042333603
1.3948015458881855
1.2930219694972038
1.436218410730362
1.4132671616971493
1.3512628562748432
1.182952705770731
1.4318915121257305
1.3920766226947308
1.446972232311964
1.433745440095663
1.2629719451069832
1.3924420326948166
1.5455837845802307
1.3863927498459816
1.3312520757317543
1.5190452001988888
1.3349518813192844
1.312274795025587
1.4459569193422794
1.2151424773037434
1.3511290401220322
1.3852049373090267
1.203317891806364
1.4150702767074108
1.4162627607584
1.3084487095475197
1.3866391628980637
1.3945687375962734
1.446852684020996
1.2414796389639378
1.3557203002274036
1.3934434801340103
1.3787854053080082
1.400070235133171
1.4165499806404114
1.333328191190958
1.4588754586875439
1.310828160494566
1.5061425939202309
1.4016007967293262
1.2882408946752548
1.411253061145544
1.2312724255025387
1.202377811074257
1.5620190389454365
1.4982765540480614
1.3672477900981903
1.3603397235274315
1.252908792346716
1.4226645231246948
1.3841832876205444
1.3623076975345612
1.3535030372440815
1.282638393342495
1.3765850625932217
1.5021856017410755
1.264668483287096
1.3931866213679314
1.260369312018156
1.4392106868326664
1.4105232916772366
1.3583082482218742
1.3464221507310867
1.2142940573394299
1.4287891648709774
1.4308191798627377
1.2842478565871716
1.5211507566273212
1.513840176165104
1.3439474664628506
1.4680204764008522
1.3655455596745014
1.4141639843583107
1.267047181725502
1.3663572669029236
1.1828203052282333
1.448504999279976
1.3337686136364937
1.3357248194515705
1.5924207791686058
1.3113338835537434
1.4208618961274624
1.1479727998375893
1.365286011248827
1.358961071819067
1.3912793509662151
1.44108172878623
1.2457305938005447
1.3290027678012848
1.4514090530574322
1.6595238596200943
1.3453369177877903
1.4059356860816479
1.5737782046198845
1.281159944832325
1.3829391933977604
1.3688290156424046
1.414984330534935
1.367626428604126
1.293218344449997
1.4577342495322227
1.477532185614109
1.4306754432618618
1.4775384031236172
1.3520247675478458
1.4562943354249
1.2934344820678234
1.4313605166971684
1.3309980854392052
1.4286913499236107
1.3539250269532204
1.3100575841963291
1.484534814953804
1.3419557698071003
1.3779183886945248
1.314607985317707
1.546217530965805
1.3980651907622814
1.4723098054528236
1.3270591907203197
1.2451377473771572
1.1793159507215023
1.3665629588067532
1.5268159434199333
1.4247124716639519
1.3208840303122997
1.478737324476242
1.4277837947010994
1.383015301078558
1.479293953627348
1.2848325707018375
1.4174307100474834
1.278493158519268
1.4554865807294846
1.3909041211009026
1.38932915776968
1.3450640179216862
1.2798336781561375
1.5130431056022644
1.3840478137135506
1.5041226372122765
1.343579739332199
1.3451060391962528
1.3337153978645802
1.2919671833515167
1.350438591092825
1.3490326702594757
1.3096768334507942
1.2641300968825817
1.3165820576250553
1.3630358502268791
1.3464632965624332
1.379499837756157
1.443271391093731
1.5275605656206608
1.378734964877367
1.3509107865393162
1.5113303698599339
1.3947865590453148
1.2031183429062366
1.34660242497921
1.4236871376633644
1.3902213908731937
1.5100572369992733
1.4499701894819736
1.392686516046524
1.4465117491781712
1.534025575965643
1.3846535682678223
1.3522000461816788
1.398083370178938
1.5576395243406296
1.494361735880375
1.4462136812508106
1.4314245618879795
1.3903538808226585
1.3018414676189423
1.418448831886053
1.520712684839964
1.3133562617003918
1.3879180811345577
1.4718549586832523
1.519009780138731
1.2474010661244392
1.2094813585281372
1.646506492048502
1.1978201754391193
1.187245201319456
1.2666789032518864
1.4057237915694714
1.360998310148716
1.4397542923688889
1.2651180289685726
1.3226810321211815
1.4551620818674564
1.3278820179402828
1.3433734253048897
1.2529249489307404
1.3741340897977352
1.3711427822709084
1.4270585291087627
1.365825593471527
1.5017310194671154
1.4923764429986477
1.4932058565318584
1.3308365568518639
1.6111849136650562
1.4036984518170357
1.4924378730356693
1.5255400091409683
1.3234613500535488
