2.7829260528087616
1.8308656811714172
1.7019404731690884
2.1288228034973145
2.3809039145708084
1.4684949666261673
2.2575648725032806
2.3454607501626015
1.5170427858829498
2.018450938165188
1.829281859099865
1.963666409254074
2.310596249997616
1.6130048781633377
1.5064410828053951
1.468708734959364
1.9009288251399994
1.8026667051017284
2.0902636498212814
1.942740261554718
1.7281252704560757
1.5229127518832684
1.9629389382898808
2.2439191564917564
1.6407146826386452
1.3646174930036068
2.1490650475025177
2.3658535927534103
1.8274194858968258
1.8297041952610016
1.6084562428295612
2.474131368100643
2.151422142982483
2.2946525290608406
1.3498505055904388
2.3232989832758904
1.7039890475571156
2.5893894731998444
1.6623039059340954
2.389954090118408
1.8872157074511051
1.3687063567340374
1.7025324627757072
1.3262243270874023
2.0284545496106148
1.7813015803694725
2.4232249185442924
1.7908506989479065
1.262822575867176
1.9547040536999702
1.7600851841270924
1.4613289721310139
1.99551572650671
1.8742281943559647
1.370801243931055
1.4533405676484108
1.091162396594882
1.824973277747631
1.0977203771471977
2.2861184775829315
1.5188381001353264
2.415838845074177
2.0671648159623146
1.6977090239524841
1.6092999503016472
1.8427590914070606
2.098719209432602
2.477432519197464
1.9958788380026817
1.9727703854441643
1.5560682527720928
1.1072595231235027
2.1027639135718346
2.1200615540146828
1.4622819982469082
2.0869880318641663
2.2213311344385147
1.7691291086375713
1.2360350042581558
1.4931152202188969
1.3977767825126648
1.0380370654165745
1.365361548960209
1.8704288825392723
2.464657746255398
1.3734151609241962
1.9049308523535728
1.1867882646620274
1.1431041806936264
2.750107318162918
2.2106952369213104
1.9398354291915894
1.8397030048072338
1.1813995689153671
1.6512599438428879
1.7838256284594536
1.6278854683041573
1.5388900116086006
2.084531933069229
2.1532924696803093
2.2146956622600555
1.544891681522131
1.5060201324522495
1.8164434731006622
1.6651827543973923
1.9073588252067566
1.8863045051693916
1.4900011233985424
1.4912311285734177
1.1947956830263138
1.8082099258899689
1.6367656365036964
2.003345414996147
1.6625960767269135
1.7706742249429226
1.5769513212144375
2.3333115950226784
1.9421072080731392
1.7163100726902485
2.374217204749584
2.725578248500824
1.6653434894979
1.7580620609223843
2.0098400935530663
1.5385859534144402
2.0030975565314293
2.521657072007656
1.9589575827121735
1.0980769880115986
1.416504267603159
1.8944756835699081
1.5608187764883041
1.9528028294444084
1.2218955494463444
1.850768782198429
2.201653338968754
0.7562894374132156
1.701589286327362
2.211635582149029
1.5658882670104504
2.587950386106968
3.346885070204735
1.1631955988705158
1.7838558182120323
1.3572204299271107
1.918749824166298
2.0992764607071877
1.6444882042706013
1.6317933611571789
2.111739732325077
2.2889565601944923
1.8007533960044384
1.9607899151742458
1.6365848183631897
1.155572410672903
1.462005391716957
1.6605802588164806
2.163143441081047
1.3076620139181614
1.170651277527213
1.320655606687069
1.9220748357474804
1.8214808851480484
1.1771642081439495
1.4473464973270893
1.7002335153520107
1.7303365133702755
1.2744822390377522
1.8672208413481712
1.941312164068222
1.5251228474080563
2.0973127484321594
1.5092594847083092
1.4927963316440582
1.5808573625981808
1.6038266904652119
1.8865311369299889
1.2575640119612217
1.9992369934916496
2.1435212194919586
2.3463241904973984
1.7561993673443794
2.0063924565911293
1.5943084806203842
1.5677509270608425
1.6467545591294765
1.7925955653190613
1.6304336674511433
1.6704315952956676
1.7528977394104004
2.0731942132115364
1.8241973333060741
1.785934366285801
1.6180274486541748
2.5666705146431923
1.5894708298146725
2.279780074954033
1.9425837323069572
2.0089959874749184
0.8422068245708942
1.3827015534043312
2.173727661371231
2.079264983534813
1.9465434551239014
1.8306236825883389
1.5478077121078968
1.92647385597229
1.7355642467737198
1.3035537488758564
1.919768501073122
2.6513486355543137
2.4099428206682205
2.327073708176613
1.6713201962411404
1.913800198584795
2.2804189696907997
1.9549399614334106
1.8648889996111393
1.70565065741539
2.0443676449358463
2.014605663716793
2.5823754519224167
2.3079396337270737
2.172021970152855
2.6336228027939796
1.492751121520996
1.7314625568687916
1.822556659579277
1.8127015978097916
2.3212524130940437
2.4026401191949844
1.5552813857793808
1.5461456961929798
1.9103374183177948
2.080297216773033
1.4140251688659191
1.487663097679615
1.1118598133325577
2.1952803507447243
1.4974286071956158
1.532125860452652
1.8862469680607319
2.942398503422737
1.2401631474494934
1.6491762027144432
2.0019348934292793
1.723925843834877
1.0368733331561089
1.706969317048788
1.9513788037002087
1.1238393746316433
1.5889008305966854
1.8076094686985016
1.3592943027615547
1.5867364443838596
1.4220926612615585
2.4907828271389008
1.3572472408413887
2.0792580917477608
2.629643552005291
2.4178928211331367
1.1043231934309006
1.9564277902245522
2.088678665459156
1.2927068397402763
1.9820366725325584
1.8070538714528084
1.8130171708762646
1.9976618736982346
1.7015678323805332
1.9158838018774986
1.516101647168398
1.3664459325373173
1.7306802682578564
1.190023511648178
1.1203721594065428
1.663908950984478
1.1347166523337364
1.7116327285766602
1.6049949824810028
2.1731879860162735
1.7124089263379574
1.6001113653182983
2.2012925818562508
2.720108188688755
2.119462139904499
1.867940492928028
1.6164311803877354
1.4312363229691982
1.6161348894238472
1.6437343284487724
1.4834842830896378
1.525978121906519
2.214026741683483
1.9769118651747704
1.6503795869648457
1.5216509141027927
1.8206386715173721
1.8267379850149155
1.8940055966377258
2.361642397940159
1.6714170947670937
1.2018694393336773
1.894515447318554
1.6713525205850601
1.3181857131421566
2.3154068142175674
2.2036011293530464
2.1301652267575264
1.205393671989441
2.2962311133742332
2.6904713213443756
1.9612760320305824
1.9085202813148499
2.031794484704733
1.6639731787145138
1.5426666885614395
2.2005350291728973
2.4340630918741226
2.3968501165509224
1.2049679569900036
1.1487751603126526
1.492034874856472
1.6068884618580341
1.9110031798481941
2.0905423164367676
1.7435723207890987
1.930138498544693
2.0415509566664696
1.3383258990943432
1.6587909124791622
3.0418366342782974
2.238422319293022
1.7082270681858063
2.2230521142482758
1.6770248860120773
1.9085621014237404
1.6991439796984196
1.8448486514389515
2.267518363893032
2.4139489382505417
1.888814240694046
1.6001236662268639
1.6861433647572994
2.258959971368313
1.9150439724326134
2.044853150844574
2.8813803866505623
1.39600383117795
0.9427977036684752
1.1035007126629353
1.5331486985087395
2.107367992401123
2.378614068031311
2.4372208043932915
1.6870418787002563
1.575626753270626
1.7935183867812157
1.8456870093941689
2.20243052393198
1.9820209443569183
2.834067650139332
1.5149394758045673
1.6774644292891026
1.2036741971969604
1.1470054611563683
1.4126025214791298
1.4478826709091663
1.8643910437822342
1.7293020710349083
1.2753061205148697
1.0029164254665375
1.1983799748122692
1.504535723477602
2.0797682777047157
1.2417621985077858
1.8050196953117847
1.6117028556764126
1.740293849259615
1.50235253572464
1.4854813627898693
1.3833115734159946
2.2673031389713287
2.009298615157604
1.557775542140007
1.663932017982006
2.7364050522446632
1.4701948016881943
2.480683460831642
1.1588630191981792
1.0718133933842182
1.8110072761774063
2.414026342332363
1.772646278142929
1.716891285032034
1.5790662690997124
1.920966275036335
1.2237011417746544
1.283847901970148
1.309908214956522
1.4847770743072033
1.845446154475212
1.597686130553484
1.432300191372633
1.8478870019316673
2.6728314980864525
2.8260605335235596
1.8476861119270325
1.6761374361813068
1.4597951658070087
2.3304723724722862
1.7126067653298378
2.1204053089022636
1.9118042439222336
1.5745454840362072
1.382120806723833
1.6177070587873459
1.431774690747261
1.9552658013999462
2.2427933588624
1.5887328870594501
2.2127748131752014
1.5662800893187523
1.9172781109809875
1.427979551255703
1.839653879404068
1.3362079560756683
1.367814939469099
2.4220783933997154
1.6530907191336155
1.650674995034933
2.083928734064102
2.041578486561775
1.6886780373752117
1.357236672192812
1.6487805768847466
1.5013545416295528
1.7255828641355038
1.4285834170877934
2.0522312819957733
1.9785863310098648
1.332739844918251
1.171881940215826
1.175927609205246
1.7115101292729378
1.4500626549124718
1.880610890686512
1.535962499678135
1.358610525727272
2.082012355327606
2.2464125603437424
1.79497279971838
1.462793193757534
1.9753747880458832
1.9209958016872406
1.7870648205280304
1.9899984151124954
1.61174026876688
1.1860182844102383
1.826391514390707
2.0229602232575417
1.170521292835474
1.8249986357986927
1.6802563779056072
1.2911042235791683
1.9770936369895935
1.7077721394598484
1.3913201205432415
1.8909873254597187
2.200610801577568
1.6957981660962105
1.8141371682286263
1.62230559065938
1.838908739387989
1.543449841439724
1.8758244588971138
1.3063428699970245
1.0450818575918674
1.230516478419304
1.4930590987205505
1.3618640266358852
1.239175733178854
1.284130658954382
1.4006769470870495
1.470384631305933
1.317232508212328
1.4918228946626186
1.5938235558569431
1.537892509251833
2.0521409288048744
1.7794833183288574
1.5803696997463703
2.1677119731903076
1.7336270809173584
1.8403436467051506
1.6816896982491016
1.6771715581417084
2.3742936179041862
1.7753932476043701
1.8807495385408401
1.68291874229908
1.5684999600052834
1.4847631752490997
2.167592689394951
1.6757337003946304
2.44583211094141
1.751353770494461
1.4911547899246216
1.3921389281749725
2.1775137037038803
1.9047138765454292
1.680123321712017
1.914003562182188
1.855362594127655
2.270585924386978
1.8364346735179424
1.7812386974692345
1.3925355449318886
1.4340003542602062
1.426764726638794
2.171448767185211
2.5320840179920197
1.586522925645113
1.7480040527880192
1.6951641999185085
1.4583879671990871
2.124918431043625
2.1752946227788925
1.3642899133265018
1.4875719137489796
1.3261541537940502
1.344088602811098
1.078637033700943
1.2518953569233418
2.086705408990383
1.7164711095392704
2.2852396368980408
2.4746580943465233
1.5840316824615002
1.8720654621720314
1.9291851818561554
2.7319826781749725
1.3051766343414783
1.3322316333651543
2.479666940867901
1.7937680780887604
1.965924896299839
1.5459659323096275
1.8308346644043922
1.0783855095505714
1.6135390363633633
1.9498106464743614
2.492880515754223
1.59046146646142
1.598675925284624
1.794610656797886
1.7730128094553947
1.3404858112335205
2.36444291472435
2.5918531641364098
1.324644036591053
1.5586682632565498
2.12524526566267
1.7431989423930645
1.935727171599865
1.672467827796936
1.1168468222022057
1.7154621705412865
1.6083223074674606
1.4512950778007507
2.239650622010231
1.3606866858899593
1.2213119491934776
1.8365183509886265
1.2482300698757172
1.3769232332706451
2.01440317183733
1.8416637629270554
2.296668514609337
1.2225326113402843
1.3016649186611176
1.3054093159735203
1.0671927072107792
0.9499538615345955
1.464958194643259
1.5843359641730785
1.8970867469906807
1.2832763530313969
2.05703217536211
1.1782682575285435
1.7541418485343456
1.7278317548334599
1.7569410093128681
1.5281479246914387
1.5233209282159805
1.1899678148329258
1.690970778465271
2.4536295980215073
2.0498190820217133
1.5935730412602425
2.3278119564056396
1.7547915019094944
1.536676075309515
2.116308405995369
1.3922693021595478
1.508847452700138
2.0678801462054253
2.3967749625444412
1.6882648654282093
1.728345911949873
1.8284447528421879
1.9313263073563576
1.830564558506012
1.9262752495706081
1.5671451687812805
1.5184044986963272
1.3052658289670944
1.2302639335393906
2.4745750948786736
2.9782993271946907
1.129316046833992
1.7011659890413284
1.6839463002979755
1.692012656480074
1.675125077366829
1.568491566926241
2.0240260288119316
1.6920800767838955
2.540752649307251
1.836245872080326
1.4731641188263893
1.323301825672388
1.8341659754514694
2.2502996250987053
1.3906267993152142
1.9703605026006699
1.3876172304153442
2.2113410010933876
2.397341415286064
1.8675301745533943
1.212020244449377
2.063224531710148
1.8978169187903404
1.3325404971837997
1.653366718441248
1.819923099130392
1.8913736194372177
1.4678315445780754
1.378928255289793
1.554561048746109
1.504367709159851
1.5105202496051788
1.5631037540733814
1.6720699556171894
1.811316929757595
0.8985081873834133
1.6340247131884098
1.6902791038155556
1.4134520888328552
1.7629346773028374
3.2468420192599297
1.7424725517630577
1.6354877650737762
1.5108765363693237
1.2138769403100014
1.1881642565131187
1.5734291262924671
1.4893398955464363
1.8280877731740475
1.364388708025217
1.482010368257761
1.0658655762672424
0.9659590572118759
1.9284774214029312
1.8636643588542938
1.639736708253622
1.9187784641981125
1.8975198045372963
1.482791144400835
1.5029265023767948
1.2520372681319714
2.125373959541321
2.2525067403912544
1.9446272403001785
1.995414949953556
1.9943861737847328
1.4873945489525795
2.0146636217832565
1.7191648483276367
1.8273120038211346
2.3416529521346092
1.7361634112894535
1.5071420781314373
1.8735732436180115
2.1522271931171417
0.9119629748165607
1.998902902007103
1.254442062228918
1.5557886883616447
1.6806664280593395
2.4489763230085373
2.6518638357520103
1.3280451707541943
1.7203179746866226
1.4732036031782627
2.649717278778553
1.9002685099840164
1.8613169714808464
1.8461431413888931
1.3229975178837776
1.3917673043906689
0.9813810624182224
1.5736555829644203
1.462832909077406
1.233183454722166
1.4405452013015747
1.489815853536129
1.2841841019690037
1.883127510547638
1.4724854454398155
1.5264966897666454
1.8859860375523567
1.95545494556427
1.9996687099337578
2.171318031847477
1.5063063241541386
1.0391044858843088
1.7782264053821564
1.2934158965945244
1.4348447695374489
2.186251737177372
1.7817138843238354
1.840280257165432
1.971248634159565
1.4355517961084843
1.7852186225354671
1.492451049387455
1.6495830304920673
2.35159220546484
1.7921148836612701
2.3955132588744164
2.5871350467205048
2.068869024515152
1.5099908076226711
2.047930084168911
2.324239932000637
1.7579017989337444
1.8521133959293365
2.258946418762207
1.2792209796607494
2.321689859032631
2.2053723260760307
1.8509728163480759
1.5781456790864468
1.6631014719605446
1.9412671402096748
2.1109903156757355
2.2984457090497017
1.8165815770626068
1.466598030179739
1.3939832374453545
1.7460183501243591
1.6442109756171703
1.852029699832201
1.8401504829525948
1.665348257869482
1.994317825883627
1.9146965891122818
1.9062687829136848
1.7714681923389435
1.4714673422276974
1.733769230544567
1.520581915974617
0.9323592782020569
1.4853581599891186
1.9604823291301727
2.7490771114826202
1.8141721785068512
2.2952171489596367
1.3366975411772728
0.9769493713974953
1.389284648001194
1.5184044316411018
2.049894444644451
1.8840403035283089
2.0242685228586197
1.8412148356437683
1.7608223035931587
1.1062414050102234
1.1494466811418533
1.8486078940331936
1.9011350199580193
1.5473334938287735
1.9735569767653942
1.5102262757718563
1.0614465773105621
2.244011104106903
2.7502827420830727
2.064591184258461
2.5426206961274147
1.8461052402853966
1.539091669023037
1.483806673437357
1.216851968318224
1.7270060628652573
1.9061719924211502
1.8650390543043613
1.6606385968625546
1.697413507848978
1.492991391569376
2.4671929255127907
1.776025902479887
1.4213475584983826
1.209689922630787
1.125815812498331
1.2293942533433437
2.1597928926348686
2.1557775735855103
1.5545171312987804
1.5516483932733536
1.762969996780157
2.044256314635277
1.709834050387144
0.9996178783476353
1.9549202620983124
1.9460987001657486
1.5606995597481728
2.143920138478279
1.7593845017254353
1.7548427917063236
1.4979305230081081
1.85719595849514
1.5300615206360817
1.9403849802911282
2.159374587237835
2.5626170858740807
1.4684505425393581
1.4016691744327545
1.6249160915613174
1.8175651654601097
0.8611076362431049
1.7227650210261345
1.5819158591330051
1.9477322548627853
1.3116540722548962
1.2975589372217655
1.949667528271675
1.9573459699749947
2.256578207015991
2.7336941957473755
1.5673482529819012
1.6136682331562042
1.6310635544359684
1.1491135358810425
1.3883818462491035
1.7611737325787544
1.8702385425567627
1.5495081506669521
1.2982563264667988
1.4795151837170124
2.025107078254223
2.4148124679923058
2.616707742214203
1.7583854906260967
1.3821492902934551
1.311840858310461
1.7201688885688782
1.2696469649672508
2.172385595738888
1.896988607943058
2.6138775795698166
2.3494433909654617
1.9958944246172905
1.6245097294449806
1.3441193290054798
1.7618456147611141
1.8196852877736092
1.2139018066227436
1.557846911251545
1.073896449059248
2.084720179438591
1.7602699846029282
1.9031762406229973
1.3257781080901623
1.5534947328269482
1.650613758713007
1.5302450582385063
1.3253689892590046
1.59825873747468
1.7606632262468338
1.3894636817276478
2.181489959359169
1.4959325306117535
1.7171644940972328
1.7779991924762726
2.2593561485409737
1.1383590921759605
1.5859662257134914
1.7464936822652817
2.3379695639014244
1.7206311337649822
1.208427358418703
1.8902440592646599
1.899891760200262
1.202639490365982
1.385343361645937
1.636883519589901
1.816959336400032
2.043021023273468
2.0484397783875465
1.8436388038098812
1.555079285055399
1.1847144030034542
1.752465434372425
2.381468705832958
1.5489638522267342
1.3227970264852047
1.5407182350754738
2.2920664250850677
1.5762755312025547
0.8912908546626568
1.7748671025037766
1.0679776556789875
1.6366077326238155
2.3650969192385674
1.6084317117929459
1.8687058985233307
2.5614151507616043
2.2561182528734207
1.4098277278244495
2.4970189034938812
2.4136293530464172
1.7195939756929874
1.708705049008131
1.5993343330919743
1.714451227337122
1.3944958560168743
0.970379039645195
1.7190336175262928
1.1729894503951073
1.6959620378911495
2.2905158698558807
2.6137101873755455
2.4493752792477608
1.6184926703572273
1.4841715916991234
1.7691946253180504
1.2619808688759804
1.671160563826561
1.9142391681671143
1.6402812413871288
1.6114693470299244
1.891111895442009
1.1769397780299187
1.7980001531541348
2.378881372511387
1.6520416885614395
1.5023704580962658
1.7474514655768871
1.5273713171482086
1.183997318148613
1.6293366774916649
1.4728808999061584
1.9052797704935074
1.9604480266571045
2.4008359163999557
2.415461242198944
2.3571830466389656
1.464357614517212
1.4068686962127686
1.8848524391651154
1.7116790749132633
1.9876336306333542
1.1763103306293488
1.7430352233350277
2.6194766387343407
2.185855597257614
1.5786608085036278
1.6762785241007805
1.8720336109399796
2.0733400359749794
1.731842964887619
1.2459343671798706
2.051250398159027
1.5849568583071232
1.3056801818311214
1.7827954962849617
1.866461530327797
1.5324763916432858
1.2089955285191536
1.879678912460804
1.6071863621473312
0.8393104877322912
1.8587156385183334
1.580811433494091
2.591026045382023
1.5362459905445576
1.1339693553745747
1.8826402425765991
1.8941919207572937
