1.6611382514238358
1.6897746436297894
1.5619398802518845
1.4995817989110947
1.4069695845246315
1.5526166409254074
1.5877503454685211
1.5194277130067348
1.4607102386653423
1.5973745845258236
1.4530350901186466
1.5382520407438278
1.382719986140728
1.5299884602427483
1.4957574978470802
1.5229415409266949
1.5192682407796383
1.4047436378896236
1.7467740811407566
1.5364690013229847
1.535059031099081
1.5423417165875435
1.5405627824366093
1.4622884504497051
1.5155944265425205
1.4460063427686691
1.3679804392158985
1.5316763259470463
1.3865373060107231
1.4952974319458008
1.3995555974543095
1.5045095011591911
1.4529011882841587
1.3777135275304317
1.542244080454111
1.6239439323544502
1.3453930728137493
1.445545770227909
1.30516292527318
1.6030020490288734
1.6940530724823475
1.4533283822238445
1.3718155100941658
1.3833404704928398
1.453115500509739
1.5655623562633991
1.4897703677415848
1.555056244134903
1.3689403608441353
1.4020776897668839
1.3500567078590393
1.484822567552328
1.408695787191391
1.3494363650679588
1.6203147247433662
1.4610459990799427
1.4880512952804565
1.5328257903456688
1.4368631280958652
1.4430091716349125
1.4707220867276192
1.4734384715557098
1.5566255301237106
1.5770181342959404
1.4347457848489285
1.4681237488985062
1.4496343471109867
1.4641465246677399
1.4097842313349247
1.5691779516637325
1.5521539151668549
1.5454403534531593
1.612683016806841
1.508100464940071
1.2618532553315163
1.5961985290050507
1.5010691657662392
1.4623608253896236
1.331080637872219
1.5395230650901794
1.395037479698658
1.5643615052103996
1.5540377385914326
1.3675186075270176
1.4943882673978806
1.4876009933650494
1.4691448956727982
1.3826638497412205
1.4882077686488628
1.6192612424492836
1.5320566967129707
1.3691718205809593
1.4207896515727043
1.5317636169493198
1.5242318585515022
1.522875975817442
1.5461781099438667
1.3564306013286114
1.4014397487044334
1.736495841294527
1.5348854586482048
1.439681626856327
1.4658295400440693
1.3561009243130684
1.608855351805687
1.3447465747594833
1.4958627186715603
1.526796542108059
1.3963563553988934
1.5451865196228027
1.3610984794795513
1.4453903920948505
1.4860022701323032
1.3739956244826317
1.5203602612018585
1.5308392494916916
1.6259277649223804
1.4903153777122498
1.517308697104454
1.3705823943018913
1.4934034049510956
1.3769209757447243
1.4585422612726688
1.4214890748262405
1.5043110735714436
1.4381519593298435
1.36436577886343
1.2775296866893768
1.4481130316853523
1.4975151121616364
1.4567901529371738
1.552648313343525
1.4428208954632282
1.593236867338419
1.599216215312481
1.4089162312448025
1.3137250505387783
1.5198213905096054
1.7098388150334358
1.5813569277524948
1.5593887977302074
1.532035205513239
1.4399119280278683
1.496407512575388
1.5788862854242325
1.3971666395664215
1.3044107295572758
1.4276939369738102
1.4421175681054592
1.4508396983146667
1.421022042632103
1.3989807777106762
1.511160746216774
1.490221306681633
1.497718844562769
1.4028971046209335
1.441192265599966
1.6258763894438744
1.439011037349701
1.5353271588683128
1.457671195268631
1.4109076038002968
1.4772577323019505
1.5149680897593498
1.4072028510272503
1.4849779196083546
1.445229947566986
1.3718031346797943
1.5141977444291115
1.3584094122052193
1.3741950877010822
1.5158893801271915
1.39781104773283
1.5179468058049679
1.4959550388157368
1.469858217984438
1.2505190670490265
1.465646456927061
1.34718581661582
1.3504752106964588
1.4644766710698605
1.4693141542375088
1.6522976867854595
1.4274087995290756
1.3865085318684578
1.5183038711547852
1.4393032863736153
1.231301374733448
1.227250050753355
1.4552219174802303
1.5394506193697453
1.47926664352417
1.4554576054215431
1.4259914197027683
1.5665315836668015
1.4498784989118576
1.4977846890687943
1.4019728042185307
1.495823547244072
1.4311170615255833
1.6212836615741253
1.4487549103796482
1.4624322094023228
1.6032244861125946
1.6091038547456264
1.4597559198737144
1.3926235474646091
1.4886455796658993
1.4293231032788754
1.5418163537979126
1.5815455205738544
1.4252000413835049
1.394069965928793
1.405315738171339
1.6417720802128315
1.6043193005025387
1.4368926845490932
1.4107399322092533
1.334624044597149
1.2697687037289143
1.4914689660072327
1.314874142408371
1.4651967883110046
1.4632161110639572
1.3921328075230122
1.5427558310329914
1.356417816132307
1.5267318710684776
1.6083104982972145
1.3578323349356651
1.609041128307581
1.2936327196657658
1.5377533584833145
1.4728439152240753
1.5329819433391094
1.6731015667319298
1.5199243128299713
1.5651345662772655
1.2931088656187057
1.4795837700366974
1.441356036812067
1.4792626351118088
1.3417788781225681
1.4081865698099136
1.3250949569046497
1.455459289252758
1.394592460244894
1.54529644921422
1.4110684357583523
1.548755805939436
1.4503150917589664
1.342257633805275
1.4434381686151028
1.4427804537117481
1.4789904654026031
1.4605328179895878
1.292667269706726
1.491144586354494
1.3671512752771378
1.4811145924031734
1.4276220127940178
1.3768277205526829
1.493500430136919
1.342351295053959
1.3828239254653454
1.5042098946869373
1.541545882821083
1.5394073389470577
1.360885128378868
1.6014131307601929
1.5236869156360626
1.4840127639472485
1.5575911663472652
1.4611066579818726
1.4427395947277546
1.673010341823101
1.2435928545892239
1.4688533209264278
1.46472555026412
1.5337489433586597
1.3841486871242523
1.4514503106474876
1.5366335473954678
1.4595681577920914
1.5397955439984798
1.3991107493638992
1.3879736848175526
1.4438226856291294
1.3885870724916458
1.492839701473713
1.4395517706871033
1.5743046812713146
1.4088826104998589
1.4414071440696716
1.4487738385796547
1.4762905985116959
1.5174111612141132
1.6553984209895134
1.445249892771244
1.5145947225391865
1.476473618298769
1.5377208814024925
1.5861153230071068
1.3889607079327106
1.4061925485730171
1.4001023508608341
1.3496662117540836
1.3695216551423073
1.3252004608511925
1.4129622839391232
1.5136633291840553
1.430284295231104
1.3712659291923046
1.5284521020948887
1.4034116081893444
1.389798242598772
1.6115157902240753
1.5963078141212463
1.3531526625156403
1.2573230415582657
1.526215549558401
1.6294842436909676
1.373626969754696
1.4775090031325817
1.3971619121730328
1.2959400936961174
1.4323463588953018
1.4237959124147892
1.295203898102045
1.2831483855843544
1.522121373564005
1.2712998650968075
1.5414867512881756
1.3323961719870567
1.5375389903783798
1.3202901296317577
1.6673733033239841
1.4217389933764935
1.3725740015506744
1.4582578092813492
1.1886414214968681
1.5456032268702984
1.4198074266314507
1.3294884078204632
1.3647225014865398
1.2024149186909199
1.5586189702153206
1.5351580008864403
1.399297572672367
1.3223001100122929
1.3208681493997574
1.481753420084715
1.5629676096141338
1.3759325742721558
1.353718288242817
1.3017432764172554
1.6625150293111801
1.5451965257525444
1.408755999058485
1.5703987516462803
1.4190103709697723
1.4774592593312263
1.5220698975026608
1.4835351295769215
1.4389586709439754
1.42982579767704
1.5933026224374771
1.3389601036906242
1.6076272688806057
1.3912448696792126
1.47240823879838
1.5331774204969406
1.3135244883596897
1.5540564469993114
1.3820971734821796
1.4150437414646149
1.4300344325602055
1.4838381744921207
1.376145713031292
1.4957546889781952
1.4768938049674034
1.407095529139042
1.5651827193796635
1.35593693703413
1.455971322953701
1.6157285794615746
1.504777204245329
1.3829294368624687
1.403252612799406
1.3724097609519958
1.4168046191334724
1.2993141375482082
1.4478620253503323
1.479799099266529
1.388726346194744
1.5092723704874516
1.5179446004331112
1.3867263048887253
1.460983034223318
1.4033980891108513
1.5461264364421368
1.4427803047001362
1.4291240647435188
1.3491688035428524
1.352666761726141
1.3526884280145168
1.4065966494381428
1.6288908794522285
1.3493187837302685
1.3786686174571514
1.306485090404749
1.4141588732600212
1.591485220938921
1.3237167932093143
1.4022837579250336
1.5331739485263824
1.3670496828854084
1.4109791181981564
1.3701445423066616
1.4646036699414253
1.4471062123775482
1.6851091459393501
1.3299733325839043
1.3045273795723915
1.4893738739192486
1.3790151923894882
1.4577165581285954
1.3192662671208382
1.5138498544692993
1.3391651287674904
1.4055135659873486
1.5740056447684765
1.6323111355304718
1.3762349039316177
1.382924810051918
1.3690266869962215
1.5521914921700954
1.4121895544230938
1.4240638874471188
1.3371233567595482
1.4903195835649967
1.5314798094332218
1.501306802034378
1.3505064472556114
1.4443773031234741
1.4570895582437515
1.332582388073206
1.4493864737451077
1.411399431526661
1.369682665914297
1.4375104159116745
1.3937101103365421
1.4237345345318317
1.4648784771561623
1.489440694451332
1.3452259488403797
1.3991033360362053
1.4611937031149864
1.5115621723234653
1.4149986431002617
1.4695287831127644
1.4346980415284634
1.5622958578169346
1.4758248664438725
1.380981907248497
1.4358766563236713
1.3945600390434265
1.4196834154427052
1.264403760433197
1.4465863145887852
1.3478021137416363
1.3802018500864506
1.3133116848766804
1.444500643759966
1.3510025329887867
1.48234099522233
1.462317232042551
1.3506737425923347
1.4629925452172756
1.3966729156672955
1.6857393868267536
1.4614160917699337
1.4135052934288979
1.420862928032875
1.3939739130437374
1.3751297444105148
1.4263647235929966
1.4272926412522793
1.4096161089837551
1.4137091860175133
1.449150238186121
1.523147538304329
1.5116696767508984
1.4515569470822811
1.3951854445040226
1.4614600911736488
1.4323421008884907
1.485666275024414
1.2814040146768093
1.3610745966434479
1.3332809321582317
1.3842710554599762
1.5971157923340797
1.4161178730428219
1.5459853522479534
1.4688921459019184
1.3779655992984772
1.3630443252623081
1.2157763577997684
1.531183186918497
1.4826869890093803
1.247393175959587
1.5371637642383575
1.491831835359335
1.392496518790722
1.4394805952906609
1.512633703649044
1.4198062419891357
1.4835761487483978
1.4396702125668526
1.5068723149597645
1.4914762079715729
1.4655915722250938
1.4686289466917515
1.3588556833565235
1.5597287081182003
1.5357681885361671
1.4366603307425976
1.4978234805166721
1.557592935860157
1.3303605020046234
1.4491566196084023
1.4415959790349007
1.4872860498726368
1.46072506159544
1.5652757957577705
1.440936777740717
1.4510281831026077
1.5322849862277508
1.5399321913719177
1.4162747524678707
1.3420298919081688
1.4627349153161049
1.3356110975146294
1.4449767656624317
1.5036336109042168
1.6154253594577312
1.391079854220152
1.5636237524449825
1.4099796116352081
1.5091690868139267
1.4359149150550365
1.6584849655628204
1.4789370186626911
1.5526168830692768
1.490724567323923
1.4626100771129131
1.2801226936280727
1.3624194003641605
1.4974607974290848
1.4804172404110432
1.514185793697834
1.3519992306828499
1.501688115298748
1.5172983892261982
1.5034790709614754
1.5502471774816513
1.4799085408449173
1.490715455263853
1.3363542519509792
1.3898662328720093
1.2981077283620834
1.3000814765691757
1.559285819530487
1.5009648129343987
1.4760398901998997
1.461746521294117
1.375028446316719
1.4792116917669773
1.3959966227412224
1.431477166712284
1.413790162652731
1.3434264063835144
1.3206199668347836
1.3291173502802849
1.3755173236131668
1.1774631179869175
1.591915961354971
1.358917012810707
1.5077230483293533
1.3469424471259117
1.4318919852375984
1.5395008437335491
1.5089831985533237
1.4153161495923996
1.4850237257778645
1.2748574167490005
1.5349707789719105
1.425414402037859
1.5216787941753864
1.3458132483065128
1.3349672257900238
1.4742945618927479
1.3804743140935898
1.4079029820859432
1.3716094121336937
1.3277795352041721
1.4366001784801483
1.6561285369098186
1.4447503201663494
1.479409758001566
1.5580752976238728
1.3943196013569832
1.4383335560560226
1.4662752784788609
1.3781041353940964
1.4594133533537388
1.503441896289587
1.3340723440051079
1.4339949823915958
1.3385423868894577
1.2862702086567879
1.3648181855678558
1.3766874894499779
1.319848507642746
1.442781314253807
1.3800332993268967
1.4393367506563663
1.4087788760662079
1.4569112844765186
1.5649296939373016
1.47398516908288
1.4923366755247116
1.4530912451446056
1.492071844637394
1.4217672124505043
1.6316763758659363
1.5030582509934902
1.4404845461249352
1.5108801499009132
1.5663189142942429
1.426196150481701
1.387100700289011
1.4085814245045185
1.4097515158355236
1.5696315541863441
1.3589826822280884
1.4964232221245766
1.4667701683938503
1.364785622805357
1.4762620031833649
1.4111785776913166
1.5370574928820133
1.2528919279575348
1.3947305865585804
1.366696897894144
1.364821184426546
1.3252264969050884
1.2455861829221249
1.3773916773498058
1.2894856333732605
1.2807998582720757
1.400741197168827
1.4983856156468391
1.4934968166053295
1.3815682008862495
1.4741244800388813
1.4938877560198307
1.2039766684174538
1.4107603207230568
1.6377974227070808
1.4881840609014034
1.4089970663189888
1.4456558898091316
1.4489134959876537
1.46608692035079
1.5038929358124733
1.3114964552223682
1.447271402925253
1.389059379696846
1.4012715555727482
1.518423292785883
1.3356517367064953
1.3197504878044128
1.447710707783699
1.360821459442377
1.3157721012830734
1.4332132935523987
1.6199378967285156
1.4646848626434803
1.4375638104975224
1.361570805311203
1.55299361795187
1.531850676983595
1.4163662977516651
1.2675808258354664
1.4327461682260036
1.4593309238553047
1.221369668841362
1.1846356466412544
1.45744588971138
1.3588666021823883
1.3429276756942272
1.409606609493494
1.5590933784842491
1.373023472726345
1.3618452735245228
1.3772528171539307
1.6398044861853123
1.3680379502475262
1.4777751937508583
1.5219721421599388
1.377081487327814
1.405283361673355
1.4621606394648552
1.339510791003704
1.3371243849396706
1.347381081432104
1.4952541552484035
1.4748465977609158
1.3685966096818447
1.3059462495148182
1.493314702063799
1.3696141317486763
1.645095206797123
1.4953748732805252
1.4960028231143951
1.4273822233080864
1.4548073783516884
1.4402093924582005
1.557643473148346
1.5447140373289585
1.663160677999258
1.336371548473835
1.2912885285913944
1.5429669581353664
1.459462009370327
1.3442444428801537
1.2573858387768269
1.3392642959952354
1.5727242268621922
1.567388117313385
1.3986553885042667
1.5022472999989986
1.4715941734611988
1.4272045530378819
1.4142907410860062
1.5317171923816204
1.3113410100340843
1.5139534324407578
1.392637725919485
1.379989493638277
1.402787871658802
1.453470379114151
1.296981431543827
1.4810955971479416
1.4858726039528847
1.6016912460327148
1.5631066150963306
1.5515284650027752
1.423225563019514
1.4904758483171463
1.3246888257563114
1.4041417576372623
1.4226143397390842
1.4002553820610046
1.4891999810934067
1.2426841333508492
1.5480701327323914
1.3961963579058647
1.3745735250413418
1.3690095283091068
1.4720312729477882
1.3420845791697502
1.3503023497760296
1.5081026144325733
1.416425958275795
1.483974676579237
1.4419470727443695
1.4232359938323498
1.2775453589856625
1.2124041393399239
1.459502674639225
1.5637650527060032
1.4552282877266407
1.489872194826603
1.3726844564080238
1.3213302865624428
1.4449456706643105
1.397193394601345
1.3607761971652508
1.3717366382479668
1.486672304570675
1.3646531365811825
1.443341240286827
1.4956189282238483
1.4529832750558853
1.3427633047103882
1.3864994682371616
1.4260320290923119
1.3231757022440434
1.4100430086255074
1.3361410647630692
1.4878672249615192
1.4286228381097317
1.3701700493693352
1.3126814030110836
1.6021392866969109
1.3831350095570087
1.4243891350924969
1.426188137382269
1.4948850609362125
1.3220618516206741
1.4461518079042435
1.3606273792684078
1.5581769570708275
1.4939876049757004
1.3688014820218086
1.3903823718428612
1.2935696169734001
1.4135044142603874
1.4574697241187096
1.2892249338328838
1.328064065426588
1.3456494621932507
1.5442591458559036
1.6777954660356045
1.3324636593461037
1.2486906982958317
1.4535764753818512
1.4771888740360737
1.2901386357843876
1.335593730211258
1.540201123803854
1.3955233916640282
1.542902398854494
1.298536241054535
1.3929469101130962
1.4479695744812489
1.3554076366126537
1.4269276820123196
1.3536649234592915
1.4270939342677593
1.322182085365057
1.3599081970751286
1.3123860210180283
1.4217409119009972
1.3636052906513214
1.2766932845115662
1.3304543122649193
1.50849599391222
1.3763902559876442
1.44572763890028
1.2987909093499184
1.2966295629739761
1.2921762093901634
1.280961599200964
1.3961624950170517
1.3979981243610382
1.453796312212944
1.4270337484776974
1.5109751746058464
1.250035472214222
1.3356897309422493
1.374979566782713
1.4619105495512486
1.4126759208738804
1.2620404660701752
1.4507396928966045
1.3851811774075031
1.3208108022809029
1.3477821052074432
1.4376422725617886
1.6250738985836506
1.2964661419391632
1.4145681448280811
1.2138904705643654
1.4175843857228756
1.375184915959835
1.4823074117302895
1.3766901344060898
1.487657856196165
1.3439257964491844
1.2797162793576717
1.443539671599865
1.466408260166645
1.4255907386541367
1.4495793133974075
1.6078259088099003
1.4926507472991943
1.3444747291505337
1.158684253692627
1.3896859660744667
1.2656809277832508
1.458793979138136
1.487900834530592
1.3401464223861694
1.4567416124045849
1.6544800288975239
1.3166740126907825
1.4002567753195763
1.3430824056267738
1.3550541549921036
1.5594273954629898
1.471615795046091
1.5939343497157097
1.4285167641937733
1.4583894461393356
1.3451376929879189
1.3260172009468079
1.3699187226593494
1.343394584953785
1.3944833762943745
1.4426999017596245
1.4233506731688976
1.389376562088728
1.4993139952421188
1.4597306847572327
1.5184873305261135
1.275864738970995
1.4606498330831528
1.5693469382822514
1.2497175447642803
1.4351680353283882
1.526198759675026
1.4280598424375057
1.5247535146772861
1.4072462916374207
1.480291236191988
1.4329358823597431
1.542057704180479
1.3214489929378033
1.5121804736554623
1.460328746587038
1.4581796564161777
1.5288852415978909
1.3974509835243225
1.4175695180892944
1.4382659904658794
1.516011655330658
1.4547451995313168
1.3788116201758385
1.4525295309722424
1.4147017113864422
1.3324080407619476
1.5533126704394817
1.46159453317523
1.4405854120850563
1.4432181753218174
1.5672838240861893
1.503518220037222
1.3279028236865997
1.4672502726316452
1.3319685831665993
1.352724812924862
1.4591997899115086
1.4075578078627586
1.440046600997448
1.4202561527490616
1.376236118376255
1.5184017606079578
1.471413742750883
1.4531061574816704
1.6088813617825508
1.3832996785640717
1.4901677891612053
1.3267070278525352
1.4887355342507362
1.3857778310775757
1.4220316745340824
1.5723302587866783
1.2309555523097515
1.3941518850624561
1.4388708136975765
1.3657029829919338
1.429835505783558
1.4386473931372166
1.2916595004498959
1.3902836181223392
1.3746277838945389
1.48598026111722
1.4024354219436646
1.5005928874015808
1.4731563962996006
1.3542046397924423
1.4350324757397175
1.5106419548392296
1.5891920514404774
1.2592222578823566
1.5010858997702599
1.5173620767891407
1.436633687466383
1.4565287083387375
1.431307341903448
1.4310047887265682
1.3893492817878723
1.371181197464466
1.6530460342764854
1.5472624450922012
1.4573012366890907
1.4640413857996464
1.383899174630642
1.3442409299314022
1.619860429316759
1.4896358214318752
1.4614335745573044
1.4373693764209747
1.17207957431674
1.5851047784090042
1.4836901314556599
1.486827939748764
1.4104031473398209
1.4550919830799103
1.3313077725470066
1.438765611499548
1.5276467464864254
1.3620007000863552
1.2475266866385937
1.4083190485835075
1.4159281142055988
1.3897016011178493
1.3812598586082458
1.395948514342308
1.3243454210460186
1.4463505186140537
1.477842167019844
1.4703495167195797
1.4665425792336464
1.4985641241073608
1.4758643433451653
1.5174078717827797
1.529811017215252
1.405643779784441
1.3799656182527542
1.5126349329948425
1.3597631007432938
1.4810024797916412
1.5261367186903954
1.4070313721895218
1.5257199369370937
1.5046345889568329
1.5801068469882011
1.2887049056589603
1.4408368654549122
1.4111502654850483
1.3392839916050434
1.3946664966642857
1.3623629286885262
1.2604161016643047
1.434670027345419
1.5075803436338902
1.4011762961745262
1.4831027761101723
1.4340975917875767
1.4493191130459309
1.2911554537713528
1.428059235215187
1.3467131964862347
1.355211865156889
1.4883926324546337
1.2653314396739006
1.3766188584268093
1.2914077304303646
1.3011937104165554
1.3288698643445969
1.2557285875082016
1.3488494493067265
1.4209540262818336
1.373318463563919
1.479990165680647
1.3744151815772057
1.5139526017010212
1.5244501829147339
1.5095869563519955
1.5273707285523415
1.3834063448011875
1.3276337459683418
1.494602520018816
1.2726032063364983
1.3794934526085854
1.5194222442805767
1.5867649912834167
1.4180350452661514
1.326362982392311
1.5196114741265774
1.4216533191502094
1.3783066235482693
1.5305418781936169
1.37677788361907
1.4631007947027683
1.41265232488513
1.4150404073297977
1.5001599974930286
1.3332246355712414
1.3882725834846497
1.5342582389712334
1.3621901869773865
1.394250638782978
1.4277087673544884
1.651756752282381
1.3974710777401924
1.5212311781942844
1.3456852659583092
1.507567759603262
1.3136581033468246
1.559609241783619
1.3119787238538265
1.2035040371119976
1.4912285469472408
1.2878639958798885
1.3668368682265282
1.6739099472761154
1.5000756159424782
1.4867262989282608
1.45390385389328
1.4936437234282494
1.478164128959179
1.4440012834966183
1.4074277691543102
1.3911460600793362
1.5070120207965374
1.5183279439806938
1.3003494143486023
1.5169376954436302
1.379806686192751
1.4936858750879765
1.3934729285538197
1.4225519970059395
1.4611610881984234
1.4386457428336143
1.537078071385622
1.4949348978698254
1.4503531865775585
1.4138457961380482
1.3207001499831676
1.3005584329366684
1.5741317942738533
1.5277050137519836
1.4719784185290337
1.45194011926651
1.405660580843687
1.497965645045042
1.3098882026970387
1.5108425505459309
1.4964746125042439
1.414847869426012
1.4809465669095516
1.4238021112978458
1.4070560969412327
1.4731675051152706
1.4263519048690796
1.2985073253512383
1.3375607132911682
1.2587922178208828
1.2748801074922085
1.271987672895193
1.363442212343216
1.484215136617422
1.4471772387623787
1.469437338411808
1.3229958787560463
1.3854843750596046
1.4103696420788765
1.3335228338837624
1.4222435355186462
1.2944860607385635
1.5333332791924477
1.3991601392626762
1.5063074566423893
1.4396486468613148
1.6314066238701344
1.461649514734745
1.4637082889676094
1.2796696908771992
1.5091038569808006
1.2522710859775543
1.4277399331331253
1.3604323714971542
1.3183331042528152
1.3651929795742035
1.2734178751707077
1.5006495416164398
1.3458866998553276
1.4556566029787064
1.2168162278831005
1.4241193272173405
1.2860312350094318
1.4563957564532757
1.3949827998876572
1.2543125860393047
1.4135815352201462
1.3671965710818768
1.5293687097728252
1.5447946637868881
1.2643087394535542
1.3830988109111786
1.389194067567587
1.3195801675319672
1.3717546612024307
1.2998249679803848
1.3851559199392796
1.3102658614516258
1.3715395294129848
1.4945529736578465
1.3393511436879635
1.4900385290384293
1.3935753405094147
1.5538822747766972
1.4514657966792583
1.3812009394168854
1.32880237698555
1.4572436138987541
1.3357550241053104
1.4687209837138653
1.384430192410946
1.349758256226778
1.3562103807926178
1.4915324077010155
1.5617053657770157
1.3289613500237465
1.3989347368478775
1.4218500144779682
1.4445605613291264
1.3790951780974865
1.4637702703475952
1.3854755461215973
1.4356845691800117
1.6177637949585915
1.3288120292127132
1.3659024499356747
1.256269745528698
1.3660560809075832
1.3211241587996483
1.2619692534208298
1.405268244445324
1.2781596295535564
1.3845867589116096
1.5009193755686283
1.3305589705705643
1.4920504838228226
1.4717214368283749
1.319222878664732
1.4724883288145065
1.3246652893722057
1.4233237840235233
1.7244249321520329
1.405099656432867
1.5249369703233242
1.3779644705355167
1.2527572698891163
1.558736152946949
1.4318532049655914
1.5418469570577145
1.364982284605503
1.4587809182703495
1.4555798918008804
1.336420875042677
1.4621218405663967
1.6843779608607292
1.3399098478257656
1.3556313328444958
1.3992786668241024
1.4530052356421947
1.1655368022620678
1.4957711286842823
1.3645735904574394
1.5081701464951038
1.4531024619936943
1.3991953022778034
1.4985236786305904
1.3341404311358929
1.3939489349722862
1.2373607233166695
1.3989279866218567
1.3254832550883293
1.4168603979051113
1.4947055466473103
1.4095398522913456
1.4035478793084621
1.5091986134648323
1.3880246616899967
1.3340241387486458
1.4873747639358044
1.1823066025972366
1.249791007488966
1.4544114731252193
1.4437372237443924
1.4584687873721123
1.3014671169221401
1.4764161258935928
1.5273856595158577
1.6078622341156006
1.5112213306128979
1.4911529161036015
1.4356535971164703
1.2445876859128475
1.3467514403164387
1.38683345541358
1.5308677293360233
1.3027331605553627
1.451883714646101
1.3804989084601402
1.308280635625124
1.4669067114591599
1.5248451307415962
1.448543757200241
1.3377780616283417
1.487786065787077
1.2898755744099617
1.42522781342268
1.2798195853829384
1.4386491850018501
1.4962222538888454
1.4287142045795918
1.38955732062459
1.3871274143457413
1.489867091178894
1.3890142478048801
1.3346040956676006
1.349373396486044
1.3915979638695717
1.2749380432069302
1.3835310377180576
1.5158317126333714
1.394757717847824
1.382984183728695
1.416694786399603
1.3946674540638924
1.332228172570467
1.2981810383498669
1.3189155422151089
1.401978176087141
1.2479435577988625
1.4873385429382324
1.4747026301920414
1.4256763458251953
1.2335686534643173
1.1672199331223965
1.3965965583920479
1.2770181745290756
1.379190742969513
1.3033448345959187
1.544989638030529
1.4282345362007618
1.4335696324706078
1.376783113926649
1.3245317935943604
1.3882263712584972
1.5466132052242756
1.3094476610422134
1.516180794686079
1.3187879770994186
1.3461023084819317
1.4169007800519466
1.4704750031232834
1.3393689207732677
1.3586945459246635
1.4034726470708847
1.5680863074958324
1.3420834355056286
1.3030166067183018
1.3544025756418705
1.4893868081271648
1.3744359910488129
1.3925783559679985
1.5157530568540096
1.316091176122427
1.4092295244336128
1.3679443560540676
1.3306178860366344
1.4635244309902191
1.4064331091940403
1.356806956231594
1.4446734488010406
1.261709339916706
1.4570926688611507
1.248639240860939
1.3562636151909828
1.3894539289176464
1.370854739099741
1.3194989301264286
1.572361208498478
1.2506628073751926
1.3208344019949436
1.3714344054460526
1.3523241318762302
1.3108204863965511
1.4201758541166782
1.4189102500677109
1.3452983163297176
1.4448737017810345
1.4615563787519932
1.4192509315907955
1.3903082571923733
1.3944921009242535
1.5210789553821087
1.511019229888916
1.318610679358244
1.3826711364090443
1.3331174589693546
1.503971092402935
1.2354936301708221
1.4619350358843803
1.353063691407442
1.5439605861902237
1.351921882480383
1.4312809817492962
1.2655493021011353
1.3508782386779785
1.4477031715214252
1.3345209285616875
1.5346324853599072
1.3961527831852436
1.4174018017947674
1.435940083116293
1.3912621811032295
1.3917798027396202
1.3478435203433037
1.6157708168029785
1.27903600782156
1.501485425978899
1.3298164829611778
1.363758645951748
1.5257239639759064
1.5121442303061485
1.4263041354715824
1.3979407139122486
1.4648998528718948
1.4237712062895298
1.558704450726509
1.5609494745731354
1.3852216564118862
1.4336418472230434
1.33966726064682
1.5129686444997787
1.468592882156372
1.3547067157924175
1.3607332035899162
1.4980660676956177
1.3860000036656857
1.5882189497351646
1.389617633074522
1.4048616997897625
1.5738607048988342
1.561097253113985
1.2841108962893486
1.5842702686786652
1.2239123173058033
1.4760076589882374
1.4680606871843338
1.2481045350432396
1.7039537392556667
1.552016869187355
1.3861982636153698
1.2519618161022663
1.4830394089221954
1.4084968753159046
1.3425028920173645
1.3896157145500183
1.3462221659719944
1.4939451329410076
1.5059370435774326
1.4586880877614021
1.3599151000380516
1.490616712719202
1.4367146864533424
1.356686059385538
1.3916644304990768
1.2995389513671398
1.4408821314573288
1.3980410769581795
1.3394218757748604
1.403196595609188
1.4185230322182178
1.3720064759254456
1.5026214234530926
1.303216215223074
1.247204352170229
1.3807722926139832
1.4031749926507473
1.5124338082969189
1.310251273214817
1.4368651695549488
1.4199206605553627
1.4229627847671509
1.4395362958312035
1.5939376503229141
1.4668973349034786
1.345165479928255
1.5723910927772522
1.3724629506468773
1.3391498439013958
1.5168756917119026
1.3547444306313992
1.3897085189819336
1.3938880898058414
1.351757813245058
1.2697175852954388
1.5417550280690193
1.419920925050974
1.3483550734817982
1.3643444925546646
1.3898597098886967
1.4034355357289314
1.3906663730740547
1.4380593672394753
1.4017892256379128
1.5385952517390251
1.49835716933012
1.2955802455544472
1.4873871393501759
1.4264778196811676
1.2938737012445927
1.2493242770433426
1.3121317215263844
1.5116781443357468
1.3317198902368546
1.5023339726030827
1.3876896612346172
1.3859401158988476
1.2672929652035236
1.3506423607468605
1.546082392334938
1.3357459120452404
1.3829692751169205
1.4040907956659794
1.3988690450787544
1.410944852977991
1.447872567921877
1.617842748761177
1.2434949204325676
1.3823222294449806
1.3341879285871983
1.35903812199831
1.4196563139557838
1.3101730979979038
1.4658160284161568
1.408474713563919
1.4623398073017597
1.3279115967452526
1.417140569537878
1.3555163703858852
1.2883960753679276
1.4538345001637936
1.4744210243225098
1.4438245594501495
1.4386237785220146
1.4135159887373447
1.2826472222805023
1.2866137959063053
1.3012536466121674
1.2989758215844631
1.4797957241535187
1.3949609249830246
1.2859763577580452
1.4203439205884933
1.4276986420154572
1.3528380766510963
1.463545884937048
1.4396769516170025
1.2795137912034988
1.4973043240606785
1.322062872350216
1.3710752725601196
1.4505529068410397
1.5941864028573036
1.639005832374096
1.369895439594984
1.4397980608046055
1.452155228704214
1.4460836090147495
1.3191003575921059
1.4503268525004387
1.3206103816628456
1.4404986053705215
1.4647827334702015
1.3015704900026321
1.2988621070981026
1.3689351417124271
1.434019386768341
1.4673797972500324
1.398364532738924
1.394210647791624
1.496798150241375
1.5003104172647
1.477648738771677
1.3720038011670113
1.4306877367198467
1.2276328392326832
1.41331185400486
1.5782284326851368
1.4172416739165783
1.3221666626632214
1.64606873691082
1.3018467985093594
1.309845708310604
1.4631615318357944
1.4214892871677876
1.317050214856863
1.2593016810715199
1.4496530927717686
1.373412273824215
1.6237262040376663
1.309721950441599
1.3771053738892078
1.5466496013104916
1.3433704413473606
1.3721401989459991
1.5310990512371063
1.5746085941791534
1.4046208783984184
1.3388354927301407
1.461227685213089
1.3181238025426865
1.3652549721300602
1.4401835948228836
1.3482975624501705
1.4397646263241768
1.4340996854007244
1.3617789708077908
1.4409220330417156
1.2948874793946743
1.2928972765803337
1.4395902790129185
1.161437600851059
1.4451097249984741
1.4767829477787018
1.3739954195916653
1.364437274634838
1.4328899383544922
1.2533483430743217
1.3988189436495304
1.5088469311594963
1.3923139534890652
1.3168876245617867
1.6452228426933289
1.3278983905911446
1.4183917567133904
1.3889483734965324
1.429054718464613
1.2893249057233334
1.5615349933505058
1.4234928004443645
1.2730436138808727
1.3479622900485992
1.3672618083655834
1.3348703645169735
1.58786229044199
1.4736422039568424
1.2774869203567505
1.4071656093001366
1.3963360153138638
1.2491077743470669
1.2178860753774643
1.4273696467280388
1.4985464587807655
1.4700266495347023
1.3704409822821617
1.3330464772880077
1.5845752507448196
1.4597545452415943
1.3986692316830158
1.3872446790337563
1.4790429696440697
1.4081701375544071
1.423050805926323
1.3531673327088356
1.3727518022060394
1.2569021880626678
1.269933097064495
1.3681784346699715
1.5184179693460464
1.333881676197052
1.4097884073853493
1.4890647120773792
1.1977421902120113
1.2206760495901108
1.3324239291250706
1.1849341876804829
1.4789152592420578
1.3496953248977661
1.2715411745011806
1.2925049252808094
1.4213371649384499
1.4935442209243774
1.43425914645195
1.424144309014082
1.4764475785195827
1.3548907041549683
1.592134092003107
1.2377089597284794
1.3991681635379791
1.597724560648203
1.4808453023433685
1.3101736828684807
1.3892207965254784
1.3213146477937698
1.4617988243699074
1.4399870038032532
1.396144699305296
1.235394112765789
1.3636699877679348
1.380368024110794
1.3874028772115707
1.2813405767083168
1.302106101065874
1.5064366720616817
1.4942575432360172
1.2892019040882587
1.3122776001691818
1.3454742729663849
1.4612326361238956
1.5599148124456406
1.459245976060629
1.4193888939917088
1.4263743422925472
1.3093259520828724
1.4603229239583015
1.355540294200182
1.4037893526256084
1.3195263370871544
1.3660217076539993
1.4795276671648026
1.451685730367899
1.4199991635978222
1.5109525099396706
1.390539076179266
1.3182835839688778
1.4512536078691483
1.3229777477681637
1.4445189945399761
1.500180795788765
1.4505537897348404
1.3455760180950165
1.3765121959149837
1.4529766254127026
1.62629971280694
1.4704063273966312
1.3766350075602531
1.3432929441332817
1.2800584509968758
1.3861073218286037
1.4617405608296394
1.4493654929101467
1.562912255525589
1.4981961697340012
1.5020981058478355
1.4649731367826462
1.299425721168518
1.5723443776369095
1.3585207276046276
1.3817791007459164
1.335024930536747
1.1608295403420925
1.426800925284624
1.5414996929466724
1.461520705372095
1.4258111715316772
1.213911734521389
1.2654938660562038
1.2794069685041904
1.3508876226842403
1.2820059545338154
1.3872232362627983
1.3677708730101585
1.4160317815840244
1.477066483348608
1.3942519538104534
1.221670027822256
1.4373969845473766
1.5563192665576935
1.3928028270602226
1.4201093576848507
1.2960162349045277
1.481762059032917
1.4658999666571617
1.3621950410306454
1.3411219790577888
1.3590590171515942
1.2453508414328098
1.2712500542402267
1.420451808720827
1.558501124382019
1.2595410905778408
1.3889249302446842
1.3262456506490707
1.4123839661478996
1.4311536960303783
1.4883346632122993
1.3239843510091305
1.5252687521278858
1.3166274428367615
1.2957191690802574
1.2759195938706398
1.3822041638195515
1.4472013600170612
1.397942516952753
1.273416243493557
1.2695524878799915
1.4692458547651768
1.4435871541500092
1.2764819897711277
1.5757785327732563
1.2762949205935001
1.326570749282837
1.4323786050081253
1.281122274696827
1.2538855001330376
1.3718068487942219
1.4918970167636871
1.4049597270786762
1.4926893971860409
1.3124855943024158
1.3617087975144386
1.3881352059543133
1.468291662633419
1.4603882879018784
1.4204411432147026
1.4329194650053978
1.4320750571787357
1.2724432535469532
1.280830703675747
1.5656011179089546
1.3591616302728653
1.3630124852061272
1.4983293749392033
1.1266977563500404
1.3878662958741188
1.3503509052097797
1.441282019019127
1.5781133323907852
1.3607989326119423
1.5808421447873116
1.4381057731807232
1.223697017878294
1.3797211311757565
1.266072228550911
1.4103867560625076
1.4517688900232315
1.3957911543548107
1.3598385602235794
1.45547791197896
1.3250743187963963
1.3963633440434933
1.4566099233925343
1.375278566032648
1.4132089018821716
1.4741156212985516
1.4431846551597118
1.319475680589676
1.2382439970970154
1.353703834116459
1.5358869768679142
1.259228702634573
1.323414135724306
1.3914771117269993
1.3659529499709606
1.4783356040716171
1.299695897847414
1.5054500736296177
1.5364374443888664
1.409703902900219
1.4538993947207928
1.589621376246214
1.5907727293670177
1.4621581993997097
1.3830197341740131
1.4944621436297894
1.4422473758459091
1.4077382907271385
1.4996189810335636
1.377421759068966
1.4915906600654125
1.3452976867556572
1.4883869551122189
1.5395013839006424
1.367666307836771
1.507407907396555
1.508356750011444
1.3952578864991665
1.2717027850449085
1.5271007753908634
1.5054731480777264
1.5589718259871006
1.4428486935794353
1.3525639064610004
1.2177992761135101
1.451522771269083
1.4147722832858562
1.306434903293848
1.2522344887256622
1.3995878286659718
1.6398127637803555
1.3465012945234776
1.359220527112484
1.2717222720384598
1.3861438371241093
1.4804971739649773
1.2742258310317993
1.3551020473241806
1.260255303233862
1.6675961278378963
1.3828327767550945
1.4285430610179901
1.4508414715528488
1.3299582488834858
1.3665693812072277
1.445844553411007
1.4681274853646755
1.4371221959590912
1.4345104657113552
1.4427379854023457
1.4011234194040298
1.5051001459360123
1.3018710650503635
1.427886951714754
1.296448115259409
1.4183920435607433
1.4702644683420658
1.3424573242664337
1.3592838272452354
1.5095179341733456
1.3751315250992775
1.5375810116529465
1.5471327640116215
1.4825972504913807
1.3593222834169865
1.5579793080687523
1.3303819186985493
1.6068539135158062
1.423390969634056
1.3517664708197117
1.4665540121495724
1.3522440940141678
1.5241985470056534
1.5336660593748093
1.4758959747850895
1.2889742627739906
1.4001686573028564
1.4159402884542942
1.5631422623991966
1.6069959066808224
1.3455129899084568
1.4775789007544518
1.3885989412665367
1.4135697670280933
1.4916535690426826
1.2980126067996025
1.5279000885784626
1.4987676404416561
1.5240163020789623
1.411839410662651
1.4233960062265396
1.3690299019217491
1.3861859440803528
1.3962858989834785
1.5013323538005352
1.3450643867254257
1.3572932668030262
1.3977711647748947
1.4305935315787792
1.3989142775535583
1.2659652642905712
1.4797612205147743
1.3138229697942734
1.3302516005933285
1.4731188267469406
1.4663413651287556
1.3981162123382092
1.4746134094893932
1.481630764901638
1.3943580575287342
1.333845615386963
1.3810606934130192
1.2570633478462696
1.5336107835173607
1.3377446345984936
1.274774756282568
1.4326452389359474
1.2121187821030617
1.3675475381314754
1.2779748998582363
1.4956463612616062
1.348053239285946
1.576575130224228
1.522954050451517
1.3171814493834972
1.5166795440018177
1.47262754291296
1.574100960046053
1.4228050969541073
1.3572491481900215
1.4825897365808487
1.3548227921128273
1.4356006383895874
1.4430108144879341
1.4258698299527168
1.4553467258810997
1.3564117811620235
1.2905763760209084
1.3244646601378918
1.419339545071125
1.4603761620819569
1.3025480844080448
1.40245421230793
1.3511590398848057
1.309998694807291
1.3798692412674427
1.3432023599743843
1.2908602058887482
1.5185523331165314
1.3622259832918644
1.4993478171527386
1.321954920887947
1.4485611133277416
1.526655450463295
1.2161457054316998
1.585044577717781
1.4647918306291103
1.3347254730761051
1.3084260746836662
1.3740768022835255
1.3356832973659039
1.4894236661493778
1.4125047624111176
1.4050810299813747
1.528317827731371
1.4416192471981049
1.3609357438981533
1.4194823391735554
1.4069794490933418
1.2912707291543484
1.4939385764300823
1.449346650391817
1.4104758836328983
1.437273744493723
1.4517917521297932
1.526231948286295
1.4144503436982632
1.3691471107304096
1.3181262239813805
1.460762906819582
1.5958017706871033
1.3825146034359932
1.4613869786262512
1.437243901193142
1.474479105323553
1.4043138101696968
1.485952153801918
1.5516943410038948
1.4153898432850838
1.4917049445211887
1.5485049895942211
1.3515367545187473
1.3282835632562637
1.3045646138489246
1.3649411462247372
1.216095183044672
1.4418677017092705
1.4839917160570621
1.3100165463984013
1.568800263106823
1.3558970801532269
1.4037603661417961
1.380444958806038
1.4893443398177624
1.3469777926802635
1.4172264598309994
1.3675541579723358
1.502740629017353
1.3256726935505867
1.415595330297947
1.2852070517838001
1.3416346907615662
1.4608018063008785
1.4087793081998825
1.5025260671973228
1.4273939989507198
1.439342625439167
1.4947670698165894
1.4388628453016281
1.3824198469519615
1.6513415947556496
1.4387620873749256
1.3515693806111813
1.2822217978537083
1.535321719944477
1.4535687901079655
1.385610569268465
1.469620332121849
1.3701225742697716
1.4881932586431503
1.4164282605051994
1.4757467098534107
1.2055557258427143
1.431036714464426
1.2527938559651375
1.5248164348304272
1.4278864972293377
1.4612603783607483
1.466063778847456
1.4673820063471794
1.3248682022094727
1.4713404290378094
1.3645035661756992
1.3551589623093605
1.4272638224065304
1.3613472692668438
1.4177302829921246
1.325289536267519
1.6484295018017292
1.3475243151187897
1.3651123717427254
1.3689461313188076
1.5156295448541641
1.3093223571777344
1.489374089986086
1.4648666977882385
1.4634987451136112
1.4534436985850334
1.4469304792582989
1.3046334460377693
1.3858560398221016
1.3456686101853848
1.3526590913534164
1.267808709293604
1.3971835188567638
1.4404183104634285
1.532567135989666
1.2494857907295227
1.4019975438714027
1.3954803012311459
1.346762116998434
1.3259271010756493
1.376998409628868
1.4260633178055286
1.4706524722278118
1.4548921883106232
1.4672803729772568
1.3580396212637424
1.4710419401526451
1.4892330393195152
1.407991174608469
1.3382107093930244
1.3907808773219585
1.4499356858432293
1.5368594340980053
1.4658042527735233
1.4077716320753098
1.3316214382648468
1.3033561892807484
1.3320532515645027
1.369015570729971
1.3786312602460384
1.4245461151003838
1.3111401572823524
1.3794854879379272
1.2989432960748672
1.4052460491657257
1.5015541277825832
1.2982496432960033
1.5358545370399952
1.2762131467461586
1.3868697844445705
1.3101435899734497
1.3686047494411469
1.4034962728619576
1.2458914369344711
1.2548864670097828
1.4918158240616322
1.4440184012055397
1.6026988700032234
1.3245212100446224
1.4742162562906742
1.544788684695959
1.4528370425105095
1.4888512007892132
1.2966855727136135
1.3502898886799812
1.5184619389474392
1.4609250202775002
1.440069679170847
1.4587856382131577
1.323371447622776
1.5211460329592228
1.439079612493515
1.349287610501051
1.3420586623251438
1.3350457549095154
1.4043521732091904
1.497659508138895
1.5691338554024696
1.4671479910612106
1.2762109339237213
1.4154776856303215
1.3894749321043491
1.3960330747067928
1.3990028575062752
1.4628750048577785
1.398149847984314
1.5316611677408218
1.6717111468315125
1.4831772297620773
1.2330518066883087
1.3027454428374767
1.4413464777171612
1.6082992069423199
1.3102774918079376
1.3332208581268787
1.4047143757343292
1.5285746417939663
1.410570964217186
1.4343212097883224
1.4615753814578056
1.346003420650959
1.55056057497859
1.3698071874678135
1.3562267757952213
1.4972578957676888
1.2992123924195766
1.3460814766585827
1.5197249874472618
1.4538371078670025
1.4031625129282475
1.4511423408985138
1.4642417430877686
1.3609656617045403
1.3353818096220493
1.3149299062788486
1.3566765189170837
1.462689395993948
1.4531053230166435
1.393303543329239
1.4711167551577091
1.3974566012620926
1.3909754045307636
1.5963394977152348
1.3881323635578156
1.3265139870345592
1.316224068403244
1.4291751459240913
1.3547542169690132
1.2936846166849136
1.4996652342379093
1.3669707477092743
1.2057236805558205
1.3950535170733929
1.4279736764729023
1.4807821027934551
1.3983932845294476
1.3438541293144226
1.5216459855437279
1.3138428069651127
1.3282843679189682
1.4675884954631329
1.3494841307401657
1.6143166795372963
1.3501700647175312
1.3941758833825588
1.4223205596208572
1.4168709106743336
1.2419145703315735
1.4456069953739643
1.404944732785225
1.4265598356723785
1.4030465669929981
1.3845987878739834
1.4454587921500206
1.4820927567780018
1.3700863607227802
1.5048416294157505
1.442252740263939
1.3539186120033264
1.43040094897151
1.2843521311879158
1.4126597419381142
1.3882337473332882
1.3062490373849869
1.4078048206865788
1.5107593089342117
1.4286037012934685
1.302843913435936
1.569008655846119
1.3040543235838413
1.4357320480048656
1.460972372442484
1.4956888891756535
1.4814998656511307
1.3334809951484203
1.3707105442881584
1.4162808768451214
1.4229713082313538
1.5389795638620853
1.3070670664310455
1.417375586926937
1.3833416514098644
1.4402911625802517
1.396732211112976
1.3684235401451588
1.294206153601408
1.2745986878871918
1.3096516132354736
1.3070440143346786
1.3848073221743107
1.2847348526120186
1.4359356574714184
1.3234500363469124
1.388723861426115
1.3306533321738243
1.3506083525717258
1.4141163565218449
1.354377344250679
1.542855553328991
1.3221113309264183
1.35090097412467
1.5966379418969154
1.284912619739771
1.4804792739450932
1.4729641526937485
1.4151216372847557
1.4189165830612183
1.3577509187161922
1.4408130086958408
1.338278852403164
1.243078026920557
1.233504205942154
1.540567860007286
1.4647849388420582
1.3928900323808193
1.4197861179709435
1.3939651288092136
1.416894931346178
1.3158501274883747
1.6684124022722244
1.404595024883747
1.435927901417017
1.4303840659558773
1.2643793635070324
1.4353445284068584
1.4634899273514748
1.4953490532934666
1.4555054567754269
1.4828866571187973
1.433523640036583
1.5443339236080647
1.3588160760700703
1.2494050823152065
1.2677790597081184
1.3415969349443913
1.3340632058680058
1.4862417727708817
1.3823540806770325
1.4919709414243698
1.4292634204030037
1.5015111789107323
1.4657514207065105
1.4399845823645592
1.30665847286582
1.296938057988882
1.38308422639966
1.2801138535141945
1.3996569961309433
1.3632528856396675
1.3818149082362652
1.4515849351882935
1.4818923771381378
1.4449877999722958
1.397976990789175
1.4209806062281132
1.4599782079458237
1.250354066491127
1.419266913086176
1.4314656145870686
1.4351220577955246
1.4735002182424068
1.426020797342062
1.6282623186707497
1.258629109710455
1.4500329196453094
1.3239639140665531
1.2988867536187172
1.3188667856156826
1.3067885711789131
1.3665204606950283
1.3387047573924065
1.318243384361267
1.454199444502592
1.3461427241563797
1.3650425486266613
1.3667469769716263
1.3947934247553349
1.3155796267092228
1.465771358460188
1.419774454087019
1.3597050532698631
1.4676016569137573
1.519766315817833
1.3000842295587063
1.3607390224933624
1.271712213754654
1.5589310936629772
1.485365118831396
1.3993581756949425
1.3549963682889938
1.5052058398723602
1.3970959857106209
1.3804165683686733
1.3810780681669712
1.4681670181453228
1.4018724001944065
1.4291552938520908
1.372649997472763
1.4985403642058372
1.396079171448946
1.4619952999055386
1.257994830608368
1.4090304896235466
1.2569536305963993
1.3195365332067013
1.4824682734906673
1.3108321614563465
1.5998877212405205
1.3764036372303963
1.1949644684791565
1.5781403370201588
1.4303314909338951
1.492870680987835
1.4089410118758678
1.443154450505972
1.4503550380468369
1.3334710374474525
1.462063156068325
1.405086524784565
1.4177200831472874
1.515222854912281
1.4111908748745918
1.3081167414784431
1.3439524434506893
1.3058948367834091
1.391919419169426
1.4166341982781887
1.344494067132473
1.625050637871027
1.4355102367699146
1.3350606225430965
1.3729711808264256
1.2920533381402493
1.3491233065724373
1.3258886337280273
1.3643051981925964
1.350061733275652
1.29829316213727
1.386585682630539
1.3955931290984154
1.3380338214337826
1.2974064648151398
1.433577224612236
1.3545785173773766
1.374822624027729
1.3814625330269337
1.427219893783331
1.3303642645478249
1.4939743839204311
1.5061878859996796
1.3897460140287876
1.306141596287489
1.4208050854504108
1.352532234042883
1.3355310894548893
1.4919564463198185
1.2961088567972183
1.2906036227941513
1.378568809479475
1.4545942544937134
1.4646166861057281
1.4462901689112186
1.5733479037880898
1.359536848962307
1.3100240379571915
1.3875568695366383
1.3158865347504616
1.4399264305830002
1.4009809121489525
1.4658073000609875
1.315227597951889
1.4384380541741848
1.4434926472604275
1.485900104045868
1.4573627598583698
1.4632160738110542
1.3264899104833603
1.5434347949922085
1.3578839711844921
1.4507384523749352
1.402347955852747
1.2863224186003208
1.3362282887101173
1.4689376503229141
1.5344268828630447
1.4200265035033226
1.574193011969328
1.3674195036292076
1.364597998559475
1.4449184946715832
1.5003527291119099
1.4179934971034527
1.4453445486724377
1.3060896135866642
1.4071685560047626
1.5479392744600773
1.3822175599634647
1.3004270195960999
1.3460486456751823
1.3883640505373478
1.3820709697902203
1.373286023736
1.3321019224822521
1.3730419166386127
1.309075117111206
1.329756285995245
1.5015801340341568
1.4670922756195068
1.4774171374738216
1.4224954955279827
1.418240025639534
1.4553025960922241
1.3806550279259682
1.4520531371235847
1.4282495453953743
1.453143298625946
1.285721268504858
1.4777307510375977
1.5432119630277157
1.457143910229206
1.4336537756025791
1.4077760130167007
1.4045710042119026
1.3880041763186455
1.3026408217847347
1.476974867284298
1.5164837576448917
1.5450536273419857
1.5430641248822212
1.3757007792592049
1.3931048586964607
1.4427809230983257
1.345009371638298
1.3617151454091072
1.2642553336918354
1.6331397779285908
1.4595918357372284
1.4108443073928356
1.352644369006157
1.3593801893293858
1.4754931144416332
1.4788678139448166
1.387741919606924
1.438496720045805
1.2006453163921833
1.4034774079918861
1.4194906614720821
1.3962606489658356
1.393352221697569
1.380863893777132
1.4945140816271305
1.4898962266743183
1.3792952932417393
1.5234993509948254
1.4610155634582043
1.4757061451673508
1.3976327292621136
1.4553507342934608
1.3026836290955544
1.3700666055083275
1.409972209483385
1.5284525379538536
1.3700357414782047
1.3306738957762718
1.5200719647109509
1.5098637007176876
1.4912873692810535
1.334489718079567
1.4007165506482124
1.2986963838338852
1.4104799292981625
1.2189131155610085
1.3284800238907337
1.5395486578345299
1.395585224032402
1.467138148844242
1.4424280785024166
1.4060624092817307
1.592310044914484
1.4072797670960426
1.2735720053315163
1.397987887263298
1.3681591898202896
1.4141218438744545
1.269297931343317
1.4381234422326088
1.3654131144285202
1.4097045697271824
1.4222810752689838
1.4768895655870438
1.4706120677292347
1.3637449964880943
1.3699811175465584
1.327918577939272
1.1844649873673916
1.5254216082394123
1.3182839304208755
1.5054541751742363
1.3151959776878357
1.4023489281535149
1.2535901367664337
1.371587686240673
1.3880732208490372
1.3334491066634655
1.3725341856479645
1.4616107530891895
1.4056312888860703
1.3282243497669697
1.4963091686367989
1.3511989377439022
1.2755368053913116
1.3771859966218472
1.5100823976099491
1.2674238197505474
1.4066034965217113
1.4681865572929382
1.3907899223268032
1.6493606567382812
1.3205836713314056
1.3002271912992
1.2499726004898548
1.526376437395811
1.578492347151041
1.450896792113781
1.4080033786594868
1.3245677947998047
1.295138917863369
1.320142276585102
1.2463904172182083
1.4261095821857452
1.3521760404109955
1.4191589951515198
1.3842994198203087
1.438198171555996
1.275940790772438
1.3340259976685047
1.3666141368448734
1.398473784327507
1.4054883979260921
1.4020114690065384
1.4232119396328926
1.5017213746905327
1.4439572915434837
1.3472167626023293
1.4000756479799747
1.4414355047047138
1.320802427828312
1.2816491723060608
1.394554004073143
1.259859710931778
1.3107966035604477
1.4321981444954872
1.3640963397920132
1.326704304665327
1.4765119440853596
1.5038161762058735
1.3237848095595837
1.3476067148149014
1.3293943144381046
1.2919818945229053
1.648520763963461
1.2558631636202335
1.311893254518509
1.361792005598545
1.4405896253883839
1.3646479174494743
1.3469067551195621
1.3785136230289936
1.4106724075973034
1.4081162698566914
1.3862692527472973
1.5257489457726479
1.400080244988203
1.255158469080925
1.3749428540468216
1.3493613749742508
1.481645591557026
1.48061066493392
1.4993658289313316
1.4359834231436253
1.2852507643401623
1.4553923308849335
1.3057021349668503
1.5812420211732388
1.4461638629436493
1.4335228651762009
1.1975675709545612
1.4968462064862251
1.3965092301368713
1.2159289717674255
1.351127851754427
1.4679660759866238
1.3799461349844933
1.4050923883914948
1.4621919356286526
1.3699103742837906
1.4776164703071117
1.3015643060207367
1.3465085625648499
1.2781625054776669
1.3356546834111214
1.452900543808937
1.4503326788544655
1.1924325712025166
1.4743921235203743
1.3444313369691372
1.4811719842255116
1.3737518675625324
1.4109572619199753
1.4232021532952785
1.3834684006869793
1.4080008901655674
1.4955328181385994
1.3455173969268799
1.5646774545311928
1.3476036004722118
1.3607926592230797
1.4715835638344288
1.4275759607553482
1.2374920137226582
1.2779490761458874
1.53425133228302
1.4660696275532246
1.3831861428916454
1.3088931143283844
1.4207296520471573
1.2958784475922585
1.3145444467663765
1.475915715098381
1.4743766523897648
1.3997382074594498
1.3556855469942093
1.300455018877983
1.4194707125425339
1.1335908845067024
1.3333917707204819
1.2532518990337849
1.4270083457231522
1.336521614342928
1.494945265352726
1.4027034379541874
1.3992125876247883
1.3541050590574741
1.4630420580506325
1.225383471697569
1.32650488615036
1.4754190221428871
1.44062215462327
1.4366916380822659
1.4525680541992188
1.3018396198749542
1.4981809444725513
1.2952546887099743
1.4690149202942848
1.4317870885133743
1.3998746164143085
1.3261022232472897
1.4524856768548489
1.3208949975669384
1.361500058323145
1.402738779783249
1.5736628100275993
1.366217952221632
1.3974886052310467
1.4189110845327377
1.3899603448808193
1.2322861216962337
1.358427096158266
1.310944277793169
1.460200410336256
1.4422688595950603
1.4779785089194775
1.4949051178991795
1.3444326035678387
1.360394824296236
1.3234419040381908
1.1755529381334782
1.3797472529113293
1.453671421855688
1.4488372541964054
1.323318861424923
1.4178059063851833
1.4119401201605797
1.4064638204872608
1.2396627888083458
1.4804507419466972
1.483342420309782
1.4429017528891563
1.5532770976424217
1.2082713805139065
1.3843435198068619
1.4450024850666523
1.4297424294054508
1.3752035722136497
1.2720937468111515
1.3481071256101131
1.4356808550655842
1.5108404755592346
1.2389336973428726
1.4329864084720612
1.2216703854501247
1.2130933590233326
1.4420036263763905
1.342257034033537
1.4234429895877838
1.3838258236646652
1.3499215207993984
1.3879467695951462
1.4449590109288692
1.2533078826963902
1.5154631100594997
1.4307004995644093
1.4205925837159157
1.2675308734178543
1.5529418289661407
1.506668422371149
1.6310240849852562
1.3106865100562572
1.391006164252758
1.4236827716231346
1.2538874074816704
1.379559114575386
1.3872628547251225
1.4472005106508732
1.4043820463120937
1.2819247171282768
1.5051852874457836
1.6542981043457985
1.487591926008463
1.5318349450826645
1.5038598254323006
1.2309797368943691
1.2887345552444458
1.4281312637031078
1.4680811613798141
1.3558035269379616
1.345816358923912
1.5164967216551304
1.4297429509460926
1.5031514875590801
1.3073460683226585
1.3849193751811981
1.2965411804616451
1.4388399831950665
1.4700303263962269
1.4277239814400673
1.2928069308400154
1.3698523081839085
1.375610377639532
1.4293900728225708
1.3253410272300243
1.4397359229624271
1.3514793924987316
1.5936358459293842
1.2606350518763065
1.4777940474450588
1.3902786783874035
1.4678632207214832
1.3988319598138332
1.4784205369651318
1.2829966507852077
1.3291775546967983
1.2540489435195923
1.3496230989694595
1.3156674578785896
1.4013460762798786
1.3378419317305088
1.5583934262394905
1.2917086258530617
1.513095248490572
1.3930335827171803
1.3337324149906635
1.4370872974395752
1.5994501374661922
1.3302523344755173
1.3931306265294552
1.393386360257864
1.5038025081157684
1.445816282182932
1.5011239424347878
1.434224683791399
1.4252557530999184
1.3805935122072697
1.3107140362262726
1.4572138041257858
1.399889662861824
1.3269959092140198
1.2793498560786247
1.5233029015362263
1.3980594389140606
1.242215782403946
1.3509753346443176
1.3713839165866375
1.3171006105840206
1.3653283193707466
1.3548757173120975
1.2260108143091202
1.4907207526266575
1.4341387040913105
1.2325017005205154
1.4765953943133354
1.4853773266077042
1.3831716477870941
1.3283508494496346
1.2886740192770958
1.360186729580164
1.3445234596729279
1.3891759254038334
1.337259341031313
1.384863868355751
1.3181900531053543
1.3574987202882767
1.367971245199442
1.2548620142042637
1.3695496506989002
1.387864202260971
1.4363174960017204
1.3824891410768032
1.2957406155765057
1.31931147351861
1.3070017136633396
1.2965224124491215
1.4116290509700775
1.4471319392323494
1.3246942311525345
1.481902714818716
1.3714594841003418
1.371430642902851
1.3822110295295715
1.3807232044637203
1.251165334135294
1.4505888558924198
1.4332483224570751
1.3029043078422546
1.459880217909813
1.254910334944725
1.3848091699182987
1.4517538398504257
1.5137030854821205
1.4800688587129116
1.3727221861481667
1.4088043048977852
1.4235717430710793
1.268699549138546
1.3012837953865528
1.4830453805625439
1.4025921113789082
1.156522709876299
1.3544724956154823
1.5796686746180058
1.4989974573254585
1.4942933768033981
1.5856411345303059
1.3405431658029556
1.2649196162819862
1.4355254545807838
1.3101717047393322
1.4086089804768562
1.3729174733161926
1.3597251251339912
1.5502575375139713
1.5567999631166458
1.282548375427723
1.2775167785584927
1.5439463816583157
1.533024713397026
1.4163541533052921
1.4901727214455605
1.3064081147313118
1.4395582973957062
1.2963222339749336
1.5013434663414955
1.399605080485344
1.4790753535926342
1.2554714940488338
1.32580241933465
1.327145341783762
1.4274096265435219
1.4140040129423141
1.4785121008753777
1.505426436662674
1.4868384823203087
1.4615060724318027
1.3238685093820095
1.5699224062263966
1.372986152768135
1.1907006278634071
1.34538484364748
1.2802628390491009
1.378344640135765
1.5964928567409515
1.333646696060896
1.4785285629332066
1.3355433717370033
1.5483224876224995
1.355408500880003
1.3963917642831802
1.2299039997160435
1.4379138201475143
1.3915267810225487
1.44398795068264
1.4288446754217148
1.4068901352584362
1.4346569404006004
1.3401100747287273
1.4329125098884106
1.55514682456851
1.416397601366043
1.5003546103835106
1.4735460057854652
1.4195289313793182
1.4336604326963425
1.2796681970357895
1.484142266213894
1.361400667577982
1.4012980312108994
1.5866550244390965
1.4690995588898659
1.3133677765727043
1.364305891096592
1.5109068378806114
1.4252896383404732
1.3040054850280285
1.2775267623364925
1.5035884603857994
1.3920159302651882
1.3932332023978233
1.4532837755978107
1.592931728810072
1.4490685351192951
1.4123759232461452
1.3856061808764935
1.5981016121804714
1.3971011750400066
1.4016884453594685
1.2943529449403286
1.4850710928440094
1.3564444817602634
1.3715506009757519
1.5131965763866901
1.2347082681953907
1.4214749708771706
1.323092047125101
1.3190612345933914
1.2543939277529716
1.2609571479260921
1.3228195197880268
1.4757248423993587
1.4998465590178967
1.3282580226659775
1.4629043899476528
1.461513601243496
1.3529017269611359
1.4145280979573727
1.3540575467050076
1.5885124653577805
1.2930994369089603
1.4292251244187355
1.4832464903593063
1.3314238898456097
1.4006755165755749
1.4834965839982033
1.4194650501012802
1.305942963808775
1.2282368503510952
1.2223716787993908
1.2786090597510338
1.4108801446855068
1.461188692599535
1.528924085199833
1.4187997169792652
1.2278262041509151
1.532498124986887
1.4981185719370842
1.305841289460659
1.2873338796198368
1.4965985380113125
1.542859673500061
1.4201366007328033
1.2755937464535236
1.4072554372251034
1.3431164845824242
1.338426649570465
1.3461460657417774
1.3221727833151817
1.3646713010966778
1.2487902082502842
1.311487939208746
1.4081308506429195
1.3800129033625126
1.4495047815144062
1.2376878671348095
1.355609931051731
1.4567660726606846
1.2626426927745342
1.2494428046047688
1.235164936631918
1.5888096280395985
1.4502593837678432
1.3987835012376308
1.42985650151968
1.4485727176070213
1.4519335888326168
1.3385102152824402
1.5047025419771671
1.2850894890725613
1.2883282750844955
1.504039466381073
1.3457014597952366
1.3986606933176517
1.3375412486493587
1.3579725474119186
1.2434125505387783
1.3096065297722816
1.4511514194309711
1.4305461645126343
1.3487858511507511
1.3963335938751698
1.3521695174276829
1.576625220477581
1.5299014262855053
1.385797269642353
1.5245434530079365
1.3299108892679214
1.4402534514665604
1.3638355657458305
1.3933446295559406
1.5610855855047703
1.3876703195273876
1.5625524707138538
1.303567849099636
1.490734327584505
1.3070945292711258
1.4320075511932373
1.5086681209504604
1.40614003688097
1.2363211959600449
1.3580461665987968
1.272649496793747
1.3302345164120197
1.3884561657905579
1.3907051160931587
1.2853793874382973
1.268136266618967
1.3985766060650349
1.4158359095454216
1.2878425121307373
1.3182468973100185
1.396646160632372
1.4411477372050285
1.3028540313243866
1.3517496697604656
1.4137433171272278
1.3315043821930885
1.5077101662755013
1.3691027238965034
1.4110809676349163
1.3663536459207535
1.4012123607099056
1.4678436256945133
1.3737286552786827
1.2579478584229946
1.2345888204872608
1.2659748792648315
1.2769038453698158
1.405590832233429
1.297933366149664
1.546984028071165
1.3494787961244583
1.3882507644593716
1.4557477645576
1.2715292759239674
1.3048262298107147
1.4519565925002098
1.3962609022855759
1.3183052875101566
1.4037154130637646
1.4894375540316105
1.5741578377783298
1.4317182376980782
1.3140291646122932
1.646342508494854
1.4454968459904194
1.3416566401720047
1.3774288333952427
1.3275137357413769
1.4550793692469597
1.2513488829135895
1.2640651166439056
1.3278014659881592
1.3365503698587418
1.2179711535573006
1.338608305901289
1.3905821703374386
1.4632675684988499
1.3298355154693127
1.3154944591224194
1.5864641033113003
1.3994764499366283
1.4522980749607086
1.4860421158373356
1.2909831628203392
1.4515396617352962
1.5431044586002827
1.43134555965662
1.481079913675785
1.3595747090876102
1.4653239957988262
1.346340924501419
1.415390070527792
1.6287136897444725
1.507653884589672
1.345728300511837
1.3523379527032375
1.27084980905056
1.274683766067028
1.5764827951788902
1.3860129565000534
1.377724528312683
1.4002816751599312
1.3290585726499557
1.5529216453433037
1.4566411711275578
1.568388357758522
1.518763866275549
1.3519647307693958
1.4447128437459469
1.2687124460935593
1.3993626907467842
1.4223045706748962
1.2544960416853428
1.2802028357982635
1.3506385385990143
1.3009637631475925
1.2508318461477757
1.474073451012373
1.3371828347444534
1.38353181630373
1.3417840376496315
1.2743445038795471
1.4992598704993725
1.4321403317153454
1.3725081160664558
1.2646930292248726
1.3345823660492897
1.5304960533976555
1.5040381774306297
1.3023229502141476
1.40509769693017
1.4705920405685902
1.4118677973747253
1.3325248137116432
1.3977996036410332
1.3329649083316326
1.284449726343155
1.3355813845992088
1.4191659912467003
1.2451630048453808
1.5720598809421062
1.3654028736054897
1.5311613231897354
1.4949015267193317
1.4403738863766193
1.4756678715348244
1.2961910106241703
1.2538864612579346
1.4837659187614918
1.4320711456239223
1.3760011456906796
1.3028393238782883
1.3506649397313595
1.3290068730711937
1.5590912997722626
1.3579976856708527
1.5581693314015865
1.4742332100868225
1.294907357543707
1.260296918451786
1.2582533061504364
1.400190819054842
1.3374124728143215
1.4531943313777447
1.4985855035483837
1.5864294990897179
1.3722320944070816
1.409333199262619
1.3578017987310886
1.3729646243155003
1.3199417516589165
1.2726235389709473
1.2956152111291885
1.4551185630261898
1.438499677926302
1.3749141246080399
1.3480354137718678
1.3354618847370148
1.416491575539112
1.338501699268818
1.4159395210444927
1.441884558647871
1.4392944164574146
1.251990344375372
1.3525211326777935
1.5713521167635918
1.4354266002774239
1.398961242288351
1.4900812432169914
1.5083660893142223
1.4238713346421719
1.3092013113200665
1.5784854479134083
1.4903400801122189
1.3126218989491463
1.287801057100296
1.4416092298924923
1.3545791916549206
1.3658806011080742
1.4391983859241009
1.5276567451655865
1.5842940099537373
1.5362358093261719
1.2828201241791248
1.4591279812157154
1.4284789003431797
1.44122851267457
1.5977557562291622
1.1628839001059532
1.2860183380544186
1.3148887157440186
1.4097794853150845
1.3085809648036957
1.372103363275528
1.470811389386654
1.413599256426096
1.4940164163708687
1.4934481345117092
1.3289632946252823
1.4274599589407444
1.4714047759771347
1.3588484600186348
1.5513748303055763
1.464346271008253
1.1896413899958134
1.358897976577282
1.2984063811600208
1.3701257444918156
1.4429262317717075
1.3733742460608482
1.344356369227171
1.3796257115900517
1.421156145632267
1.3297771289944649
1.4321571663022041
1.485199473798275
1.4751548059284687
1.2998662702739239
1.4929530397057533
1.2583878710865974
1.4899938479065895
1.3792035952210426
1.4190353453159332
1.2041878253221512
1.4303389117121696
1.3872526846826077
1.2349213548004627
1.4790709540247917
1.4746097512543201
1.4411120191216469
1.340774692595005
1.5270880870521069
1.3467195481061935
1.3533136770129204
1.4124541617929935
1.2820619903504848
1.4477795958518982
1.4191769175231457
1.304931402206421
1.4091465510427952
1.5519138053059578
1.2470489405095577
1.4258982241153717
1.3913919068872929
1.3378007300198078
1.466726079583168
1.2465698421001434
1.3792457655072212
1.3881609849631786
1.5604690946638584
1.2968749776482582
1.505884014070034
1.5827479362487793
1.4754982702434063
1.3370253928005695
1.4634380750358105
1.253484196960926
1.4804730340838432
1.544759962707758
1.3101014457643032
1.3020748794078827
1.548852600157261
1.3040237687528133
1.1514901630580425
1.4332643672823906
1.422245554625988
1.4550239630043507
1.3504229187965393
1.3949066512286663
1.2262384220957756
1.37406350299716
1.2825856618583202
1.3891106732189655
1.4382645078003407
1.3772904835641384
1.42765736207366
1.2725355587899685
1.3610773272812366
1.3119838535785675
1.3217148296535015
1.5179548002779484
1.3537591360509396
1.3920760564506054
1.40314656868577
1.4189401343464851
1.4707991145551205
1.4006118588149548
1.2682355642318726
1.3138925395905972
1.402501191943884
1.298897061496973
1.343019027262926
1.5289763659238815
1.313413344323635
1.3941983617842197
1.2027245126664639
1.4629869237542152
1.4739653170108795
1.495895754545927
1.2682330571115017
1.436949785798788
1.4570203498005867
1.541748221963644
1.294938787817955
1.5094707421958447
1.4472355619072914
1.3526253625750542
1.3766610361635685
1.2873816639184952
1.4943666905164719
1.493136916309595
1.2930469065904617
1.4409435279667377
1.4618266373872757
1.438773985952139
1.6237799152731895
1.4445961564779282
1.5230918787419796
1.4934371821582317
1.3959552086889744
1.3253125622868538
1.3810847364366055
1.4522282220423222
1.3483138680458069
1.4392885193228722
1.2416129261255264
1.4810448996722698
1.364599596709013
1.276988960802555
1.4443963095545769
1.4308180436491966
1.434532269835472
1.2540630623698235
1.5357312634587288
1.5441160909831524
1.3919721692800522
1.427122563123703
1.4999018236994743
1.3637850135564804
1.3977398164570332
1.481680329889059
1.428580541163683
1.2499735727906227
1.454906415194273
1.5491977371275425
1.2159073986113071
1.5366665497422218
1.4181909449398518
1.3710748925805092
1.5174666866660118
1.4520142450928688
1.3879128396511078
1.2442825213074684
1.4841900281608105
1.4133316278457642
1.4748473167419434
1.4643723331391811
1.5167436003684998
1.3122794404625893
1.3097025752067566
1.5052629634737968
1.4568541273474693
1.3019692227244377
1.3389265649020672
1.3453349210321903
1.5290018320083618
1.3075532242655754
1.4038780368864536
1.4396795481443405
1.3189086616039276
1.5356773398816586
1.3527233600616455
1.515764370560646
1.4731500446796417
1.4844728112220764
1.3420386016368866
1.3063220456242561
1.4781680218875408
1.1260462030768394
1.348252311348915
1.5991239920258522
1.4392280019819736
1.405272152274847
1.2659513242542744
1.3418938778340816
1.6120406314730644
1.279773060232401
1.3660355880856514
1.4218092188239098
1.5572015382349491
1.3831095732748508
1.457414135336876
1.3195060044527054
1.2930466160178185
1.3482340946793556
1.4546490237116814
1.331542830914259
1.3856395557522774
1.3643736988306046
1.4974104426801205
1.504309292882681
1.3522192314267159
1.4729281291365623
1.3606124706566334
1.3063321076333523
1.3107830993831158
1.287176065146923
1.4264414682984352
1.484919011592865
1.328486405313015
1.3647232726216316
1.4101726561784744
1.3822011314332485
1.4761360064148903
1.2071330286562443
1.3243525996804237
1.4583027623593807
1.3062477335333824
1.4334774911403656
1.4215471558272839
1.401776023209095
1.342864289879799
1.2729242444038391
1.459642454981804
1.4220222420990467
1.6684873141348362
1.2813352830708027
1.3738239146769047
1.4262479655444622
1.503835540264845
1.3081544414162636
1.4911590851843357
1.396726842969656
1.3158478774130344
1.449245698750019
1.5050651766359806
1.4261527583003044
1.3792079538106918
1.4255288988351822
1.3130036406219006
1.423812735825777
1.3229316174983978
1.5015948340296745
1.242110002785921
1.6457726508378983
1.3441738933324814
1.3479807265102863
1.467339187860489
1.4062485471367836
1.2531642392277718
1.4153012707829475
1.209210466593504
1.457011379301548
1.304855428636074
1.3958352282643318
1.3824646323919296
1.3485143408179283
1.4245707727968693
1.5078836120665073
1.4324215836822987
1.423508781939745
1.3119074441492558
1.4724230244755745
1.3295059315860271
1.4678574912250042
1.4065469354391098
1.3497486896812916
1.530982919037342
1.2738563381135464
1.2440126650035381
1.364899467676878
1.3857485465705395
1.2764089591801167
1.4717855975031853
1.2823350504040718
1.2990488149225712
1.3999751061201096
1.3756298311054707
1.3299961350858212
1.2482511587440968
1.2596266940236092
1.3301269486546516
1.405171599239111
1.3982579410076141
1.3639588132500648
1.4904757104814053
1.342076476663351
1.2807027697563171
1.4213946536183357
1.3803559094667435
1.4815799742937088
1.4532514922320843
1.4139653109014034
1.4794450141489506
1.3930629640817642
1.3840926550328732
1.3326839469373226
1.318407230079174
1.3143475353717804
1.3642508760094643
1.4753665588796139
1.5786625407636166
1.3158815130591393
1.4507551416754723
1.3526108786463737
1.5191215090453625
1.4057099595665932
1.6480449996888638
1.3786449395120144
1.5013313964009285
1.5140062719583511
1.4406145215034485
1.421445768326521
1.4402259029448032
1.3208199739456177
1.3750228621065617
1.4425966888666153
1.4011723212897778
1.438898954540491
1.5551230572164059
1.3902053199708462
1.5080657750368118
1.526503011584282
1.498346135020256
1.4468580074608326
1.3229686729609966
1.5807569921016693
1.2486115023493767
1.4956615827977657
1.5156788267195225
1.3340015038847923
1.439584493637085
1.3953688517212868
1.1862685084342957
1.3255799785256386
1.4649486280977726
1.4817634634673595
1.2824737317860126
1.1972207985818386
1.2364598512649536
1.2551678232848644
1.291450709104538
1.4735932052135468
1.3322967328131199
1.4694456495344639
1.3509965389966965
1.4629702791571617
1.4182042740285397
1.2168787084519863
1.4698295183479786
1.4104393906891346
1.5081502757966518
1.4480091221630573
1.265712846070528
1.4510284066200256
1.4689282476902008
1.551406316459179
1.4055748693645
1.4845134690403938
1.293004635721445
1.3718307167291641
1.4175906628370285
1.2773282825946808
1.2701724544167519
1.4272388815879822
1.3011087514460087
1.4635013453662395
1.4983810633420944
1.426704291254282
1.4672198258340359
1.327374916523695
1.2818312607705593
1.3944899216294289
1.2642033882439137
1.1789514645934105
1.468715351074934
1.4641156196594238
1.473525732755661
1.370681058615446
1.4535531736910343
1.377396084368229
1.4140880927443504
1.328996453434229
1.4022595770657063
1.4336831867694855
1.4499259889125824
1.5557754263281822
1.3445735946297646
1.3590168133378029
1.4909754991531372
1.3674623183906078
1.4299245774745941
1.5417622774839401
1.328825168311596
1.3809271566569805
1.458595346659422
1.2226927652955055
1.388347152620554
1.5600160919129848
1.5246770940721035
1.4459877721965313
1.5698554031550884
1.3116262219846249
1.3301988318562508
1.3230124227702618
1.5802554078400135
1.3018326684832573
1.3300405032932758
1.366098914295435
1.5182673297822475
1.2332014963030815
1.2088677883148193
1.4162707105278969
1.360955335199833
1.412648055702448
1.3425404839217663
1.4941843561828136
1.3538069278001785
1.4774723462760448
1.4129576496779919
1.3410647734999657
1.41697508841753
1.390315730124712
1.295700378715992
1.6203169971704483
1.247970174998045
1.2836192771792412
1.4657981097698212
1.3629580587148666
1.3733986988663673
1.348683688789606
1.369390081614256
1.3277571722865105
1.382279947400093
1.438305553048849
1.353683765977621
1.3568743988871574
1.3627853766083717
1.3036475218832493
1.3279213085770607
1.5747237503528595
1.508151687681675
1.4810369051992893
1.4268994890153408
1.5584302879869938
1.3647319376468658
1.2404352501034737
1.3742567151784897
1.4434619881212711
1.290539551526308
1.5422588549554348
1.3775896988809109
1.358969759196043
1.4948304295539856
1.3177051432430744
1.4943865612149239
1.2846374735236168
1.3356467112898827
1.3323898874223232
1.4477367736399174
1.252132523804903
1.4221679121255875
1.403435379266739
1.4307419061660767
1.4980821125209332
1.4428577907383442
1.4702885299921036
1.4023429527878761
1.3914856538176537
1.2597227692604065
1.4249358922243118
1.2756146788597107
1.3409519046545029
1.6027014181017876
1.2748996950685978
1.3996108509600163
1.46743119135499
1.254090066999197
1.3396369591355324
1.350633256137371
1.4563268162310123
1.3057912290096283
1.5803788714110851
1.3986326791346073
1.4391139447689056
1.4173037111759186
1.3545290641486645
1.3506531529128551
1.4556318297982216
1.3004591204226017
1.2951329685747623
1.4395408667623997
1.4025201685726643
1.3908820860087872
1.4227895066142082
1.2818889021873474
1.4519881680607796
1.5232567600905895
1.3551459722220898
1.4333290234208107
1.2901053801178932
1.4515519700944424
1.3705394007265568
1.3982741683721542
1.3434727974236012
1.4057590812444687
1.311264242976904
1.408055528998375
1.4117158837616444
1.3116765543818474
1.300856314599514
1.3675868920981884
1.4289454258978367
1.294070541858673
1.3105502240359783
1.3921385891735554
1.3929232843220234
1.3775142021477222
1.462182641029358
1.3111859001219273
1.2962531074881554
1.5000114850699902
1.4394791945815086
1.3805639259517193
1.3079346306622028
1.464311208575964
1.4738569892942905
1.4010858424007893
1.4377550669014454
1.295740358531475
1.3807112723588943
1.3937173038721085
1.4389228746294975
1.3984626792371273
1.3891724422574043
1.444374818354845
1.326468799263239
1.410331942141056
1.1974907256662846
1.3435079343616962
1.2611803375184536
1.601431928575039
1.5653763376176357
1.367240771651268
1.250570360571146
1.3721283823251724
1.4802834391593933
1.6887203194200993
1.3831938281655312
1.4653726257383823
1.377366952598095
1.364238791167736
1.430719681084156
1.340226422995329
1.3916771858930588
1.3550377190113068
1.4213680624961853
1.4085598476231098
1.4127056449651718
1.6779901012778282
1.3935158513486385
1.4367548078298569
1.367813803255558
1.4271718375384808
1.323212657123804
1.4407841637730598
1.26856080442667
1.3057096153497696
1.4265256598591805
1.3048646971583366
1.4095378369092941
1.3660851754248142
1.2596367597579956
1.3144465237855911
1.2483645305037498
1.5169014781713486
1.3253775238990784
1.3400226123631
1.2672999873757362
1.41341020911932
1.43775087967515
1.2704103030264378
1.4503144919872284
1.3448574356734753
1.5651333145797253
1.3058269880712032
1.4055433422327042
1.3123225830495358
1.3573946468532085
1.1923757940530777
1.592370666563511
1.5228542424738407
1.3878770135343075
1.457216590642929
1.3657620623707771
1.3856306448578835
1.3475537449121475
1.3306554518640041
1.401869498193264
1.4255756251513958
1.3920834586024284
1.6488790325820446
1.336484655737877
1.465943444520235
1.4308485873043537
1.304567363113165
1.5222498252987862
1.4823275916278362
1.3331371322274208
1.4874186143279076
1.3323527798056602
1.3934458382427692
1.53275653347373
1.2701861560344696
1.4563573710620403
1.4267234802246094
1.3176107071340084
1.509332925081253
1.222177404910326
1.3608959168195724
1.4202549122273922
1.279250755906105
1.4266319908201694
1.4201815612614155
1.3979349583387375
1.4778835140168667
1.2390933074057102
1.4176908060908318
1.357614029198885
1.5032074823975563
1.2920183911919594
1.3682463057339191
1.4504611380398273
1.4860804341733456
1.295593962073326
1.4239223897457123
1.4876876398921013
1.3400335051119328
1.4644776731729507
1.4177766367793083
1.3902398087084293
1.311649601906538
1.5797954499721527
1.4714275673031807
1.452084083110094
1.2477670758962631
1.2999945729970932
1.4581274390220642
