8.548894527368248
7.569510592613369
7.340003038290888
7.086124282097444
6.798285614699125
6.634586314903572
6.370779244462028
5.930094874231145
6.228584767784923
5.9255044320598245
5.479722567135468
5.582661139545962
5.593801152193919
5.479286262765527
5.8375015903729945
4.844954755390063
4.785249357111752
4.7459210914094
4.878697682637721
4.678141734562814
4.641681215260178
4.7786236996762455
4.604719404596835
4.512805587146431
4.783006885787472
4.745017901761457
4.361241822363809
4.350506651448086
4.414101345231757
4.199050530092791
4.4433189840056
4.487709816545248
4.170227586757392
4.484911361010745
4.605835531605408
4.434443158097565
4.4080824486445636
4.405199402011931
3.9272283676546067
3.960969656938687
4.355737431673333
3.92249090061523
4.474826281191781
4.380910964449868
4.134708296274766
4.328222364187241
4.5579395070672035
3.9578515300527215
4.330643306253478
4.673353258520365
5.194375173421577
4.849169000750408
3.8467653889674693
3.903740743175149
3.776714546373114
4.0681821496691555
3.9463197900913656
3.927601162577048
4.065806673374027
4.019016237463802
4.076254083076492
4.386464489274658
4.2290755324065685
4.209837164264172
4.1367488405667245
4.0210695820860565
4.180813755840063
3.908606086159125
3.938151510898024
3.8732648028526455
4.297747633652762
4.0726671408629045
4.306924278847873
3.90087858971674
4.28748356923461
4.391310762381181
4.037678402615711
4.208063664846122
3.84705951763317
3.982516354182735
3.9320167389232665
4.141156648984179
3.8917602337896824
3.9026017875876278
3.6605733938049525
4.006057059857994
4.323855359107256
4.4204286427702755
4.3322653863579035
3.984759724698961
3.7099309880286455
3.720100082224235
3.727388290804811
3.7905603201361373
4.5269889330957085
4.347629545489326
4.601412785472348
3.8395351443905383
3.7749691903591156
4.087611846043728
4.189605785999447
4.782055249204859
3.8567501208744943
3.279143900843337
3.9279747558757663
3.7639610387850553
4.510186255211011
4.267770542297512
3.8690814371220767
3.924727492732927
3.9112433890113607
4.175757550634444
3.939604014158249
3.8750319047831
3.7956482460722327
4.116210205713287
4.322264763293788
4.0256542328279465
4.584862642223015
4.184748322237283
4.030118846567348
3.8789294875459746
3.928837382933125
3.9091432872228324
3.7922972555970773
4.390246337978169
3.7666037852177396
3.9449886742513627
4.659842588240281
3.9201405765488744
4.100208466639742
4.662809710483998
4.1347971968352795
3.9820600003004074
3.708186880685389
4.2712804628536105
3.9372622687369585
4.080091328592971
3.988445832277648
4.497869037557393
4.1759751392528415
4.371180408634245
3.8763521377695724
3.927205200889148
4.034519609762356
4.108209426049143
4.351705385372043
3.6668503464898095
3.973279924830422
3.9314644422847778
4.319425752386451
4.918999663088471
4.433256935561076
4.147808067966253
3.700143516762182
3.9130948472302407
4.00298597314395
4.005241610459052
3.9752045155037194
3.5404456896940246
4.2723884410224855
4.011662726523355
4.290384930791333
4.374730163021013
4.083385458448902
3.83770283323247
4.283659782260656
3.9734426324721426
4.068591316230595
3.947975564398803
4.084947758587077
4.050444277236238
4.10834043554496
4.726705685025081
4.849345352733508
4.448324195109308
3.640513056074269
4.034088953048922
4.2768505327403545
3.959112614626065
3.8843159013194963
4.145143655361608
3.8265874041244388
4.116889049415477
3.8890674515860155
4.002366427332163
4.062980755465105
3.6269289411138743
3.7360944179818034
3.912832676898688
3.9354374853428453
4.190366808092222
4.189738936256617
3.910126419039443
4.024273880990222
4.223809946561232
3.78390543628484
3.9354783091694117
4.2592887880746275
4.558623783290386
3.676855956786312
3.1283559433650225
3.979047186439857
3.6848438783781603
4.596773112891242
4.962807850446552
3.9275596239604056
4.04396010725759
3.711969305528328
4.676475303713232
4.323585007572547
4.294135223375633
4.045780471526086
4.222109860391356
3.9768682855647057
4.318921643309295
4.4340474577620625
4.051787146483548
4.044155701296404
4.265168124809861
3.865362112876028
4.149669493781403
3.928735743742436
4.167118878569454
4.422667205799371
4.065745088970289
4.624420105945319
4.4210636659991
4.72628357145004
4.125277691055089
4.409097853815183
4.989228178746998
4.882875515148044
3.5025537793990225
4.22657908196561
4.700902324868366
4.245384753448889
4.324563792906702
3.9640466863056645
4.428656252566725
4.463269165717065
3.7585160438902676
4.524907311657444
4.186671330127865
4.145612712134607
4.34127420373261
4.527292967541143
4.0812218592036515
4.019591675605625
4.5159336409997195
4.401017415802926
3.687762362882495
4.560726850759238
4.289600177900866
3.909654896822758
4.119142645737156
4.038355202414095
4.608295816695318
4.557802531868219
4.34804738056846
4.523865271592513
5.169970439281315
4.200431830016896
4.339503032504581
5.016720942687243
4.676180813927203
4.1869330409681424
4.4368521955329925
4.3252411528956145
4.41886182653252
4.621037089731544
4.654708153801039
4.376200664788485
4.268459615530446
4.159853545948863
4.456974601140246
4.499553915811703
4.313595350831747
4.115827288245782
4.266622796887532
3.6639554924331605
4.180460402974859
4.528432279126719
4.444447560003027
3.9304145900532603
4.057265710900538
4.636227607028559
4.193282554042526
4.3916596041526645
4.187011492671445
4.9133883668109775
4.065071431454271
4.35136958421208
4.289007478626445
4.199082742794417
4.723163568880409
4.45747670577839
4.684486331883818
4.164894575253129
4.373630878282711
4.003998878179118
4.053211713442579
3.529335110913962
3.5916763553395867
3.8199429577216506
3.905996637651697
4.694419878767803
4.991680890787393
4.566059707314707
4.465363566065207
4.469228677917272
4.198699686327018
4.336102411034517
4.620794691378251
4.106614465126768
4.20689322904218
4.513391424668953
4.044179182033986
4.468151355627924
4.5183393293991685
4.262987123569474
4.263068766682409
4.396690080408007
5.111858690157533
4.58877709810622
4.7047629547305405
5.039725297596306
4.033645630581304
4.316317024175078
4.21982912463136
4.8481811615638435
4.659114487236366
4.997745932545513
5.0981250836048275
4.5315329395234585
4.763303486863151
4.341789447702467
4.678477912792005
4.190298374043778
4.7865648625884205
4.717018306255341
4.137462925398722
4.313888134434819
4.407051686896011
4.211222445592284
4.161147530074231
4.998338530305773
4.97496691159904
4.290184964891523
3.9296469271648675
5.35190692753531
4.4679631346371025
4.475840210681781
4.532854302437045
4.6712349972222
4.4631083003478125
4.2232296243309975
4.685004014289007
3.923522102762945
4.911135400296189
4.678900024853647
4.809815892018378
3.9292074193945155
3.8039289951557294
4.957797373877838
5.445113060763106
5.8594335545785725
4.825624977122061
4.554772411705926
4.303526227595285
4.2810252632480115
4.482538091717288
4.831005637533963
4.172318722936325
5.205711742397398
4.725423239637166
4.812815882265568
4.538104732055217
4.541685250005685
4.230278682662174
4.688710575341247
4.46088327257894
3.5975791555829346
4.107372461934574
4.962722655152902
4.443330758018419
4.769644262967631
4.376819306053221
4.322567721595988
4.47443045116961
4.4279288672842085
4.36859060684219
4.593517828383483
4.404183012200519
4.779664982575923
4.33726766332984
4.683184236753732
4.2239711079746485
4.358320933766663
4.422775021987036
3.9274773681536317
4.291332749533467
3.8414899677736685
4.13203305285424
4.624873978085816
4.273206994170323
4.907485094154254
4.670151540427469
3.9731196142965928
4.711639235028997
5.152259761234745
4.941901131300256
5.028392799897119
4.852632483001798
4.770065732067451
5.0439269749913365
4.4357096190797165
5.01174035621807
5.1051426588092
5.0253988155163825
4.394619102124125
4.016558186034672
4.5218344843015075
4.820332657545805
5.177404152229428
4.950697366148233
5.145252104732208
4.656361256958917
4.952800838742405
4.627011655131355
4.728643676964566
4.684378718491644
4.640365805244073
5.111762338783592
4.637180228251964
4.420884026098065
5.100561314728111
4.5717013059183955
4.592592953238636
4.639807580271736
5.1558744956273586
5.559704352868721
4.8889938006177545
4.714705518912524
5.205628667259589
5.3275213106535375
4.57675482542254
4.266713806428015
5.121343471575528
4.860293944599107
5.417758708354086
4.308063786942512
4.550426614237949
4.9512510385829955
4.7538438198389485
4.955980458296835
5.312508205883205
4.850984066724777
4.565643263980746
4.914280562195927
4.88641632348299
4.814646301325411
4.450432131183334
4.9567618139553815
4.915540860965848
4.930590503732674
4.853134077275172
5.185791315860115
5.135411172406748
5.183354411274195
5.070672603324056
4.39779039809946
3.8696442431537434
5.098806058289483
4.238443304202519
5.180154688190669
5.3166374852880836
5.358015932375565
5.224474723567255
5.6729330201633275
4.981246487703174
4.89295999892056
5.3521380827296525
4.750116263749078
4.808954711537808
4.706525679677725
4.1456256076926365
4.262227543164045
4.599471168825403
4.65112975332886
4.366000015172176
4.20706080365926
4.904256876092404
5.097098485566676
4.320402412326075
4.572583087021485
5.0197397619485855
4.789580558426678
4.971801646985114
5.148779361392371
4.0324789703590795
5.097001461079344
5.022097351728007
4.92819732776843
4.687915222719312
4.958310107467696
5.650701061822474
4.791889282292686
4.397481938358396
4.776894858456217
4.4434217205271125
4.058338769129477
4.851594211533666
4.1971855440642685
4.503500385209918
4.278247049078345
4.279225696460344
4.379068415844813
4.468834716477431
4.571271889377385
4.9656127106864005
5.428406015154906
4.397060848074034
5.206034914590418
4.332718443009071
4.7942901744972914
4.35748969973065
5.269617706071585
4.647848581895232
5.2111556029412895
4.798079211032018
4.821300032548606
4.581328563624993
4.458696885034442
4.595686753746122
4.538308797869831
5.174977421527728
4.743644517264329
4.6645042665768415
5.264418332255445
4.464133534231223
4.871067882049829
4.829734019935131
5.358269745018333
5.357740062987432
4.9011345964390785
5.142071090172976
5.100051405839622
4.024799032951705
4.808764697052538
4.674262625048868
5.180196986999363
5.103958212537691
4.722805916098878
4.794625760870986
4.371252344804816
4.988781588384882
4.863223667256534
5.248054807074368
5.39678555529099
4.987689255271107
5.340175308519974
4.861409801058471
5.354721580632031
4.68093586829491
4.680886881076731
5.052939588436857
4.963829719345085
5.0245437221601605
5.04231944703497
5.248293857555836
4.42818274977617
5.276982186129317
5.331611482659355
4.839571329532191
5.4135238439776
5.121138245798647
4.818851989111863
5.166765857837163
4.92408342496492
5.325177730759606
5.367732456186786
5.074073823401704
4.927305824588984
5.256142716156319
4.612053878838196
5.256738404510543
5.433905132347718
4.671415407443419
5.473619790747762
4.819875219836831
4.875293264165521
5.21248686616309
5.608270402532071
5.240971233928576
4.663196819135919
4.938327905256301
4.838884718716145
4.5016843539197
4.726041275309399
5.673258832190186
5.532137015368789
4.473028213717043
4.315153930336237
4.876413780846633
4.397967706434429
5.258113894378766
5.494832020718604
5.160521589918062
5.042988196481019
4.416057514259592
4.8789721672656015
4.901047220802866
4.4494149861857295
4.69458601041697
4.786865386646241
4.908962370944209
4.6962668457999825
4.544458123273216
5.012429977883585
4.593842858914286
4.547870782786049
4.562180677428842
4.5888802646659315
5.705707912798971
4.952899500029162
4.788205303251743
5.503795811906457
4.429739510407671
5.506457949755713
4.489851533900946
5.726083408342674
5.329233849653974
5.320930691901594
5.748388429521583
4.590390095720068
5.244095519185066
5.031403816305101
5.101231148932129
4.544977277284488
4.723105568788014
5.138637468917295
4.771830620942637
4.34851724805776
4.922451140824705
5.801141110248864
5.5105583753902465
4.679802508675493
5.295397634617984
4.265387950697914
4.619114022003487
4.893851428059861
4.665365956490859
5.5477803805843
5.248725486453623
5.48440199077595
5.751192921539769
5.034729372244328
5.120033161016181
5.354939372977242
6.117534659104422
5.048638403648511
4.865330762695521
5.311230297782458
5.1792272662278265
5.235302685759962
5.275768689345568
4.057398531585932
5.419694727985188
4.991896471939981
5.814356948016211
5.713609838625416
5.317120071616955
4.763061575125903
5.637489091604948
4.447082030237652
4.9678661660291255
5.173404690343887
4.835708910715766
4.5717296624789014
4.748348226770759
5.055578997824341
5.266002296470106
5.166813911870122
5.371822324814275
5.451658002915792
5.004130987683311
5.962810969213024
4.487400638288818
4.969325085752644
5.918875218136236
4.844921416370198
4.500244986149482
4.857923999079503
5.1186200466472656
5.467213816707954
6.023839703062549
5.000321529922076
5.4447103827260435
5.613874556496739
4.202155207982287
4.417004051152617
4.776077899266966
4.739615047466941
5.144657050957903
4.880285748979077
4.917682697647251
5.203133637318388
4.713705425732769
4.5917943915119395
4.416526427259669
5.501884495606646
4.293535280390643
5.477949137566611
5.105566600803286
5.429647633805871
5.783821464283392
5.239876300096512
5.502419270342216
5.037780310376547
6.067538635223173
5.103954622289166
5.069746004766785
5.125763876363635
4.726419125450775
4.288089221343398
4.957658782717772
5.856343771331012
5.484594160574488
6.049482786562294
5.8968142124358565
4.422594388131984
5.219564791885205
5.216554836370051
4.835972950444557
4.742720914655365
5.556748159928247
4.417187553597614
5.578395078657195
5.0977064406033605
4.839813540223986
5.492606453597546
5.149209279450588
4.383219851413742
4.877854781923816
5.308153418125585
5.365701751084998
5.065438868943602
4.821726890397258
5.224699654034339
5.691292574163526
4.842429032665677
5.133107444271445
5.556670265039429
5.739571524667554
5.130542458035052
4.922834228142165
5.196063650306314
5.017061754246242
5.287704093963839
5.371519064414315
4.797930003376678
5.593791670631617
4.578575066756457
5.52684202673845
5.902799267088994
5.599756792420521
5.763216769089922
5.290225077886134
6.036827736767009
4.832103181746788
5.398909687297419
5.760123410494998
5.00372160889674
6.000845077447593
5.8898847019299865
5.939630487002432
5.104718208080158
4.885747250285931
5.642397943767719
5.586722542298958
5.195303953951225
4.898269365075976
5.135585579439066
5.085409608320333
4.846936545101926
5.835278073558584
5.3764639486325905
5.168744814116508
5.406110921874642
5.824970569345169
4.6551360581070185
5.113286076928489
5.422872843919322
5.3056717368308455
5.205031992634758
5.324404506711289
6.094881537836045
5.92984436172992
5.839396016555838
4.263754629995674
4.255256192409433
4.114485420635901
4.273098915931769
4.677350465208292
4.727108237682842
5.363611704087816
5.960757031105459
5.302346936892718
4.254092523013242
5.032857593614608
5.335532876895741
4.881632069591433
5.713225262239575
4.710336984950118
6.191735362634063
5.128138365456834
4.569786437903531
4.754104442661628
5.557169894571416
4.216192687978037
4.98020703648217
4.840887296013534
6.097685769898817
5.497228849329986
5.705644876929
4.834971721866168
5.9483501930953935
5.453616147744469
4.674586954875849
4.4413448587292805
5.653130164835602
5.333289845497347
4.359498112113215
5.015535288839601
5.0989975379779935
5.022057858877815
5.28443097230047
4.97122273396235
6.645747784292325
5.303576903650537
5.285856283036992
5.060449257143773
5.500191504950635
5.728169149137102
5.482586876954883
5.807028654962778
4.413901619846001
5.622603740193881
5.217456813901663
5.8283316472079605
5.060169804142788
5.671590387704782
5.076414610259235
5.791718135820702
5.009183189366013
4.693362620426342
4.702337566413917
5.222453933209181
5.083823545370251
6.989341509062797
5.277167616412044
5.122421644628048
4.799504070542753
4.4793111176695675
5.255880435928702
5.554721983731724
5.682641185121611
5.33952676190529
5.664006509119645
5.101292522624135
5.205901271896437
5.2429248546250165
5.5716648628003895
5.42516106646508
4.923669942421839
4.986247193533927
5.260002745199017
5.302437653881498
4.157171265222132
4.83103621727787
5.820092690642923
5.302037604385987
5.556131750578061
5.158524772035889
5.503642418771051
5.5286595860961825
5.720323601155542
5.331811451702379
5.8753976040752605
6.11814406956546
5.032029474619776
5.081601654877886
6.103333295322955
4.944923014380038
5.32059983164072
5.098266685614362
4.834463922306895
5.681705392897129
5.636328462860547
4.200655063148588
4.7924283891916275
4.744475987739861
6.495367457624525
5.108624009997584
5.176942970370874
5.170940902782604
4.5145896268077195
4.434293293161318
4.921441565384157
5.783661396591924
5.347532218089327
4.6731342184357345
4.216896880185232
4.0191042250953615
5.068765955627896
4.960148520767689
6.572973660426214
4.540000925888307
5.634313719230704
6.094323935220018
5.255794111755677
5.788469844963402
5.1370876473374665
4.8823656922904775
5.521449059713632
5.236123517272063
5.474843465024605
4.88742543628905
6.083119516726583
5.041201923741028
4.590206824475899
5.357084016082808
4.604748381534591
5.32882502686698
4.492411596584134
5.017727497033775
5.224323349655606
5.499150782707147
4.532037402503192
5.685301425633952
5.482265174621716
5.02760537317954
5.273976299446076
5.203875108389184
5.20496923988685
5.373699559131637
6.112806555116549
6.083519229548983
5.131693222676404
5.2912928039440885
5.815708935493603
5.71997767011635
6.198237317847088
4.871835287893191
4.797509448719211
5.732960092369467
5.554108158219606
5.647763523622416
5.7056558900512755
5.592748581897467
5.172876634285785
5.236433422425762
5.081051729735918
5.09947768447455
5.733002948923968
4.333622102509253
4.787140772212297
4.665701969177462
5.27192441187799
5.553879932733253
5.237753523513675
4.929428018745966
6.121914284769446
5.647674791747704
5.067397517384961
5.59420608333312
4.983649771776982
4.866554768756032
5.78007310105022
5.31467071454972
4.237642252584919
5.604134492576122
5.031671096687205
5.441229931777343
5.392554144142196
5.558967197779566
5.97375948401168
4.985774596454576
5.065693210461177
6.0411389847286046
4.5039243418723345
5.544777733273804
5.721391031402163
4.922649839660153
5.656264183227904
5.044086692738347
4.54670182580594
5.715168121736497
5.731753905653022
