8.279957364313304
5.804693098179996
4.305959089193493
3.1036962335929275
2.620422112289816
2.613957420922816
2.5784419644623995
1.9056595906149596
1.431466679321602
1.356290802010335
1.0198293997673318
1.381115827942267
1.9421280710957944
1.8278262984240428
2.1022554794326425
1.4153432031162083
1.191439080866985
1.2794297037180513
1.1500209463993087
1.1250305582070723
1.3858721893047914
1.4014299928676337
1.5442118239589036
1.5122624144423753
1.3645164653426036
1.251830988097936
1.0829999619163573
1.3302482921862975
1.3254543686052784
1.263267832575366
1.0747898432891816
1.1735300350701436
1.2078439079923555
1.0329534051707014
1.1232502292841673
1.473966894671321
0.9814316999400035
1.1417583657894284
1.13378711277619
1.1264035310596228
1.2923333620419726
1.6207957790466025
1.2627630449132994
1.249523233040236
1.5055922170868143
1.3644252463709563
1.1942521962337196
1.2863022666424513
1.307797971763648
0.9549015468801372
1.1198101839981973
1.1422148627461866
1.242464647628367
1.0779055354651064
1.2391082672402263
1.3204409687314183
1.2713371225399897
1.254541972419247
1.0547576796961948
1.1359495287761092
1.095579054323025
1.2520277114817873
1.4918070601997897
1.250214301631786
1.1206499128602445
1.026567259686999
1.04338805784937
1.180851127486676
1.3465646501863375
1.1788677666336298
1.0862786411307752
1.2328750671586022
1.1721255098236725
1.2644618902122602
1.0948974105995148
1.4072615233017132
1.1238606154220179
1.149709997116588
1.1034823001828045
1.3507766460534185
1.264692528406158
1.1877764814998955
1.17896210658364
1.1845492675201967
1.1479665400693193
1.0710425949655473
1.0886333187809214
1.4310681842034683
1.3850121463183314
1.4208480168599635
1.2225746928015724
1.2550901649519801
1.1216075904667377
1.1972349369898438
1.2403834814904258
1.1767383345868438
1.2044831175589934
1.2158046085387468
1.1466322907945141
1.0367755466140807
1.121075856150128
1.1088607301935554
1.5397190684452653
1.2239180484320968
1.260568720055744
1.4181340491632
1.1117760873166844
1.1552391409641132
1.1065124054439366
1.2660795300034806
1.3150871397228912
1.071317036403343
1.1069688422139734
1.1494691169355065
1.2770708280149847
1.3402852894505486
1.2974741184152663
1.0840874046552926
1.2058372854953632
1.2996907581109554
1.149069897714071
1.4499440714716911
1.0985405464889482
1.4605082325870171
1.1727896892698482
1.3067699141101912
1.3281148184323683
1.0602138369577006
1.1041234160074964
1.307069052476436
1.3230000742478296
1.184636776917614
1.2734913997119293
1.1927408735500649
1.4681082029128447
1.1806507803266868
1.1552098692627624
1.105559050804004
1.3434296182822436
1.392852462362498
1.2766013861401007
1.399625005433336
1.1551239938708022
1.2106550459284335
1.1703430346678942
1.0588586579542607
1.1833251758944243
1.1898910916643217
1.51051915215794
1.2323084833333269
1.2136511554708704
1.1976492422400042
1.2476513957371935
1.029337890446186
1.3046204240527004
1.1867529934970662
1.3001699697924778
1.1920188075164333
1.1685242141829804
1.1775575017090887
1.1251329517690465
1.3189877616241574
1.1969632224645466
1.3747324967989698
1.3433105687145144
1.1905972076347098
1.2898203127551824
1.4227975126123056
1.1877599630970508
1.040712299873121
1.3714659148827195
1.2335411881795153
1.3944174231728539
1.2820154121145606
1.054447244037874
1.2241934074554592
1.2183930443134159
1.2832085334230214
1.1864593776408583
1.1081370112951845
1.2093307652976364
1.1605506814084947
1.137557955691591
1.135383851127699
1.2432095119729638
1.1729991576867178
1.529152799048461
1.103116000420414
1.2513814384583384
1.3401423040777445
1.314274755306542
1.0221284680301324
1.0980866110185161
1.2777894559549168
1.078913621720858
1.161485253367573
1.3820656283060089
1.4768841842887923
1.287584480480291
1.2061065540183336
1.223811177071184
1.069271816406399
1.1477106210077181
1.1264868358848616
1.3575450879288837
1.1866915613645688
1.3013823557412252
1.0439197844825685
1.1397985226940364
1.3089429482351989
1.4710542870452628
1.1601459205849096
0.9817395969294012
1.1546982148429379
1.307406963664107
1.2506247956771404
1.1015714692184702
1.3756881145527586
1.2558791955234483
1.106587472371757
1.154885693686083
1.140202330192551
1.3842142185894772
1.3229287958238274
1.3088493112009019
1.243743042461574
1.1993341285269707
1.2136393010150641
1.3811687491834164
1.2598249941365793
1.2498131812317297
1.0809882199391723
1.2603209060616791
1.22005386184901
1.194586468162015
1.1010197323048487
1.1650059280218557
1.2992006657877937
1.0786160955904052
1.1368299355963245
1.142937905737199
1.1814545816741884
1.2808389543788508
1.101958922110498
1.20902274758555
1.08475267898757
1.3999804919585586
1.3089787275530398
1.3948349370621145
1.1368225135374814
1.1051933894632384
1.2562571953749284
1.2822397231357172
1.2242159328889102
1.1578362841391936
1.2991150581510738
1.1820763711584732
1.253854768583551
1.1086331163533032
1.1174552884185687
1.380360933369957
1.2121294583193958
1.0874329134821892
1.129139773431234
1.1010795531328768
1.087738862610422
1.224209261010401
0.9833163819275796
1.344145095674321
1.3398707268061116
1.1770439617102966
1.3490921596530825
1.4686243131291121
1.03967901004944
1.206794015946798
1.1476383360568434
1.0535861114040017
1.4132248914102092
1.444497296703048
1.2009233104763553
1.2932743385899812
1.2581622239667922
1.1893070451915264
1.1872255341149867
1.053019089042209
1.3633137131109834
1.4339653827482834
1.252377990167588
1.2441802175017074
1.1163233143743128
1.2085106460144743
1.2669144718674943
1.5633602497400716
0.9763509813928977
1.240638852585107
1.1511176492786035
0.9459738860023208
1.4404620866989717
1.2714962960453704
1.2107179316226393
1.1046801883494481
1.2756024041445926
0.9225824543973431
1.0697449332801625
1.1850845203734934
1.1505881691118702
1.3039884357713163
1.587693966110237
1.2384948735125363
1.2383027236210182
1.1299935890128836
1.1365742563502863
1.114626516122371
1.2338966880925
1.039388649049215
1.3073778704274446
1.1801100154407322
1.2597405610140413
1.2765053499024361
1.2027655151905492
1.0777030710596591
1.0191219862317666
0.9999087237520143
1.3037028796970844
1.0395476672565565
1.1927393408259377
1.1690973801305518
1.0137347378768027
1.2807422697078437
1.3812078081537038
1.2497411841759458
1.2280668788589537
1.254739978699945
1.387669705785811
1.2679415517486632
1.123844165704213
1.3725155324209481
1.2421399762388319
1.0766935184365138
1.1344560015713796
1.3147599642397836
1.0845254248706624
1.1706280222861096
1.0489614680409431
1.2415768457576632
1.2205346865812317
0.9501011151587591
1.252297890954651
1.4049595840042457
1.3205386844929308
1.1794991055503488
1.177596436929889
1.5025902413763106
0.9714308644179255
1.1261669194791466
1.2625536776613444
1.3108128723688424
1.1350530083291233
1.1675169871887192
1.5119495422113687
1.1918142684735358
1.1570024905959144
1.1948600374162197
1.1825961543945596
1.3640523680951446
0.9760113385273144
1.1410281595308334
1.1897886524675414
1.293339082156308
1.3839519220637158
1.3152161929756403
1.0879500043811277
1.2391412189463153
1.1986870457185432
1.1505192780168727
1.0265893605537713
1.1610481664538383
1.2414318463997915
1.1075660451315343
1.14454036206007
1.2043863255530596
1.3481206323485821
1.1888272486394271
1.1386331707471982
1.190849004080519
1.2429015568923205
1.2094985301373526
1.2209029246587306
1.0888290238799527
1.284045362030156
1.0818257058272138
1.282079187920317
1.2078155818162486
1.3045084051555023
1.2686109718633816
1.1326914898818359
1.1807843347778544
1.284846078720875
1.1408640154404566
1.2677531741792336
1.234254416078329
1.2262325077317655
1.1064237324753776
1.0507466935086995
1.1731068319641054
1.0648406194522977
1.0885839548427612
1.2299337101867422
1.195828045369126
1.2030792374862358
1.101769037777558
1.2344805393368006
1.1862105440814048
1.33251657593064
1.1156628476455808
1.2160695710917935
1.0541391596198082
1.4791064420714974
1.1747245269361883
1.2143532702466473
1.2248680848861113
1.3881738325580955
1.2373705327045172
1.1401383657939732
1.1313542042626068
1.22217610955704
1.2118601620895788
1.2052732543088496
1.1799148037098348
1.3891953532584012
1.366346282302402
1.0393128208816051
1.3706535772653297
1.194532243302092
1.3196496289456263
1.1772978875087574
1.2652533868094906
0.9990404800046235
1.1383751932298765
1.2104541800217703
1.0163566449191421
1.1858486880082637
1.4084878637222573
1.2117480594897643
1.27841592929326
1.2852389729814604
1.3228101957356557
1.2084917975589633
1.1533229830674827
1.0931283000390977
1.3752340665087104
1.1689787654904649
1.481320006889291
1.2567208053078502
1.2395908548496664
1.2348512447206303
1.1692748565692455
1.1531433581840247
1.2134722279151902
1.3926468641730025
1.252348167472519
1.3352808165363967
1.2090535559691489
1.3645613649860024
1.202910894760862
1.107859035488218
1.1629354984033853
1.0821374253137037
1.1495820310665295
1.119551463983953
1.2660301222931594
1.2271469795377925
1.1895842590602115
1.012080306536518
1.2401711258571595
1.3827801775187254
1.3731595327844843
1.3018766877939925
1.2320506615797058
1.2052321473602206
1.2373702487675473
1.4383692509727553
1.340027979342267
1.400191580876708
1.209651122102514
1.1906137352343649
0.9954547707457095
1.2445043156621978
1.11050867929589
1.2556627133162692
1.0988571183988824
1.19499690271914
1.2389727336121723
1.4078781619900838
1.1874060357222334
1.447776750777848
1.383917097817175
1.21630821574945
1.1796989581780508
1.348325431230478
1.2765793193830177
1.1544875097461045
1.2270191262941808
1.1502126129344106
1.1357332731131464
1.130028433050029
1.1670550974085927
1.285005767364055
1.2685146521544084
1.2579640602925792
1.1481766062788665
1.388753178413026
1.3375008518341929
1.2420972826657817
1.3019852162105963
1.141943831113167
1.3506006174720824
1.1355824198108166
1.0984873508568853
1.3983809279743582
1.1629217078443617
1.2519831771496683
1.2857661310117692
1.2110953559167683
1.3460142898838967
1.0758905916009098
1.257094167987816
1.208199398824945
1.3195052057271823
1.2174084178404883
1.42795301892329
1.2648439158219844
1.2831697564106435
1.321955481893383
1.100527675356716
1.2709365517366678
1.1272804016480222
1.2553219775436446
1.2182158530922607
1.2527083797613159
1.0786147228209302
1.3142258325824514
1.2536680598277599
1.3882079406175762
1.3212606757879257
1.3066807695431635
1.388042361708358
1.1666266553802416
1.1906618379289284
1.1879587502917275
1.274993153871037
1.2854695454007015
1.1803856284823269
1.3952805413864553
1.423462673323229
1.2401224995264784
1.2587946245912462
1.138259010273032
1.2069907962577417
1.0759489712072536
1.2697670182678849
1.0931642515351996
1.1146941889310256
1.3014144317712635
1.259220907697454
1.3655863334424794
1.0980091399978846
1.3476083490531892
1.0597602406633087
1.2697214660001919
1.5119694872992113
1.3178271686192602
1.4436807143501937
1.2316344036953524
1.1809579278342426
1.1313301137415692
1.0358608695678413
1.3029408555012196
1.2809603818459436
1.35249829699751
1.1305566009832546
1.1276796626625583
1.3021090175025165
1.1500079304678366
1.4190488915191963
1.0168894902453758
1.332762664416805
1.0483421550597996
1.267417698400095
1.408185052452609
1.4738827089313418
1.1940604416886345
1.4649522150866687
1.151330831227824
1.1324850742239505
1.251580030308105
1.3759989228565246
1.2751616856548935
1.0460931058041751
1.3026903270510957
1.2298840824514627
1.022065450786613
1.184576689847745
1.2845446806168184
1.3512538177892566
1.3456023688195273
1.4302552483277395
1.3985196405556053
1.3106607692316175
1.076241401489824
1.2366579747758806
1.204884213861078
1.3696362873306498
1.2523970910115167
1.2151289600878954
1.2048282318282872
1.3591143348021433
1.1481070863083005
1.4309554242063314
1.4930841031018645
1.2955067253205925
1.2439818383427337
1.3318538249004632
1.3249456522753462
1.080536897177808
1.2245565876364708
1.3664695288753137
1.1476827472215518
1.2981646215775982
1.1753715137019753
1.2090379741275683
1.3757865783991292
1.3330370973562822
1.2002905762055889
1.0853770148241892
1.324797768611461
1.3111938200891018
1.2567026007454842
1.4582248675869778
1.1762406416237354
1.1882619372336194
1.179793912335299
1.1073504638625309
1.2532668729545549
1.2418006866937503
1.4631416930351406
1.0903438008390367
1.1459995071636513
1.3173409280134365
1.5489021107787266
1.376750105060637
1.170597099000588
1.0499740715604275
1.4159038227517158
1.3065688417991623
1.099433974828571
1.1091278293170035
1.2615503303240985
1.3880194738740101
1.1578997764736414
1.1786980245960876
1.2398582106688991
1.206404356751591
1.3075953441439196
1.1998536307364702
1.250501177739352
1.2984773793723434
1.13638690370135
1.4429891599575058
1.139016016270034
1.2559090110007674
1.4357405422488227
1.231134655419737
1.3083304362371564
1.0877206821460277
1.119317555683665
1.1159834422869608
1.3643208961002529
1.2571160376537591
1.2586011035600677
1.2440237135160714
1.4467563282232732
1.561434182105586
1.1973114338470623
1.4155923506477848
1.2457813564687967
1.2270361204864457
1.4126586228376254
1.3826318917563185
1.2755288474727422
1.3983146625105292
1.2814827627735212
1.0861799605190754
1.0462398772942834
1.3610299041029066
1.2494357938412577
1.4818627110216767
1.210841447697021
1.2174105759477243
1.2413227148354053
1.2188343948218971
1.2002879299689084
1.2525644254637882
1.4321896014735103
1.339118039351888
1.0470486178528517
1.052036618522834
1.1432128574233502
1.3016129622701555
1.1067618125816807
1.249233631649986
1.2132637959439307
1.2306358544155955
1.189692093175836
1.1785689797252417
1.1704613493056968
1.1602924492326565
1.1909199353540316
1.3601546094287187
1.2143600669223815
1.416488208458759
1.278510352014564
1.1691015637479722
1.209733317955397
1.3342568795196712
1.188787875813432
1.297579696867615
1.3415813239989802
1.4504941819468513
1.2812036224640906
1.1849064067937434
1.346390058635734
1.4567857151851058
1.2777352692792192
1.1782055244548246
1.2002977379597723
1.231642679311335
1.2905500237829983
1.330483995610848
1.2627912135794759
1.1224976106313989
1.2369962652446702
1.330758165451698
1.1690052029443905
1.3135935174068436
1.1688742586411536
1.3106074519455433
1.2865705348085612
1.2548656448489055
1.2853030489059165
1.2902578682405874
1.5398247950943187
1.140927474014461
1.1930499048903584
1.345835565472953
1.3541412245249376
1.456540760002099
1.1533709400100634
1.1879159110831097
1.2811259342124686
1.525938780629076
1.2887931673321873
1.2269363548839465
1.3411440360359848
1.3691925631137565
1.464075393974781
1.2508314638398588
1.183469790033996
1.1932492933701724
1.328084797714837
1.2612040371168405
1.4506599773885682
1.2646622413303703
1.1364310004282743
1.4154212952125818
1.1636063202749938
1.165500057162717
1.3983986150706187
1.2827863364946097
1.2143254317343235
1.164083979674615
1.1955852913670242
1.2644149279221892
1.1255968876648694
1.2782849331852049
1.368962658685632
1.357684526243247
1.3884397110668942
1.2233597550075501
1.2075798058649525
1.240677649504505
1.094416234525852
1.2881894760066643
1.2131356729660183
1.314574389369227
1.243695319397375
1.0723551326664165
1.289397286833264
1.245350091950968
1.4399456661194563
1.2556753122480586
1.3005728516727686
1.012432060088031
1.026157348882407
1.3346733580110595
0.9595210686675273
1.2369626278523356
1.3713217274053022
1.3709559913259
1.1641470910981297
1.2576752816094086
1.3587433459470049
1.2264638082124293
1.3656428628601134
1.332076539285481
1.2537707393057644
1.286700423574075
1.4462356894509867
1.4195657769450918
1.2953539728187025
1.1327853311086074
1.0230907599907368
1.2189618601696566
1.0991281425231136
1.0565391018753871
1.301348082255572
1.5145068496931344
1.3751818413147703
1.393580234842375
1.255517145851627
1.2027059433748946
1.3967639135662466
1.191274807206355
1.1679038737202063
1.3284184414660558
1.484598333016038
1.0594147343654186
1.10441165312659
1.1914177268045023
1.2784811671590433
1.2002747671213
1.373167745070532
1.3373946280917153
1.3447170663857833
1.2386742638191208
1.5265619341516867
1.186020832741633
1.2289150474825874
1.3082441606093198
1.0881313188001513
1.3019819027977064
1.5878914759960026
1.2460909959627315
1.2177691600518301
1.3235293157631531
1.2262918230844662
1.37623623770196
1.2790900939144194
1.2521790501195937
1.2056535999290645
1.279113195836544
1.3177328928140923
1.1594875935697928
1.4023821693845093
1.422072988236323
1.2932639172067866
1.3145854682661593
1.2737413787981495
1.219180854735896
1.0621079014381394
1.3947282250737771
1.3523263720562682
1.3606444456381723
1.140651284949854
1.3774948688223958
1.4600286764325574
1.405100490548648
1.5267535028979182
1.3237995700910687
1.1945291728479788
1.1417104337597266
1.4683603689773008
1.1097184090176597
1.3662357232533395
1.4886599383316934
1.3803458350012079
1.524861073703505
1.3489115536212921
1.1591700678691268
1.1969778751954436
1.1486142247449607
1.4204861357575282
1.4521985637256876
1.2455636899685487
1.1600915001472458
1.3684820348862559
1.4542972239432856
1.3357339174253866
1.4696477077668533
1.4281898990739137
1.0950920532923192
1.0605136725353077
1.1054857197450474
1.4087533876299858
1.4337054679635912
1.1623529280768707
0.9920724973198958
1.3987928421702236
1.1377115577924997
1.3794717410346493
1.1022018287330866
1.1818916474003345
1.150072414544411
1.3709073457866907
1.5667136114789173
0.9312838095938787
1.3890211605466902
1.182212359388359
1.4018178099067882
1.245315664098598
1.4651496446458623
1.4272356337169185
1.329400852206163
1.107181906583719
1.2582568830111995
1.1901855017058551
1.3807723984355107
1.3425670370925218
1.217648395919241
1.141328229336068
1.38464159774594
1.215401618159376
1.283304362441413
1.6001987557392567
1.2826664632884786
1.2760458225384355
1.4194030549842864
1.3987135937204584
1.4781259989831597
1.355060463072732
1.3191161199938506
1.1978180039441213
1.5580870745470747
1.3433695643907413
1.0796081243315712
1.025726729654707
1.1844961534952745
1.2324606026522815
1.231855474645272
1.4104001780506223
1.4566959070507437
1.2522999797947705
1.1043358073802665
1.175019174697809
1.2033660195302218
1.4466632516123354
1.2675126391695812
1.4888766261283308
1.2234128575073555
1.2337893289513886
1.17944162490312
1.3510629805969074
1.1450379717862234
1.2736881386954337
1.4698756729485467
1.299709869083017
1.5044135135831311
1.1382932985434309
1.1050490517518483
1.4537285473197699
1.3738076728768647
1.152820889488794
1.400173609261401
1.192193784052506
1.2674312775488943
1.3710492007667199
1.3181101587833837
1.5465338805224746
1.3234767855610698
1.1208130961749703
1.2322689689463004
1.1436959139537066
1.2724756094394252
1.1586384762777016
1.3712795475730672
1.3366784912068397
1.2862241936381906
1.4885416874894872
1.2652688862290233
1.0003199249040335
1.3151011845329776
1.0733226459706202
1.3535989698721096
1.5734281212789938
1.1800210806541145
1.3556119280401617
1.3695496594300494
1.37226922030095
1.0147213765303604
1.2219139223452657
1.1231940540019423
1.203205679426901
1.3605599213624373
1.0671152634895407
1.1688519242452458
1.1181436000042595
1.4567803048994392
1.0897622565971687
1.0937484446913004
1.4619531884090975
1.2197557816980407
1.1828160713193938
1.4560668162303045
1.2806412735953927
1.4641560318414122
1.2442472047405317
0.9248732132837176
1.133384563960135
1.2811842181254178
1.4595176705624908
1.2151596792973578
1.1516419885447249
1.2579622773919255
1.2467369012301788
1.3308591338573024
0.8643217951757833
1.112331307376735
1.517931730602868
1.509169752127491
1.311886815354228
1.2643967358162627
1.1799346355255693
1.3126917914487422
1.2825123424408957
0.9911082028993405
1.5156395911471918
1.3535683108493686
1.3730971901677549
1.0844560184632428
1.2460402951110154
1.2611458521569148
1.3451919223880395
1.3695727683370933
1.4806698507163674
1.360950998379849
1.3316500395303592
1.419823884149082
1.2633787932572886
1.3221658517140895
1.3213417589431629
0.9812089040642604
1.0204541256534867
1.4110952904447913
1.188595823245123
1.3885377062251791
1.2691601674305275
1.3974004117771983
1.1688297454966232
1.2793268652167171
1.2043756721541286
1.3949662260711193
1.2216628388268873
1.086699347360991
1.4196611426305026
1.2942554282490164
1.2349689613329247
1.1884857828263193
1.2243810020154342
1.261051402776502
1.1953143306309357
1.5666169170290232
1.2684067571535707
1.2291936597321182
1.3286340397316962
1.2540766473393887
1.327155394712463
1.4038242989918217
1.18919833493419
1.1977451430866495
1.2154392948141322
1.1499974188627675
1.432758440147154
1.2986765638925135
1.0342231761314906
1.3148143312428147
1.2857908573932946
1.597532019019127
1.352103870245628
1.3321692236931995
1.2403370360843837
1.177016461850144
1.3827773607335985
1.2194312829524279
1.2793230406241491
1.2416970591293648
1.1394440705189481
1.3850222416222095
1.509577872697264
1.0522084846161306
1.3871203421149403
0.9369398797280155
1.146036200108938
1.4564422173425555
1.326101831975393
1.2839636526769027
1.4102973601548001
1.3951410840963945
1.2075293122325093
1.3632432938320562
1.1302441435982473
1.3282957633491606
1.3445598111720756
1.4400281511479989
1.2588744825916365
1.086653385660611
1.444626241689548
1.159962807840202
1.385252992855385
1.052254069771152
1.664301406010054
1.1284217140637338
1.3778493404388428
1.215447096270509
1.4490577139658853
1.2317748677451164
1.2784378902288154
1.0474214543355629
0.9963335889624432
1.3088636599713936
1.4031687822425738
1.1984566603787243
1.257848832756281
1.3648604644695297
1.1762320912675932
1.5302491213660687
1.2219283219892532
1.1986144230468199
1.3054559312295169
1.4074619867606089
1.3732362452428788
1.547195498016663
1.5342437793733552
1.2205529802013189
1.1307707371888682
1.0855158857884817
1.1066083115292713
1.276510420255363
1.1556222793878987
1.4517291638767347
1.063222855096683
1.3204476991668344
1.423770691617392
1.0340452937525697
1.3499207586282864
1.07356041908497
1.4498618406942114
1.4979213691549376
1.273429847205989
1.0549701664713211
1.3011436321539804
1.2782128888648003
1.3243985456647351
1.1421759846853092
1.0927694176789373
1.3710607039975002
1.2332938328618184
1.3391828939784318
1.0406333645805717
1.258858235552907
1.2092039858689532
1.296221403288655
1.4056080968584865
1.2284695628331974
1.0655219715554267
1.1143684858689085
1.3197432565502822
1.6001330334693193
1.4339604703709483
1.5219323829514906
1.195054721320048
1.1635117629775777
1.2217700643232092
1.2746596010401845
1.2232860224321485
1.324945563217625
1.270361214526929
1.3892493998864666
1.2501589807216078
1.4638969713123515
1.3261049480643123
0.9658918183995411
1.229354196228087
1.2882767411647364
1.3287174482829869
1.2516529086278751
1.3616643205750734
1.2845835338812321
1.3209607771132141
1.397061437019147
1.1387020162073895
1.0390176633372903
1.0507162130670622
1.2452389008831233
1.2734660828718916
1.3195443004369736
1.122272344888188
0.8683933857246302
0.998920384561643
1.3848646737169474
1.1388406311161816
1.3958654893795028
1.0823609140352346
1.371900847996585
1.329256045515649
1.440086348564364
1.3022743213223293
1.3731451140483841
1.3047845149412751
1.1858095646603033
1.1895053760381415
1.1018340861191973
1.153327811975032
1.2266222484176978
1.1859462303109467
1.1844108649529517
1.3751391035038978
1.1732632626080886
1.2745429411297664
1.1972053940407932
1.2097681938903406
1.4122426729882136
1.1107319862348959
1.3215070003643632
1.4232682239962742
1.4457956455880776
1.3650338788283989
1.437371808104217
1.1923960286658257
1.0589028069516644
1.478981637977995
1.1946322453441098
1.3638291526585817
1.2684730291366577
1.2521806326694787
1.2615111958002672
1.243188478401862
1.4764023419702426
1.203173570218496
1.204001174424775
1.1270604097517207
1.4927780379075557
1.726494307629764
1.2753005151171237
1.264405319467187
1.3287676773034036
1.2300360351800919
1.0802090099314228
1.3345463038422167
1.2920228336006403
1.0825158773222938
1.5299589021597058
1.2205003731651232
1.4763944949954748
1.4641123751644045
1.1621912100235932
1.2329207614529878
1.3490994800813496
1.2419566554017365
0.9509947295300663
1.4574881123844534
1.3211059878813103
1.316598366945982
1.0853380771586671
1.3860734730260447
1.3587431627092883
1.3565588779747486
1.2044481330085546
1.2150491339853033
1.3124822744866833
1.2297095314133912
1.1959993252530694
1.151862167112995
1.4686024695402011
1.2171431751921773
1.4432395665207878
1.3878621889743954
1.1952289628097787
1.4883714327588677
1.457933520548977
1.380886493017897
1.2737828691024333
1.310727312345989
1.3265419126255438
1.2837991485139355
1.2771233710227534
1.0586067431722768
1.0925092760007828
1.5464952801121399
1.0757699374807999
1.2275695524876937
1.3027754933573306
1.2092609719838947
0.9134618705720641
1.1535357681568712
1.2201151542831212
0.9675020835129544
1.0496217099716887
1.192413653829135
1.3587222675560042
1.2740924508543685
1.2130294233793393
1.2092492434894666
1.2845616553677246
1.1461990075185895
1.3435157575877383
1.3131442884914577
1.2407448200974613
1.459578584996052
1.2403276241384447
1.197808460565284
1.3688752150628716
1.2763069352367893
1.4395814223680645
1.1734128636308014
1.1791598413838074
1.3665244615403935
1.2127570097800344
1.1813770656008273
1.0479631141060963
1.4046837094938383
1.9039341222960502
1.1355713189113885
1.1579810348339379
1.3776068619918078
1.3171829127240926
1.1502683070721105
1.5480497961398214
1.258465647464618
1.265826425747946
1.2357306090416387
1.4346872966270894
1.0723789103794843
1.0936779459007084
1.4937774187419564
1.7695588533533737
1.675931298173964
1.253857162897475
1.4034069841727614
1.5004947525449097
1.0944873156258836
1.4814461808418855
1.10357427818235
1.0861650310689583
1.1478174406802282
1.2535545140272006
1.0970961754210293
1.3372419269289821
1.347458783420734
1.1702350688865408
1.371454059961252
1.2407189660007134
1.2181375732179731
1.5721062511438504
1.365144722047262
1.460273468750529
1.471320639597252
1.3706684485077858
1.1895123723661527
1.4788170554675162
1.2200552083086222
1.3515537262428552
1.2075471478747204
1.406884302617982
1.1432404236402363
1.4494193989085034
1.0816488798009232
1.2070895388023928
1.2253538891673088
1.1755794821074232
1.2157988578546792
1.1949030655669048
1.2969869930529967
1.3609731280012056
1.6835813135839999
1.2658575491514057
1.4430281122913584
1.4079091744497418
1.423365252907388
1.3504985156469047
1.1323412816273049
1.2339297370053828
1.1252637145807967
1.2040468311170116
1.5251661938382313
1.2916014526272193
1.3525764557998627
1.4242200281005353
1.222703708219342
1.2407510214252397
0.961677260173019
1.0918753755977377
1.0403979915427044
1.0459265009849332
1.2052941046422347
1.4617331348126754
1.113913384033367
1.221785309491679
1.2572914463235065
1.0734183233580552
1.118200499447994
1.2444670997792855
1.2108115097507834
1.1658800151199102
1.2861950056394562
1.0509602300589904
1.391993701341562
1.3980511431582272
1.1324132215231657
1.1598360133357346
1.2404031790792942
1.3879650702001527
1.3271845654817298
1.221481492742896
1.3765654149465263
1.2431814377196133
1.4926429459592327
1.5188312489772215
1.2624832132132724
1.2817351152189076
1.3077025728998706
1.588388481643051
1.4484863262623549
1.382382616517134
1.2262528685387224
1.2577741463901475
1.1520536430180073
1.0782728798221797
1.1936678778147325
1.2332829302176833
1.648503644973971
1.1338393334299326
1.1875656300690025
1.226684186491184
1.3905644953483716
1.10638705000747
1.3049708261387423
1.3924665953963995
1.4608872885582969
1.2060987234581262
1.0132026313222013
1.13002038851846
0.9878054747823626
1.34268214344047
1.3060758236097172
1.0830552962142974
1.4734406935749575
1.1113616117509082
1.224779553944245
1.346762431319803
1.2448880386073142
1.250556658487767
1.219368988298811
1.634090522886254
1.3789319721981883
1.5064347384031862
1.2469498494174331
1.2589834521058947
1.3459701297106221
1.115528634400107
1.0929759574355558
1.262550316983834
1.4058668966172263
1.2649864717386663
1.3799801076529548
1.258112769573927
1.5662014111876488
1.1548807999351993
1.0618048261967488
1.1811198242940009
1.4654501783661544
1.6922244428424165
1.4998608177993447
1.3588403472676873
1.1184254438849166
1.2765902030514553
1.463837522198446
1.2685519757214934
1.4050121693871915
1.343846382922493
1.3164757582126185
1.1161612134892493
1.1332121740560979
1.3879838065477088
1.189288504072465
1.199873753474094
1.2248296649195254
1.4966695576440543
1.4353035755921155
1.32862191577442
1.533387100091204
1.2504788119113073
1.3155586572829634
1.025537760113366
1.194753009476699
1.1001986932824366
0.9334632428945042
1.3502533396240324
1.4096430192003027
1.4450028869323432
1.10911408404354
1.3527205982245505
1.0715324339689687
1.1118604562943801
0.9400386400520802
1.131402859929949
1.3154869449790567
1.1363520295126364
1.4284831805853173
1.1370398721774109
1.287631367566064
1.3404943360947073
1.249509949120693
1.045595982344821
1.2500816377578303
1.8333184346556664
1.3979492302751169
1.0044189699110575
1.1301446144934744
1.328943467582576
1.0891511931549758
1.2360274078091606
1.4232343918411061
1.197193024912849
1.2055549956858158
1.379166584694758
1.250318379024975
1.1800636569969356
1.4335621567443013
1.2715716172242537
1.537484374595806
1.4252826973097399
1.1212548724142835
1.193298060214147
1.1978426903951913
1.2781129124341533
1.223714702646248
1.2448869223007932
1.2734951340826228
1.5482555626658723
1.2913682562066242
1.233489945763722
1.136473456863314
1.2583863642066717
1.4413657890399918
1.2801770055666566
1.0558357149129733
1.0490870017674752
1.238822198472917
1.2923523004865274
1.2796328134136274
1.2483755463035777
1.068224232760258
1.27741217170842
1.303575326805003
1.4595106644555926
1.4559672340983525
1.3256242332281545
1.1142326570115983
1.2476829575607553
1.4713201402919367
1.4277436721604317
1.4925727696390823
1.4832718604011461
1.4757950878702104
1.402405941626057
1.2099006907083094
1.2361510085174814
1.3458486879244447
1.4788819577079266
0.9626925772172399
1.204877759097144
1.1816126671619713
1.264487179229036
1.3267786104697734
1.13413398724515
1.195370183326304
1.3947992358589545
1.3201473378576338
1.4265572153963149
1.0913956923177466
1.1724911723285913
1.3606689857551828
1.0176112678600475
1.033843447221443
1.2026072568260133
1.108261369052343
1.3259981527226046
1.222450416884385
1.4259598557837307
1.4773082229075953
0.7723806974245235
1.0812228039139882
1.3571221153251827
1.3270463715307415
1.253089532139711
1.2217367017874494
1.1202690206700936
1.2240601910743862
1.2128751602722332
0.9509225251385942
1.1043603110592812
1.4478995713870972
1.2822436554124579
1.2453040671534836
1.44167045596987
1.287889648694545
1.1285705553600565
1.277682752115652
1.3594287259038538
1.3484829338267446
1.4890649586450309
1.1933886939659715
1.1460976813687012
1.1796384350163862
1.1275165615370497
1.3015277446247637
1.1999377375468612
1.2342120538232848
1.0058082371251658
1.421904442831874
1.6438836682355031
1.314344378770329
1.397282667341642
1.2148084150394425
1.1380277823191136
1.227502393303439
1.604050457244739
1.2817387499380857
1.1107242312282324
1.114266426244285
1.4025512227090076
1.3797331338282675
0.9776497390121222
1.2372575426707044
1.1913772660773247
1.3837029970018193
1.460080083576031
0.9983164854929782
0.8874894517939538
1.2339534648926929
1.0202090931707062
1.1521895850310102
1.4535849581006914
1.2545209144009277
1.3052683201385662
1.221899357973598
1.1578162420773879
1.2551929146284238
1.3964977923315018
1.220656237215735
1.1161276270868257
1.2104132612003013
1.4557610329939052
1.1146962710190564
1.2478732963791117
1.14787147694733
1.300823103520088
1.2888901151018217
1.4251065109856427
1.5437636087881401
0.8563599713379517
1.321959823020734
1.1442639828892425
1.3857296764617786
1.1745589644415304
1.4975356702925637
1.0962903596227989
1.0948184815933928
1.2906927221920341
1.2716969416942447
1.3162770055932924
1.375091558904387
1.3224737825803459
1.3715666200732812
1.4654233277542517
1.1011592943686992
1.2680065142922103
1.5134567606728524
1.4000691382680088
1.2337013768265024
1.1731507767690346
1.1042356215184554
1.2786701387958601
1.1447454736335203
1.4576202534371987
1.3792036676313728
1.147816890035756
1.141521081677638
1.3106228094547987
0.919045536313206
1.1785327057586983
1.083814242389053
1.2184464003657922
1.0351911733159795
1.0862605886068195
1.104575711186044
1.1415869693737477
1.3225704719079658
1.246473265811801
1.0160674710059538
1.246339856996201
1.1003850412089378
1.4437725588213652
1.3668193107005209
1.3201027144677937
1.570841362583451
1.4155503793153912
1.4725793063407764
1.4931789803085849
1.4150992331560701
1.3570336570264772
1.4657274393830448
1.35277320118621
0.9854397751041688
1.1927726707654074
1.2794581265188754
1.3009015693096444
1.2358466606820002
1.0653558298945427
1.4679182303370908
1.1085148422280326
0.9470591797144152
1.4246560400351882
1.256297146086581
1.422600538819097
1.423259774921462
1.2282923146849498
1.1157295862212777
1.2341901378240436
1.3290282691596076
1.3824777472764254
1.2968783308751881
1.2846310099121183
1.0947694781934842
1.1400531220715493
1.06774220027728
1.344111869810149
1.1704615524504334
1.333337586489506
1.1238692865008488
1.4209276012843475
1.2503504884662107
1.3406943903537467
1.5079092632513493
1.3178951224545017
1.4314426513155922
1.3684510953025892
1.2145432571414858
1.4276173404650763
1.2454473191173747
1.4962716376176104
1.36250763584394
1.5155903826234862
1.337092912872322
1.2540637131314725
1.5924911935580894
1.1220482054632157
1.265765395364724
1.4958894851151854
1.4064924992853776
1.2584316584980115
1.068641714984551
1.2558463492896408
1.261872601811774
1.1454600467113778
1.1763047652784735
1.4796906796982512
1.1932642256142572
1.1731029843213037
1.2357433662982658
1.2478654709411785
1.458014786359854
1.0725987278856337
1.371113409055397
1.6679331662598997
1.1878926312783733
1.5333871056791395
1.3184473681030795
1.1460694514680654
1.4034463146235794
1.3873129893327132
1.4048157229553908
1.3697220409521833
1.2827080942224711
1.3716707199346274
1.0601154938340187
0.8865837489720434
1.2206725251162425
1.233006420196034
1.3678648420609534
0.9428146209102124
1.0224533083382994
1.1897424068301916
1.2130166895221919
1.2726299780188128
1.152974710566923
1.0994233103119768
1.3193278427934274
0.9123970266082324
1.3156307066092268
1.0049128502141684
0.8958834195509553
1.1181141707929783
1.1318751154467463
1.0535964570008218
1.4309017999330536
1.3371046899119392
1.311500898329541
1.1940504170488566
1.4220416089519858
1.3274165564216673
0.946164584311191
1.102393525536172
1.4572038074256852
1.3757764876354486
1.1017306977882981
1.5083735840162262
1.3755463815759867
1.3545608524000272
1.5449878303334117
1.1669510912615806
1.4468369868118316
1.274121101363562
1.241714795352891
1.3451601419365034
1.5627557456027716
1.5401487027993426
1.3477289711590856
1.1889202446909621
1.1791236732387915
1.230626983102411
1.125730185653083
1.553647423395887
1.2687834000680596
1.3195102609461173
1.2307558361208066
1.266679433756508
1.1739518086542375
1.1760618281550705
1.7285197240998968
1.0435917660361156
1.138412523898296
1.6089018067577854
1.3876858872827142
1.5221407595090568
1.1744070742279291
1.2326021597255021
1.2763420385308564
1.3625412284163758
1.0811179843731225
1.2730557853356004
0.9791851501213387
0.9107565235462971
1.0710956056136638
1.3421459558885545
1.3202418161090463
1.4800199071178213
1.3507206153590232
1.5200590717140585
1.1957579891895875
1.2147977305576205
1.3930126875638962
1.4025045114103705
1.2404848542064428
1.349173580063507
1.071877252892591
1.1866159789497033
1.2046111170202494
1.32211834914051
1.0536642372608185
1.3761395070469007
1.281483133789152
1.190905366325751
1.2511623410973698
1.4650081696454436
0.9855221507023089
1.446090166340582
1.2216066328110173
1.3531044496921822
1.2018452289048582
1.05627926037414
1.084493443951942
1.1606151707237586
1.0671044486225583
1.3143579582683742
1.2539810795569792
1.5295805395580828
1.3356467438861728
1.4559298806125298
1.228132181800902
1.0659735625376925
1.0765084688318893
1.0996568284463137
1.182043778593652
1.2749757851706818
1.1005699795205146
1.1673567794496194
1.134806678746827
1.1665542104747146
0.9893869010847993
1.3501934523228556
1.420810544746928
1.1935213435208425
1.0737363520311192
1.1892729740357026
1.1825503488071263
1.3478082650108263
1.1549286937806755
1.1153076722985134
0.9856560326297767
1.3852058387128636
1.1020814803196117
1.2506040141452104
1.000892301904969
1.177564141806215
1.399535884265788
1.0281551394145936
1.2329545088578016
1.0113157882587984
1.0591671967413276
1.2556480132043362
0.9516665316768922
1.1262971988180652
1.2596731079975143
1.1566950049018487
1.1838242131052539
1.2083219644846395
1.3633318537613377
1.3982736845500767
1.3980618620989844
1.6717228365596384
1.1728781396523118
1.19996857480146
1.0041086456621997
1.4414186710491776
1.2001230908790603
1.359377381275408
1.283134818659164
1.2342778054298833
1.2112352438271046
1.401284011779353
1.424011661671102
1.3302394627826288
1.165371315088123
1.0501943574054167
1.3238842994906008
0.8168110933620483
1.4963186489185318
1.327339735464193
0.9960994643042795
1.1390041082631797
1.1731841043801978
1.4219965140800923
1.9381603413494304
1.2697316855192184
1.3530733142979443
1.4553367727203295
0.8331961163785309
1.1616207513725385
1.2376391241559759
1.0865330207161605
1.512548011727631
0.9914975417777896
1.1210925406776369
1.5227512462297454
1.274713288526982
1.1675622180337086
1.3266639588400722
1.408289844286628
1.316098420531489
1.1150378237944096
1.262223580502905
1.331891073146835
1.2940579855348915
1.4198047132231295
1.073011448374018
1.2191048313397914
1.3074638476828113
1.1986900666961446
1.3179849992739037
1.3635727002983913
1.201957335579209
1.253325674799271
1.3300492448033765
1.4391740837600082
1.0560162442270666
1.41520185302943
0.8730465444969013
1.4121477961307392
1.2294258225010708
1.0674613524461165
1.100364743033424
1.0183022678247653
1.077568470267579
1.1201800020644441
1.2622659465996549
1.274268562789075
1.0132754052174278
1.5488177576335147
1.3891171937575564
1.282699252362363
1.4047196240862831
1.1029268826823682
0.8764804264064878
1.1890307069988921
1.2394093989860266
1.3751479596830904
1.6457310756668448
1.1082737985998392
1.0759753598831594
1.1708959835814312
1.216256877174601
1.1722194558242336
1.2051701669115573
1.055748034734279
1.186832896899432
1.280916886520572
1.5759658101014793
1.343470837105997
1.6097120951162651
1.2582682552747428
1.3824372218223289
1.117481997644063
1.5107355628861114
1.0594479042338207
1.540801609866321
1.492957387235947
1.2134125956799835
1.180064654443413
1.2240058338502422
1.1207593192812055
1.1980664771981537
0.8387589668272994
1.1817363718291745
1.2829763541230932
1.1511910004774109
1.356798482593149
0.9840546838240698
1.3749884949065745
1.460135816829279
1.0769380616256967
1.210197012173012
1.505746760754846
1.1930913872784004
1.1452263743849471
1.2500639703357592
1.2488236670615152
1.3301053000614047
1.2846793725620955
0.9396808267920278
1.2390379577409476
1.2302570446627215
1.1103260389645584
1.4036542843095958
1.2740944668184966
0.9891597282839939
1.18164920527488
1.616994109004736
1.3673406962770969
1.334250660147518
1.5129855694249272
1.2482339824782684
1.6264483933337033
1.1345365253509954
1.1755088730715215
1.2773671810282394
1.4315104273846373
1.1944986510789022
1.6377487349091098
1.1055078654317185
0.961724016640801
1.1611708988202736
1.2033862296957523
1.3554521322948858
1.4940576941007748
1.5180029787588865
1.4970519276103005
1.333920627599582
1.545037949224934
1.1059925998561084
1.4463537819683552
1.164420930785127
1.377623620792292
1.134767449751962
1.3284859649138525
1.1974473590962589
1.2127210545586422
1.3025638767285272
0.9763924584840424
0.7616655902820639
1.1534860673127696
0.9436635060119443
1.2161326553905383
1.1652749354252592
1.208973845699802
1.2331545640481636
1.0548601313494146
1.1985439171548933
1.404054980026558
1.1359683198388666
1.031961990869604
1.2318117195973173
1.040402025450021
1.267023250926286
1.0977897184202448
1.1512247037608176
1.343543377239257
1.2734014258021489
1.4877318447688594
0.8729874543496408
0.956182855705265
1.1044912352226675
1.033825617923867
1.2283413379918784
1.129921794286929
1.1746072634123266
1.5280183830764145
1.4193752525607124
1.2083516586571932
0.9498751534847543
1.0342422151006758
1.016272907552775
1.0504262271570042
1.4843511278741062
1.0979481877875514
1.2309617443243042
1.3767714849673212
1.3281738774385303
1.3281741089886054
1.2895293148467317
1.0758910714648664
1.1895438312203623
1.3417564067058265
1.321628348552622
1.1915508833480999
1.5631708280416206
1.0992182668996975
1.289402743219398
1.1098984078271315
1.3218774349661544
1.2001309138722718
0.9730356908403337
1.1314223838271573
1.4076836404856294
1.24224813003093
1.233760608942248
1.4518907265737653
1.2022762339329347
1.1247909060912207
1.274649454280734
1.0721178812673315
1.2105922376504168
1.1900300012202933
1.308063111267984
1.2481259992346168
1.1946642640978098
1.3301071795867756
1.2237762317527086
1.2501867393730208
1.090272209374234
1.445824355701916
1.3964053231757134
1.3244440032867715
1.1136638250900432
1.0755997505038977
1.0738442793372087
1.1543166128685698
1.0446712901466526
1.2796549855265766
1.118568648234941
1.1833050531568006
1.1153817422455177
1.3451778083108366
1.0700048682047054
1.4892543180612847
1.5762801360106096
1.088353491970338
0.9245805781101808
1.4778757746098563
1.1169683262123726
1.3505436533596367
1.2232958209933713
1.5041040047071874
1.3317084127338603
1.239706730353646
1.2364042808767408
1.5041086421115324
1.0701974397525191
1.5039056855021045
1.0734375514439307
0.9026105610537343
0.9052618695423007
0.9998743090545759
1.1790826705982909
1.2806349043967202
1.0863499019760638
1.3937548209214583
1.1089942891849205
0.9016520958393812
1.1203893671627156
1.0389779971446842
1.209265562123619
1.1624031824758276
1.1748984203441069
0.9785885738674551
1.1713491108966991
1.1599740415695123
1.0604784924653359
1.0893429271527566
1.14479402708821
1.0101260680821724
1.3478376059792936
1.079054259811528
1.1840291462140158
1.2735023428685963
1.0270337276160717
1.2115399850299582
1.4514686098555103
1.2261882937746122
1.4496802270878106
1.385740841506049
1.0571609513135627
1.2190044336020947
1.097653107077349
1.2734790190588683
1.1653010554146022
1.2402950156247243
1.0874318630667403
1.194669412681833
1.4813277983339503
1.1298373332247138
1.0617027280386537
1.1953264670446515
0.9341268570860848
1.3439044133992866
1.1098348753293976
1.0298253718647175
1.1191030552145094
1.1679247036809102
1.3692565965466201
0.929324971686583
1.2508326979586855
1.393860258976929
1.1802276407834142
1.2224725320702419
1.2883638755884022
1.198391551268287
1.388262483640574
1.2846173302968964
1.170972776133567
1.19645736948587
1.203669989015907
1.2395174241391942
1.382809376111254
1.1575647729914635
1.041855774819851
1.2336987770395353
1.2512469555949792
1.4598636390874162
1.4544885591603816
1.2306671428959817
1.1721382399555296
1.370227126753889
1.2055255000013858
1.290513722691685
1.1665605537127703
1.0927079933462664
1.0441941821482033
1.1883926802547649
1.2327001185622066
1.0070410942425951
1.255847366526723
1.4553837176645175
1.342334413784556
1.2582943750312552
1.5326358013553545
1.4045873319264501
1.0649702596128918
1.2079667490907013
1.400501778232865
1.1923156342236325
1.5431101593421772
1.6171507688704878
1.3354642699705437
0.8883478727075271
1.307867469266057
1.0856398301548325
1.1119716069079004
1.1807131045497954
1.3982423926936463
1.0801042665261775
1.15917023725342
1.0043353240471333
0.9121636207564734
1.0992893493385054
1.2264957716688514
1.094828432193026
1.0313037547748536
1.247909085941501
1.08212387165986
1.4355705754132941
1.1771473765838891
0.919037920772098
0.909065977379214
0.9705350589356385
1.2754211940336972
1.2296407629037276
0.8808768758899532
0.8476646521594375
1.2489232630468905
0.9798808100167662
1.2557754021836445
1.1752909370698035
1.2304951831465587
1.2952838760102168
0.8795215539867058
1.358459722949192
1.1922059390926734
0.9095246423967183
1.0770357300061733
1.2619922684971243
1.2244224094320089
0.9900382577907294
1.2872298149159178
1.1676890923408791
1.077556086005643
1.1721221200423315
1.386883152415976
0.9218556327396072
1.5965310895117
1.4526341201271862
1.2373255280544981
0.9561792126623914
1.3237711722031236
1.3141332414234057
1.0558717417879961
0.9382282528094947
1.1574373615439981
1.235077353892848
1.2769230088451877
0.981252959871199
1.347743782447651
1.2365888451458886
1.1356489775935188
1.3510595626430586
1.383325190632604
1.1987236237619072
1.164429210824892
1.449066555709578
1.312612009816803
1.1588344876654446
0.9637233426328748
0.8919145886320621
1.2587288259528577
1.193931146292016
1.2518498878926039
1.0047007832909003
0.9511625116574578
1.433083922136575
1.3889889024430886
1.37944503093604
1.1746936468407512
0.9333719185669906
1.1847564788768068
1.507702142582275
1.157828745781444
1.2276196059538051
0.9679539765347727
1.2240332051296718
1.3328374193515629
1.253280119271949
1.3089088103733957
1.3030586714157835
1.3113704685820267
1.434082428109832
1.2019078688463196
1.025553434388712
1.5565560716204345
1.2357260674471036
1.1503380668582395
1.0958203538320959
1.1497851494932547
1.346476489910856
0.9390912947128527
1.5438234312459826
1.3040847177617252
0.8597323595313355
1.2600264513166621
1.215308404294774
1.0869328932603821
0.8818489877739921
0.7666639064555056
1.14309076895006
1.052822724916041
1.528009923757054
0.9785871343337931
1.1551459240727127
1.3426790047669783
0.8354526314069517
1.1384942041477188
0.9965061691473238
1.1626657816814259
1.0240560952224769
1.3455463496502489
1.3446323538664728
1.3972343909554183
1.2016436359845102
1.1176319003570825
1.0262932630139403
0.9542969117756002
1.2112103224499151
1.176020021084696
1.1566731757484376
1.2495828762184829
1.3145749896066263
1.2825816527474672
0.9625854484038427
1.19642411719542
1.3927287581609562
0.7846938464208506
1.4668440202949569
1.1699321086052805
1.146374269737862
1.2500656225020066
0.9041723044938408
1.247600376023911
1.0289950657170266
1.1464873942313716
1.299187435535714
1.0543044741498306
1.2133423471823335
1.536486491560936
1.2394825007067993
1.0681755294208415
1.5135366505710408
1.2533811362227425
0.9063437651493587
1.094956853077747
1.09547590080183
1.3662601499818265
1.1769677407573909
1.3154601795831695
1.3876954746665433
1.090947576914914
1.4642786748008803
1.0487799582188018
1.170765147660859
1.039308406994678
1.2017129556043074
1.332474371418357
1.1642820651177317
1.3179841180099174
1.0004114102339372
1.1057547247037292
1.081809607683681
1.0419618589803576
1.3955695213517174
1.8606685269623995
1.381661948398687
1.183824612875469
1.012848888989538
1.4482361510163173
1.4973569996654987
0.9735636848490685
1.4070714123081416
1.1403969755047
0.9463833178160712
1.3867861375911161
1.3079380673589185
1.0905920712975785
1.310523615218699
1.3748890680726618
1.12091152719222
1.3805543378693983
1.269203643547371
1.2491512334672734
1.3642040641279891
0.8577812993898988
1.0375130523461848
1.3340091444551945
1.1726375210564584
0.8659608067828231
1.2262607311131433
1.566148990765214
1.3026577391428873
1.08708978316281
1.204586582025513
1.0855948962271214
1.2700915669556707
1.3583273168187588
0.7140754932770506
1.0750873967190273
1.1287971276324242
1.1785961537389085
0.97640329238493
1.1732198803219944
0.9991096070734784
0.9781414034659974
0.9521264883223921
1.0790467456681654
0.9298298352514394
0.8967632169369608
1.285195525502786
1.114541634800844
1.2997487694956362
1.0016191464383155
1.2927457274636254
1.3887642296031117
0.827794109005481
1.2253187025198713
1.1796232857741416
1.0243226362508722
1.0484697604551911
0.95133679889841
1.501532108988613
1.4930823898175731
1.1101873347070068
1.2663909897673875
1.222613693214953
1.0660468532587402
1.431341725983657
1.3704071259126067
1.065228386549279
1.0461676705162972
1.3781202072277665
0.9930378966964781
1.189853579038754
1.1595136632677168
1.3401648428989574
0.8679932996747084
1.3745794609421864
1.331720644258894
1.0894952055532485
1.1168943617958575
1.3088560884352773
1.2502402975223958
1.1629650969989598
0.8305026681046002
0.8138087906409055
1.1072904441971332
1.1766485056141391
1.475413719075732
1.3861682238057256
0.9103923043003306
0.863044639932923
1.0573477133875713
1.252598401159048
1.2672506801318377
1.2026783582987264
1.3062222654698417
1.4183053363813087
1.4289140050532296
1.0342749977717176
1.2778260066406801
0.9965523688588291
1.0610598743660375
1.1827202037675306
1.210476506035775
1.2482612141175196
1.2301631784066558
0.8936250021797605
1.279023441602476
0.9122914521140046
1.00854290521238
1.0460151711013168
1.486084479256533
1.4307634960860014
1.1056016721995547
1.0659062477061525
1.217633351800032
1.1729386647930369
1.366548829828389
1.157421325915493
1.1461586082587019
1.1761560892919078
1.302527835010551
1.2593299093423411
1.1290324178989977
1.0933876381022856
1.210712939617224
1.4033968407893553
1.425188179826364
1.4007656099274755
1.0264567898120731
1.2360297896666452
1.2027675146237016
1.5808881599223241
1.1533156832447276
1.1013104459270835
1.1779368651332334
1.1813631322002038
1.3865362056531012
0.9367098081856966
1.2149929534643888
1.0699905190849677
0.9121774506056681
1.1710212829057127
1.3080698846606538
1.2992362477816641
1.2373961715493351
1.3545116073219106
1.0488538894569501
0.9632257256889716
1.2437305079074576
0.7655493097263388
1.1130838862154633
1.4431668997276574
1.2015129304490983
1.1742842139210552
1.1805126606486738
1.4804402103181928
1.2409611360635608
0.9041586142848246
0.9408992072567344
1.0014266137732193
1.2401523671578616
0.9813503610785119
1.418279457022436
1.3514249104773626
1.1985109713859856
1.2375688357278705
1.1426650552311912
0.8705481608049013
1.489523587282747
0.9889056367683224
1.4875037047313526
1.2896204805001616
1.0462900368729606
1.0201740411575884
1.0713341301307082
1.072281977161765
1.2003040837589651
0.9056650333222933
1.4109440896427259
1.1907795401057228
1.3056887282291427
1.0078423235099763
1.3639263100922108
1.2104020182741806
1.2043572064721957
1.2470745815662667
1.2398273838916793
1.6502537176711485
1.595237402478233
1.1146110371919349
1.467244336148724
1.3732442017644644
1.073281318997033
1.1057093304116279
1.0572977940319106
1.1938242920441553
1.1393622307805344
1.2582905627787113
1.1213029297068715
1.1393543942831457
1.1694558318704367
1.032641201862134
1.254230847232975
1.3712108144536614
1.2757847487227991
0.9547814665129408
1.194421574124135
1.238674810854718
0.9706260456005111
1.0175915632862598
1.10830565483775
1.446193323470652
1.279079104308039
1.045951412350405
1.29305542295333
1.0927860250230879
1.3419753055786714
0.8590347420540638
1.6136972544481978
0.7563580213463865
1.1525121104205027
1.1451668232912198
1.534233927144669
1.2926039923913777
1.1788100049598143
1.2301106274826452
1.2439837242709473
1.3244023403385654
0.7739120271289721
0.9756763650802895
0.8924378592637368
1.5814028296153992
1.4970535292522982
0.9932654013973661
1.0317627617623657
1.241749593638815
1.1642806148156524
1.017508021206595
1.0869537844555452
0.9986479619983584
1.2147791321622208
1.0637962949695066
1.174463870585896
1.0304288138868287
0.9497251808643341
1.0273485948564485
1.1828431367175654
1.2179409194504842
0.9595248503028415
0.6801924568135291
1.1274178681196645
0.9241390480892733
0.9987074465025216
1.0107556564034894
1.2930871833814308
1.4725915710441768
1.040537127526477
0.5147506817011163
1.0514685680391267
0.7362532769911923
1.1878416346153244
0.9523939393693581
1.1328134462237358
0.8783707099501044
1.2425030648009852
1.3061273595085368
1.1023046759073623
0.9385029858676717
1.1123493504710495
1.060125507065095
1.1644058907404542
1.2587750226957723
1.4920792123302817
1.1707001741742715
1.0199500266462564
1.0038904058746994
1.157339075114578
0.957245722762309
1.1970344679430127
1.284083208651282
1.0205564214265905
1.1871241811895743
1.393707362585701
1.4091165986610577
0.8460306674824096
1.3168899335432798
0.8407778939581476
1.018920484231785
1.074263869319111
1.1347591636003926
1.119040351943113
1.4014019020833075
1.160926430951804
1.5487980241887271
0.9565310984035023
1.5009731393074617
1.2136601720703766
1.1841913192765787
1.2800885017495602
0.8784421236487105
0.9562761741108261
1.0291798237594776
1.1146441993769258
1.6021091438597068
1.3471252681920305
0.9022499009151943
1.3581344074336812
1.2693215202307329
0.9784555836231448
1.2478379984386265
1.3039061813615263
1.2864458493422717
1.3642020379193127
0.9876981163979508
1.2489335886202753
0.9734121122746728
0.9352139197289944
1.1017995643196627
1.429807017906569
1.4188773231580853
1.044082831707783
1.265262168366462
1.1373691553017125
1.0795336820883676
1.1811469710664824
1.0260961612220854
1.3993789518717676
1.3326846305280924
1.335586685454473
1.6108547042822465
1.3750879896106198
1.2444218256277964
1.2254376118071377
1.0469685011776164
1.0692159322788939
1.008323575835675
1.3109660260379314
1.1090907522011548
0.7275617949198931
0.8062050906009972
0.9849225715151988
0.921818490489386
1.4466068965848535
1.0679291546111926
0.9536721673212014
0.9665197413996793
1.194434508215636
0.7316263767424971
1.348122186260298
1.3158829985186458
0.8074609319446608
1.0557503756135702
1.0017013419419527
1.6025148803601041
0.9162195597891696
0.9198199192178436
0.9345599003718235
1.1790798652218655
1.0582053273683414
1.1301368806743994
0.9347872775397263
0.9794494367088191
0.85430296784034
1.2078043677611277
1.3128067530924454
1.2028367848834023
1.2267028553178534
0.9736292723682709
1.0372234052047133
1.4802488565910608
1.129259223700501
1.1124955356353894
1.0463570504216477
1.3822381255449727
1.173900307272561
1.2832708944333717
1.3697390257148072
1.096111687947996
1.1013055299408734
1.1912239433731884
0.978220360877458
1.1501944651827216
1.3170474858488888
1.0623215223895386
1.0507224204484373
1.2385371242417023
1.4820285629248247
1.401612016488798
1.0807886120164767
1.048733969568275
1.2289832161040977
1.2303327318513766
0.8361659499350935
1.0939631423680112
1.0381900370121002
1.105651615303941
1.1361849348759279
0.9278518749633804
1.3138415246503428
1.1669205967336893
0.790833517385181
1.2579785268753767
1.6161249435972422
0.9568766462034546
1.0992094276007265
1.200622360687703
0.7924793369020335
1.1658264882862568
1.057078673853539
1.1598522055428475
0.9505441942019388
0.8960954817011952
1.0779308482306078
1.1102711844723672
1.0610621407395229
1.021878886676859
1.3289343190845102
1.2161762043833733
1.058409629506059
1.2346906343009323
1.0824381224811077
1.2278667984064668
0.9184043117566034
1.4789350187638775
1.381277400883846
1.3619689253391698
1.1489998940378428
1.160865715239197
0.8666241799946874
1.3262094664387405
1.5518320327391848
1.2146718625444919
1.3320551259675995
1.042014702456072
1.2077079858863726
0.989810022234451
1.0178380812867545
1.5315919081913307
0.9697616806952283
0.8614144187304191
0.7661026979913004
0.9680222523747943
1.0691567399771884
0.6074861722881906
1.0753908911719918
1.0576886314083822
1.1948639465263113
1.1168484636582434
1.0963318246649578
1.0253472498152405
1.1186841358430684
0.9491189167601988
1.2329913009889424
1.2177358851768076
0.943684300465975
1.107801447273232
1.265972763998434
0.8792464000289328
1.0562718904111534
1.3388294731266797
1.0293320844648406
0.8808310106978752
0.9372461573802866
1.0667637758888304
1.0242702142568305
0.8416126141091809
1.0267259323736653
1.2130741889122874
1.0506770096253604
1.0821053354302421
1.0839727052371018
1.065928994328715
1.160867025027983
1.0770820375764742
1.5049197229091078
1.1943514469312504
1.1564253800315782
1.2441118226852268
1.3764080004766583
1.081432587467134
1.0707505231257528
1.5883242349373177
1.1080843317322433
1.1656812727451324
1.10986872354988
1.1000599652761593
1.3991590661462396
1.488735563820228
1.1086001191288233
1.2625010058982298
1.185170965269208
1.185259769205004
1.1863711815094575
1.2706091338768601
1.2308621316915378
1.1229518060572445
1.0017406474798918
1.054601086769253
1.1915934343123809
1.2823794585419819
1.0358513509272598
0.9499451665324159
1.0910879781004041
1.0141733511118218
1.1384735263418406
1.186879709828645
1.0983173329150304
1.2894301504129544
1.5157103872625157
1.1812586290761828
1.1426541125401855
0.8795049291220494
1.4275703645544127
1.3256238211179152
1.034170247730799
1.0708551098941825
1.34821078798268
1.034591936680954
1.0167874024482444
0.8732674403581768
1.434320880798623
0.97322972654365
1.0871250219643116
1.317669629584998
0.8958666548132896
1.1181209516944364
1.262513457913883
1.0417025167262182
1.5484535843133926
1.1347713681170717
1.1486756947124377
1.071592507418245
1.1130075965775177
1.414702440961264
0.9428039771737531
1.156878991634585
1.0690504871308804
0.8419637036859058
0.9465377106680535
0.9476342452690005
1.193934818264097
0.8312185877002776
1.1512263520853594
0.8258560101967305
1.0971368718892336
0.936861649970524
1.019510236568749
0.5877030901028775
1.1452129146782681
1.106025836081244
0.9496163229923695
0.9808484771638177
1.1793229741742834
1.2407642813632265
1.0429372616345063
0.9757084148004651
1.142386012361385
1.2255101602058858
0.8903114727581851
1.1356823117821477
1.5666966275312006
1.1008405516622588
1.270161928026937
1.4364728210493922
1.2422425493132323
1.012618892127648
0.9767941228346899
1.1143438195576891
1.3026298200711608
0.8178371680551209
0.9834454426309094
1.071097004110925
0.956535802455619
0.876362799492199
1.146088898414746
1.061567693541292
1.2320272863144055
1.315622560447082
1.1933183607179672
0.873018202604726
1.279785472434014
1.1885236271191388
1.0561384675092995
1.2109391887206584
1.1020600401097909
1.4122780676698312
1.1659744463395327
1.0283596308436245
1.073956590727903
1.1838663090020418
1.210898780496791
1.1535928981611505
1.218824285431765
1.1000237067928538
1.1533662631409243
0.9312943995464593
1.3722764339763671
0.8889013571315445
1.261043667444028
0.9626836508396082
1.1968758759321645
1.0739950782153755
1.1706496347906068
1.1623328240821138
1.0424250627402216
1.1377660481957719
1.2929113812278956
0.8240741242771037
1.133781195152551
1.1800263880286366
1.2847071536816657
1.2587743647163734
1.3562499496620148
1.0773320900043473
1.1580646055517718
0.9966069208458066
1.1878229326102883
1.0065499153570272
0.9183939318172634
0.848953194275964
1.0522441697539762
1.1329307229607366
1.0628940546885133
1.3141361185116693
0.9008669239119627
1.0374844840262085
1.2594757869374007
1.1042074784636497
0.9255281013902277
1.2187921666773036
1.2312640121672302
1.042966362903826
1.314239679952152
0.9516359218396246
1.1368346819654107
1.311818256159313
0.829870352812577
1.0577475710306317
1.1058319705771282
1.0795565142761916
0.8567435776931234
1.0390243089641444
1.0371414520195685
1.068470036261715
1.3896682132035494
1.0706391498679295
0.669441063713748
0.9324069743743166
1.4951630753930658
1.5095814920496196
0.9446642627008259
1.1653875339543447
0.8460641591227613
1.2285843847785145
1.1137619647197425
1.219542208360508
0.7496584548498504
1.0443491101032123
0.9862065184861422
1.4231855755206198
1.0518622386734933
0.8810178492567502
0.852972473949194
1.1871784053510055
1.135244642267935
1.37478809338063
1.0852907811058685
1.3069457290694118
1.0811081487918273
1.6846981062553823
1.0927920314716175
0.9981882379506715
1.1291627155151218
1.2428062004037201
1.2782953183632344
1.0730640407418832
0.9430033447570167
0.9390301076346077
1.2653220086358488
1.2245503932936117
1.4156220973236486
0.8936847146251239
1.3174654908943921
1.26109288551379
1.0866413149051368
0.8150857341242954
1.2680220685433596
1.147108276374638
1.3023531768703833
1.1754399155033752
1.222019515815191
0.8164391560130753
0.8988909145118669
1.050634921179153
1.175033436040394
1.4323862218298018
1.1170674527529627
0.8805136113078333
1.2182674054056406
1.1711565786972642
1.565949059673585
1.1732950223376974
1.2554382004309446
0.9043633308028802
1.0894883647561073
1.373616581899114
1.374989406322129
0.8578640224295668
1.0997046260163188
1.1205646293237805
0.6684645986533724
0.9328254047431983
1.137881376547739
1.2163438049610704
0.941787785559427
1.4293039481854066
1.147909959894605
1.4348527545807883
1.0691581410355866
1.4628184091998264
1.0578020563116297
1.0505228805122897
0.8946484964108095
1.1061196620576084
1.1926166391931474
1.3483199109323323
1.1623649513348937
1.237596386228688
0.9839548631571233
1.4700665540294722
0.9051095950417221
1.2088133103679866
0.889633396465797
1.3175139822997153
0.9464568396797404
1.0795814446173608
1.1024565157713369
0.9882443263195455
1.1995856644352898
1.024956779438071
0.7343182559707202
0.88723918836331
1.6795340058160946
0.9910624063340947
1.0545075393747538
1.0589448611717671
0.8761092075146735
1.2637710405979306
1.0531915271421894
0.9927370212972164
0.9848384336801246
1.358427704893984
1.3577450226293877
1.1761146471835673
0.9955250308848917
0.9649068401195109
1.227366036735475
1.2396708289161325
0.9595185095095076
1.0494104002136737
1.0115934386849403
1.1291822778293863
1.2456035610521212
0.9373223186703399
0.9942693370976485
1.207693311967887
0.8040772266685963
0.890279519953765
0.9606394789298065
1.0752319262828678
1.4021932445466518
0.9262544052908197
1.107705481001176
1.5102266882313415
1.3043457617750391
1.1260940913343802
1.5201410909648985
1.2480367494281381
0.959511287510395
1.1828962542349473
1.1281367025803775
0.9317467364598997
0.9712838745326735
1.3260118801845238
1.1582209456246346
1.0266191096161492
1.242979123373516
1.4409455785062164
1.4038798693800345
1.168112391489558
1.0980376593070105
0.8647429230622947
1.251967437681742
1.2290549332974479
1.0404732141178101
1.0392496665590443
0.9428234106162563
0.7562671303749084
1.443753337021917
1.1866093542193994
1.3736287918873131
1.1349654358346015
1.3597479885211214
1.2097120602848008
1.009186930488795
1.1219575299182907
0.9329651777516119
1.4054510085843503
0.8263185220421292
1.1393233191920444
1.0039249437395483
1.1393390513258055
1.0982513793278486
1.2117483615875244
0.9952168827294372
1.2327882422832772
1.5017490931786597
0.9481808770797215
1.262899635010399
0.9447106531588361
1.0267162318341434
1.0939911676105112
1.26549099071417
0.9286260163644329
1.4772558640688658
0.9831038078991696
1.2958051244495437
1.1050655475701205
1.2003896343521774
0.9153137492248788
1.1300507821142673
1.1547421220457181
0.8720464425277896
0.962036486598663
0.8907244441797957
0.7210503979586065
1.0872241809265688
1.1219182654749602
0.8085132236010395
1.4115814286051318
0.9967487361864187
1.1980742530431598
1.242165740695782
1.0467273603426293
1.0937555072596297
1.1042227474972606
1.1275059104664251
1.258925615111366
1.2611246499000117
1.166345337871462
0.9334211118984967
1.0085639738244936
1.1343562650727108
1.176353296614252
1.315845078206621
0.9096589878899977
0.8671614253544249
0.9590862976619974
1.280446013319306
0.8804131001234055
0.9741435184841976
1.1487145978026092
1.4762716972036287
1.4739064418245107
0.9638005075976253
0.8871965283178724
0.7299780327593908
0.9237352160853334
1.1359275233699009
1.1650812535081059
0.6155569255934097
1.151950305677019
0.9528890901710838
1.0807469033170491
1.1432315522106364
1.083034356823191
0.943073071364779
1.132600038079545
1.0644698796095327
1.0132157719926909
1.1028030187590048
1.0506967168767005
1.0972586156567559
1.0601846110075712
1.1849069629097357
1.077489621238783
1.5474984063766897
1.111869111773558
1.0900452442001551
0.8808101112372242
1.0617086042184383
0.8711113834870048
0.9999528777552769
0.9523136338684708
1.0534328306093812
0.9783442514017224
0.8838283185614273
1.2648920542560518
1.154804291203618
0.9555885817389935
1.218921572319232
1.1016551544889808
1.1446595474844798
1.3002939854050055
1.1434657889185473
0.9353164884378202
1.2700539221987128
1.0690451167756692
1.0558292635250837
1.2793383368989453
1.2402924305060878
1.3091428426560014
1.2154064469505101
1.0480210612295195
1.1535811071516946
1.1099078189581633
0.9964767108904198
0.9718842574511655
0.945837672916241
0.888720176066272
0.9455369862844236
0.8306508907699026
1.0465774391777813
1.1058062862139195
1.078110620728694
0.9956183991744183
0.9125033707823604
1.3631251332117245
0.9530440040980466
1.4944843505509198
1.4064504937268794
1.4417102842126042
1.0596558499382809
1.1804460226558149
1.2895956543507054
1.168321811943315
0.9634734572609887
1.1657185278600082
0.7532816302846186
1.0801436831243336
1.0278425968717784
1.2546444265171885
1.1964812276419252
0.9467460119631141
1.1995493104914203
0.9982086546951905
1.2761029570829123
1.0056182872503996
1.228507412597537
0.90710200619651
0.8103602218907326
1.0970828973222524
1.2126001417636871
0.9335968128289096
0.9196183065068908
0.9827315021539107
0.8653396630543284
0.9558074332890101
1.3094684943789616
1.2125754702137783
1.3192722089588642
1.360184262972325
1.1642412908840925
1.2469313577748835
0.925628763739951
1.373763171955943
1.1199766733916476
1.1734219637000933
1.3070998383918777
1.1629271501442418
1.5270928657846525
1.455045502865687
0.9790746808284894
1.5182019734056666
1.4805496542248875
1.0512097154278308
1.034939978912007
1.2247523727128282
0.8202570693101734
1.1022452268516645
1.2186800771160051
0.908019473135937
1.144239951740019
0.9830805111560039
0.7902595917694271
0.886532221455127
0.7520228486391716
1.172729605808854
1.0599755662260577
1.2127198077505454
1.2729735736502334
1.224723991123028
1.1357261679368094
1.4449230884201825
1.19076294277329
1.2561373924836516
1.148032006341964
1.2593701420119032
1.164425548631698
1.1285377439344302
0.9533428463619202
1.1262118658050895
0.7995798784540966
0.855205827509053
0.8702653446816839
1.3101050776895136
0.9911342283594422
1.0391339919297025
1.0595703687286004
1.171485032653436
1.0381373658892699
1.2345711244270205
1.1731428642524406
1.2470706502208486
1.0031924977665767
1.0191160695976578
0.7969276503426954
1.23248655279167
1.0507071797037497
1.1315472855931148
1.0745935917366296
0.829401550872717
1.108321780571714
1.0925293188774958
1.2794374990044162
1.3286323244683444
1.0869045911822468
1.2176263835281134
1.1643363954499364
1.1356093202484772
0.9071716503822245
1.0306279320502654
1.6686314877588302
1.0474588419310749
0.9233115589013323
1.1618343641748652
0.9357275580405258
0.9958778853178956
0.9529416020377539
1.10312508395873
0.7956831306219101
0.9153905382263474
0.9368343722308055
1.0810453769518062
0.9292148579843342
1.2182084921514615
1.0473619976546615
0.8616858007735573
1.2741462144767866
1.1362948846071959
1.1727226851508021
1.1616680672159418
0.8962704183068126
1.0210165947210044
1.031190341571346
1.093454466550611
1.1431740236002952
1.1888386423233896
1.168453183490783
0.6644139976706356
0.9088908906560391
0.8663200690643862
0.83362449076958
1.131862599402666
1.4131502262316644
1.0406189473578706
0.8754809235106222
0.8803295660181902
0.952075760869775
1.0205991037073545
1.2173746888292953
1.0219251192756929
1.334301972645335
1.084659435437061
1.0612023830180988
1.1944411672884598
1.469449931406416
1.201790536288172
1.3473813055315986
1.102356216404587
1.0311687828507274
0.8091225838870741
1.1901429056888446
0.9053216867032461
1.1174640803947113
1.0716392816975713
1.163831147365272
1.3406542032025754
1.1075591212138534
1.1000601777341217
0.9458218938088976
0.8992614271119237
0.9954243751708418
0.5486532318755053
0.8837752200197428
1.3156419320730492
1.0515966064995155
1.0560068817576393
1.1447303819004446
0.823708533833269
0.9052769064437598
0.8401307472377084
1.0772676705382764
1.005442420602776
1.3623611847870052
1.096503704378847
1.1391445974586532
1.324074364383705
0.8548466921201907
1.14556166366674
1.1112502284813672
0.8785668630152941
1.2091208251658827
1.5826194484252483
1.0142195444204845
0.9901248826645315
1.098345299018547
1.137779718847014
1.2053786370670423
1.0275768572464585
1.0060195495607331
0.8341205774922855
0.814899061282631
0.9537375137442723
0.7027634644764476
1.132893856614828
1.1011908443178982
1.4018654859391972
1.3234306829981506
1.349034612183459
1.221638992545195
0.9640259859152138
0.7267209539422765
0.8053188074845821
1.5204548849724233
0.8782955919159576
1.093674519448541
1.2573297588387504
0.998280315194279
0.9645608998835087
0.8931884996127337
0.8671084849047475
1.3843172462657094
0.9419129376765341
1.0823872465407476
0.9137545508565381
1.06210288987495
1.0682666340144351
1.4694790579378605
1.2937187206698582
1.315904060495086
1.1206286607775837
1.1524610759224743
0.7950925476616248
0.8934375073877163
1.0897845736471936
0.8747907890938222
1.1609085508389398
0.829662398842629
0.9235997049836442
1.0608225929317996
0.8759573614806868
0.7372618032968603
1.4390756816137582
1.0039226366207004
1.0463907077210024
0.7342050790321082
1.1187551772454754
1.0292722157319076
0.9818233162513934
1.0016172520117834
1.1485999673604965
0.9673522270168178
0.7078357703285292
1.0930646376218647
1.0667905611917377
1.4019207346718758
0.9718397553660907
0.6278887930093333
1.046164974104613
1.0488971961895004
1.314889954868704
1.231325821019709
1.3195664291270077
1.123378888820298
1.2888565281173214
1.1586451056646183
1.3895127014257014
1.260793541208841
0.8971488353563473
0.6851287768804468
1.2725594616495073
1.189888159162365
1.0829307306557894
0.7499256345327012
1.3618283566320315
1.3456307296874002
1.3060403059935197
0.7830668292590417
0.7930787223740481
1.1401968010468408
1.4505939013324678
1.3198128825752065
1.2918112344341353
1.0780123106669635
0.9580668732523918
0.9171774090500548
0.8915828682947904
1.1048275893554091
0.8216896949452348
0.9086255636648275
1.0522138990927488
1.4279394719051197
0.9141600702423602
0.6609007616061717
1.0177844509016722
1.0053354145493358
0.6632263454375789
1.5989026464521885
0.9666463397443295
1.2953353425255045
1.0690685835434124
1.121889230213128
0.8039194155135192
1.1145477946847677
1.322905820561573
0.9548955556820147
1.401000432902947
0.7997955938335508
1.2529571102932096
0.8988071071798913
1.2112770602107048
1.0496187403332442
1.0584236684953794
1.2521561002358794
0.5632345883059315
1.112190170912072
0.9319143716711551
1.1548671458149329
1.3947002904023975
0.5637829980114475
1.1264961727429181
0.8478718810365535
0.8580209852079861
1.0702086336677894
1.1720680117141455
0.9163041801657528
0.8922659489908256
1.0049751600017771
1.2512925462797284
0.6350307810353115
1.0443157352274284
1.3314296284224838
1.255656661116518
0.9503362871473655
1.0768731950083748
0.7804868184030056
1.1824808467645198
0.8978343737544492
0.7738597750430927
1.2790076864184812
0.7423823458375409
0.7785891842213459
1.4124569040723145
1.24242414010223
1.0597476490074769
1.005325646372512
0.8929511092137545
0.989529860438779
0.8853183185565285
1.2223186320625246
1.2146983314305544
0.7202060748822987
1.2322921488666907
1.1506966147571802
1.0903702729847282
1.276278842240572
0.9157094286056235
0.7395114776445553
0.9753731245873496
1.2115491988370195
1.0257568588713184
0.9910203071194701
1.1294228814076632
1.1275294665247202
1.005427861935459
1.2581740381428972
1.1235698543023318
1.0927906282013282
1.1595465434947982
1.0844277635915205
1.0209370800293982
1.2207564702257514
0.6463697423459962
1.1427411832846701
1.0079515094403177
0.9453379758633673
1.143566183396615
0.7785308767925017
1.0638026036322117
0.6154106190078892
0.9364707947243005
1.2163525890791789
0.955113127885852
1.2455982354003936
0.8605437988298945
1.0821060573216528
1.1280952342785895
0.7625410662731156
1.0746323355706409
1.1819568854989484
1.2444237138843164
0.908075493411161
0.962904658052139
1.0320668081985787
1.335573919583112
1.2570140921743587
0.9822274656617083
1.3624181029153988
1.1961281391559169
0.9942324550356716
1.1386050577275455
1.0879603773355484
0.9703926781658083
1.1551295819226652
1.1925925235264003
1.1424554239492863
1.0928314551711082
1.0546163860708475
1.1860454020788893
1.0415935433702543
1.0173583566211164
1.0748942870413885
0.6615501355263405
1.3766013769200072
1.0027801631949842
0.9447876260383055
1.0235235583386384
0.9786024955101311
0.6688969467650168
0.8947286147158593
0.8737671324051917
0.8719683826202527
1.0120393329998478
1.295141505310312
0.8856201732996851
0.6434475831920281
0.8708707197802141
0.41300199067336507
1.1423880675574765
1.3015384123427793
1.00639809446875
0.9842159658437595
1.3423182216938585
0.7245972963864915
0.9960545743815601
0.9769900940009393
0.903404375363607
0.9657170108985156
0.7588222758495249
0.7140637501724996
1.016070031444542
1.0331319763790816
0.9468805975047871
0.9794739870703779
0.9629409560584463
1.200581148848869
1.0395646517863497
0.8568872416508384
1.0320402082288638
1.1032605925574899
1.1396543732844293
1.1379406836349517
1.1804267019033432
1.072560667176731
1.192558494512923
0.9068196773296222
1.1091207779827528
1.2472179781179875
0.8428092892281711
1.27302087796852
1.3291203503031284
1.4049391249427572
1.2079626162303612
0.7672292951610871
1.116665860521607
0.8503587403101847
1.41834408021532
0.8811690062866546
0.9563852170249447
1.666653454536572
0.8137438612175174
0.9783959331689402
1.2826672445517033
0.7862086197128519
0.8651155336410739
0.7884492398588918
1.016211200854741
0.7455832723062485
1.1736991769867018
0.9130872274399735
0.9637293700361624
1.0735224009258673
1.2195604254957289
0.7859712971257977
0.6946444300119765
1.1048945125658065
1.012328164302744
1.0023929533781484
1.0438701089005917
1.1054191736038774
1.404690591036342
1.2302249702624977
1.2281748465029523
0.6901615118258633
1.3729261996923015
0.9872991491574794
1.0004983803373761
1.0510458915960044
0.9725332235684618
1.1556549037341028
1.2926848550559953
0.7771606285823509
1.1717078600777313
0.6499857535236515
1.2407606507185847
1.6496209874749184
1.355584796401672
1.040248706121929
1.1056425541173667
1.3088021826697513
1.2086350043537095
1.1360824631992728
0.971884730446618
0.9996728217229247
1.0324439364485443
1.374135362682864
0.7080237451009452
1.0457037541782483
0.8453854845138267
0.8884770309668966
0.8263564322842285
1.0129069243557751
1.2515345357824117
1.0211899179266766
1.1250486099161208
1.1227640276774764
1.127055986202322
0.8602647921652533
0.8982201012549922
1.041708397329785
1.4089521272107959
0.7272630853112787
1.0634419670095667
1.109285771031864
0.9616595703409985
0.9309799568145536
1.1375868389150128
1.0554416656959802
1.1721237462479621
1.1540227053919807
1.310975823435001
0.7758931162534282
1.2276517199352384
0.6496298526180908
1.2592829323839396
1.1359035642817616
0.8166853794828057
0.9362625402864069
1.3238952325191349
1.096312381210737
1.1641029574675485
0.9225534911965951
1.2483706275234
0.9264123711618595
0.9057214027852751
1.0306328611914068
1.3031426570378244
0.9221721960348077
1.1363185233203694
1.303915036492981
1.2950253665912896
0.8441366656334139
0.8853915608488023
1.091468018712476
1.1841248385608196
0.7028912001405843
0.7521525794290937
1.0735296970233321
1.018932414590381
0.8454084750264883
1.019404409918934
1.2514654451515526
0.8502112879650667
1.3015751978382468
1.0807534293271601
0.9391654981300235
0.9899454260012135
0.8679494013194926
1.0217329425504431
0.7411928907386027
0.9952127528376877
1.215210664900951
0.7751530976966023
1.2396311582997441
1.2081971667939797
1.2042785459198058
0.8281971686519682
0.8744041828904301
0.976747675682418
0.9727882052538916
0.994402566109784
0.832284715550486
1.1931148511357605
1.2427803275641054
0.9197546742507257
1.0194951186422259
0.8732597442576662
0.9411927402834408
0.8139890487655066
1.379810337908566
1.2749300973955542
0.9601609577075578
1.2287567966850474
1.357377299806103
1.6558892618631944
1.013302941515576
1.0854418890085071
0.9081910508102737
0.7874480864265934
1.2524993635015562
1.3284663142403588
1.485944639891386
0.9400959576014429
1.441165828728117
