8.4763172455132
8.629335709381849
8.044008976314217
8.046267019119114
8.102768615819514
8.046891420148313
7.886639382690191
7.804004147648811
7.871977063827217
7.7572221090085804
7.47388593479991
7.784243798814714
7.675445273518562
7.513940719887614
7.508109673857689
7.302433848846704
7.297562296502292
7.109614118468016
7.356414030306041
6.9469595002010465
7.556733330246061
7.0917876567691565
7.002016874495894
7.062746456358582
6.9294566423632205
6.978572565596551
6.815800893586129
6.676959899952635
6.745035948231816
6.6195058189332485
6.678098156116903
6.618393414653838
6.717466715257615
6.6621053093113005
6.677944744704291
6.5401611141860485
6.513259092811495
6.461781627032906
6.312926108483225
6.176529100630432
6.43986996402964
6.16325720702298
6.098922593751922
6.2152670389041305
6.224858424626291
6.15524797164835
5.878433528356254
5.988574291113764
5.822372421622276
5.990570230409503
6.0340383388102055
5.778369241859764
5.789352798135951
5.832399518927559
5.561237948248163
5.750185318524018
5.618400987004861
5.635557675734162
5.556210225680843
5.504482615739107
5.58683021296747
5.461306550772861
5.564681781455874
5.3733235583640635
5.425397613551468
5.538355517666787
5.589852239005268
5.1580067162867635
5.187580714700744
5.0881198511924595
5.248158389469609
5.160649965284392
5.139338571578264
5.061078363331035
5.037775651551783
5.204685819335282
5.217801358085126
4.935197251616046
5.332291767932475
4.9859715204220265
5.109816454118118
4.859412847086787
4.927165764151141
4.9612571890465915
4.9078389967326075
4.843715822091326
4.782303822226822
4.837281055748463
4.73093859734945
4.739050089614466
4.656145914457738
4.617104650242254
4.516383151058108
4.523491505300626
4.483647567220032
4.608490220271051
4.665729664033279
4.511102812131867
4.425870999926701
4.676438386319205
4.50798908690922
4.50028223823756
4.411740134702995
4.216132163070142
4.460543803172186
4.290889719268307
4.227984075900167
4.422467092284933
4.219565762672573
4.52800079039298
4.192678632447496
4.480735603254288
4.289118048734963
4.374622493749484
4.290274172322825
4.305092334514484
4.249149847077206
4.205817121313885
4.169447768712416
4.118358873296529
4.059206658741459
4.085416005458683
4.017836390063167
4.168870393652469
4.092521615093574
4.123164735734463
4.061556537402794
4.109013269189745
4.150979443220422
4.180223650299013
4.1409605629742146
3.9695581397973
4.015852003591135
4.006305395625532
3.900655694073066
4.0011027997825295
4.1369954033289105
4.064497116487473
3.987753629917279
4.073852253612131
4.071606877725571
3.9412102417554706
4.046062973095104
3.86161045008339
3.9849868658930063
4.072721647331491
3.950985693372786
3.889730124268681
3.940464095212519
4.023225234122947
3.941929365741089
3.9580954052507877
3.896202996606007
3.8822603507433087
3.9324753950349987
3.9920854279771447
3.962561920285225
3.9809061717242002
4.035835829097778
4.1655922315549105
4.158878723159432
3.9525302331894636
3.9666720554232597
3.9222811416257173
3.9227812392637134
3.986272598616779
3.916455653263256
3.8943597893230617
3.876259167678654
3.9380865897983313
4.129534468753263
4.082548403181136
3.995215129805729
3.8728718331549317
3.9793267343193293
3.9309263967443258
3.9026739434339106
3.8627411951310933
4.015815787483007
3.8366732471622527
3.991596322506666
3.94940425734967
3.917457316070795
3.8622390020173043
3.9529005598742515
3.828057339414954
3.879899608436972
4.105996917234734
4.008845457574353
4.048703671665862
3.902614565799013
3.8950497766491026
3.9949154250789434
3.7760147168301046
3.7180147746112198
3.8737873507197946
3.955106158275157
3.96667861379683
4.035238079261035
3.9456792352721095
3.931728974916041
3.946452314266935
3.9899902015458792
3.899880728451535
3.846693018451333
3.9178705867379904
4.0175388713832945
4.056030664592981
3.981278694467619
3.958669073181227
3.9041434705723077
3.772309873253107
4.0705200913362205
3.7695462494157255
3.7499895037617534
3.879110945155844
3.846901690820232
3.8487304185982794
3.8207171766553074
3.7495971526950598
3.812244672095403
3.7257719866465777
3.9205226749181747
3.808549902867526
3.965082739247009
3.86641982011497
3.7315468073356897
3.905878148274496
3.9524442192632705
3.899678139947355
3.903470060788095
3.9048067450057715
3.9881741739809513
4.003387686330825
4.128778627375141
4.082134951837361
4.1233966941945255
3.976549490587786
3.9924769930075854
3.945753502426669
3.9114098029676825
3.866206366568804
3.867563590640202
4.044197011040524
3.912503853905946
3.9646959542296827
3.9331002237740904
3.936220447998494
3.8202020048629493
3.9631843015085906
3.950703877490014
3.8576033380813897
3.9347728646826
3.965387493604794
4.013457145774737
3.8125766192097217
3.9773728512227535
3.953581086359918
3.8254934432916343
3.723245246335864
4.068369240500033
3.96620434243232
3.834783286554739
3.911435286514461
3.9492577004712075
3.80764205660671
3.7212034785188735
4.000125899910927
3.9900602016132325
3.9150991118513048
4.032006353139877
3.9706610075663775
3.986806998727843
4.014466367661953
3.933973331702873
3.9212776976637542
3.974336529849097
3.914526969892904
3.965393756283447
3.99127995967865
3.827371467836201
3.98997660796158
3.906623733229935
3.946916958782822
3.9394559531938285
4.04071840387769
4.087827490642667
3.8543205256573856
4.046305498341098
3.9690211270935833
3.9506211751140654
3.962100791744888
3.757728682132438
4.120319670531899
3.8276528392452747
3.8620617110282183
4.0020238338038325
4.092891800915822
3.8978905510157347
4.081965539604425
3.916546732187271
3.7984501463361084
3.915565140079707
3.8381103959400207
3.869125925237313
3.8717732958029956
3.928636195603758
3.6341110344510525
3.826242490205914
3.7871843765024096
3.86828920384869
3.947759267874062
3.8575198729522526
3.800800623372197
3.923107518348843
3.8414333960972726
3.907995974412188
4.021530172554776
3.763486163923517
4.038716318551451
4.008374442113563
3.837640466168523
3.775749312946573
4.076787727186456
3.866647312650457
3.878260910278186
3.980435327393934
3.753368471749127
3.920800709631294
3.893949378747493
4.011743709910661
3.798318465705961
3.961783970706165
3.774636536836624
3.862431643297896
3.7910827780142426
4.208437573630363
3.834067708114162
3.8589401443023235
3.86855775071308
3.911387972533703
3.8419801632408053
3.9191842498257756
3.8524769151117653
4.020991494646296
4.173320448724553
3.748396876035258
3.711635156068951
3.991177792660892
3.7478785852435976
3.8304260133299977
3.8535118789877743
3.8610888787079602
3.8791529613081366
3.9629808561876416
3.949324383866042
4.013804917456582
4.056297548348084
4.028670659055933
3.867219152627513
4.035536433570087
3.8305889039766043
3.943723936798051
3.8878672167193145
3.8716087355278432
3.745187587570399
4.028414675267413
4.041783494409174
4.176720845745876
4.250103852245957
4.0946312479209155
3.958951486973092
3.8411526994314045
3.7325706572737545
4.03798519494012
3.7191650550812483
3.684210747713223
3.594293055590242
4.001561977900565
3.7727291248738766
3.805026566144079
3.909720432246104
3.8040663339197636
3.912034754175693
3.842274525668472
3.880010880995542
4.029262824682519
3.8715719047468156
4.062590528046712
3.93160242610611
3.8002151432447135
3.84291050885804
4.003506914945319
4.0620100307278335
3.779104716144502
3.8133197999559343
3.8914936094079167
3.9463244068901986
3.892560418928042
3.89559363364242
3.7893069931305945
3.8904855055734515
3.920716986292973
3.784689866937697
3.8997178522404283
3.7387403193861246
3.8507083896547556
4.062300204997882
3.834654124220833
3.833560188766569
4.009575724834576
3.892657694639638
3.805282050278038
3.871364169754088
3.9751475385855883
3.7207983136177063
3.682549425167963
3.957598700420931
3.80210800585337
3.8222056315280497
4.039345742901787
3.915016255574301
3.864807995269075
4.028337933123112
3.8881752425804734
4.098033139947802
4.08698498387821
3.9487741130869836
3.9515063045546412
4.015010336879641
3.97707249969244
3.933306236518547
3.967370944097638
3.784370489884168
3.878113637678325
3.8191907599102706
3.9115665750578046
4.056433075806126
3.7062540005426854
3.85295997466892
3.8416188762057573
3.9780764733441174
3.9107341687195003
4.018263408914208
4.069162223953754
3.7670840232167393
3.9832339657004923
4.055843290407211
3.7712085493840277
3.858482490060851
4.084413762204349
4.016589492559433
3.9437760978471488
3.9555682877544314
3.849918602500111
3.996305744862184
3.7060434680897743
3.8090746286325157
3.936113845091313
3.846142691327259
3.850156514206901
3.754580755950883
3.8619739348068833
3.9427187531255186
3.830070123076439
3.8272303217090666
3.914613997330889
3.8964478336274624
3.9430940316524357
3.9107865223195404
3.9366790598724037
3.919389493763447
4.053261027438566
3.856021196814254
4.040725009981543
3.833086693659425
3.9985919238533825
3.9299842983018607
4.022398520261049
4.176168122328818
4.083251386182383
4.004342186031863
3.816365284146741
3.9603950483724475
3.79170401673764
3.7713369268458337
3.9705226679798216
3.7979757343418896
3.9270639922469854
3.9445811545010656
3.8125709865707904
3.8234353789594024
3.8890833677724004
3.8472506513353437
3.8904620106332004
4.019164470024407
3.8290134677663445
3.8679541535675526
4.1097087014932185
4.245031904196367
4.053528803866357
4.137305540032685
3.8046884816139936
3.9952154476195574
3.983705686405301
3.8211484029889107
4.129801202332601
4.123687821440399
3.8196804348845035
3.67376297689043
3.802013128064573
3.9388028560206294
4.091502353083342
3.9238560821395367
3.8853671783581376
3.8654806739650667
3.949451972730458
3.799217022024095
3.7930197326932102
4.052232023095712
4.101580272428691
3.900027545168996
3.7605446209199727
4.026563764316961
4.217666795477271
3.966656183125451
3.9770002195145935
4.452047929633409
4.08437956799753
3.960443395189941
3.8494736596476287
3.9628802156075835
3.8975631908979267
3.979870507726446
3.8885192240122706
3.8788987258449197
3.7858944146428257
3.9312134536448866
3.91093485429883
3.9889172157272696
3.7956160893663764
4.187435724074021
4.135007462929934
4.164175869198516
3.984649179968983
3.9571433644741774
4.0195128412451595
4.041092068189755
4.043360215611756
3.8341162025462836
4.019876403966919
3.7645691209472716
3.9032832994125783
3.639192897826433
3.83318715239875
3.861752385739237
4.067495638038963
3.992097155889496
3.7307040537707508
3.8850102147553116
4.096697125816718
3.8559720404446125
4.153229204239324
3.9244739750865847
4.1939470414072275
4.288489440688863
3.9829104165546596
3.9520065314136446
4.046464967541397
3.9652281617745757
3.9186699464917183
3.92777819535695
4.105444624321535
4.0927090214099735
4.076865089125931
3.9788842098787427
3.8959724695887417
3.9071677708998322
3.9941209021490067
3.6650024000555277
4.073535627918318
3.8740645453799516
3.8449475686065853
3.9818067089654505
4.024962590541691
3.985710526118055
3.94513164809905
3.9815163565799594
3.9966451157815754
3.7628826973959804
3.9743946387898177
3.8753772652707994
4.022206726018339
3.911137006478384
4.02325613098219
4.346803176449612
3.7872458025813103
3.765827986644581
4.093579617328942
4.00004637404345
4.10304713062942
3.9188649819698185
4.154544966761023
3.9908595918677747
3.9538121472578496
3.7968712283764035
4.019850052893162
4.069078782806173
3.9883047838229686
3.8671045505907387
4.038549926597625
3.9655441106297076
4.009935422567651
3.939087520353496
3.9471356333233416
3.8169081481173635
3.8852970502339303
3.9343152043875307
3.9116039911750704
3.866835711756721
4.032679300988093
4.000983110629022
4.097861708141863
3.893448037561029
3.9871261194348335
4.053423939738423
3.8457989192102104
3.874390207696706
3.90305691328831
4.072034871438518
4.024732733145356
4.057664030930027
4.254058010177687
4.186451047193259
4.099010061938316
4.052599982358515
4.415157514624298
4.009786797687411
3.9817879158072174
3.8544417056255043
3.915636270539835
3.9290889156982303
3.880342789692804
4.18012444768101
3.8929099328815937
3.982813870534301
3.714285425376147
3.852963561890647
4.108903009677306
4.195004841545597
4.0185865634121
4.015658386982977
3.9858007258735597
4.187327284133062
4.446713829645887
4.028823972679675
4.062193562276661
4.057945065898821
4.237798688234761
3.9590876353904605
4.10665284935385
3.7567399945110083
3.824869002914056
4.12683676648885
4.092342354590073
4.026449099648744
4.293795597041026
4.100582079263404
3.8351861806586385
3.9623516576830298
3.8873268882744014
4.090322765987366
4.197531504090875
3.903567906236276
3.7137061760295182
3.881433834321797
3.8103181354235858
3.7681040256284177
4.073905754135922
4.407769254874438
3.9721143960487098
3.947358036413789
4.098118713824078
3.9001113327685744
3.8077436143066734
4.0112474237103015
4.033445450244471
4.116729262052104
3.910883070435375
3.9256070016417652
4.042335320729762
3.9822014337405562
3.8853099185507745
3.770687432726845
3.7981681576929986
3.78294225782156
3.9365885159932077
3.8445378900505602
3.8918811581097543
3.918911538552493
3.9340411939192563
3.8733754041604698
3.698014120804146
3.964325668057427
3.9477842890191823
3.847365014720708
3.793042024364695
3.8829529131762683
3.8883615657687187
3.6834704922512174
3.9735498225782067
3.85831748903729
3.8486652413848788
3.9398754579015076
3.8748500240035355
4.148682363331318
4.294928223825991
4.081986990291625
3.9173341426067054
4.017438548617065
4.345690045505762
4.3835628817323595
4.3460933323949575
4.000357557088137
3.9689542080741376
4.0547266928479075
3.914914996130392
3.9930270828772336
4.0663241487927735
4.090422291075811
3.9863023282960057
3.8981736372224987
4.095247162040323
4.307795582571998
4.170896208612248
4.253978906199336
4.053509546909481
4.038573483470827
3.99949064780958
4.013524280162528
4.054916069842875
4.347097177291289
4.177375144092366
4.065635988023132
4.196481516119093
4.114134255098179
4.022231395589188
3.6709246006794274
3.967487874208018
4.130460939835757
3.871744519798085
4.1963110903743654
4.120258203707635
4.07374408445321
4.007167205680162
3.800229599000886
4.078351471340284
3.9485663843806833
3.9229056204203516
3.92578177084215
4.085238596657291
4.329230960691348
4.047311233822256
4.041412341641262
3.9961015875451267
4.1355665505398065
4.380084002856165
3.974071545759216
4.278547674650326
4.19970528758131
4.277796016074717
4.1244686408899724
4.219697875436395
4.0293229087255895
4.18814054550603
4.302191928494722
4.064566558226943
3.866204631049186
3.7731706977356225
4.022132024401799
3.7709478873293847
3.9040299975313246
3.9996935680974275
3.869798708939925
4.203577963635325
4.134124333737418
4.048158456804231
4.329588260035962
4.300125007983297
4.158179338555783
4.047591962153092
3.9268787261098623
4.108382183359936
4.3500371049158275
4.308813048060983
4.134565243497491
4.002813123632222
4.136643694480881
3.8611089433543384
3.8113210077863187
3.8575563456397504
3.7383314680773765
4.192245876416564
3.8099042708054185
3.898412763606757
3.854844964807853
4.0798901508096606
3.8827323734294623
3.9792893996927887
3.869533363264054
3.965097661828622
3.7759417765773833
4.061092450283468
4.129273952217773
4.2114229530561715
3.8616057329345495
3.970625424059108
3.8901613391935825
4.052688344148919
4.22388307354413
3.90813540504314
3.9490044279955328
3.869938978459686
3.7794276056811213
4.065950599964708
4.19117933139205
4.0622419093269855
4.313854208914563
4.273229993414134
4.268429102143273
3.986444193404168
3.944881745846942
3.8455238984897733
3.7596895957831293
3.870546655030921
4.319916407344863
3.920802861917764
4.297552651260048
4.452253843890503
4.060920269694179
4.019743603887036
4.242904007434845
4.061388992005959
3.946966421091929
3.8514169512782246
4.068056660471484
3.9766603072639555
4.154493490932509
4.191300455713645
4.022959619760513
3.8707715403288603
4.236477060010657
4.086481399135664
3.926806431496516
4.128479649312794
4.099464404862374
4.016907220706344
4.108187208417803
4.13493117550388
4.0044859098270535
4.227932599140331
3.967976254178211
4.293128594290465
4.072851404314861
4.1578567393589765
4.111753233475611
4.184400122845545
4.23588902852498
4.444873039145023
3.987582830246538
4.2376091233454645
4.284910183865577
4.480597043642774
4.259540363680571
4.555541097652167
4.166843946324661
3.8285646096337587
4.145784188294783
4.036003866465762
4.093285081209615
4.361875082598999
3.971507071517408
4.301654238021001
3.9709782402496785
3.9196885474957526
3.9831559031736106
3.865384502336383
3.9530773328151554
4.195393570931628
4.3103021387942135
4.301439331378788
4.146509756799787
3.8876118243206292
4.183617213042453
3.9411473982036114
4.122635068139061
4.379057998768985
4.54064738098532
4.059921815758571
4.11954603320919
4.081583078019321
3.9126159891020507
3.8750171465799212
3.8979572700336576
4.010750119341537
4.021442229161039
4.072921602753922
3.9382316870614886
3.9944109867792577
4.014078269014135
4.195534947095439
4.237530488753691
4.038226060802117
4.029726315056905
3.9150567138567567
4.0634776970837265
3.818371388828382
4.043086086399853
4.048500899923965
4.14399280003272
4.235928677720949
4.213976023718715
3.893594968598336
3.9779424651060253
4.213531796820462
4.630266149993986
4.355663534952328
4.191661230986938
3.9667539107613266
3.965710562421009
3.9234791880007833
4.004390772199258
4.2745173261500895
4.498864063527435
4.488918582210317
4.378315818030387
3.924326090142131
4.201980947284028
4.30442402488552
4.378786262590438
4.2775299188215286
4.255885418737307
3.9652701208833605
3.931133372010663
4.185992899117991
4.450570142129436
4.085123299388215
4.251593259861693
4.464157096575946
4.146873073186725
4.2759465696290135
4.519048335263506
4.178373549832031
4.254134344402701
3.9258712690789253
4.171602763235569
4.443972154287621
4.076972902519628
4.120744529180229
4.267401590012014
4.109515962423757
4.24029912147671
4.143190713599324
4.086758355144411
4.180892889853567
4.278287956956774
4.327702711336315
4.265907755354419
3.987297566374764
4.2379844998940825
4.127713605528697
4.139591543236747
4.037459661019966
4.089898563921452
4.1144737994764
4.0924675210844725
4.035070095909759
4.035991446347907
4.221385910874233
4.263926430139691
4.03821598761715
4.164078705944121
4.014318292494863
4.261061741504818
4.090670144185424
4.097322795540094
4.265947262989357
3.9471918668132275
4.1798125971108675
4.018351094331592
4.350219301413745
4.330183138139546
4.091601939639077
4.387461746111512
3.95139809534885
4.33539613801986
4.338367857038975
4.35560660623014
4.248710645595565
4.182688956847414
4.038906055269763
4.313471312634647
3.936250157421455
4.013803181005642
4.0223062506411225
4.258707048371434
3.9020057648885995
4.005469453288242
4.287455219309777
4.186652441741899
4.192052470520139
3.843641741666943
4.104100491385907
4.217157705221325
4.503827659646049
4.13828413002193
4.035177287878469
4.219786535715684
4.399357727495953
4.282021272229031
4.161411115434021
4.232411500765011
4.032553706085309
4.2323688270989805
4.158865035977215
4.355273597175255
4.1914537232369184
4.198989053722471
4.116920265369117
4.539108942029998
4.207153020426631
4.0862935916520655
4.062445078510791
4.195071258815005
3.9454868249595165
4.303966789972037
4.213200851576403
4.375531559810042
4.023495554225519
4.137995718512684
4.585913994349539
4.670913951937109
4.389491636771709
4.100166912423447
4.424007047899067
4.410096856765449
4.430961070582271
4.301218585111201
4.271187451900914
4.1688291353639215
4.524723297916353
3.948202828876674
4.440774935297668
4.485012482851744
4.24669749266468
4.295267372857779
4.15610028244555
4.200947928940877
4.327329847728834
4.207806264050305
4.411511225625873
4.382228387286887
4.525295801460743
4.214344105916098
4.105556789319962
4.120500579010695
4.322021328378469
4.178257217397913
4.5550270492676646
4.380514485295862
4.17024855571799
4.212571097770706
4.472623822744936
4.386477314867079
4.623746014200151
4.032593594864011
4.367840995080769
4.451586936600506
4.697309995535761
4.497307049809024
4.458410803461447
4.22428790666163
4.54232137510553
4.519163010874763
4.570184813812375
3.775110022863373
4.710025989916176
4.4611900532618165
4.243136267410591
4.340227671666071
4.614336293423548
4.367247923510149
4.364060515770689
4.319027588004246
4.105656852712855
4.415351620409638
4.297284929314628
4.215209875954315
4.126186361536384
4.667770218802616
4.095301221590489
4.053745013661683
4.2217633780092
4.24798618350178
4.335138575173914
3.669295459287241
4.222376301884651
4.475713247666135
4.4168077651411295
4.066534139448777
4.248664141399786
4.716306809335947
4.155520636588335
4.618792064953595
4.3304481892846525
4.2938849572092295
3.9715363597497344
4.6096584929618984
4.345513927284628
4.267765640746802
4.245968867093325
4.334646686213091
4.511084028752521
4.317847995785996
4.48668811051175
4.15929896896705
4.305129086365923
4.348753500729799
4.394805357325822
4.414653685409576
4.460028718458489
4.366892357124016
4.482181106461212
4.365437661763281
4.324106455547735
4.576248988043517
4.556724316440523
4.303257272578776
4.328221280127764
4.351059002568945
4.169958352809772
3.9040196421556175
4.29429427604191
4.560277085285634
4.310396517859772
4.438207409810275
4.277982433559373
4.218758463161066
4.318726486293599
4.380515059223399
4.132572148228064
4.95455528004095
4.177279281197116
4.312539508799091
4.246878342470154
4.314086534548551
4.497576498892158
4.32831109687686
4.625910620670766
4.37349254428409
4.289906305959448
4.374629182508215
4.293146496172994
4.365590119501576
4.41500080563128
4.623943685786799
4.51379298674874
4.912832181202248
4.75288234744221
4.389307342004031
4.231749919708818
4.325117445550859
4.495782798388973
4.43424341455102
4.071374367456883
4.687430871883407
4.686826987192035
4.360143288038671
4.256027149502188
4.394499771529809
4.712288238340989
4.800766255939379
4.158386944327503
4.37551379785873
4.630283317994326
4.064464557683095
4.421999748563394
4.543890979606658
4.397600302007049
4.3006615054327995
4.3785319034941494
4.279141190694645
4.403228015406057
4.577306175604463
4.1866470645181835
4.65381913469173
4.294836275279522
4.423024448333308
4.62546489899978
4.6311236852779984
4.267546644201502
4.406726461369544
4.2509153368882835
4.942652679048479
4.5599851459264755
4.5251120866741985
4.475469816708937
4.6936313330661505
4.086198506643996
4.38857270614244
4.518628006102517
4.034815806429833
4.388150587212294
4.782030538190156
4.33960872143507
4.1246527871117
4.648006355389953
4.384729272685945
4.589720409363508
4.30400287383236
4.576160987839103
4.22770304325968
4.214470627019182
4.525728797307238
4.464952141279355
4.643528918502852
4.764489786932245
4.375652088783681
4.297275112243369
4.1809094187337905
4.801911685848609
4.728346116840839
4.396510956808925
4.364330970682204
4.511249651899561
4.409289951436222
4.3428917832206935
4.124877414200455
4.383403855841607
4.327681947266683
4.299890170805156
4.641702882479876
4.460394981550053
4.368859167210758
4.124664293602109
4.386797241866589
4.177762374980375
4.531952102668583
4.334788056323305
4.710696986410767
4.551883397856727
4.482135156635195
4.690989690832794
4.298372271936387
4.344140425557271
4.396598717896268
4.3614883872214705
4.500956636387855
4.726930583128706
4.292153808986768
4.466254607308656
4.831477677216753
4.239541012793779
4.2104027001187205
4.857894542394206
4.6343534821644425
4.302242019446567
4.828608826966956
4.53306836518459
4.551816385006532
4.5063577147666365
4.41412838222459
4.609749883878976
4.676576048834249
4.941300314152613
5.057638810947537
4.67807315220125
4.859149462543428
4.629352191928774
4.508757314644754
4.542465192498639
4.410950280027464
4.677745135966688
4.281053257640451
4.67768530221656
5.096425061579794
4.707960327621549
4.2108571459539235
4.500647300854325
4.645137402927503
4.340680656954646
4.738636465277523
4.848350671585649
5.01396930986084
4.298176314216107
5.234836642863229
4.918795336736366
4.564218857092783
4.694384251255542
4.715785462874919
3.767824022565037
3.849746316438541
4.417493687942624
4.22480131755583
4.37866615364328
4.6591151263564825
4.388690893538296
4.716547419782728
4.130344976903871
4.268232285045087
4.426125641912222
4.6095204807352275
4.86890107486397
4.438753357855603
4.389587919926271
5.069103964138776
4.530582094797865
4.446040493668988
4.08061362314038
4.447081283200532
4.398216168163344
4.307297680526972
4.546556310961023
3.9556484015192837
4.613198235398158
4.865861620288342
4.573200891492888
4.666531901573762
4.593638462480158
4.7268013739958405
4.6594842213671654
4.530489386990666
4.718153529567644
4.362205381738022
4.8305737969931215
4.664100940572098
4.66113965655677
5.028908820124343
4.5592292656656355
5.061604536836967
4.487543499330059
4.335021260427311
4.934645653702319
4.925775070441887
4.543453440302983
4.616826124954969
4.4106150672305375
4.649323561228812
4.951012785779312
4.776646594982594
4.5602897009812295
4.560942151583731
4.635123178595677
4.994762076064944
4.572242911206558
4.80132534285076
5.220963875297457
4.7055785392876714
4.817361388588324
4.844399987719953
4.813458658289164
4.203817322617397
4.862048751208931
4.987822039052844
4.840468812501058
4.874989477451891
4.766576745314524
4.777890983037651
5.068920979043469
4.637060027103871
4.695067739579827
4.46162263629958
4.3586467849090695
4.513684508157894
4.6592942560091615
4.5545213802251965
4.4171246129553765
4.647867207881063
4.618098535109311
5.342234833864495
5.266657236032188
4.289546185173094
4.627204938791692
4.457890409044921
4.971026038751006
4.7108644742984325
4.946129685733467
4.379706911742687
4.88574723014608
4.786781269358471
4.628239538520575
5.068840838735923
4.282484603347257
4.532117295311764
4.816655562259257
4.759216405218467
4.691865903325379
5.013931799912825
4.707368855830282
4.732340946793556
4.581386925652623
4.464592641452327
4.465213197050616
4.37122368067503
4.338742380728945
4.516118528787047
4.5679922758135945
5.10118611343205
4.819788240361959
4.454016962554306
4.03798556397669
4.526961848838255
4.928762810304761
5.024721836205572
4.217951662838459
4.533012013882399
4.866622355999425
5.132557081291452
4.39999908558093
4.551299361046404
4.5420456666033715
4.386229037307203
4.66231806227006
4.807685087667778
4.724191139452159
4.973781479056925
4.78780018328689
4.930740226991475
5.625323068583384
5.065964851761237
5.064494283869863
4.792199921561405
4.363520357990637
4.597909956937656
4.733731871005148
5.15491838590242
5.443544249050319
5.139402956701815
4.750532431062311
4.585654167691246
4.651949086925015
4.831717185676098
4.730563068995252
4.805190021172166
4.494531039847061
4.612591966055334
4.652391558513045
4.6888179399538785
4.918211019365117
4.900628986069933
4.646642890991643
4.841131997993216
4.710476556327194
4.74020542926155
5.373974601039663
5.000427532475442
4.9994412967935205
4.631356884259731
4.547626162413508
4.643093261634931
4.850629202555865
5.023399273864925
4.8949919627048075
5.151341340038925
4.620708210859448
4.673988694790751
5.601973733631894
5.141734057106078
4.86930431635119
5.1820604065433145
5.4591250356752425
5.146033521741629
5.020853381603956
5.0629701521247625
4.73179912683554
4.369770281715319
4.69116734713316
4.550640911562368
4.889584499644116
5.044545790180564
4.866312839090824
4.824485419550911
5.0705228466540575
4.7348717043641955
4.498184515396133
4.311479333555326
4.921427245019004
4.872662232955918
4.790320590604097
5.035398578969762
4.850416197674349
4.596211721887812
5.171086377231404
4.9258922333829105
4.636208893498406
4.909764245850965
5.023911198368296
5.185683792224154
4.672106597805396
4.7453923667781055
4.422310210065916
4.723567990353331
4.980367248877883
4.4456726922653615
4.581336227944121
4.2012258362956345
4.175441890023649
4.750277220504358
4.954588748514652
4.595488368999213
4.953780653188005
4.77963625267148
4.999762108083814
4.583201412111521
5.499417237471789
5.169262515148148
5.095291781704873
4.506243589101359
4.906510283937678
4.493388038128614
5.0612802458927035
5.218252486549318
5.115892858942971
4.760892818914726
5.738182624801993
4.868677781894803
4.727967238985002
4.431260467972606
5.030198476510122
4.845085341483355
4.529439296806231
5.0760865055490285
5.174484777264297
4.695078931516036
5.035328906727955
5.429822546429932
5.0112102285493165
4.808791319373995
4.774235849501565
4.681531216483563
5.15605776454322
4.98753086803481
4.890026489971206
4.703017856925726
4.54099976317957
4.792139538563788
4.712422739714384
5.227683664299548
4.918374917702749
5.026828175643459
5.2882794791366905
4.820689398795366
4.963521010708064
4.954634708119556
4.612255438463762
4.924550793832168
5.2799964777659625
4.570821474771947
4.991078302264214
4.803800395689905
4.837295300792903
5.032431388273835
4.621400234987959
4.729380311211571
4.758982106810436
4.697840738110244
5.059689180692658
4.819429152179509
4.278723365627229
5.307591805700213
5.171381659340113
4.772918471135199
4.738840545993298
4.944153222022578
4.810681328177452
4.562510809162632
4.628052828833461
4.722112736897543
5.072157872840762
4.842323436401784
4.553583095083013
4.566208355128765
4.611565764527768
5.384760990738869
4.931756935315207
4.90087670343928
5.202957462985069
4.8060779648367316
4.996131377760321
5.055439495015889
5.399357141228393
5.4670417150482535
4.967320644296706
4.645029979990795
4.8854420555289835
5.190418359590694
5.1743154970463365
5.376661797286943
4.977121853735298
4.835844218032435
4.778293004725128
4.171964433044195
4.581437688553706
4.844280757708475
5.103065412258729
5.187610560329631
4.6353334311861545
4.363229351118207
4.019154575071298
4.683074050815776
4.926957574207336
4.6741737788543105
4.372135654557496
5.022011036518961
5.0663560358807445
4.965854011010379
4.58884866326116
4.596200143219903
4.513521063374355
4.94474291219376
4.893587942235172
4.89519135421142
4.698400401510298
4.638801026623696
4.745243024313822
4.903018482029438
5.291522189276293
5.048623908078298
5.191489503951743
5.032828877214342
4.898210215382278
4.740423722891137
4.546385131310672
4.9469129289500415
4.828220914350823
5.060520366067067
5.36616017925553
4.651253544958308
4.617279882077128
4.762375851161778
5.163789643673226
5.272239270387217
5.262774149188772
5.144006576621905
4.903593215160072
4.35276919323951
5.147395579377189
5.250783894909546
4.682964147301391
5.072700439253822
5.138141630450264
4.6065115332603455
4.661027946509421
4.996946423314512
5.2970789663959295
4.635436830110848
5.228376641171053
5.127456241520122
5.076743222773075
5.059476831462234
5.174030794063583
4.93617894873023
6.108024270506576
5.062267826171592
4.601547006051987
4.951307436916977
5.46164714009501
5.831785045098513
5.608715378679335
5.6947029863949865
5.101635533152148
5.686652490403503
4.883655101759359
4.975846017012373
5.338647733209655
5.730631855549291
5.198773622279987
4.85386280156672
4.7662705082912
4.986618697876111
5.117794807069004
5.120561566669494
5.453064542030916
5.397907946025953
4.953026642557234
4.850498858606443
5.104111471911892
5.145718960324302
5.120426197303459
5.143675013910979
4.791777835926041
5.228410056093708
5.340578549541533
5.052031446015462
5.0375648736953735
5.1238278455566615
5.5515609993599355
4.864004039671272
4.55681611597538
4.854273154167458
4.518553797155619
4.881532696308568
5.108058446319774
4.544038861058652
5.311557766515762
4.619770248653367
5.1305866008624434
5.431267430540174
4.7522302565630525
4.616431781090796
4.565487534273416
4.777915182989091
4.623810425633565
5.123147485079244
4.69659351487644
5.098020441364497
4.563280314207077
4.927752787480131
4.967766858870164
4.331686607096344
4.655902639729902
4.897497629746795
4.722694361582398
4.700416427338496
5.683519574115053
4.994305943837389
5.183448523748666
4.64800647366792
5.108708580257371
4.4966540762688965
5.457638028776273
4.6410687528550625
4.82112542563118
5.050096835242584
5.236976359970868
5.002242730930448
5.013267089379951
5.105806283652782
5.111305313184857
4.818996426649392
4.98331492417492
5.020947213284671
5.1443147615063936
4.8218061733059585
4.4273374998010695
4.999104114016518
4.9383425179403275
5.234101852402091
5.516129265539348
5.2610127232037485
4.896273569436744
4.684902397915721
4.796677741454914
5.482144912937656
5.254496309207752
5.337935134302825
4.536631903843954
4.866606119321659
5.29307916155085
5.302764915395528
5.104369113687426
5.056181671330705
5.357975188875571
5.128704261500388
4.901474510319531
5.060214265715331
5.247179843951017
5.027454396011308
5.397071630228311
5.593201704323292
5.092330835526809
4.671232202090323
5.021534170722589
4.797812505392358
5.036392196081579
4.858344606822357
5.440892502432689
5.209342037560418
5.6742099795956165
5.014513038331643
4.876809095032513
4.929817582480609
5.268804042600095
4.967834819108248
4.941036700038239
5.239228911232203
5.363887221785262
5.011083501856774
5.302141371648759
4.845682971645147
5.111223303247243
5.329135861247778
5.321933466941118
4.968145252671093
5.150846776552498
5.3694101786240935
5.456665270263329
4.811533258995041
4.965972377220169
5.031972367549315
4.548366026720032
4.606158348731697
4.283013146719895
4.852428042329848
4.781315951375291
4.904910181183368
5.564417512621731
5.550543841673061
4.291170914191753
4.310410734149627
4.6290921326726675
4.6498768432065845
4.930365035310388
5.024152718950063
4.744388022460043
4.8186947596259415
5.133763967081904
4.291927853017114
4.918040153803304
5.639789036009461
5.213934116065502
5.254601787775755
5.217227432643995
5.689851814182475
4.856349130626768
5.218913237564266
5.228597054025158
5.265987475635484
5.071880392031744
5.379504774464294
4.8744414078537375
4.6873521083034575
4.846570493886247
4.698511657072231
5.434710241155699
5.216492526233196
5.284688405925408
5.352333582006395
5.118101782165468
5.1223327841144055
5.129054310033098
4.7905517751351
5.624396553495899
6.173249947605655
5.0220724490936846
5.356085586361587
5.10333361919038
5.668179310159758
5.389703749679029
5.361930534709245
5.190886476542801
5.681673771236092
5.229754627915099
4.725139898713678
4.7411504809278995
5.030652784975246
4.9504644891712815
4.6054930470418185
5.506859054090455
5.682292437180877
5.382756598293781
5.087794265476987
5.100083239609376
5.025548078352585
5.246574393240735
5.322608123300597
5.6749453723896295
5.309603484347463
5.522530221147463
5.177666068077087
5.079695431748405
4.949137897463515
5.296090950490907
5.230395256076008
4.967549721244723
5.2537109651602805
5.042075385572389
4.851830980274826
5.356125797843561
5.345327017363161
5.089596062432975
5.235780485672876
5.367038839962333
4.794306923169643
4.743457788368687
5.042021399829537
5.133152077207342
5.253167107934132
5.586023461306468
5.157346779014915
5.072353089461103
5.444229637272656
5.20423267246224
5.079085607780144
5.898901981767267
5.437698181020096
5.148001166060567
5.514844991033897
5.928326048655435
5.460661718156189
4.363817002391443
4.352915141964331
4.0850175966043025
4.243195364368148
5.111183624714613
4.764348449418321
4.9442757533397526
4.739222412463278
4.188436585944146
4.609361780574545
4.8899296331219375
4.713122668676078
4.667729052016512
5.432040188694373
4.9285695888102055
5.740150550380349
5.851533548673615
5.516888187034056
4.647864720784128
4.4942196237389
4.578261935850605
4.6675998095888644
5.0812517730519176
4.908072517486289
4.531032248865813
5.0391278197057545
5.1991813408676535
5.086358824046329
5.372581938281655
4.889600166352466
5.318096356932074
5.01709009334445
4.7593026966787875
4.314013595343567
4.920004440937191
4.62280772975646
5.434142100857571
5.317206440027803
5.661162145668641
4.947235178900883
4.791551874484867
4.891022394178435
4.60873156436719
5.376212108647451
5.574322164757177
5.153131069848314
5.18658062396571
5.667158059310168
6.234042429132387
6.256108405068517
5.953121056081727
5.331047384766862
4.752883020788431
4.855154343880713
5.368983571883291
5.385363969719037
4.923828298924491
5.376779302954674
5.1881448132917285
5.388362845405936
5.339299010112882
5.195557280210778
4.751264916034415
5.386228444054723
5.04700189596042
5.014251298736781
5.554494129726663
4.979201739886776
5.647638866910711
5.554775027791038
5.265786238946021
5.802024377277121
5.016243095742539
5.185775664635003
5.457993593998253
5.702697682194412
6.050869998289272
5.533205577638
4.985476693371311
4.788110766327009
4.529637872241437
4.886572755407542
5.034601144725457
5.283345811767504
4.806125562172383
4.65372358309105
5.153664896031842
4.679657786618918
4.959826140198857
5.113116422435269
6.13805635063909
4.896594107849523
5.212321322178468
4.960363411810249
5.113036750815809
5.087700733216479
5.280266607180238
5.4683177708648145
5.234596412628889
5.855416578706354
4.887427799869329
4.06741176370997
4.584034521598369
4.315534485504031
4.492229742347263
4.513951173750684
4.867116064298898
5.068268290953711
4.716083990642801
5.020543422084302
5.244611182948574
5.699544219300151
5.078966059954837
4.6031417024787515
5.100871809991077
5.0449247090145946
5.726000346709043
5.161432292545214
4.946584925753996
5.2029635885264724
5.235801084665582
5.444008067948744
4.986381059745327
4.9506778279319406
4.914507804671302
5.052369965938851
5.159860835643485
5.265713600208983
5.676360396668315
5.399324245983735
5.184956362238154
4.727100768359378
5.156534418463707
5.382108155405149
5.442609962075949
5.079266711836681
4.783720617182553
4.613353455904871
4.838654397986829
4.529501486569643
5.0035981826949865
5.582996288547292
5.102472313446924
5.313040929613635
5.7668413042556494
5.682590007549152
5.213600867660716
5.0452945155557245
5.006302224704996
4.746929371263832
4.929802384926006
4.6796659615356475
4.7516172411851585
4.711175949079916
5.545473060104996
5.435396341606975
5.474829429294914
5.135562944225967
5.168508579488844
4.920003860723227
4.868503376841545
4.745080219116062
5.746436522342265
5.19099918124266
4.980830509914085
5.092103878734633
5.199762271018699
4.952249844791368
5.100336408941075
6.046322345035151
5.077898082556203
5.4812298328615725
4.772828149842098
5.4350117994472384
4.785790735390037
5.152517095673829
5.776891225716099
5.216142467688769
5.813910205848515
5.016940942499787
5.6087681103963405
5.1049169360194355
5.352815880673006
5.349023638060316
5.4201789170037955
5.579152126563713
5.133331591496244
5.671222999924794
5.152475999901071
5.214468985795975
5.523331634467468
5.917630240088329
5.54488658439368
4.8163141396362334
4.434287894167937
4.966521086869761
5.176863735541701
5.185468530282378
5.118483937811106
5.169050401775166
3.8575694212922826
3.8522187179187313
3.876459135557525
3.7334679847117513
3.831998536363244
4.034749392885715
4.378430494572967
4.380393706145696
4.578921317122877
4.912626045756042
4.844056095229462
4.954870100598782
4.896045376779512
4.753098934190348
5.420041957171634
5.2987134519498795
5.4227350417058915
5.632757377577946
5.011213723570108
5.1476794625632465
4.880185084184632
5.863434036029503
4.4867664779303595
5.1616402186919
5.0989463198930025
5.58870635041967
5.178755080327392
5.470676654018462
5.233873528894037
4.969308590982109
5.473429406294599
4.799855247372761
4.999069067183882
5.187467661919072
5.335080164251849
4.869380982127041
4.5804071691818535
5.068459163419902
5.174654232803732
4.703045587753877
4.771450041560456
4.664746428956278
4.979013939388096
5.167925499146804
5.370757477823645
5.359952484956011
5.0870661123190075
5.2596388519741595
5.165222713723779
5.107288137078285
5.2911959062330425
5.651280760997906
5.322471253108233
6.410960149951279
5.304598743328825
5.335967235732824
5.346430825302377
5.2719703912734985
4.678597581107169
4.765696489019319
5.282430185237899
5.420170244527981
5.350013340357691
5.2257727577816695
5.358784143347293
5.1816413688939065
5.40925147687085
4.540947203058749
4.983247770695016
5.3693036993499845
4.68899533781223
4.8715514107607305
5.352144923759624
5.191137900343165
5.084706724155694
5.61118672369048
6.15466054296121
5.452434923965484
5.152812767308205
4.966995841590688
4.4258176339790225
4.859810687368736
4.638983652694151
4.905322599806823
4.6176830844487995
5.235518083674833
5.323948661796749
5.566643582424149
5.949533540289849
5.884822849649936
5.607996408129111
5.9568042871542275
5.725339575204998
5.197511829435825
5.300942542031407
5.763333418872207
5.767652999609709
5.730487327091396
5.301164852688089
6.600424558389932
4.760323995840736
4.598420204594731
5.438343856250867
5.1855605414602906
4.7282680524513125
4.351113254553638
4.10512990038842
4.649663925403729
5.120969763025641
4.444393279030919
5.300287013640627
5.273770079249516
4.914428015472367
4.812634168425575
4.693197285523638
4.087843001820147
4.648568302276544
4.973732131533325
5.007742156041786
4.935650386847556
4.729169878875837
4.770104960305616
4.583548527676612
4.9144198906142265
5.2500926030334085
5.505291618406773
5.86070236726664
5.607794743729755
5.270734398858622
4.6532699964009225
4.624328242149204
4.628152631223202
5.2961247463244945
5.202518487349153
5.451618543826044
5.304622166091576
4.437745667994022
4.508055776357651
5.645859761629254
5.7312158811837435
5.1587322992272675
4.766496650874615
4.604540680069476
4.755836601834744
4.6590240022633225
4.6453009496908635
4.862768781138584
5.724213893292472
5.7870648903772235
5.208094792673364
5.038792904932052
5.359902731608599
5.424696902511641
5.094689657445997
4.553631302434951
5.0087409052066505
5.042660822160542
5.018287206534296
5.50322208320722
4.639854602748528
5.145645395154133
5.057552096201107
4.854677454335615
5.207322146510705
5.061126843327656
6.037330824881792
4.6504933731630445
5.41021490143612
5.375773583306
4.874753365293145
4.228417442645878
5.361421666108072
4.916280895238742
5.42076758062467
5.919925236841664
5.940715322969481
5.699300401145592
4.456341130891815
4.246076727285981
5.007797752972692
5.091014947975054
5.2065661593806
5.014032687759027
4.852985395118594
5.371067219879478
4.779581060633063
4.9084689687006176
5.624997476348653
5.0306899808347225
5.450723278569058
5.097205556696281
5.516371123725548
5.310110907303169
4.982218732126057
5.064269702415913
5.404826441779733
5.60105114756152
5.053819155553356
5.5344849962275475
5.297380623873323
4.370683663524687
4.2030324841616675
3.9476324561983347
4.2181482976302505
3.912289843778126
4.410024006967433
5.412733622826636
4.871581110171974
5.228110215859488
4.86853233166039
5.818413248518482
5.452908656792715
4.9199704953935
4.89562036911957
4.334376487415284
4.117499755695462
4.58909748820588
4.078355862991884
4.18335512210615
4.807930010952987
5.188854804029688
5.380562295438722
4.83124512725044
5.133273150539026
4.771280276356265
5.207259764196351
4.871430001454428
4.547887069405988
4.9793852381408215
5.28951986390166
5.512151387752965
5.2928179109003395
5.351953168166801
5.089746734127402
5.5547340656630695
5.387184091843665
4.287290645996109
4.96762549970299
5.346530291019008
6.253630554070696
6.781869378173724
4.924101018346846
4.4329996621236205
4.4109431891702116
4.310952300787903
4.136796968406998
4.776080411393195
4.6462433281121776
4.865413180668838
4.558391234953888
4.882796873804182
5.102569350041449
5.670808922033757
5.891978102736175
5.192821725970134
4.749180608661845
4.31924214027822
4.571093844831921
5.134899953613058
5.912247250555083
6.074529736069962
5.2137929478194565
5.119084291392937
5.256746310042217
5.593930249800906
5.322716217022389
5.025759348878637
5.50479511031881
5.261023201979697
4.992325039580464
4.449448962928727
4.071218614350073
4.6331154310610145
4.74749007448554
4.894962626742199
6.3526928895153105
4.680034775054082
4.6868891711346805
5.119726175675169
5.091552783269435
5.517552870791405
4.9818572690710425
4.620886618969962
4.9695072821341455
4.779305835720152
4.452292745700106
4.354092703666538
5.409843711880967
5.50089238001965
6.673028705408797
7.17863027122803
6.102292565163225
5.560418596258387
5.405262283748016
5.669322403147817
6.440936642000452
5.5919708432629704
4.485499504953623
5.064215255435556
5.235115020070225
3.6855338469613343
3.836148310918361
3.485252129845321
4.299710840452462
3.817056031082757
3.7124962576199323
4.029000398819335
3.676214766688645
4.035569669562392
4.6132736201398075
4.050656197825447
4.299162311595865
5.5487187162507325
5.295475363731384
4.745176967699081
4.601970478892326
4.948222000617534
4.112621474079788
4.845392681192607
4.1555971236666664
4.128225768334232
4.553874026983976
4.246322975261137
4.383705582818948
5.783187573542818
5.863521362887695
5.109878887888044
4.947760781273246
5.225376777816564
6.453903443180025
4.245661871042103
4.526167755946517
4.156095655052923
4.564947153907269
5.028129781829193
5.005095899105072
4.512598420726135
5.370202093152329
5.027257117209956
4.446550631895661
5.565322824753821
5.5775420379359275
5.0671815171372145
4.960482775932178
5.42001146171242
5.816008412046358
5.938431637594476
5.8847183138132095
4.8405750843230635
4.24216766981408
4.249953113729134
4.251394432852976
4.666879775933921
5.118181615602225
5.67872355110012
4.978780950070359
5.110402407124639
4.77161357156001
5.383743772748858
5.434178438736126
5.1292541907168925
5.1497189302463084
6.037561196368188
5.139518124982715
4.998719454277307
5.267449005739763
5.1967855198308825
4.235608156071976
6.044437697157264
5.848520955303684
5.803325021406636
5.632566811982542
5.632196803344414
4.637027225573547
4.892070351517759
4.92761826235801
4.894257311010733
4.293928778381087
4.512672430253588
5.130176498554647
4.99883121275343
5.577535898890346
5.008856143336743
4.631632026401348
4.8373230824945495
5.070270460098982
5.402420192025602
5.457677419297397
4.9908066221978515
5.475146187236533
5.494681179756299
5.335201391484588
6.421537026297301
5.431429966585711
5.1461796967778355
5.089364973129705
5.248420036630705
5.018369784229435
5.887715998804197
4.824739811941981
4.4990870845504105
3.6563986497931182
4.13236610183958
4.219054243876599
4.45059269585181
4.545798295876011
5.177431623917073
4.551489986595698
4.734766197390854
4.124595176312141
4.062964635668322
4.362659493577667
4.383600800530985
4.476191246882081
4.853718504076824
4.445624207961373
5.120700255734846
4.451726972358301
4.4613705788506195
4.406569349230267
4.3675152900395915
5.282295692712069
4.652848169906065
4.371483816532418
3.8223511159885675
3.925379083957523
4.733705441933125
5.298889705212787
4.706458675907925
4.716186250094324
4.92172956163995
4.657514974940568
4.660655886866152
4.449420317192562
3.797782904584892
4.594637714326382
4.816874015377834
5.132212552940473
5.630614189896733
5.755445870338008
4.545797512633726
5.115583727136254
4.57466335920617
5.02786130271852
5.093494080938399
4.694436912774108
4.6166754871374
4.5977092031389475
4.759193517966196
4.99274181923829
4.964746666839346
4.353343849652447
4.480149871553294
4.910687806783244
5.442220340948552
4.739942074986175
4.3527706996537745
5.04689800622873
5.1517121233046055
6.5496215366292745
4.72883002506569
5.198252561269328
5.283201206708327
6.0931522054597735
6.0718436383176595
5.1446568130049855
5.386920875171199
5.026117850793526
5.774673425592482
5.163023643894121
4.852938604541123
5.341660085134208
5.763870058581233
5.535870077786967
5.162602248718031
4.595525651588105
5.071056745829992
5.1258197403512895
5.390433574328199
6.274398054229096
5.38827966619283
5.585529731353745
5.432392299873754
5.922464940929785
5.138547518756241
4.880768406204879
5.035074195242487
4.424834325094707
5.215734348166734
5.533818655880168
5.097568008583039
5.120308170793578
5.012635241495445
4.730661971261725
5.212888196576387
3.743930200347677
4.607486477470957
4.622494691167958
5.143909640493803
5.076907410053536
4.664121101028286
4.340901534771547
3.600741624366492
3.412049602717161
3.974781986209564
3.830908521427773
3.7918536942452192
3.4515917868120596
3.616112147574313
3.201901363907382
3.405550939263776
3.5965611848514527
3.2538482785457745
3.7555287160212174
3.547379860188812
4.551293203840032
3.720994077157229
3.9175508649786934
4.293856173404492
4.201375261996873
4.197301063570194
3.388172017177567
3.7739440033910796
4.592940139234997
4.829443532740697
4.538285105722025
4.383657765923999
4.852363735670224
4.689143386320211
4.683129945537075
4.866449268301949
5.476403380511329
5.1018264116719365
4.572895162855275
4.718478946946561
4.530186995631084
4.364671312388964
3.8745000881608576
4.460973465000279
4.867306573782116
4.524786018882878
4.570449836668558
4.335503635578789
4.708020655089058
4.464372491464019
4.869949461193755
5.426391615532339
4.504549274337478
4.979374127578922
4.801972774905153
5.125771564198658
4.700300191529095
4.406461777631193
4.453823598916642
6.389985975809395
5.40376171679236
4.284666344989091
4.685233545489609
5.091413981514052
5.076084895757958
4.781442008679733
4.339228433906101
4.742099974188022
5.326906401896849
5.408628408797085
5.873384435893968
4.6716771005885676
4.691310905152932
4.863564748317003
4.96965610049665
4.550834718393162
5.570730998879299
4.409306325251237
4.319083959097043
4.503392921411432
4.7282030519563705
4.527785665704869
5.072734245331958
4.946906011551619
4.717774876975454
3.8038520065601915
4.392211279366165
4.83088676026091
4.854640415054746
5.415467659709975
4.764293697080575
4.535759505350143
4.417519736336544
4.789566877414472
4.741968682501465
5.466896157478914
5.462620256002992
5.094316694769077
4.674669155967422
4.600553366588429
4.644674427108839
4.654702793806791
5.135852475417778
4.707305527059361
5.579614599002525
3.9969455735990778
3.5892055340809748
3.529570944258012
3.6290461510652676
5.255153237842023
4.710461261798628
4.334419223130681
3.954578260658309
4.13356584624853
4.164255718933418
4.492124084848911
4.148191045387648
4.287112904712558
4.763160623027943
4.276111655519344
4.1672090196516365
4.246034820564091
4.119647218729369
4.6066957619041204
4.27663489675615
3.991152885137126
3.75861485931091
4.007684036390856
4.056191001785919
3.804714545374736
3.87470436852891
4.21482544078026
3.9168135127983987
4.273711491492577
4.153304417268373
3.8997790354769677
3.8783996669808403
3.4853209818247706
4.574950090725906
4.234451146214269
4.1355298205744475
4.362322142114863
5.116753073874861
5.2428924983832985
6.029122718377039
6.562872930197045
4.761382942320779
4.766608297242783
4.783335870248266
4.911060726619326
5.207543718977831
5.993039441294968
4.9365511576179415
5.401063101133332
5.170739290188067
5.507641918957233
5.3164670306723565
4.926690756576136
4.796735360170715
4.957229399704374
4.652268293895759
4.439818498678505
4.496394479647279
4.452833677409217
5.552696811268106
4.250847424729727
4.683222712599672
5.238919493742287
4.919895202969201
6.283796292496845
5.430593992816284
4.685595367802307
4.575590416206978
4.843741666525602
4.445309317787178
4.1907339110039175
4.144606256741099
4.794198847841471
4.5452202869346365
4.523051726981066
4.525973865878768
4.8019004934467375
6.14387261425145
5.027257487177849
4.604282615589909
4.621976540074684
5.368993124458939
4.971332761691883
5.422928155399859
4.538375738542527
4.135683859232813
4.591400588746183
4.851844898657873
5.026933386689052
4.644745875499211
4.733314329641871
4.952663265634328
4.021250209421851
4.508304767427035
4.444207694497891
5.639992290409282
4.3186631152639166
4.411051153205335
5.485412833746523
4.273473943467252
3.8036485969787464
3.7099417380522937
3.31960427807644
3.758232247782871
3.4392501023830846
3.3391381631372496
3.1293929864186794
3.5564327698666602
3.1018535842886195
3.656657177838497
3.6911986394552514
3.2258071274263784
3.4956479832762852
3.17818667658139
3.4621240412816405
3.3736557462252676
3.7068918007425964
4.228225959697738
4.055850802804343
3.7463404797017574
4.123202987480909
4.629491483443417
4.035917281638831
4.346494450466707
4.543232046766207
4.409426126512699
4.002125677536242
4.23900601034984
4.443949238862842
4.515007311012596
4.643728809547611
4.228276678244583
4.523896237602457
5.055507774231955
4.37628077971749
4.594210597104393
4.822913933545351
4.526377273956314
4.3958813903154805
5.003233156050555
4.280883965548128
4.514605657779612
4.380789250484668
4.243854584987275
4.782294422038831
4.5709640317363665
5.347539420239627
4.57385766832158
4.144283091765828
4.233373768627644
4.381987082306296
4.1693061526166275
4.305431277141906
3.9290753088425845
4.429283779463731
4.010376970283687
4.144708056584932
4.6744834567653015
5.694164314074442
4.830182980396785
5.29886706545949
4.677748100482859
4.963267972925678
4.212656140327454
4.2631837469525635
4.571431313175708
4.304861792596057
4.364822656381875
5.587011832278222
5.125482307979837
4.258111508679576
4.317840987001546
5.546389309922233
4.755363909411244
5.636155031155795
4.9556740710977465
4.1533010909333825
5.511152965249494
4.954222789849155
4.22725731600076
5.057437430368736
4.107123153051361
4.570995626039803
4.38214147335384
4.002562870038673
3.8287817661184818
3.576830594218336
3.686788810417056
3.7427630041493103
4.257533130003139
3.987449019914493
4.07968650048133
4.500700016622432
4.636518960236572
5.636064596707001
5.004118845099583
5.073366002878174
5.05260337004438
5.532023692969233
5.478489872300997
4.064821887644939
4.00411742052529
3.073317968752235
3.786757183028385
3.7534631710732356
3.3920611712383106
3.3227625738363713
3.3821058322209865
3.7160322037525475
3.9404010319849476
4.345787143683992
3.511129764490761
3.2354684164747596
3.987273625796661
3.668804098968394
3.5155799015192315
3.6047297925688326
3.55072980071418
3.445164041710086
3.6309704780578613
4.1608523085014895
4.414532471681014
3.6456715343520045
3.709917428321205
4.4839287352515385
4.350127780693583
3.9272210233611986
3.6318996710469946
4.137097494094633
5.541973817162216
5.093143336591311
4.2446048121200874
4.2267054138937965
3.812254458083771
4.4888347517699
3.9817701132269576
3.535985470050946
3.577140186680481
3.843936914228834
3.8812396513530985
3.707735421601683
4.653198729152791
4.44226180925034
5.776379020884633
4.310146099422127
4.764631979516707
4.459827461047098
4.2390974392183125
5.150797730078921
5.2369652662891895
5.114905600552447
4.777924197958782
4.113762947497889
4.4230026041623205
5.020039666793309
5.1922873420408
5.30768930609338
5.021249406971037
4.8221494822064415
4.548082501627505
4.525247267796658
4.593232368351892
5.7862026751972735
5.628906855592504
5.84134219144471
5.50896962324623
5.045364724704996
5.150980185251683
4.5350729720667005
4.8006022037006915
4.706255314289592
4.945448501617648
4.35463586950209
4.904579850495793
4.425419886945747
3.8520522438921034
3.842098209541291
4.398456383496523
4.552773621515371
4.622198264463805
5.01958527113311
4.953979862621054
4.713287502760068
4.235460141208023
5.058126239222474
5.277864599833265
5.106358063640073
5.884421090129763
4.313347105984576
4.394093650858849
4.313146794913337
4.9508391274139285
4.113184016314335
4.968707000371069
6.251700593624264
6.020037767360918
5.740332234185189
4.513678387505934
5.194566190242767
5.1565292191226035
5.004661454819143
4.71104571770411
4.190814318368211
3.8568499388638884
3.7518479272257537
3.9781163407023996
3.6250584735535085
3.2816743347793818
3.285246772575192
3.925951749784872
3.3942627165233716
3.5398602915229276
3.4944219943135977
3.320167990983464
3.3310420841444284
3.379231217317283
2.9629857547115535
3.891337431501597
3.4548156692180783
3.2909242553869262
4.185423341346905
3.546118220780045
3.670086514437571
3.5199418428819627
3.4670254406519234
4.469477548147552
4.666719090077095
4.494459659093991
4.7881933834869415
5.2807336777914315
5.257416289183311
3.9484477947698906
4.282991177402437
4.534937949851155
4.379877106286585
4.455163171747699
4.839334430522285
4.499025137745775
5.0080400021979585
4.659649698645808
3.841374287265353
3.8686588048003614
3.901244394015521
3.8727542565902695
5.449395433533937
4.373157226131298
4.305242322036065
5.259997175773606
4.5643810528563336
4.629415870178491
4.214603689615615
4.41826205374673
3.3429525278043
3.937874632421881
3.4783964790403843
3.3786629311507568
3.519019147264771
4.34724918322172
4.160306672449224
4.641649284400046
4.467550770728849
4.272072680410929
4.544391056871973
3.882142147165723
3.7241094092605636
4.617725741700269
4.25098086532671
4.082829344086349
4.14765130833257
4.202718201209791
4.343315033940598
4.840892737265676
5.18200128141325
4.885030630743131
5.2499561733566225
4.59093275712803
5.439735445193946
4.74986988119781
4.335755809908733
4.651126379147172
5.184502343647182
6.022357351379469
4.8837251618970186
4.530926840612665
4.548875028500333
5.434552297228947
6.464375885203481
4.593173956964165
3.9812147804768756
5.831903052981943
4.875925377011299
4.59574886795599
5.553108643973246
5.059190593427047
4.110691657406278
4.722459654090926
5.388467060402036
5.977959557902068
4.514122061897069
5.223364624660462
3.64252742822282
3.428594099241309
3.2402350468328223
2.947516004089266
3.6703749687876552
4.213420199695975
3.8844499670667574
2.91975404729601
3.7130510462448
3.356806264258921
4.226065434864722
5.896585979964584
3.7069841413758695
4.527627291390672
4.187594948802143
4.2822081237100065
5.85436248476617
4.004229290876538
3.8363912258064374
4.189510108437389
4.0056429241085425
3.386188983102329
3.509481286862865
5.080310417572036
4.31076923571527
3.844171976787038
3.5256448878208175
3.425661674235016
3.8178330027731135
3.4110030804295093
3.8116600590292364
3.450292879366316
3.341807519667782
3.400366963353008
3.6531304519157857
3.3813183791935444
3.6098928285064176
4.782326179672964
5.023680623387918
4.187152944505215
3.971855106181465
3.842931231018156
4.008760607102886
4.863330119405873
5.4421035926789045
4.9780105863465
4.367425190284848
4.5012733876938
4.7660007196245715
4.369734179927036
4.99819120275788
4.74734280933626
4.6291068338323385
4.9684742951067165
5.1583486057352275
5.6545305924955755
5.4788362556137145
4.688920196262188
3.824264528346248
3.4956238515442237
4.120718061341904
3.898241442395374
3.698041505878791
3.7207728079520166
3.442596379900351
4.193809017422609
3.812648630933836
3.8885867012431845
3.868590182508342
3.998764410149306
3.9356859562685713
3.797091249958612
4.439412662759423
4.560172891477123
5.123633030918427
5.264288648031652
5.303789888275787
4.751214890158735
5.079567431937903
4.913957485114224
4.754835864645429
4.283526782761328
4.49721898837015
5.297319129225798
6.155868073925376
5.492679049493745
5.185629412182607
4.2859401549212635
4.242827778216451
4.517379154800437
4.86359314864967
4.724356465507299
4.303644227213226
4.257855441537686
4.916325669619255
4.636378349270672
5.671666651964188
4.409926398424432
5.345925251953304
4.97753532952629
3.3269299189560115
3.7721657148795202
3.920044071273878
4.141552310436964
3.264141953084618
3.4926707977429032
3.340913573279977
3.3138387695653364
3.289505728520453
3.6215402168454602
3.0778319536475465
3.7661026956047863
3.2855208010878414
4.057550566154532
4.004202125361189
4.356640533776954
3.882811998599209
3.887819870025851
3.522298939526081
3.2113905623555183
3.257135586347431
3.435539857367985
3.690946290269494
3.7323932613944635
3.255052504246123
3.4091106000123546
3.6084983630571514
3.3561827031662688
3.747181798913516
3.3053046570857987
4.128440060419962
4.578703272040002
4.461919310386293
3.332207436673343
3.4838094916194677
3.755113577353768
5.1052581910043955
4.254683738574386
4.258977326680906
4.193658293806948
4.716853941325098
3.9821686178911477
3.769552537240088
3.9851845655357465
4.207227027276531
4.707226675818674
4.246166126569733
3.9599210891174152
4.323464657412842
4.222703954204917
4.602402234682813
4.707486301544122
4.954470932600088
4.405102843884379
5.854480770183727
4.824380356352776
4.803745843353681
5.366371397860348
5.302979752421379
5.30452623241581
6.2574173039756715
6.00112853734754
5.888428419129923
5.495599498273805
4.737628625938669
4.365041301120073
4.242162939743139
5.920506849884987
6.05496508278884
4.923805434722453
4.958000902319327
4.048413996002637
5.1709630123805255
4.601846020203084
3.9894388936227188
4.063413070165552
4.22024552966468
4.935945127042942
4.356616856879555
4.369758329936303
5.253301027463749
4.879883327288553
5.115690242964774
5.281550904503092
5.905894533498213
4.527593468083069
4.844959458219819
5.454631570028141
5.437565128551796
4.844342909869738
4.8882436422863975
4.781877824570984
4.90688711812254
4.8665527066914365
4.137289974489249
4.234980772249401
4.377898066770285
4.737064796732739
4.345451347995549
5.277076409664005
4.20596557634417
5.080076799495146
5.807395376032218
4.32074021268636
3.4090584233636037
3.3034459416521713
2.964833710109815
3.0067828262690455
3.363624576944858
3.1599661727668718
3.246536444639787
3.008362101507373
4.313032042002305
4.538127393112518
3.7477131540654227
3.683634724235162
3.265201447531581
3.261351507040672
3.611892578424886
3.2717837556265295
2.866714823176153
3.1727727381512523
3.4777062729699537
3.179247762891464
4.015039777499624
3.8660898274974898
3.733375124516897
5.003376295324415
5.109493686934002
4.511015027645044
5.357580949785188
5.0844958398956805
5.152710300637409
5.261146298260428
5.341727085527964
4.904459147597663
4.28229977178853
5.238208084832877
4.4015964003046975
3.830419862875715
3.6491703224601224
3.993020692607388
4.946294586407021
3.9273456146474928
3.3741769728949293
3.6721961384173483
3.7319029887439683
3.7795154419727623
3.4608062361367047
2.978225824306719
3.6954205222427845
3.4498283044667915
3.393203832441941
5.190886194352061
3.774706940399483
4.127825448056683
4.787478410988115
4.271075885975733
4.527571633690968
4.32948409486562
4.958443867741153
5.348485875292681
4.7972963623469695
4.01580265420489
3.981932186288759
3.2668391230981797
4.31000136223156
4.442032797262073
5.164378888206556
5.9058847485575825
4.892017572885379
4.928461100091226
4.068502625566907
4.258635648526251
4.612955715623684
4.862688213819638
5.328898461069912
4.688680478022434
4.911541189416312
4.70816159772221
3.9526243335567415
5.266641829628497
4.758674985030666
4.17343686579261
4.614816362969577
4.688030498451553
6.07263653841801
5.773801048169844
4.892724529025145
5.377178211696446
4.087187318596989
4.384611137676984
4.888507580384612
4.31914557737764
4.205685473745689
4.264960164553486
3.6881603316869587
4.39849037793465
5.121993262786418
3.891329347039573
3.1080284329364076
3.4720837976783514
3.593317933380604
2.9145893772365525
3.4698172750649974
2.981600090744905
4.092118289438076
3.9053360344842076
3.231859569204971
3.6943102048244327
4.196718794759363
3.803114041686058
4.346528368536383
4.827251342125237
4.862273204606026
5.396195296896622
3.8127596632111818
4.187664260738529
3.6150310405064374
4.011932035093196
4.268847874947824
3.830475796246901
4.288768967729993
3.274422105983831
3.4774879151955247
3.894473274354823
3.8092133263126016
3.800402484717779
3.547750029247254
3.619725184631534
4.410987119888887
4.1388429631479084
3.994150618207641
4.6723472783342
4.0478894332190976
3.9719357901485637
4.192076631239615
5.221897405805066
5.049569823546335
3.4178968783235177
3.369725370546803
3.598693893174641
3.269681388163008
3.2542755249887705
3.010817884351127
3.1919066625414416
3.4236105598974973
3.66333171504084
5.204311689012684
4.554957638727501
5.33547788078431
5.3063530245563015
5.8045655286405236
4.7399558739271015
4.811648498754948
5.307237719651312
4.863959729904309
4.972398996935226
5.6494260295294225
5.190962274093181
5.339736009715125
5.056584398145787
4.496003311709501
4.862606803770177
3.7020144497510046
4.1942686148686334
4.704278919962235
5.419348446885124
5.423118121456355
4.574959232471883
4.823861198150553
4.201020150328986
5.64783886121586
4.436412436538376
4.01776660932228
4.373102433048189
5.362098247045651
5.271650645299815
4.699802943971008
5.297824054956436
4.071147526148707
4.537414793390781
4.564702913747169
4.813457089476287
6.090165744535625
4.457106518675573
4.303291173884645
3.9094264128943905
5.136311813257635
5.687129787169397
5.607856196817011
5.48119181022048
6.844846657011658
4.559708949527703
3.905453301151283
4.44328497746028
5.267961809178814
4.636592685943469
4.570182440453209
3.7693164207739756
2.8434488342609257
3.4220452837180346
3.1952761750435457
3.5632382424082607
3.4650574792176485
3.1388484719209373
4.166940998402424
3.540925321285613
3.667311227764003
3.143728438881226
3.3070832662051544
3.2002900656079873
3.3696009897394106
3.5503145459806547
5.584078383864835
3.944576661218889
3.686757686547935
3.2919593221740797
2.8866054724203423
4.5315663845976815
3.2628654717700556
3.7341209379956126
3.771193708991632
3.7810389609076083
3.9036149248713627
3.706036994815804
3.981783446390182
3.948638908448629
3.925670705153607
4.583556761150248
5.192181210615672
4.590492913965136
4.586048091296107
4.348813147516921
3.8995207987027243
3.857628026162274
4.14218301710207
3.6628237003460526
4.210713715292513
4.10503103712108
5.340422842884436
5.331184018752538
6.58854690939188
5.568880101200193
4.944679786101915
4.784831939032301
5.626295208232477
6.207111198222265
6.068394981324673
5.395510847563855
5.093069524154998
5.118781028315425
6.285215324955061
4.7461596025386825
5.201982227852568
6.432636592769995
4.904420135077089
4.376998583669774
6.436774862930179
3.893828079570085
3.865590397734195
5.05321348097641
5.535847399383783
4.359243837650865
4.919190147193149
3.85711750225164
4.826461736811325
4.721455784514546
3.5934514198452234
4.627949109417386
4.268527129315771
4.514401501859538
4.280585477477871
5.206709737307392
6.32041595550254
5.249220023513772
4.513044580351561
3.915382783510722
5.432565744267777
4.319132392993197
4.883569898433052
4.30361628299579
4.104311769478954
4.311860517482273
3.7060175593942404
4.480973507394083
4.341449011582881
5.110767675098032
4.312009353074245
4.081443302333355
4.634784274268895
4.215915633831173
4.015485630487092
4.303142250981182
4.635862894007005
5.077004965976812
4.503881125943735
4.07392476068344
3.9501193574396893
4.857914199819788
3.6685737018706277
3.0214170240797102
4.364553377381526
3.579040847485885
3.4033094154438004
2.9502280761953443
3.8421439435333014
4.764348956523463
4.510525324265473
3.3561776457354426
3.4669300466775894
4.04660747712478
3.8317747724941
3.1845878737512976
3.7118600100511685
3.431464745895937
3.6107518698554486
3.8879173272289336
3.0345536819659173
3.406401153188199
2.931637593661435
3.5573360067792237
3.114999132230878
3.633965195855126
3.4367369584506378
4.6517724433215335
4.894905251101591
3.9569208971224725
4.093042528722435
4.04538562905509
4.875595443532802
4.435386226279661
4.700651201768778
4.175416887039319
3.8829297074116766
3.4617370503256097
4.045204599387944
5.009795619524084
4.04196056490764
3.4788912531221285
4.47441576840356
3.915384254185483
4.102829467272386
4.592581271077506
3.728177501587197
3.8415858729276806
4.122135789366439
4.297474802588113
4.1248555176425725
4.793344494653866
4.024781231302768
4.402154418523423
3.827509057126008
4.584305684315041
4.114055017475039
3.5133597262902185
5.736580881522968
4.443417155183852
4.074052873882465
3.631562515278347
4.241565837408416
4.647983446600847
4.154194564674981
4.188153272611089
3.6430222888011485
4.571380588109605
4.411956286756322
4.122022562660277
4.487650123541243
3.6369600946782157
3.8786213954444975
3.959515485330485
3.730838239309378
3.6193418371258304
3.8014184364583343
3.8035230460809544
3.8535340969683602
3.037276923772879
3.5774394198087975
3.65657394065056
3.7396947097731754
4.227414790191688
5.141434374148957
4.113552741124295
4.150504908757284
4.864409376285039
5.4317560935160145
4.744797954452224
5.07879444072023
4.014220224577002
4.07545488118194
3.709838437498547
4.171799073810689
4.347858045832254
4.626355026266538
4.156271003768779
3.911795489490032
4.0576055301353335
5.359958316897973
4.986181105487049
4.5620037514017895
4.000672964495607
5.427640720852651
4.5966748122591525
4.0845446228049695
4.285278720664792
3.778470402699895
3.2359195520402864
3.3549423723015934
4.221625162870623
4.767145021236502
3.9142171822022647
4.481404872029088
3.6948845103615895
3.062762007350102
3.4612283520400524
3.4638238471234217
3.2876583902398124
3.06576039083302
3.396978694247082
3.811885031987913
4.540011715842411
5.122444522101432
5.757577404379845
6.138718516333029
5.178259430220351
4.903229204355739
4.276536196353845
3.6533474584575742
3.248833711957559
3.2882275006268173
4.280201758956537
5.085479347035289
4.779444649233483
4.672242813161574
4.270831566420384
4.189141099108383
4.705756616196595
4.2238017892232165
4.112572793499567
4.105453417869285
5.278654120629653
4.430739707313478
5.082498867996037
4.57859059504699
4.713140933657996
4.967954854713753
5.67318895610515
4.9053496677661315
4.688912709476426
5.35688625194598
4.049342997255735
6.026939618866891
6.300107778515667
4.595125607796945
3.704683023970574
4.263178010121919
5.060052718850784
4.5350522918161005
5.281539732590318
5.610669612302445
5.401862136204727
7.841562538407743
4.752102185972035
4.3928933991119266
5.425300942733884
4.302056112675928
3.770853656460531
3.7719806998502463
4.039987150812522
3.5680276927305385
3.806077084154822
3.639432371594012
4.617602116195485
5.009516131249256
4.488832233124413
4.276066021993756
4.799129190621898
4.880004677106626
4.282409574952908
4.633763045654632
4.767806609510444
4.334030013764277
4.0548291055019945
5.077077352441847
4.763414501561783
5.186732654925436
4.7764826694037765
5.085239681531675
3.7822204288095236
3.6342371727805585
5.898351610405371
3.845170802786015
3.6070359353907406
4.048434701398946
4.62663468811661
3.8970691304421052
4.24103735841345
4.494293094030581
4.456723223323934
3.5969607902225107
3.6257277337135747
3.118019894696772
4.233225009404123
3.803082187194377
3.4461674905614927
3.268622711999342
2.946409075288102
2.721198690822348
3.32001867715735
3.069198573823087
2.9567316817119718
3.1797737831948325
2.7549535353900865
4.458565829903819
3.53734111180529
3.8303702200064436
2.5909150580409914
3.696419498533942
3.8498315176693723
3.4628508562454954
3.318475213716738
3.1090651450213045
5.069905533571728
4.835528939263895
3.131652332143858
3.99591652082745
4.265398267423734
4.329713812679984
3.6792054942343384
4.1042335770325735
4.875734766828828
4.222182445344515
3.528668373124674
4.1212915817741305
5.009463345282711
4.485535599873401
4.788742947741412
4.585905496147461
4.510135865421034
4.483720266260207
3.326114301220514
3.495583864976652
2.763190377270803
3.1108406108105555
3.853962520835921
3.697034639073536
3.2954097484471276
3.6402587660122663
3.6640790324890986
5.7792950151488185
3.831782059976831
3.1977527091512457
3.5136323595652357
3.905100734089501
3.598740808083676
3.584306706325151
4.157786486321129
4.03920744615607
3.852826314046979
4.584094995283522
4.37008175929077
5.501985092763789
5.1356213031103835
4.281456881319173
4.720872747944668
4.11028397642076
5.248062723199837
4.714789095451124
4.025986379594542
4.4385878895409405
4.924123818054795
3.5278375481721014
5.714260407723486
4.4472367650596425
5.083522084867582
6.249032371444628
5.826049375580624
4.215674615115859
4.502926007378846
4.586247046827339
4.952984698815271
4.438346172333695
5.585319307632744
5.93881740886718
5.252560945111327
6.510630211094394
5.969813613337465
5.163956151227467
7.026249113027006
4.863442401285283
5.399996240623295
4.991249573300593
4.443534931517206
4.673189446562901
5.461483128252439
6.355345040792599
5.2324138497933745
5.1512018302455544
6.40076764463447
4.5362247644225135
4.245120147592388
5.58859788463451
3.353470162721351
3.3989383538719267
3.4589356208452955
3.90840087167453
2.8245539953932166
3.5240727175259963
3.1789136946899816
2.9509373487671837
3.0413191812112927
2.853993925731629
3.236734702368267
3.3040431963745505
4.599880508962087
4.032449814374559
5.165411467780359
4.858243052382022
4.66596836282406
4.726920797722414
4.010770339751616
4.118006389704533
4.075280028861016
4.65968205826357
5.456711497390643
4.666419038781896
4.727880567428656
5.037349853198975
4.661758804577403
3.7951943253865466
4.017652253387496
5.942504193633795
4.283075974672101
3.581469182507135
4.004828606499359
4.820296691264957
4.3866669981507584
4.658845805679448
4.025052142329514
3.7713936554500833
3.9860236092936248
2.8902676581637934
3.130502895452082
3.791776485857554
2.8371276789112017
4.05208150530234
3.4215575931593776
3.052329388796352
3.592587862163782
4.121890549082309
3.9061243772739545
3.311870224075392
3.921539299073629
4.284041813458316
4.03858470346313
4.864669666043483
4.994447994045913
4.809722948237322
4.349056147038937
3.446459766360931
3.7976784599013627
4.285683223395608
6.839238272281364
5.052542115096003
4.870504727703519
4.375240872148424
4.346580692334101
3.4795699869282544
5.141638429602608
4.4911906741326675
5.181585950078443
4.090407535317354
4.576646493864246
4.370315683656372
3.9647122867172584
4.695462536532432
5.3858007655944675
4.343643055297434
3.564473432255909
3.601544975070283
3.337836262071505
4.658695995225571
4.011549031944014
4.823754554032348
5.138943404192105
4.9292244099779055
5.539241028251126
3.9471193879144266
5.447164487559348
4.7902322431327775
3.5122566379141062
4.125418955110945
4.072662460850552
4.13869530998636
4.743071138509549
4.108959225937724
4.407185654505156
4.140117873204872
4.941775373648852
