2.041566550731659
2.1392737813293934
2.4029244408011436
2.749974988400936
3.483442395925522
5.508714959025383
7.4058434665203094
5.7876289784908295
4.674102157354355
4.126968398690224
4.206673339009285
4.155041605234146
2.9729472026228905
2.9110604375600815
3.04266294836998
3.156101532280445
2.1831621900200844
2.4948176741600037
2.358935497701168
2.4204961955547333
2.1999775990843773
2.336672842502594
2.462860770523548
2.12415474653244
2.0889065116643906
1.8734414502978325
1.7119743488729
1.598915707319975
1.3747383244335651
1.5556848235428333
2.0600460842251778
2.6679534912109375
3.274692952632904
3.447661302983761
3.784710258245468
4.272796034812927
5.495443180203438
5.190859153866768
3.7301602363586426
3.2460057511925697
3.805832177400589
3.046118400990963
2.7216740772128105
2.7597751319408417
1.7735626548528671
2.0105245485901833
2.120615594089031
2.350582182407379
2.20907910913229
2.407497450709343
2.311464734375477
1.919630154967308
2.233993887901306
3.140502318739891
4.945357859134674
6.46666219830513
8.644088089466095
12.973606050014496
14.739613711833954
17.442003071308136
19.79291182756424
21.0508873462677
23.01041728258133
22.902144491672516
23.345452427864075
24.232952773571014
23.660944163799286
21.268383502960205
20.39686918258667
17.39407867193222
14.490265399217606
12.080912053585052
10.261565625667572
8.276171028614044
6.486903324723244
4.603702068328857
5.013397932052612
5.371425107121468
5.389072239398956
5.0660775899887085
3.9807889461517334
3.647580534219742
4.110488131642342
3.155394107103348
3.277783177793026
3.80679614841938
2.8117340728640556
3.3329308927059174
2.632113538682461
3.823909968137741
3.5540172308683395
3.155791200697422
3.477775789797306
3.0642077550292015
2.9025395065546036
3.147793747484684
2.772691622376442
2.895071029663086
2.6512193828821182
2.3571565449237823
2.585196353495121
2.1882312521338463
2.5659248009324074
1.8697312325239182
2.0019593611359596
2.575234815478325
3.5652713030576706
3.0121359154582024
3.5086580067873
3.672544911503792
3.346537373960018
3.182663768529892
2.8013139069080353
2.4336530044674873
2.1181274726986885
1.4228794388473034
2.619824156165123
2.7323529422283173
1.9197239428758621
2.0757048800587654
1.7653735429048538
1.9700698778033257
1.769046325236559
2.029861845076084
3.3739103823900223
5.139545887708664
4.695208057761192
3.6128832176327705
3.1235315427184105
2.6660928204655647
3.274326927959919
2.699156515300274
2.332095965743065
2.313569515943527
3.5159843266010284
4.895059242844582
4.822553426027298
3.904977858066559
3.318510837852955
3.3108013942837715
2.8125156089663506
3.3540357649326324
4.254930302500725
3.7755364775657654
3.086632788181305
3.087480530142784
2.894179940223694
2.928468808531761
1.9031801521778107
2.691769041121006
2.003301203250885
1.7788718938827515
2.445775546133518
3.6319045424461365
5.508261814713478
5.092599421739578
3.8746128976345062
3.700779840350151
2.7451764047145844
2.2152587324380875
2.10268247872591
1.780718944966793
2.0313122496008873
2.1992792822420597
2.6930171623826027
2.846452474594116
2.6825982332229614
3.1508077532052994
1.8384169340133667
4.022775650024414
4.4054930210113525
6.499639198184013
8.7369664311409
6.238758906722069
6.073157221078873
4.1400827169418335
3.7330463975667953
3.610767289996147
2.705368287861347
3.1237501353025436
2.9849672317504883
2.3313806280493736
3.2585882619023323
4.791348606348038
5.867900297045708
7.752634227275848
10.16924124956131
10.5499347448349
13.392577350139618
15.00622695684433
15.943374633789062
18.155671894550323
15.90364009141922
12.868433177471161
10.297121047973633
7.641882359981537
5.706754580140114
5.1271455734968185
5.105978697538376
3.5835393965244293
4.886707350611687
3.881471261382103
2.7071700245141983
2.4338464960455894
2.8390100970864296
3.4382343366742134
5.085089325904846
6.173781722784042
5.059303104877472
4.932708695530891
4.507088214159012
4.024313762784004
3.759954869747162
3.168508306145668
2.2781478092074394
2.2695296108722687
2.582073301076889
2.1110703572630882
2.462328590452671
2.698153279721737
2.6302715986967087
2.4865101352334023
1.5615824423730373
1.5261742323637009
2.1329152807593346
2.0921586006879807
1.8258465081453323
1.376003623008728
1.2212556041777134
1.770079679787159
1.4316196329891682
1.2396610975265503
1.5438724532723427
2.7984995916485786
2.4449057653546333
3.22555360943079
3.6733563244342804
4.514531031250954
6.066135048866272
4.509416952729225
3.0912356227636337
3.125268206000328
4.698512762784958
4.996440455317497
7.672317624092102
6.178427636623383
5.843520253896713
4.005744323134422
4.523019760847092
3.514484077692032
3.8401445001363754
3.744049057364464
2.8069354221224785
2.8973772823810577
4.487388402223587
3.9544182419776917
3.5524518489837646
2.9915400370955467
2.771810419857502
2.9925229400396347
2.671624682843685
2.3088917583227158
1.9512506127357483
1.4869385920464993
2.7290338426828384
2.0262782648205757
2.5895829126238823
2.3508832901716232
2.540527358651161
1.5490621365606785
2.4116826727986336
2.706838086247444
2.377844028174877
1.970286026597023
2.444241262972355
2.099723242223263
2.2558076307177544
2.66867645829916
2.185504265129566
2.19978941231966
2.332375019788742
2.3860770985484123
3.954346388578415
3.4073005989193916
3.2918659299612045
3.1891921386122704
4.402002468705177
3.2374302595853806
2.8085309341549873
3.0639550536870956
2.302968144416809
2.8712263256311417
2.5708342492580414
2.086236424744129
2.1326543167233467
2.778463199734688
3.3914389237761497
4.5087655037641525
4.2625348418951035
3.028806194663048
3.744445875287056
2.6164803877472878
2.522946611046791
2.0774478018283844
2.4302332922816277
3.0239445343613625
2.267591744661331
2.180908516049385
2.634744942188263
2.418906018137932
1.5761985592544079
2.0352309346199036
3.060661293566227
4.356452092528343
6.636084154248238
5.524040177464485
4.6253861784935
4.8152443170547485
3.5181776881217957
3.0128571838140488
3.923477679491043
2.9066885262727737
2.870064966380596
3.664115756750107
4.800548553466797
3.5715608298778534
3.5520109683275223
2.790125958621502
3.362015537917614
2.8657667487859726
2.7383631765842438
3.9210220128297806
5.213053524494171
6.9176924377679825
8.67819681763649
9.217137604951859
10.851638495922089
13.748940348625183
14.582516998052597
16.2567880153656
17.941985368728638
15.489123344421387
11.836698770523071
10.420800149440765
9.108245879411697
7.764633446931839
5.61899770796299
4.31251086294651
5.025012582540512
3.963778331875801
3.425024777650833
2.675861105322838
2.670940510928631
2.483557276427746
1.799361478537321
1.8798986375331879
2.0948672518134117
1.8369400352239609
3.195130877196789
4.7617654502391815
4.527201414108276
2.9603089317679405
3.0732556506991386
3.4638554081320763
4.187716543674469
7.290417090058327
5.438353925943375
5.031412020325661
4.307879954576492
3.994048297405243
3.2552914544939995
3.3384620919823647
2.5712320432066917
2.8014040738344193
2.890732564032078
2.6813614666461945
2.144822336733341
2.1283024102449417
2.947425566613674
1.8521608114242554
2.127264641225338
2.0867195799946785
1.370933648198843
1.9851007089018822
2.0222413912415504
1.8499605879187584
1.47180999442935
1.6288796737790108
4.601167142391205
3.011228621006012
3.329387977719307
3.517242595553398
3.5104253366589546
4.009891510009766
2.827545277774334
2.948732078075409
3.04881040006876
3.0603559762239456
2.8445881232619286
2.596357375383377
3.4220497235655785
3.650346130132675
2.924909323453903
2.611389823257923
2.825219601392746
2.1589216738939285
2.3907157480716705
2.1173814684152603
1.951986476778984
3.2549590915441513
3.7774561643600464
5.7349745482206345
4.526599079370499
3.8804312348365784
4.058285474777222
2.877475470304489
3.5692745447158813
3.2922062128782272
2.390469416975975
2.8455480188131332
2.314975254237652
3.0082464143633842
2.5796333849430084
2.18660306930542
2.111343391239643
3.321368522942066
1.9603443816304207
2.4507713839411736
2.006812684237957
1.8440476059913635
1.9543887078762054
1.6740119643509388
1.775442946702242
1.730480719357729
1.6057529374957085
2.1093341670930386
1.8529408052563667
2.0228464156389236
2.7840442657470703
4.493399128317833
6.49397549033165
7.006078273057938
6.640641912817955
4.979740798473358
5.324493929743767
4.40005299448967
3.6119600236415863
3.21571858972311
2.9506334885954857
2.6249191388487816
2.5932049974799156
2.3572710156440735
2.495066598057747
2.5979540199041367
2.3602862879633904
2.845776952803135
1.9328683167696
2.2256176993250847
2.735166423022747
1.8648680448532104
2.163639396429062
1.0789862796664238
2.103049300611019
3.18745443969965
3.7811551094055176
2.8040473088622093
3.3769610226154327
2.788574919104576
2.714509531855583
2.58510672301054
2.7868443951010704
2.9159660562872887
3.9650398641824722
3.2098572850227356
2.6343916803598404
3.3899718299508095
2.0331796184182167
2.5675802901387215
2.7198626697063446
2.04147956520319
2.7244838774204254
1.9026924408972263
2.1657108142971992
2.755947157740593
3.3045961558818817
2.960481882095337
3.127859629690647
2.586333855986595
3.479575291275978
3.7822271436452866
5.512139052152634
5.780659154057503
7.7814618945121765
5.638617396354675
4.739235371351242
4.599334612488747
4.557526484131813
3.090226098895073
3.9429643526673317
2.593998536467552
2.8862245827913284
2.73921200633049
2.2092534750699997
2.205802671611309
2.8902119025588036
1.9787511378526688
2.420716293156147
2.171794816851616
2.4865205585956573
3.5671020969748497
4.315301805734634
4.1469224989414215
2.646678775548935
3.1825750321149826
2.339102305471897
2.224380984902382
2.3700551092624664
2.8300795555114746
3.4173983559012413
5.375664234161377
7.78291380405426
11.863390058279037
14.24527332186699
17.338291704654694
14.414308279752731
12.465803146362305
8.324469864368439
6.285889089107513
4.644677862524986
2.516143888235092
2.899770326912403
2.8521848022937775
3.890940934419632
5.0381235629320145
5.886532500386238
5.00608766078949
4.884343668818474
4.262842431664467
4.079695507884026
4.194836542010307
3.5264624282717705
2.8780392333865166
2.9806257486343384
2.5841487646102905
3.0753769502043724
3.146502122282982
4.055817231535912
5.545079916715622
4.7303924560546875
4.409227445721626
3.6061931774020195
3.6682495400309563
3.748606413602829
3.647277519106865
6.209414422512054
5.5428856909275055
5.169327810406685
4.049434781074524
3.237444132566452
3.2005142867565155
3.432533122599125
3.085728846490383
2.4226503893733025
2.147842951118946
2.611369214951992
2.794182449579239
2.4445236176252365
1.85719945281744
2.426900267601013
2.8153063654899597
1.9291694164276123
2.9312909618020058
2.219535104930401
1.922185704112053
1.5697348862886429
1.6900220215320587
1.953487515449524
1.4280892238020897
1.8255776688456535
1.5485396832227707
1.8547770157456398
1.2278330847620964
1.870653074234724
1.0913605950772762
1.6328901425004005
1.7425258941948414
1.840088203549385
2.0266339406371117
2.4553320705890656
1.4122467450797558
2.4448965191841125
3.085247151553631
2.691789783537388
2.326977029442787
3.238217242062092
5.7978366911411285
7.2359438836574554
9.05051401257515
12.11707690358162
13.017574042081833
14.333467543125153
17.944231510162354
13.728088647127151
11.81968903541565
9.825116217136383
8.817265957593918
6.095528304576874
6.239693209528923
6.44371135532856
8.472667396068573
7.390637636184692
6.1088350266218185
4.636223286390305
3.967532202601433
3.783537283539772
4.250093653798103
3.184273049235344
3.9818997979164124
4.925473302602768
4.474656119942665
3.780206546187401
3.0779080912470818
2.9277198389172554
3.420140191912651
2.3041259422898293
2.491240732371807
2.5427320078015327
2.4633970707654953
2.3247464448213577
2.5349435284733772
3.1262331679463387
4.206429541110992
3.7604704201221466
4.5038962960243225
4.41355961561203
4.2938118278980255
3.425300605595112
3.576688803732395
3.052005335688591
2.6197135597467422
2.7506788671016693
2.27107385545969
2.3166245222091675
2.1284618750214577
2.3045957386493683
2.1502459682524204
2.3560250252485275
3.3595286458730698
3.9279066398739815
5.614305913448334
5.149964079260826
3.6377301663160324
4.019050970673561
3.2452770322561264
2.6057755574584007
2.5869440212845802
5.106674760580063
7.0468703508377075
9.408797323703766
12.945040315389633
10.61603307723999
7.912183493375778
6.5263562053442
5.976569220423698
3.0506703183054924
2.4695064201951027
2.6039313822984695
2.375074990093708
1.5441166274249554
1.9400365874171257
2.4309079572558403
1.7499819919466972
2.0893239490687847
2.748884864151478
3.3736844956874847
2.502525180578232
2.393104076385498
2.199296750128269
2.082671783864498
2.0668028369545937
2.2007063776254654
1.7737951874732971
2.1337029561400414
1.828290332108736
1.507243663072586
1.6313739642500877
1.7148147337138653
2.7446035966277122
3.0634615793824196
3.2384005934000015
2.7913245782256126
2.548131436109543
3.279227741062641
2.9648741334676743
2.5153420865535736
2.411646328866482
4.429892584681511
3.2571269422769547
3.3990539610385895
2.8758753910660744
3.4805419519543648
2.4260731488466263
3.75812166929245
3.325797773897648
5.281728357076645
7.4889035820961
9.213633865118027
7.245771050453186
5.88275471329689
5.3948835879564285
4.9908891171216965
4.078804835677147
3.442133277654648
3.2130912095308304
3.2170088216662407
3.3760303407907486
2.5734478384256363
2.7736092060804367
2.331694506108761
2.575624957680702
2.2686537727713585
2.0141510367393494
2.0347922667860985
1.3000268898904324
1.4571266397833824
1.8918178156018257
1.57595644146204
1.535116769373417
1.4266669899225235
1.379745252430439
1.2507734820246696
3.6140533462166786
6.191048681735992
4.739556550979614
3.923713155090809
3.758859023451805
3.6151284649968147
3.8515565097332
2.510609284043312
2.871715933084488
1.8100228533148766
1.986284676939249
2.997411832213402
1.8863506689667702
2.026058204472065
2.038330130279064
3.152898781001568
3.2852449640631676
3.892016112804413
4.643841445446014
4.283388644456863
4.149439826607704
3.1658261716365814
3.2282190546393394
2.9482896625995636
3.266208827495575
2.8067102059721947
2.6537036523222923
3.0830810591578484
3.359991319477558
2.365409702062607
2.018221005797386
2.6845050305128098
2.4867911264300346
2.7629656940698624
4.502561032772064
4.3501877784729
5.241512686014175
5.136642500758171
4.353372171521187
3.644712209701538
3.9353186935186386
3.4153422191739082
3.3569572120904922
3.1330982074141502
2.491638258099556
2.496190167963505
2.063586577773094
2.5053512305021286
1.9776913821697235
1.7051321417093277
2.331551119685173
2.9653298631310463
3.6424383521080017
4.680033028125763
4.2278831750154495
4.73660272359848
3.229722075164318
4.638007372617722
4.170418471097946
4.059277713298798
5.409627735614777
4.2616730481386185
3.898255482316017
4.003745943307877
3.3278590068221092
3.207270637154579
2.936840645968914
2.156596563756466
3.290217772126198
2.22139011323452
2.4760869219899178
2.8679167702794075
2.055817186832428
2.0575868412852287
1.6386921629309654
1.8250987529754639
1.1996265575289726
1.3565444312989712
0.7649314366281033
2.0259240716695786
1.7918640226125717
1.6006120257079601
2.802959144115448
4.808889150619507
7.3103898614645
9.461171478033066
12.634501218795776
15.089389085769653
16.255952537059784
18.846920371055603
14.53008770942688
12.892374873161316
10.898764699697495
8.78689569234848
8.178772896528244
5.844208061695099
4.971382409334183
3.6951329335570335
3.6226429119706154
3.7448852583765984
4.561094135046005
3.6122310012578964
3.385189689695835
3.246133975684643
2.9258009493350983
4.818112373352051
6.668671220541
5.591937363147736
5.975864559412003
4.679596468806267
4.486632138490677
3.7022478133440018
4.374296709895134
3.161824829876423
2.526338502764702
3.49829825758934
2.6059349179267883
2.5827679708600044
3.2641499042510986
2.640230692923069
2.640626609325409
2.099473152309656
1.6328358985483646
2.1922254115343094
2.705005742609501
3.5525175034999847
3.815488338470459
3.654554083943367
3.4185449182987213
2.840056635439396
2.6758262366056442
2.8618353083729744
3.621820516884327
5.61208401620388
7.978985369205475
11.065962731838226
12.893610924482346
14.298884779214859
12.22163200378418
10.68182510137558
7.806888699531555
5.707517713308334
5.181306317448616
4.296553432941437
4.689208477735519
3.7504796385765076
3.1772179305553436
3.5852727741003036
3.4745084941387177
4.925794690847397
4.144002556800842
3.5983366072177887
3.55985663831234
3.1862217411398888
3.273403152823448
3.4702946692705154
2.906387470662594
2.7836335748434067
3.248314991593361
2.1208015978336334
2.422200232744217
2.7677075788378716
2.3453991934657097
1.547647688537836
2.0942613258957863
2.26133169233799
2.823424145579338
4.201654061675072
6.351065814495087
8.741765558719635
10.476160883903503
9.082832217216492
7.6767759919166565
6.7748342752456665
5.862800598144531
5.022356852889061
4.110047921538353
3.4541202783584595
3.4814151003956795
3.1216358616948128
2.886676535010338
1.8215022832155228
2.8266466930508614
2.217815011739731
3.649758391082287
3.280664913356304
3.4699919149279594
3.605068027973175
3.3815777972340584
2.5631321147084236
3.1082201674580574
2.4516364857554436
4.050586596131325
7.285596892237663
10.32431909441948
14.726011455059052
17.300258994102478
19.876460909843445
21.25143998861313
22.753702223300934
20.971984028816223
18.74070233106613
15.826239228248596
13.81130063533783
11.29788339138031
9.061068385839462
8.195424944162369
5.887337952852249
4.868291348218918
5.25128960609436
5.078558936715126
3.9129330217838287
3.6837941110134125
3.086553044617176
2.8094106689095497
3.1171290203928947
3.5108414068818092
3.4775499179959297
4.718536347150803
7.258128926157951
8.188673198223114
10.289820402860641
12.073956459760666
13.817913681268692
15.511375486850739
17.604789435863495
18.224140644073486
19.870822846889496
20.875495076179504
21.44644272327423
18.981068015098572
17.18958407640457
14.965888381004333
11.52903026342392
10.107351541519165
6.378937557339668
4.582843840122223
7.134662717580795
11.847433388233185
14.483400881290436
19.064118146896362
20.602334141731262
20.636948585510254
15.693469762802124
12.798018902540207
11.129521071910858
9.337686598300934
7.87704473733902
6.994579806923866
5.85052777826786
5.813658758997917
4.464648529887199
4.580919787287712
4.0146118104457855
3.2962410300970078
3.6306513473391533
3.6918789446353912
2.6447421088814735
3.188666343688965
2.1954248175024986
3.003733940422535
2.7390914782881737
2.188700348138809
2.039069838821888
2.163855493068695
2.2221327051520348
1.7134275883436203
2.4564719423651695
1.5554376170039177
1.7703094109892845
1.362049862742424
1.2834411524236202
2.1069447323679924
3.3074808940291405
4.139817461371422
4.734771549701691
6.001521661877632
5.900424957275391
4.449549436569214
4.083919808268547
3.1517317816615105
3.7044320553541183
4.194774180650711
4.254176884889603
3.9871698766946793
3.5949003398418427
3.5773794427514076
3.2923103347420692
3.0365149825811386
3.5273115932941437
3.106950022280216
2.538080610334873
2.072023406624794
2.6027813777327538
2.820624403655529
1.1250145733356476
1.758162010461092
2.3071667477488518
1.9713370874524117
2.22546349465847
2.7768180891871452
2.119037762284279
3.391811966896057
4.232667565345764
4.791806608438492
3.130406938493252
2.9652931913733482
3.6133004426956177
1.9570007994771004
2.2142800018191338
2.4251238256692886
2.4327136427164078
1.4476460926234722
2.5730248764157295
3.265210784971714
3.0638508424162865
2.38931792229414
3.410852037370205
3.584934428334236
4.545633152127266
3.9527031630277634
3.0653770565986633
3.7665097564458847
4.877939388155937
7.281475812196732
10.52467954158783
12.676468968391418
10.945694327354431
8.819575726985931
7.192810580134392
5.055302068591118
4.224862709641457
2.651098281145096
2.855799548327923
3.5709748715162277
4.70004203915596
5.1578728556633
4.9524631053209305
4.345841407775879
4.061912298202515
3.824648469686508
3.6711041629314423
3.5370378345251083
3.0953688621520996
2.1650431379675865
2.809189833700657
3.23746245354414
2.497171349823475
2.9604975134134293
2.614504486322403
2.5792301073670387
2.147500954568386
1.3816461339592934
1.7209721431136131
2.112529903650284
2.1072308644652367
2.120530918240547
1.2239098325371742
2.2855076640844345
2.0093337148427963
2.793740414083004
4.778865814208984
6.342089861631393
8.018674582242966
9.93338656425476
8.497497648000717
7.475874215364456
5.93628703057766
5.231381312012672
5.028166979551315
5.056235626339912
5.8019838482141495
5.33255310356617
5.291374281048775
3.8762673437595367
4.547268182039261
4.737988844513893
5.058318480849266
8.758765667676926
11.396185427904129
15.091018319129944
17.160660982131958
20.81726962327957
22.28183287382126
22.958840250968933
21.22280180454254
19.291557610034943
15.61110383272171
13.49888700246811
10.972537368535995
9.250925451517105
6.0019394010305405
4.850248143076897
3.5648562237620354
3.3629888892173767
4.845751121640205
6.139523908495903
8.042992919683456
9.779099136590958
12.574867337942123
10.895414382219315
8.470830172300339
6.857916712760925
7.223583072423935
6.249649494886398
5.047734171152115
5.212647318840027
5.424244984984398
4.894149020314217
4.076046139001846
4.895977437496185
4.57879912853241
4.0061807334423065
3.4685364365577698
3.665357545018196
3.410295620560646
3.607161045074463
2.375714771449566
2.6803971007466316
2.5286369025707245
3.1033173948526382
2.8200144544243813
2.546786941587925
2.1827540546655655
2.9946822226047516
1.991683453321457
2.3793672993779182
2.4478238821029663
2.6171066984534264
2.221673920750618
1.8938221484422684
1.990385189652443
1.6538042053580284
2.1343155279755592
2.50510361045599
1.6305629201233387
2.994053043425083
2.143258325755596
1.769271831959486
1.7957152985036373
1.5356954671442509
1.7222910299897194
2.0821620747447014
2.2545375525951385
4.109377935528755
7.336618885397911
10.520435273647308
8.602944135665894
6.770160764455795
4.849643722176552
4.478901445865631
3.659766897559166
2.70882635563612
2.405393660068512
1.7695072814822197
1.282849483191967
1.9532156325876713
3.0656676068902016
2.7438170462846756
2.4234922900795937
2.5225407481193542
2.0536120533943176
1.323532160371542
1.5802606418728828
1.7041497603058815
1.6396306566894054
1.9563955962657928
3.6136113852262497
4.26577690243721
7.030166864395142
6.229525566101074
5.373938620090485
2.9194915890693665
4.37985797226429
3.910766065120697
3.6407615542411804
2.910200022161007
3.4664972499012947
3.267175629734993
2.4233511239290237
2.8197578340768814
2.259865425527096
1.7341722324490547
2.218994729220867
1.3685924299061298
1.512382410466671
1.788404319435358
1.9239848479628563
2.3728166073560715
2.0614701732993126
2.3928088545799255
2.103073738515377
2.032860718667507
1.5589115656912327
2.5402477830648422
2.298363611102104
3.5225569158792496
2.954274818301201
4.108242973685265
5.055702671408653
5.518980517983437
6.707960531115532
8.160378992557526
9.167395561933517
10.109255164861679
11.646646052598953
11.864527940750122
12.956788629293442
14.10707700252533
15.914691090583801
16.15176385641098
17.44682204723358
15.222750067710876
12.34337392449379
10.265029311180115
7.250695884227753
6.977614685893059
6.453704625368118
4.4747470915317535
3.517138510942459
3.382172830402851
2.728559337556362
2.1168404296040535
2.53950859606266
2.6602936759591103
2.2838477939367294
2.617503210902214
2.0111471116542816
2.188319645822048
1.5121974498033524
1.6782855987548828
2.334008499979973
1.7928367294371128
2.9816031381487846
1.9461613930761814
1.9210612960159779
3.5114513263106346
3.5949385911226273
4.6109156757593155
3.938517138361931
3.285922832787037
2.6288764104247093
2.5115451514720917
2.7829769253730774
2.9658081457018852
3.955258548259735
6.337732970714569
9.043119490146637
7.539251416921616
6.087022930383682
5.785304754972458
4.7511450201272964
4.376163750886917
3.988596946001053
3.0343744307756424
3.2376322224736214
2.346221700310707
2.2815191373229027
2.7565574795007706
2.6677532866597176
3.649589464068413
3.21039742231369
2.162537634372711
2.406880237162113
2.4834506139159203
3.1602591797709465
4.040396496653557
4.663596525788307
7.4477933049201965
10.759046614170074
12.492520481348038
12.985528230667114
11.242456883192062
10.14554488658905
8.31175872683525
6.897898748517036
6.239675760269165
5.214308634400368
4.27106873691082
4.340603813529015
3.9213883578777313
3.0592334643006325
2.5421172454953194
1.44123924523592
1.8874702453613281
2.051223613321781
2.40682902187109
2.2441133335232735
1.8587782084941864
1.1502602733671665
2.5997794419527054
1.8327276594936848
1.457243550568819
2.172941207885742
3.747717559337616
6.2563343197107315
4.206242591142654
4.8020694851875305
3.5908684879541397
3.976945400238037
4.451517537236214
6.728904217481613
9.169419258832932
7.863215953111649
6.193862408399582
6.02127905189991
4.683358699083328
4.35614313185215
3.8657412827014923
3.0325595811009407
3.574113979935646
2.7781940698623657
2.394999176263809
2.143002972006798
2.579297013580799
2.867855653166771
2.2693556621670723
2.391364686191082
2.575902558863163
2.530933327972889
1.694626346230507
2.3451120853424072
3.0473138988018036
2.7528498247265816
4.129344865679741
4.581217095255852
5.455453231930733
6.288084015250206
7.825982600450516
6.476709648966789
5.958471640944481
4.387440055608749
3.6356504261493683
3.0201729983091354
3.1846996024250984
3.036163531243801
2.5840591713786125
3.2076121643185616
2.4718223586678505
2.810245841741562
2.315630182623863
4.227553442120552
3.603674590587616
3.1297255381941795
2.8090256229043007
2.9764235764741898
2.759013831615448
3.4803547635674477
5.054856821894646
6.747147917747498
5.045574739575386
5.0645521730184555
4.319978833198547
4.262477234005928
4.441025003790855
2.5587409287691116
2.596224457025528
2.3776586279273033
2.6035119593143463
3.183374971151352
5.55301071703434
7.512751549482346
7.101320877671242
5.792114213109016
5.305572479963303
4.61754435300827
4.088417202234268
3.7452237606048584
3.3301747739315033
3.382279507815838
2.5368980690836906
1.3157250843942165
2.594458632171154
1.8882574066519737
1.4116582348942757
1.768400065600872
1.6963687762618065
2.3719487413764
2.9667340591549873
2.717742443084717
3.011776827275753
3.215971924364567
2.481250397861004
2.5010572224855423
2.214223012328148
2.2943480908870697
2.208906874060631
1.9328824505209923
2.50042512267828
2.430225796997547
2.1654142811894417
2.9189651906490326
4.472619637846947
5.62914215028286
3.9928509443998337
4.201912060379982
4.43900953233242
3.4039390832185745
3.956585705280304
3.0511173084378242
2.8762072920799255
3.0361360013484955
2.9956812784075737
2.9995681568980217
2.234039716422558
3.2246881052851677
2.4282483756542206
2.587306387722492
1.9321381077170372
2.362285427749157
2.09315874427557
2.370025113224983
1.9301237389445305
1.265020739287138
1.6550555936992168
1.9417747296392918
2.27981586009264
2.727687858045101
3.3013424575328827
3.580853834748268
4.0332821905612946
4.796315401792526
5.995492875576019
6.3230787217617035
7.850673943758011
8.633973091840744
7.408955544233322
5.938669636845589
5.237731620669365
4.558201819658279
4.368102192878723
4.315365016460419
3.5939414128661156
3.0138614624738693
3.5661406591534615
3.076942726969719
2.8207204714417458
2.1237670481204987
2.571476496756077
2.521973043680191
2.2586470767855644
2.227337121963501
1.8043060563504696
2.472625806927681
1.8996148481965065
2.5753195211291313
3.365988552570343
2.6350938975811005
2.9306240379810333
2.4151270911097527
2.6598357409238815
2.508417025208473
2.899176388978958
2.1830300390720367
2.7537735030055046
1.3959289751946926
2.2192530632019043
1.8306931182742119
2.2998132556676865
3.0844338685274124
2.820243999361992
2.67806164175272
2.573702186346054
1.9600138440728188
3.1236872151494026
2.8150760531425476
2.8933507800102234
4.016387373209
5.126707628369331
6.918869763612747
5.660689145326614
5.378830716013908
4.79492162168026
3.597120128571987
3.39643345028162
2.665346324443817
2.2532412484288216
3.6420944035053253
2.690191149711609
2.35388096421957
1.336371261626482
1.9484576284885406
1.6926333867013454
2.0568512454628944
1.5525153763592243
2.0349600836634636
1.730578824877739
1.5204850658774376
2.1253435015678406
2.442454993724823
2.8734598010778427
2.7205557972192764
2.8536403253674507
3.2417072504758835
5.236985504627228
5.035753518342972
6.629966363310814
7.950617581605911
5.830353230237961
5.6531261801719666
4.687864139676094
4.700180605053902
3.6753142923116684
3.5903954803943634
3.452599436044693
2.938201569020748
2.7162034437060356
2.568238355219364
2.568528398871422
2.621676817536354
2.0399398282170296
2.258452348411083
1.9248224906623363
2.4567161723971367
2.1298823058605194
1.939571388065815
1.666393268853426
1.384434811770916
1.1888558231294155
1.4401138313114643
3.40206977725029
2.7267418205738068
2.1665190532803535
2.4660410284996033
2.431941732764244
2.7355880364775658
2.0696526244282722
3.4112868905067444
2.7515410035848618
1.9686333686113358
2.5497511997818947
2.0313244462013245
1.9177951663732529
1.8931946605443954
2.4075072780251503
2.18170627951622
1.7682611271739006
1.7621560096740723
2.6141408756375313
4.616540491580963
6.780097499489784
9.545794039964676
9.864180952310562
13.440719693899155
14.786687463521957
12.315413922071457
10.608542919158936
8.34240135550499
7.179470330476761
6.252206057310104
4.904976859688759
4.661332294344902
4.587725445628166
3.7752602845430374
3.387873336672783
2.5312153697013855
4.146406471729279
2.762345016002655
2.683562383055687
2.399296872317791
2.964179255068302
3.8852547109127045
4.5899311155080795
4.982331216335297
4.725073367357254
3.3751562610268593
2.6644857600331306
3.20456350594759
2.019860118627548
2.7290092185139656
2.8834263309836388
2.2093466594815254
2.1133225560188293
1.8850959911942482
2.2232037782669067
2.5135675370693207
2.1757263988256454
1.7909896820783615
1.8555901646614075
1.683113969862461
1.822619080543518
1.9535825550556183
3.5950328931212425
2.3597178757190704
2.42229975014925
2.0572005063295364
2.760105535387993
2.538022041320801
2.5571077838540077
2.2110521867871284
2.1335090324282646
2.0822935551404953
1.5069971233606339
1.685325812548399
1.9463281333446503
3.9558986127376556
5.9930270165205
7.9744692742824554
9.281958162784576
11.561925292015076
15.100008130073547
15.738444566726685
18.458243310451508
16.19500958919525
12.35390219092369
11.668358772993088
8.979909002780914
6.906067386269569
5.19247131049633
5.768487557768822
6.770575389266014
5.611132621765137
4.463539287447929
4.727539673447609
4.931711420416832
3.732215493917465
3.537636399269104
4.1078456193208694
2.907941035926342
3.2580218240618706
2.546899653971195
2.5150154531002045
2.0448309630155563
2.5209847167134285
1.4383904300630093
1.8664342984557152
3.0697011202573776
3.128646969795227
4.3619567304849625
4.71235191822052
7.009083583950996
8.513073176145554
7.191160887479782
5.935566529631615
5.987279951572418
4.371527880430222
4.376711085438728
3.6350525990128517
3.0245316103100777
3.148471511900425
2.7684038057923317
2.464070290327072
2.4256921857595444
2.0227616652846336
1.55119002237916
2.6774306148290634
4.113320216536522
4.696762368083
8.008700966835022
5.817159280180931
5.422777935862541
3.7728709280490875
4.728557378053665
3.893906757235527
4.102079659700394
2.8581301793456078
2.758928969502449
2.84261816740036
1.9900033101439476
2.339292526245117
1.9461567476391792
1.9677079170942307
1.9026037603616714
1.7791403904557228
2.1331408992409706
1.8908729888498783
1.4058521017432213
1.3736437819898129
1.6674552261829376
2.25080119818449
1.6541505083441734
1.3246707655489445
1.690820373594761
2.169265314936638
3.0860666185617447
5.92818658053875
8.916765034198761
11.970400094985962
14.561144828796387
12.16595795750618
10.090817749500275
7.8679883778095245
5.835522249341011
5.854922741651535
4.086984634399414
4.517994120717049
3.7115319967269897
3.44013848900795
3.553296610713005
4.401071280241013
4.569011360406876
6.858958125114441
9.288680166006088
12.233594208955765
16.36774969100952
16.852700114250183
19.238263368606567
20.515631020069122
18.518126964569092
17.058824598789215
12.79490640759468
10.548160940408707
9.301081657409668
7.234895870089531
5.630759850144386
5.2511168122291565
5.409525588154793
3.9336756467819214
3.8052483648061752
3.0265965312719345
3.3525253161787987
2.874691218137741
2.551543101668358
2.7171420231461525
3.3891233950853348
2.8013801649212837
2.295207090675831
3.699530102312565
1.8729510307312012
2.2556395828723907
1.7767384350299835
1.6217702887952328
2.1542221009731293
1.6894949823617935
1.6981945186853409
1.7986906841397285
1.4754687137901783
1.1404684744775295
2.2560430839657784
1.524370763450861
1.4453666657209396
1.864867702126503
1.5596412532031536
2.035169206559658
1.6929576583206654
2.109829656779766
2.9005101919174194
5.049924924969673
7.091280519962311
9.917941242456436
12.153403490781784
14.265615582466125
16.43094503879547
18.742804408073425
15.05679976940155
13.096334487199783
10.052193075418472
9.090191096067429
7.412017866969109
7.579160571098328
5.152304977178574
4.715052291750908
4.308372333645821
2.9964630901813507
2.808355502784252
2.6285699009895325
2.2558916956186295
2.196543410420418
1.7172459177672863
2.3143660873174667
1.7011190690100193
1.8781557604670525
1.6538108810782433
1.9447786509990692
2.0191679522395134
3.2341612055897713
2.750500336289406
3.3259851709008217
3.1287777051329613
3.030715435743332
2.3900675922632217
3.276071786880493
3.879272922873497
5.00188621878624
6.2920453399419785
7.971508473157883
8.418606549501419
9.719496756792068
7.903515487909317
7.738703429698944
6.5750975757837296
5.985022932291031
4.675585508346558
4.203689485788345
3.6249322816729546
2.8062619268894196
2.4670622050762177
2.8627168759703636
3.2387677654623985
5.073834955692291
4.47324326634407
4.155358731746674
3.0667115300893784
3.6251228153705597
2.948543466627598
2.1940392181277275
2.368013560771942
1.815640650689602
2.352381758391857
3.2318918704986572
3.4182504191994667
3.085205100476742
2.552154779434204
2.4682238698005676
2.2232412174344063
2.6621632426977158
1.695823721587658
1.6055606231093407
1.8961003869771957
1.8659841977059841
2.7494359761476517
2.396429255604744
1.9030979499220848
2.2120936512947083
2.9419347792863846
3.328320398926735
4.323142796754837
6.0229208916425705
6.950191169977188
9.004647672176361
9.86777976155281
9.342754811048508
7.145464405417442
5.4237373769283295
4.435514613986015
3.3518251478672028
4.522610932588577
4.436325713992119
6.5707394033670425
8.50985461473465
9.10778197646141
7.037648528814316
6.491130739450455
5.286898449063301
5.346804037690163
4.330641806125641
3.1177910789847374
3.6743949502706528
2.7976779118180275
3.323814034461975
3.639760375022888
4.218986093997955
3.7852036356925964
3.3603949695825577
2.3493757098913193
3.0043572410941124
2.7322723865509033
3.3221109211444855
4.903984412550926
3.598956346511841
4.416131764650345
4.095075577497482
3.2607854679226875
3.23550858348608
2.9804154112935066
2.605151988565922
2.4467813447117805
2.4087374955415726
3.0006215944886208
2.114642485976219
2.161917544901371
2.00399748980999
1.6719738990068436
1.8033488243818283
2.437202602624893
1.8943273574113846
1.5297727175056934
1.4203514494001865
1.4592385031282902
1.5412199907004833
1.5796874836087227
1.740283977240324
1.352315977215767
1.599681045860052
3.1018798649311066
5.366883620619774
6.716842591762543
5.585801973938942
5.087075024843216
4.625189736485481
4.2167100459337234
4.355481967329979
3.6763287484645844
2.8490491285920143
3.0952375531196594
3.4512242674827576
3.6957274302840233
5.086468324065208
8.397375762462616
11.819329738616943
13.692115515470505
10.95944482088089
9.75552374124527
7.689076453447342
7.364885464310646
6.074829921126366
5.086634010076523
4.001547232270241
3.201249338686466
3.374745137989521
3.364355832338333
3.9775377959012985
4.9203759878873825
4.814101800322533
5.72543466091156
6.7051093727350235
7.5013092160224915
6.732121035456657
5.861664414405823
4.532713860273361
3.7647717893123627
3.5123007223010063
2.9298369958996773
2.7582017928361893
3.5420909970998764
3.624300464987755
2.7449489906430244
2.5360201224684715
2.037165105342865
2.1997907757759094
2.711780473589897
2.0337093248963356
2.741412580013275
2.076641596853733
2.5122929364442825
3.7420184314250946
4.181949943304062
4.984501540660858
6.240107834339142
8.242798298597336
6.985849112272263
6.072956174612045
5.390084519982338
5.268530234694481
4.542239785194397
3.725858688354492
3.1568238884210587
2.9858784824609756
2.7075379341840744
2.186169371008873
2.6979408487677574
1.9165946245193481
2.400437355041504
1.16867670789361
1.363246887922287
2.1053732335567474
1.8592509180307388
2.7900328263640404
4.27051804959774
6.582481250166893
5.840791210532188
4.485208973288536
5.417851060628891
4.96319617331028
5.559352904558182
4.39866778254509
3.570783443748951
2.6791159585118294
4.055826738476753
6.787000626325607
5.396438330411911
4.999216377735138
4.210778042674065
3.5292566418647766
3.2030645608901978
3.5307921022176743
2.877844162285328
2.8580275177955627
2.968051068484783
