3.219180852174759
3.2015524953603745
2.3055313527584076
3.0134841427206993
3.439397118985653
5.082764536142349
7.0287555158138275
9.351423561573029
12.29830226302147
15.973508715629578
17.40107172727585
20.27325862646103
20.310610830783844
22.28081339597702
22.514150738716125
24.265352427959442
22.32497489452362
20.777822017669678
18.417073488235474
14.842901408672333
10.20107290148735
8.56318086385727
9.427428483963013
10.889153718948364
13.602819502353668
15.174850702285767
16.77545940876007
18.127971649169922
18.73243796825409
21.356960356235504
21.278411030769348
22.167707324028015
22.033263444900513
21.407671809196472
18.42553347349167
15.603146433830261
14.882918119430542
11.120251506567001
9.852081954479218
7.489601731300354
7.003717809915543
6.111226737499237
6.258229672908783
6.109526410698891
5.9093699008226395
4.8752457201480865
5.510648146271706
3.9801672995090485
5.164304599165916
3.6163338124752045
3.45198392868042
3.2687539756298065
2.882655017077923
3.3037199303507805
3.246756374835968
2.861053980886936
2.512643814086914
2.439003601670265
3.5158446431159973
4.161709204316139
3.869424246251583
6.300688326358795
7.91130393743515
10.756576091051102
12.740116775035858
14.086755752563477
16.022282660007477
12.996233522891998
10.50360682606697
9.676600962877274
7.0621148198843
5.46440526843071
4.491655915975571
4.253577575087547
3.1760304272174835
3.568538598716259
3.4125036746263504
2.6693274527788162
3.249384395778179
3.4320718571543694
3.0004006773233414
2.8174280896782875
2.141129247844219
2.2568816766142845
2.2873221039772034
2.0375342667102814
2.1972543075680733
2.8603145256638527
2.452856309711933
2.1490048840641975
2.3539706617593765
2.7915682047605515
2.810023583471775
2.345016047358513
2.5684065222740173
2.3414197340607643
1.5855411030352116
2.518124684691429
1.8287049643695354
1.9028750658035278
2.1838467717170715
1.8678933158516884
2.2671008184552193
1.738705512136221
1.754226516932249
2.5468759983778
1.6436430290341377
2.0802437886595726
2.047680042684078
2.324722044169903
1.755956992506981
1.2919152528047562
1.6828837394714355
2.963889479637146
4.7475347220897675
4.251039609313011
3.41145209223032
3.321030981838703
2.864148370921612
2.9514210522174835
2.2043047547340393
3.0158994868397713
2.3527664318680763
2.169311322271824
2.9740196019411087
5.154566243290901
7.466039314866066
10.37031951546669
14.128266096115112
16.82309603691101
19.448483288288116
20.559556484222412
22.20437914133072
22.227962374687195
23.942802250385284
24.422417402267456
26.46688413619995
24.794967472553253
26.23890918493271
25.38490080833435
26.13640010356903
26.425600111484528
26.387398660182953
25.85542595386505
24.82282066345215
25.14767426252365
23.26714539527893
20.91406339406967
18.671085834503174
15.382203698158264
12.044685781002045
10.164622455835342
9.616062819957733
8.163239389657974
7.226604551076889
6.06138901412487
5.684739798307419
5.129589110612869
4.756114766001701
3.5605408400297165
4.382287427783012
4.578940272331238
5.160185560584068
4.248875230550766
4.257056325674057
3.8781193047761917
4.172016859054565
3.1620961725711823
3.04496006667614
3.772413656115532
2.222271077334881
3.1659046038985252
2.765443429350853
3.130907341837883
3.2548667415976524
2.3535438776016235
2.121420979499817
2.296117715537548
1.9884247109293938
2.3418512642383575
1.7778687626123428
1.614414770156145
2.1353316456079483
1.8053463585674763
2.095772683620453
1.9164540022611618
1.6147989518940449
1.82961206138134
1.8841624557971954
2.891338787972927
2.2715823724865913
1.973396971821785
2.8536559268832207
1.7797834686934948
2.3694269582629204
2.1003410443663597
2.274153381586075
3.7413471937179565
6.333250135183334
9.070226430892944
7.140527814626694
5.645890593528748
5.1751933842897415
5.034969687461853
4.4020509868860245
3.281013384461403
3.09358149766922
3.2419625595211983
3.582863636314869
3.9121862649917603
3.4731257259845734
2.7534103393554688
2.3992169350385666
2.282241463661194
2.892604172229767
2.1629187166690826
2.750559985637665
2.3124571964144707
2.6663180515170097
3.117695413529873
4.475363299250603
3.990569770336151
4.1734737157821655
2.8569696247577667
2.601305276155472
2.5628129094839096
2.4047346338629723
2.3232071921229362
1.7855784185230732
2.264899581670761
2.722865469753742
3.448914982378483
3.5794304236769676
2.7331612706184387
2.604802943766117
3.1372283175587654
2.6777704507112503
2.5564808771014214
1.992826171219349
1.3472961783409119
1.9485743567347527
2.132626123726368
2.0560493990778923
2.512539327144623
1.8816084638237953
2.2449904680252075
1.9430450573563576
1.9909461438655853
2.740540824830532
3.8145905435085297
6.841922461986542
9.185493499040604
12.068932473659515
15.41234415769577
17.266820311546326
19.295088946819305
17.199151277542114
13.145234555006027
11.792923986911774
9.536828219890594
7.516997784376144
4.9713055193424225
3.509514071047306
3.733179420232773
3.846360072493553
6.026886284351349
7.604218065738678
9.17190682888031
11.285600423812866
12.925334006547928
14.808558106422424
17.495833694934845
18.111485183238983
19.01961660385132
20.397040486335754
18.27055025100708
15.881455779075623
12.68109130859375
10.00223445892334
8.112574249505997
7.250626236200333
6.846491903066635
5.283083647489548
4.31468041241169
4.840108811855316
4.288528010249138
3.906438961625099
4.391546428203583
3.2793195471167564
3.82466159760952
3.034882113337517
3.1379346922039986
2.874995321035385
2.4277588427066803
2.4612053260207176
2.6069192588329315
1.9879566729068756
2.5906975343823433
2.246814250946045
2.1829151064157486
2.427631199359894
2.655089259147644
2.579893186688423
2.185705654323101
2.6452855244278908
2.9208997264504433
2.9456199929118156
2.8190486282110214
2.592970684170723
2.7763307839632034
2.6524656862020493
2.6324573308229446
2.466974198818207
2.13586737960577
2.582174450159073
1.5722670368850231
1.5273291394114494
2.3356924802064896
1.507587045431137
1.6178447641432285
1.4768971763551235
2.3792445734143257
3.523249141871929
5.3980128318071365
6.408845886588097
9.718241065740585
10.510134428739548
9.066755950450897
7.698472738265991
6.783783823251724
5.090409815311432
3.902898296713829
2.9761179834604263
3.2525526583194733
3.724602833390236
4.261029735207558
4.821661084890366
3.9315904527902603
3.416901618242264
3.1439593732357025
2.6228526905179024
2.8436795473098755
2.247028075158596
2.6740290597081184
3.5607383400201797
2.8640944212675095
3.6585111171007156
4.075690105557442
4.018698945641518
4.8386558294296265
4.418588653206825
3.344253309071064
3.3795647248625755
3.7989940717816353
3.794592708349228
3.4628746062517166
2.892898716032505
3.254917651414871
3.619647979736328
3.5687416344881058
3.4321039989590645
2.3214971348643303
2.2077198326587677
2.6002071127295494
2.8412827253341675
2.8241691067814827
2.6758411899209023
2.844499498605728
2.055114034563303
2.290522776544094
1.5673724077641964
2.0770002752542496
1.8033568635582924
2.341793902218342
2.1783969029784203
2.3997961804270744
3.8766556084156036
5.3255335837602615
7.721188008785248
11.052397459745407
13.746422201395035
16.682745397090912
19.00355452299118
20.945847034454346
21.30533653497696
20.42134940624237
17.537464678287506
14.901441842317581
9.832304000854492
8.236950486898422
10.704715102910995
16.350663363933563
19.625428318977356
21.157215356826782
23.570527851581573
23.885691821575165
23.46325445175171
20.299697756767273
19.239038944244385
15.537948966026306
12.817500710487366
8.874404281377792
8.274374455213547
5.796871796250343
6.652277126908302
4.939400002360344
6.254427462816238
5.308003857731819
4.411337062716484
4.141737565398216
4.1305091381073
4.2760269343853
3.6522434800863266
3.0677531734108925
2.897021748125553
3.0318989008665085
3.6887293681502342
3.435899257659912
3.0142882987856865
2.123856768012047
2.101809896528721
2.001812532544136
2.5130335465073586
2.214683525264263
2.168489173054695
1.9001335129141808
2.0289092883467674
1.5369962006807327
3.058894596993923
3.092144973576069
2.960180953145027
2.6981229931116104
2.7221703454852104
2.5131056532263756
3.038943335413933
2.35198113322258
1.6742924936115742
1.8562560230493546
1.639931183308363
1.3793396912515163
1.6909583620727062
1.3558581992983818
1.9086292199790478
4.510277405381203
5.039468765258789
5.33588507771492
3.931800067424774
3.9436206966638565
3.042072966694832
2.8127052187919617
2.2299530878663063
2.4606061056256294
2.5233822986483574
4.111766919493675
4.551870360970497
3.856316700577736
3.551573321223259
2.489495627582073
2.6959692388772964
2.9285406172275543
3.3634859398007393
4.4155653566122055
4.96020969748497
4.989621743559837
4.174990266561508
3.484985612332821
3.4308088272809982
3.0766847655177116
2.1996046230196953
2.5640440061688423
2.793228469789028
2.5474903360009193
3.377178728580475
4.812448218464851
6.0610910058021545
6.166494742035866
4.559578642249107
4.090031608939171
3.595863163471222
2.870435453951359
3.2332617789506912
4.493826970458031
5.707331269979477
6.847882643342018
8.464797466993332
6.940332233905792
5.721046134829521
5.137809753417969
5.081422403454781
4.295820489525795
4.011093467473984
3.3487093076109886
2.245074190199375
2.827575109899044
2.6251702681183815
3.2713021636009216
2.517226494848728
4.333787605166435
4.132122218608856
3.7903571650385857
2.338982470333576
2.996660441160202
2.4956387728452682
3.0407140031456947
2.688822567462921
2.8358320891857147
2.4039112851023674
1.657157689332962
2.5803582221269608
1.7819581739604473
1.9496611803770065
1.9775813966989517
1.5850420258939266
2.4460339397192
2.5469245687127113
3.645489402115345
4.272302687168121
3.3281475007534027
3.0944613590836525
2.03776915371418
2.2497211694717407
1.6044375337660313
1.7313675843179226
1.4173450730741024
1.56305393576622
1.794928602874279
2.792426899075508
3.8631597459316254
3.9003091901540756
2.791078746318817
2.9301941618323326
4.052571877837181
4.467991396784782
6.819094866514206
9.960482835769653
12.438274294137955
14.929608523845673
16.60253643989563
18.064041674137115
16.63684767484665
13.376766741275787
9.773068368434906
7.590361565351486
6.803410291671753
6.645245462656021
5.346646949648857
5.431438863277435
4.367404133081436
4.482403665781021
4.067023277282715
3.8853182643651962
2.5647309347987175
3.364715114235878
3.5772514790296555
3.0175338685512543
2.715752385556698
2.588315986096859
1.9034240692853928
2.7081957310438156
2.1677449122071266
1.7066905908286572
2.5796179994940758
1.6296277977526188
1.980134904384613
2.4421326220035553
1.4399727806448936
1.8920157998800278
1.4760684594511986
1.5527441576123238
1.9845702648162842
2.0048759132623672
3.5886226445436478
3.5064304918050766
2.9280811697244644
2.8010327965021133
2.65558460354805
3.6260231658816338
4.994710937142372
6.721768379211426
8.40390920639038
7.538187697529793
6.245344951748848
4.871097296476364
4.197383642196655
3.7822465896606445
3.406409151852131
3.3314598202705383
2.760638438165188
3.130448639392853
3.5527883619070053
6.127214953303337
5.320462912321091
4.46537022292614
3.9677302837371826
4.062767907977104
3.0654235929250717
3.1898799911141396
2.935518227517605
1.9464368149638176
3.0481249168515205
3.271752841770649
2.698690615594387
2.2960017919540405
2.4941435158252716
2.0649039447307587
1.6786838360130787
1.7850907146930695
2.5771011263132095
1.4204977713525295
1.903421625494957
1.8182794824242592
2.8226966857910156
3.949543997645378
4.961888670921326
4.3377685546875
4.37709866464138
4.26779218018055
3.3848485574126244
3.3824630677700043
2.619350843131542
2.126776199787855
3.653271868824959
4.791174694895744
4.500772133469582
7.16979444026947
8.030176311731339
10.783993810415268
12.197182565927505
10.682734578847885
9.153596013784409
7.116728574037552
6.72786171734333
5.122800290584564
4.78444167971611
4.167349487543106
3.5661606937646866
3.7114484906196594
3.614464446902275
2.7343668937683105
1.8137474954128265
1.476169116795063
1.4988484643399715
2.415514051914215
2.2349211499094963
2.035053677856922
1.3728894963860512
2.0405527725815773
1.5141926780343056
1.7758328095078468
1.750726729631424
1.8941318839788437
2.101014584302902
2.012338452041149
2.337698705494404
2.1182721555233
3.2058853954076767
2.766418695449829
2.8771285116672516
3.236736297607422
4.467759281396866
3.8129182755947113
3.5408372953534126
3.5812082663178444
3.348442457616329
4.101074546575546
5.73168072104454
7.980858117341995
6.5843686163425446
6.276958525180817
4.835974410176277
3.8763813823461533
3.7715583220124245
3.8293855488300323
2.7618454843759537
2.4378381967544556
3.6432954519987106
3.549661807715893
2.987689882516861
2.1979299262166023
1.6487320326268673
1.3469128347933292
1.8797986917197704
1.8734720647335052
2.4469990730285645
4.124202579259872
5.226738005876541
8.262940168380737
11.055604666471481
8.33790272474289
7.5682089030742645
5.730268478393555
5.671419098973274
4.467065140604973
4.641559392213821
7.716505587100983
9.833747237920761
12.54788163304329
10.040330410003662
8.516696780920029
7.272459879517555
4.684123128652573
4.23187218606472
4.108579114079475
4.380640625953674
4.429462566971779
3.6812588423490524
3.0384083464741707
3.438781298696995
3.253687299787998
3.782864734530449
3.0436820313334465
2.191723495721817
2.7688383534550667
3.063469782471657
2.360801599919796
2.336310215294361
2.6673143431544304
2.005472593009472
2.118981681764126
2.594548873603344
1.922148060053587
2.1695165559649467
1.573655217885971
1.0749039761722088
1.7016155794262886
2.2576016932725906
1.2246664501726627
1.5128525607287884
1.3223145604133606
1.641586884856224
2.5447755604982376
1.9334373325109482
2.3791380152106285
2.821543723344803
2.099970504641533
2.846752792596817
2.357981748878956
1.9759885892271996
1.4826581962406635
2.950150929391384
3.2215476632118225
3.5598430782556534
2.873355060815811
2.9852231442928314
2.363542191684246
2.2357973232865334
1.7110758945345879
1.6635138094425201
2.584959536790848
3.398401439189911
2.2503465861082077
2.7958986461162567
3.206417314708233
2.2994372621178627
2.2025605365633965
1.5050911270081997
2.162194237112999
2.4791730418801308
2.606785923242569
2.1866570711135864
1.653608225286007
2.1464149802923203
2.563102401793003
5.208951413631439
6.736994594335556
5.818693473935127
4.30186240375042
4.548460006713867
3.54912993311882
3.4483920484781265
2.2182174772024155
3.1678101792931557
3.5234498381614685
2.999804988503456
3.221595473587513
2.3252527341246605
3.1091524809598923
3.2370464354753494
4.5727614760398865
5.133124873042107
5.104889765381813
4.3165139853954315
3.631485253572464
4.013268336653709
3.011072091758251
2.442766435444355
2.2218920812010765
2.733661651611328
2.5413006395101547
3.1884247586131096
3.6920159682631493
6.391105160117149
5.709014743566513
4.8139869421720505
4.357757896184921
3.3596625477075577
3.620637133717537
2.5651748701930046
2.5554704666137695
2.7827950716018677
2.4887123852968216
2.0968138203024864
2.120924048125744
2.2970813512802124
1.8304592296481133
1.8033926710486412
1.6311172172427177
1.673221442848444
2.050245203077793
2.48592296987772
3.035699784755707
3.9059950560331345
5.815063267946243
4.877194479107857
3.7183689922094345
3.7448760271072388
3.931368872523308
3.1608635261654854
2.846968799829483
2.4594263806939125
2.5337061062455177
2.1354311257600784
2.3138966262340546
2.2725749909877777
2.7397930920124054
2.306558519601822
2.0792376101017
1.9175989255309105
2.9238087460398674
4.189778074622154
6.419796124100685
8.964378625154495
7.196382492780685
5.957002088427544
5.070124760270119
4.313686266541481
4.504068598151207
4.056980803608894
3.5878253877162933
3.41020368039608
2.6040003299713135
3.04709093272686
2.278810106217861
2.1665432304143906
2.3655046224594116
2.4520033672451973
1.8733724504709244
1.945317082107067
1.6969952061772346
2.404411129653454
1.5328810401260853
1.4795516096055508
2.2026111632585526
2.804761715233326
4.488421082496643
4.283990651369095
4.016295224428177
3.105122536420822
2.966828778386116
4.00530631840229
3.494234748184681
2.686037555336952
2.878178372979164
2.127526670694351
2.3506893143057823
2.236157216131687
2.9007067382335663
2.2824490442872047
2.582062564790249
1.7944593206048012
3.2768622264266014
1.7224446572363377
1.7133853659033775
1.622723437845707
2.1737560778856277
1.328508172184229
2.03589940816164
2.091563045978546
3.1039880961179733
4.46560862660408
3.710644967854023
3.995263859629631
3.0420709252357483
3.435243785381317
3.5727527886629105
3.36595056951046
2.9653059914708138
2.840425580739975
3.135185107588768
2.9445636346936226
2.596917450428009
2.9550698176026344
3.072881817817688
2.4560315907001495
2.151013858616352
2.2701281681656837
2.007414072751999
2.7182083502411842
3.7069903165102005
6.805958762764931
8.586309343576431
10.679259300231934
9.354964911937714
7.385747000575066
5.707530155777931
6.184820532798767
4.348536401987076
4.37550176680088
6.4377060532569885
7.433208465576172
6.364092230796814
5.550905600190163
5.211140930652618
3.764564275741577
2.868069216609001
2.403790257871151
3.0750235468149185
2.1416084095835686
2.849452666938305
1.642938494682312
2.051244728267193
2.495617687702179
1.8919380009174347
2.24062716960907
2.584191620349884
2.6853024065494537
4.309048369526863
5.163327097892761
3.9088123962283134
3.884953022003174
3.469669707119465
2.9202343076467514
3.242574654519558
4.131752401590347
3.4711062163114548
3.4075576066970825
2.8779744505882263
3.3209439367055893
2.3190514966845512
2.5875968113541603
2.1011893302202225
2.678606443107128
2.4281396865844727
1.7255456298589706
1.9585337787866592
2.5230431482195854
2.488854520022869
2.1477447897195816
2.400317221879959
2.1282285302877426
1.9676349349319935
2.514078803360462
1.7262103706598282
1.8627629987895489
1.8143412098288536
2.430409714579582
1.627316739410162
1.8442200012505054
2.657571330666542
2.1722827032208443
2.438364639878273
1.9633875042200089
2.263819359242916
3.3421626314520836
2.785795919597149
2.8301346376538277
3.01858863979578
2.175399534404278
1.9931666553020477
2.050946444272995
3.462053380906582
3.771968513727188
4.092393457889557
2.982411414384842
3.1139189302921295
3.1433358415961266
2.4436625242233276
2.3343629017472267
2.186359517276287
3.0381734296679497
3.8170030266046524
3.0522020533680916
3.113186851143837
2.5840650722384453
3.2351918295025826
3.469033122062683
3.2063658386468887
2.507236823439598
3.964924529194832
6.378475859761238
8.740268468856812
7.754757791757584
7.053756237030029
5.7552864998579025
4.535700589418411
4.221793860197067
4.699771404266357
6.60385899245739
5.143534883856773
5.104541406035423
3.8045351654291153
3.7280549332499504
3.3527390211820602
2.89600270986557
3.3053754717111588
2.7108706682920456
3.478836812078953
2.8584179654717445
2.419367603957653
3.0388179644942284
1.9231032654643059
2.4553481861948967
1.8676774576306343
1.6871542856097221
1.2307862266898155
1.9133411198854446
2.456423230469227
1.6199753433465958
1.5610481798648834
1.2387686185538769
1.1699590682983398
1.587771587073803
2.4991961270570755
2.0321860760450363
2.1236243695020676
2.082264706492424
1.9244300350546837
2.1161490827798843
1.5085641518235207
2.9381044283509254
2.9346909150481224
2.286330133676529
2.3622859120368958
2.122246190905571
3.606533795595169
3.313647225499153
3.348902702331543
1.8612455166876316
2.312923438847065
2.582146354019642
1.3701558709144592
2.057166688144207
3.4128924906253815
2.9067086800932884
3.036589451134205
3.0356968119740486
2.1759054139256477
2.693495586514473
2.259260281920433
2.3561664074659348
2.287674568593502
2.312297858297825
1.8400249816477299
2.725567765533924
2.0628021955490112
2.408664755523205
2.0742984414100647
1.962019044905901
1.8177150338888168
2.087546393275261
2.3712907880544662
4.487573429942131
6.7836034297943115
6.118733823299408
5.293057784438133
4.482380777597427
3.7115478962659836
3.0721431896090508
3.3627281859517097
2.864743635058403
3.8840040266513824
5.039909660816193
5.817705184221268
6.894167497754097
8.443049669265747
10.343795359134674
11.806522578001022
12.493708163499832
11.354647696018219
8.434295296669006
6.76663002371788
4.882914409041405
3.4829350113868713
2.8892190232872963
1.9063711613416672
1.706493403762579
1.9186490401625633
2.7718974128365517
3.0427417159080505
3.274089924991131
3.919262617826462
5.220036536455154
4.2940191477537155
3.8272925168275833
4.086931012570858
3.183168299496174
3.4224015921354294
3.8764604181051254
3.013316333293915
2.838662751019001
2.997217617928982
2.9211856350302696
2.7807054072618484
3.0370821729302406
2.155458927154541
2.5483780056238174
2.7168629094958305
2.122631687670946
1.9304762817919254
1.9031682163476944
1.3614931553602219
1.6332260258495808
1.84567616507411
1.4173952750861645
1.3618505857884884
2.179422788321972
2.78169347345829
4.531113475561142
6.25317245721817
7.879932999610901
10.013332337141037
12.265634775161743
13.564805150032043
15.584156930446625
13.433543980121613
11.259050130844116
9.730439186096191
7.172403305768967
5.011980786919594
4.673211872577667
5.857301309704781
5.176836788654327
4.229475766420364
3.274254873394966
3.421878971159458
3.549525022506714
2.7024966329336166
4.37532414495945
3.942836955189705
3.1885165348649025
2.7891314327716827
3.2158122956752777
3.0888384580612183
2.2768180519342422
2.0227442383766174
2.299067661166191
2.0552536845207214
2.2119830176234245
1.8911686688661575
2.509593054652214
2.180692605674267
3.135031074285507
3.0319206789135933
2.4822098091244698
2.6885336712002754
2.5324473679065704
3.5817021802067757
3.800769180059433
4.964031934738159
6.583425834774971
8.329694837331772
7.24478405714035
6.138621315360069
5.6142736822366714
4.763512820005417
4.572796106338501
3.5886933356523514
3.058409906923771
3.2817579433321953
3.1941978335380554
2.61549611389637
2.819086939096451
2.8055457398295403
4.03849495947361
5.298351496458054
4.7431152909994125
4.213808447122574
3.7803305312991142
3.167969174683094
3.2833405882120132
2.877114847302437
2.783370964229107
3.5294478982686996
4.173641055822372
3.807582974433899
3.2754201740026474
3.1014055758714676
3.110632725059986
2.8619503676891327
2.68276334553957
3.0879197642207146
3.23258139193058
2.3141147196292877
2.8075735941529274
2.58433123677969
2.731282465159893
2.549263060092926
2.404841922223568
2.593081697821617
2.856427200138569
2.7938935309648514
4.948648244142532
4.2636983543634415
3.230296790599823
3.197628252208233
3.6080243289470673
3.23775003105402
3.180159777402878
2.331898584961891
2.169961355626583
2.3824557811021805
1.6367687210440636
2.056573800742626
3.020269528031349
2.4972811713814735
2.4198432937264442
2.623018339276314
1.943355642259121
2.3386548310518265
1.8351673781871796
2.519976295530796
3.3744730949401855
2.5236810445785522
2.149467960000038
2.1925616934895515
1.7375718019902706
1.239414183422923
1.8320135846734047
2.547519735991955
2.0594105273485184
2.1327388510107994
1.3251034915447235
2.0522505789995193
2.8415877744555473
5.163916543126106
7.321378707885742
5.834476172924042
5.3624586164951324
4.3712765872478485
6.077350929379463
4.469503551721573
4.320410400629044
4.236093252897263
3.4491387233138084
3.415777802467346
2.865064464509487
2.5844360068440437
3.0067484006285667
2.4357516542077065
2.6141171976923943
2.615413509309292
2.2367856204509735
2.961411237716675
2.5407597199082375
2.6776719093322754
1.7184280678629875
2.8288623094558716
2.410412184894085
1.7706811092793941
2.46324422955513
2.0158850476145744
1.4837016575038433
2.009452410042286
2.5461235344409943
2.5703185573220253
2.709275484085083
3.0240713953971863
3.0103463754057884
4.9161456525325775
7.252952665090561
10.859326839447021
9.178423345088959
6.70464015007019
6.365011557936668
5.490362927317619
3.686039589345455
4.068904131650925
3.514262408018112
2.8582662492990494
3.072575606405735
3.1770683005452156
3.205018423497677
3.4115942046046257
2.563870906829834
1.7480591610074043
2.5375097766518593
2.5551065877079964
2.006911017000675
1.3990439288318157
2.1186806857585907
1.7073926739394665
2.220508672297001
3.4010910019278526
4.155003130435944
5.871878102421761
8.444497525691986
10.153918862342834
8.763084769248962
6.640122279524803
5.325860142707825
3.885651856660843
4.240168005228043
3.124267987906933
3.2822334319353104
3.488131232559681
2.3425980657339096
2.4047872573137283
1.8085865899920464
2.1175376772880554
2.1179575473070145
2.736875906586647
2.2379772812128067
1.9682239033281803
1.6676963567733765
1.5398207791149616
1.7057005241513252
1.715481162071228
2.9405370503664017
2.277509219944477
2.2227285131812096
2.8352175801992416
2.2437311857938766
3.025921806693077
3.53019892424345
4.210098400712013
6.745912358164787
8.729995638132095
8.443298071622849
7.039568200707436
5.532268539071083
4.970361039042473
4.176879793405533
4.640838518738747
7.383545815944672
8.803708583116531
12.07754585146904
8.508917272090912
8.234193116426468
6.314548134803772
5.723758950829506
5.521474078297615
4.312979474663734
4.177685171365738
3.369218595325947
3.6828155368566513
3.319623716175556
4.210362106561661
5.377025306224823
7.1265502870082855
10.457854121923447
11.714259177446365
9.039005547761917
8.297201544046402
7.195851653814316
5.823741614818573
4.824436739087105
5.297459453344345
4.112891457974911
4.556598380208015
4.079486191272736
3.6728624030947685
3.303476519882679
2.503837116062641
2.4941340386867523
2.334438666701317
2.211329013109207
1.5817081816494465
2.4885880425572395
2.974365659058094
2.798091880977154
2.054734505712986
1.9267304427921772
2.11219672113657
2.046735107898712
1.8632906563580036
1.6302578747272491
1.0676627643406391
2.2751917764544487
1.930167280137539
1.4233438596129417
1.0171580500900745
1.324325293302536
1.718307089060545
1.6880947723984718
2.6155627220869064
3.135539099574089
2.878640554845333
2.22057044506073
3.0837114825844765
2.2402880042791367
1.8559362888336182
2.444083698093891
1.8672232925891876
1.8956771939992905
1.7424734830856323
3.6337839290499687
4.627993553876877
4.91828578710556
4.407237499952316
4.1753822565078735
4.470866352319717
3.756025969982147
3.786912277340889
3.3985690847039223
2.9951985999941826
2.757142059504986
2.167373903095722
3.134945124387741
3.665034681558609
3.3278762251138687
2.4289316907525063
3.204075701534748
2.1689650118350983
2.385204531252384
2.1766644045710564
2.37157766520977
2.986961640417576
2.5626805126667023
2.7782523185014725
3.328428789973259
3.9399904161691666
6.009710058569908
4.721178323030472
4.96771040558815
4.739950910210609
3.949939116835594
3.1040550097823143
2.8621577471494675
2.336255483329296
2.592852085828781
2.227845549583435
3.0160556584596634
3.292568691074848
4.236572176218033
5.118494927883148
6.616139858961105
5.746933460235596
5.268177643418312
4.084628105163574
4.3057824820280075
3.6177507787942886
3.2426774203777313
2.596487872302532
2.2350816130638123
3.246792823076248
2.0819946601986885
2.187636859714985
1.74040911719203
1.614543978124857
2.4327112585306168
2.338570237159729
1.73374392837286
2.8640827387571335
3.9217898100614548
3.496269814670086
3.3658886328339577
2.4485429525375366
2.480302080512047
2.142367944121361
1.979521531611681
1.6787979155778885
2.313699923455715
1.986459106206894
1.6856170855462551
2.3825569972395897
1.3568189106881618
2.8555601462721825
2.8647158816456795
2.475068785250187
2.8189614936709404
3.345128759741783
2.9677681624889374
3.7322791069746017
4.856945708394051
5.736357167363167
7.482447803020477
8.740368098020554
9.881391406059265
9.315384060144424
7.151228204369545
5.631705790758133
4.844156697392464
5.066688165068626
4.298227325081825
3.0971985906362534
2.6512480080127716
2.9467185735702515
3.1531501337885857
2.695182830095291
2.5376059263944626
1.5709438361227512
2.2110224589705467
2.1140063479542732
2.9901251420378685
2.6782700046896935
3.287213072180748
2.339223101735115
3.4337677285075188
3.246065355837345
2.9686120003461838
3.2858643233776093
4.670984819531441
5.213736817240715
6.996013164520264
7.621367841959
6.1122244745492935
5.0894637405872345
3.657945305109024
3.799463927745819
3.8516638427972794
2.669344797730446
3.042537495493889
2.806146889925003
3.629310190677643
2.5254474580287933
2.6876761317253113
2.4603501707315445
2.5221905261278152
3.0342271998524666
2.6013662293553352
2.7030348256230354
3.444685585796833
4.2507477551698685
3.9406988471746445
3.4571903347969055
2.9125037416815758
4.137744203209877
2.5678896382451057
2.3749437108635902
4.220527872443199
3.7209088057279587
4.086525171995163
4.046075493097305
3.4082667529582977
3.629998564720154
3.000611551105976
3.051613837480545
2.930843360722065
2.1412509754300117
2.096802607178688
2.8040939271450043
1.7144199833273888
2.920500084757805
2.2567750215530396
2.1336016729474068
2.5003693774342537
2.062240779399872
2.441597729921341
3.7456834241747856
3.1754486188292503
2.7683586329221725
3.1390397250652313
3.148748755455017
2.994984582066536
2.322853833436966
2.644780717790127
1.680371142923832
2.0472876876592636
2.397986277937889
3.5553000271320343
3.6427426785230637
3.3316352143883705
2.694562688469887
2.465183712542057
3.1616177707910538
1.7400231137871742
2.605514407157898
3.836683452129364
4.2553884238004684
5.410663932561874
7.381326228380203
5.4573270082473755
5.444130718708038
4.507401823997498
4.148079618811607
3.0208213478326797
3.391894318163395
2.521089807152748
2.7340567633509636
3.283146485686302
6.287372350692749
8.293032586574554
6.873208433389664
4.811181128025055
4.322541877627373
5.351755529642105
6.477337554097176
8.034978359937668
7.324952602386475
6.200443089008331
5.225702598690987
4.978251323103905
4.085643097758293
3.940641775727272
3.5854146257042885
3.5947406217455864
3.980705678462982
2.9856728985905647
3.540856286883354
3.3978042155504227
3.9941290616989136
4.375621318817139
3.143255926668644
3.6284894794225693
3.46935722976923
2.6443396881222725
3.7186276838183403
2.555829033255577
2.232816845178604
2.6517733111977577
3.247930698096752
2.2277274392545223
2.4860396906733513
2.1057810485363007
1.8042503148317337
1.8022547662258148
1.5499366782605648
2.077378958463669
2.309513173997402
2.9231205508112907
3.686169773340225
4.227925255894661
4.488073170185089
7.299292862415314
5.255921006202698
4.561693653464317
4.845770165324211
4.03122866153717
4.433052986860275
5.716562017798424
5.3077612072229385
4.272854804992676
3.8235533386468887
3.2885795161128044
2.965561591088772
3.540006011724472
2.33452707529068
2.761960707604885
2.042616605758667
2.8589791133999825
2.472440294921398
1.7764409705996513
1.5678160972893238
2.433915138244629
2.686385340988636
3.3473662436008453
5.050376608967781
7.997659623622894
6.794323056936264
4.845771342515945
4.149726927280426
4.457365855574608
4.202250197529793
4.284558996558189
5.516856148838997
5.088891699910164
4.124859482049942
4.4650484919548035
4.349678486585617
3.3979175090789795
3.128899745643139
3.5236144587397575
3.194694697856903
2.5154905691742897
2.190220206975937
2.4553506523370743
2.5216855704784393
2.040088474750519
1.7609791792929173
1.4947745986282825
1.7965601906180382
1.5584817752242088
1.5713947787880898
1.468723587691784
1.7985777258872986
1.2007078677415848
2.4351425990462303
4.4647244065999985
5.024156555533409
7.445398256182671
9.479909092187881
11.912652671337128
13.42531567811966
15.415091276168823
17.40097200870514
19.223816096782684
17.35628980398178
14.10038536787033
12.427908331155777
10.22358724474907
8.72917091846466
7.488459661602974
6.073548808693886
4.872871413826942
5.141187354922295
4.025548480451107
3.280846528708935
3.46813478320837
2.553944483399391
2.896435335278511
2.6589317321777344
2.6974583715200424
1.803197082132101
2.4423267617821693
2.107220247387886
2.528762996196747
3.1914379224181175
3.4103780165314674
2.6508307233452797
2.329495958983898
2.9830076843500137
1.7782136648893356
3.915854200720787
4.411875084042549
7.19145530462265
9.222524166107178
11.351265698671341
12.768934577703476
16.40409231185913
17.109910249710083
20.1374009847641
20.34425675868988
21.47599947452545
23.043806493282318
23.934289276599884
24.440500855445862
23.160954236984253
20.815916895866394
19.21384996175766
15.53927093744278
13.82771721482277
12.442698419094086
9.145523399114609
7.253405794501305
6.063370913267136
5.105572775006294
5.842031344771385
7.838525205850601
8.223796278238297
9.966515272855759
12.604372382164001
13.263217061758041
14.962510645389557
16.564949929714203
17.6006001830101
15.156542301177979
12.281451851129532
9.373777091503143
7.131052523851395
6.577308967709541
5.104818806052208
4.643405348062515
4.540524557232857
4.435233846306801
3.8941698521375656
4.295018583536148
3.994513303041458
4.078083351254463
3.7562685161828995
3.5677958577871323
3.925974562764168
3.2140300199389458
2.9375281780958176
2.8306880965828896
3.1026682183146477
2.370928220450878
2.814360722899437
2.4920743107795715
3.2224695906043053
2.7160361781716347
2.761787101626396
2.7307476326823235
2.22918638586998
3.3360997661948204
3.7260441705584526
5.253907948732376
7.473887100815773
8.16765084862709
10.451247811317444
7.956218481063843
6.773224115371704
6.126423314213753
5.256870537996292
4.717133954167366
4.0645469427108765
3.6523900479078293
3.6927790492773056
4.046963483095169
2.4435289427638054
3.0224104523658752
2.3177902325987816
2.1057843044400215
2.0987091064453125
2.522177092730999
1.6277951262891293
2.058000147342682
1.779818158596754
1.4205147959291935
1.6199241168797016
4.400831833481789
5.582691878080368
5.112397566437721
4.105190873146057
3.4812380522489548
4.336211979389191
4.172327160835266
5.492197290062904
7.763052254915237
6.683577433228493
5.81880696117878
4.395031169056892
4.470365330576897
3.634265422821045
2.8693605586886406
3.342462122440338
2.6822464540600777
2.6968102529644966
2.577215187251568
2.8171961903572083
2.860921397805214
1.625457238405943
2.3054555132985115
2.5626586973667145
3.025794669985771
3.176053822040558
5.173679679632187
6.137560352683067
5.254047125577927
4.8220833241939545
4.387836202979088
3.827541545033455
4.475834906101227
5.7267777025699615
6.958491325378418
9.274408429861069
11.589034676551819
14.829167664051056
11.011833876371384
9.585856586694717
7.513915970921516
6.3375111520290375
4.420348301529884
4.381483554840088
3.4259538501501083
4.728684633970261
5.520059153437614
5.3039694130420685
4.639581516385078
4.463495552539825
3.4238137304782867
3.8870664909482002
3.9757140278816223
3.2483779415488243
2.647352285683155
3.0150413662195206
3.7152300998568535
2.981773227453232
2.5828117579221725
2.4600831866264343
2.7409065440297127
2.2854061126708984
2.170365460216999
1.7154246643185616
2.189565323293209
2.362531505525112
2.2142430022358894
1.9929962679743767
2.024844989180565
1.5101191103458405
1.8694125935435295
3.199361279606819
4.734126910567284
6.373423919081688
7.520260363817215
9.277205020189285
10.146592855453491
12.353178411722183
9.925799578428268
9.026785731315613
7.5513511300086975
6.157404452562332
5.018361002206802
4.795786991715431
4.542268946766853
4.566903039813042
2.8927376568317413
2.997476041316986
2.3447112143039703
2.2406623512506485
1.9558916091918945
2.233686216175556
1.3149892650544643
2.1191792637109756
3.130591571331024
5.661885738372803
8.166316002607346
10.374704509973526
12.564577013254166
13.693960934877396
10.466194748878479
10.217088609933853
9.842444509267807
7.195468947291374
6.208011627197266
4.6568944454193115
3.4240115582942963
4.818036034703255
3.277825452387333
3.1529658138751984
4.274228096008301
2.8362617641687393
3.0591501593589783
2.8737889006733894
2.8724844232201576
2.994872495532036
3.3306263089179993
2.4714081659913063
3.4893866777420044
3.7510304152965546
5.158447310328484
6.152785614132881
6.863462939858437
8.158469259738922
10.81045213341713
11.790998876094818
14.138593792915344
11.197578847408295
9.505104839801788
7.521221965551376
5.961225464940071
4.699863001704216
4.153212919831276
4.244896724820137
3.4534652456641197
3.7998788207769394
2.922388330101967
2.7196512669324875
2.08734043687582
2.3648496344685555
2.4842345863580704
1.9969038218259811
2.1934571489691734
2.929985038936138
4.196778520941734
6.63165158033371
5.046189785003662
3.9758648574352264
4.392697811126709
3.2745218947529793
3.0279930606484413
3.7762340679764748
3.695236422121525
3.949908658862114
3.866876870393753
3.2014764845371246
3.375239059329033
3.8932827711105347
3.497305065393448
2.5161344036459923
2.6285310462117195
2.77056448161602
2.379641555249691
1.9342942833900452
2.2083982974290848
2.705851100385189
1.9340324103832245
1.9434815868735313
1.9671765677630901
1.479873239994049
1.8457562550902367
1.191329699009657
1.6634044274687767
2.779577225446701
5.084087699651718
7.7176578640937805
10.892624318599701
12.659103214740753
14.728284120559692
17.056049942970276
19.391185700893402
20.878621757030487
22.02815407514572
23.73904013633728
20.96707719564438
19.010275900363922
16.506703734397888
15.610515236854553
11.622688710689545
8.85826924443245
7.06947024166584
6.019648626446724
5.631156787276268
4.5200473964214325
4.590787440538406
3.4871464893221855
3.017836682498455
2.5216508209705353
2.696153238415718
3.04834895581007
2.4024294167757034
