2.746580056846142
2.5958292856812477
2.548634022474289
2.0958174392580986
3.388058990240097
4.248612239956856
5.829332873225212
5.28679946064949
3.9436501264572144
4.880731090903282
3.8724642619490623
3.519955389201641
3.066333681344986
2.6520515754818916
2.013651590794325
2.3504603281617165
2.669326961040497
2.5185092836618423
2.3982259407639503
2.4245923161506653
2.432074226438999
3.6048673540353775
5.303053334355354
7.477518260478973
9.373246878385544
12.8292356133461
10.7912158370018
8.258529841899872
6.0655082911252975
5.661848321557045
4.525388807058334
4.489939942955971
3.6561699584126472
3.768459975719452
3.909655585885048
3.585192635655403
3.820725694298744
2.280926153063774
2.325628012418747
3.0755367800593376
2.535276010632515
2.4072786271572113
2.140806883573532
1.8857742324471474
1.8990408033132553
1.409101914614439
2.2956792265176773
1.81051816791296
1.4904521144926548
2.6760187670588493
2.16069083660841
2.0981205254793167
2.1364454105496407
1.6755899973213673
1.8303416147828102
2.0347272232174873
2.3645633831620216
1.6470433548092842
2.6630854383111
2.725270986557007
3.4004660472273827
4.6253267377614975
3.0523639619350433
2.871741086244583
3.0885520055890083
2.3822608068585396
2.8735759183764458
2.572140797972679
2.1828817278146744
2.4390745162963867
2.1763679906725883
3.718892529606819
4.019670329988003
5.83513206243515
7.832175761461258
9.630549788475037
10.507711112499237
12.254229098558426
11.309365451335907
8.979399621486664
7.102084621787071
5.135850042104721
3.7999995201826096
2.481523923575878
2.797363005578518
2.8820401653647423
3.0948283076286316
3.2832322269678116
2.7812130078673363
2.968080125749111
2.6475440859794617
2.430659681558609
2.1224370785057545
2.3261810541152954
1.7260045744478703
1.9334657862782478
1.4836659841239452
1.6060062572360039
1.7514040991663933
1.6194262243807316
1.9154788814485073
2.2838245257735252
1.6433132663369179
2.12498077750206
2.5837584882974625
3.2076936960220337
3.035844750702381
2.5285773426294327
2.7382426634430885
4.6627452075481415
3.327084705233574
4.1362747102975845
2.782320626080036
3.0125517323613167
3.1434428095817566
2.1951786316931248
2.1304993703961372
2.0799933820962906
2.331854835152626
2.2888062223792076
2.3621480837464333
3.418116346001625
4.815825015306473
7.2385573387146
6.033929914236069
5.19363035261631
4.992729216814041
3.6380986347794533
3.486374780535698
3.556924492120743
3.233254812657833
4.839326307177544
3.5469725877046585
3.536620609462261
3.634902946650982
2.890066869556904
2.59442837536335
3.691841460764408
2.254012569785118
2.4760390669107437
2.1259209886193275
2.1621027067303658
1.6935241743922234
2.2095078080892563
2.2831979021430016
1.8347146734595299
2.586712710559368
2.973067946732044
2.54714585095644
2.6695586517453194
2.020350184291601
2.45558163523674
2.0387211702764034
1.8108440525829792
1.9039202481508255
2.437953695654869
4.272673100233078
4.025766581296921
3.1800976246595383
3.743715360760689
4.573389783501625
8.785045862197876
10.868014723062515
13.220735013484955
10.887893557548523
9.349661976099014
7.702493071556091
6.475428089499474
4.287594839930534
4.138392776250839
3.4669133499264717
4.1709093898534775
2.4900296553969383
2.9968906342983246
2.661790318787098
3.7608979046344757
3.607564315199852
4.181911259889603
2.7795283272862434
2.2020630687475204
3.298218622803688
2.670015014708042
2.5460950136184692
2.3929735347628593
1.7740598246455193
2.587233677506447
2.359829641878605
2.41405837982893
2.9298583790659904
4.105203464627266
3.840411275625229
3.183670960366726
2.5388440415263176
2.8789386600255966
3.52008356153965
2.316280886530876
2.3563325256109238
2.1965284571051598
2.3176490515470505
2.452813521027565
2.982070177793503
2.175582718104124
1.8105483688414097
1.3994655273854733
1.4911069087684155
1.5293777212500572
1.827862523496151
1.8343498446047306
3.5338730216026306
6.022905126214027
9.19154417514801
7.49307656288147
5.945213183760643
4.609870210289955
4.489125519990921
4.347132980823517
3.9997729808092117
3.586056686937809
3.0138111263513565
3.1890959963202477
2.8066754043102264
2.5611995235085487
2.35507632791996
2.1787079721689224
2.459915705025196
2.771801143884659
1.5931415408849716
1.7129458747804165
1.919102594256401
1.7825783230364323
2.001007668673992
1.8645224496722221
2.1595924720168114
2.070633225142956
3.2574759796261787
3.495668724179268
3.303004153072834
2.401628263294697
4.211357057094574
3.256375215947628
2.98403462767601
3.4218272864818573
3.783828228712082
2.5868447571992874
3.1380323693156242
3.8337528705596924
4.752968519926071
6.303838059306145
6.908183187246323
6.534537822008133
5.148506358265877
4.1715976893901825
3.619935065507889
3.2101717740297318
1.827104113996029
2.3761367350816727
2.3171514198184013
2.1713407784700394
3.010751061141491
3.7015582472085953
3.19904588162899
2.866868495941162
2.180779479444027
2.683955229818821
2.5154665261507034
2.723879814147949
2.8061371073126793
2.1198778450489044
2.0201789662241936
1.9545985162258148
1.9078667610883713
1.540749415755272
1.3751076832413673
1.7988207787275314
1.7974618896842003
1.692066952586174
1.2203809581696987
1.7930496893823147
1.9152944646775723
2.407561779022217
3.6216989010572433
5.101003065705299
6.783234804868698
5.31997138261795
5.298502743244171
3.798236571252346
2.5741597414016724
3.925781548023224
4.407029375433922
5.712145388126373
5.44495989382267
4.779116362333298
3.5775181651115417
4.6353858560323715
3.539019286632538
3.0651866048574448
3.098165325820446
3.40037177503109
3.4214233979582787
5.184805020689964
6.764995187520981
8.523184597492218
9.544360101222992
9.028930395841599
7.10026054084301
5.700543403625488
4.352581307291985
4.523312464356422
2.680840827524662
3.1748653948307037
2.96276868134737
2.917569026350975
2.4772229343652725
1.7471096888184547
2.595756247639656
2.839652918279171
2.2179028764367104
2.5691797360777855
2.7506376281380653
1.8351690471172333
1.7685241028666496
2.2584262043237686
2.115171141922474
1.716184340417385
2.5048115849494934
1.593647949397564
2.832917034626007
1.9022553004324436
2.030872270464897
1.8900099322199821
2.0648276656866074
1.8143640011548996
1.8542216122150421
1.489505346864462
2.0207433626055717
3.045104905962944
3.5038604736328125
4.5131272822618484
5.197210758924484
4.845387861132622
6.45915812253952
7.5304549634456635
8.427730739116669
10.602098882198334
9.918748289346695
11.66244512796402
8.83306810259819
7.797128081321716
5.848604768514633
4.188706576824188
5.133974447846413
4.4672918021678925
3.5807338804006577
3.7130558639764786
2.7494480460882187
2.257699318230152
2.649934448301792
2.914973460137844
3.5324813053011894
4.458289921283722
5.526280269026756
4.944990247488022
4.171553209424019
3.2930314019322395
3.811341777443886
3.3458212465047836
2.8477398604154587
3.4147335290908813
2.2620087563991547
2.001352898776531
2.690551556646824
2.437574692070484
2.6816767901182175
3.7603743076324463
5.7874405682086945
6.489139795303345
8.715744584798813
11.90280768275261
13.258391380310059
10.929151237010956
8.613781422376633
8.206508040428162
6.217614024877548
5.356180936098099
4.660685494542122
3.513800099492073
4.000646911561489
2.9548907354474068
2.5014137774705887
2.4659503772854805
3.015640467405319
2.7119527459144592
1.5805876515805721
1.7884003818035126
2.083621647208929
1.8600692972540855
2.026479806751013
1.101513160392642
1.812966924160719
1.805432464927435
1.161364421248436
1.6869859024882317
1.2121015675365925
1.4908848628401756
1.2978247590363026
1.758176140487194
1.7660529986023903
3.414022296667099
5.581411898136139
8.054153174161911
10.832895189523697
12.546637892723083
14.15242475271225
17.175784707069397
17.832937359809875
18.689547300338745
18.529938638210297
15.76211541891098
11.588705658912659
9.225385546684265
6.514875143766403
8.01089271903038
10.652326166629791
12.871663063764572
14.224871724843979
15.635983765125275
14.036358177661896
12.797645032405853
10.31457844376564
8.057752460241318
6.087703242897987
5.323299065232277
4.101221948862076
3.5186854526400566
4.047490976750851
3.4691888615489006
3.2130724787712097
2.3162635788321495
3.10296867787838
2.2888338193297386
3.71700257062912
2.80916790664196
2.753408558666706
2.3911445513367653
3.548096716403961
3.039669416844845
2.834707163274288
3.056163877248764
2.621990568935871
3.3574968576431274
2.420649975538254
3.1635280400514603
2.721176080405712
2.4693808257579803
2.156556859612465
2.1917030587792397
3.69086055457592
5.384041041135788
6.883432447910309
8.892342180013657
8.100081861019135
6.126580983400345
5.659358084201813
4.365071877837181
4.775465250015259
3.4937209114432335
3.5067624673247337
3.114111952483654
2.873910628259182
2.986434184014797
3.2337337732315063
4.336206912994385
5.345358043909073
4.383605197072029
4.164856940507889
3.997555762529373
2.8306076154112816
2.7967155650258064
2.905784770846367
2.7260180339217186
3.0401254817843437
2.2547133192420006
2.68506583571434
2.125761553645134
2.5502869561314583
1.6488914266228676
1.6447023935616016
3.169286757707596
2.964580722153187
3.7010562419891357
3.358731761574745
2.959639146924019
3.1118091493844986
2.3840949460864067
3.035233348608017
3.1257036924362183
1.5625945702195168
1.6034337282180786
1.6402425169944763
1.7264205031096935
1.593203142285347
1.6884768642485142
1.9876464530825615
1.9642958380281925
1.6527974605560303
2.0047977790236473
2.3628296181559563
3.783043250441551
4.54403854906559
7.005635380744934
8.254776239395142
9.588760703802109
7.386170387268066
6.630130261182785
5.589799493551254
4.553184762597084
3.971614807844162
3.176905356347561
5.317528232932091
4.523866564035416
4.305172115564346
4.411368727684021
4.908339202404022
6.654445052146912
5.33676752448082
4.950842693448067
3.9579162299633026
4.1779125183820724
4.959190919995308
5.557590648531914
4.7525079399347305
4.224549651145935
3.8046439588069916
3.782623916864395
3.5293021723628044
3.71828556060791
3.399226263165474
2.5378832295536995
3.8978702276945114
2.754472002387047
2.9495591819286346
2.5715575739741325
2.12682181596756
2.4292598739266396
2.1986534781754017
2.8526881262660027
2.8552474603056908
4.955772504210472
4.936870068311691
5.782744124531746
4.124910861253738
4.463263243436813
3.15240790694952
3.3318658769130707
3.803094506263733
4.4768844693899155
4.8894863575696945
5.687034860253334
7.489428862929344
9.459700524806976
7.997179865837097
7.891438573598862
5.9981220960617065
5.4915309846401215
4.246769919991493
3.5816019624471664
3.4506497904658318
3.5892333164811134
1.952904812991619
2.657012067735195
2.603381283581257
1.9410404711961746
2.4875519424676895
2.320956140756607
2.184022881090641
1.7696759179234505
2.0301060378551483
1.8860795125365257
1.8502163663506508
2.799959287047386
4.255873888731003
4.4915207624435425
2.9880774170160294
3.3692480474710464
5.418152004480362
7.282196000218391
6.767584413290024
5.271812930703163
4.626954048871994
5.000526443123817
2.6886725053191185
3.426078498363495
3.253695420920849
4.605472341179848
6.127544522285461
7.781090408563614
9.714005082845688
10.329042673110962
12.518565148115158
14.704846143722534
16.128745138645172
16.938471853733063
13.124001294374466
12.000463008880615
10.217186063528061
7.0768785029649734
6.9835460633039474
6.1132931262254715
5.099260553717613
4.347470819950104
4.194389894604683
4.630181312561035
5.945497453212738
5.108833998441696
3.9581859707832336
3.9810137152671814
4.193348094820976
3.4862416088581085
4.035150468349457
2.4839866012334824
2.7535660788416862
2.0678779035806656
1.9194080382585526
2.703967846930027
2.7507105097174644
3.5873550474643707
4.341660037636757
4.236220866441727
3.5273690596222878
3.154469922184944
2.3020039722323418
2.5870315060019493
1.9577072337269783
2.035488024353981
2.1383959501981735
2.0308498963713646
1.794650912284851
0.9402974843978882
1.2106248401105404
2.071524038910866
2.926468849182129
3.936458796262741
6.704253152012825
7.9565503895282745
9.921778559684753
12.022511094808578
14.674795299768448
16.219104766845703
18.061094403266907
19.712059557437897
18.06522226333618
13.929373502731323
12.367543280124664
8.419817745685577
7.94520691037178
7.237959861755371
6.849265456199646
4.866153568029404
4.375406339764595
3.774114564061165
3.38557967543602
3.013392895460129
2.9408504962921143
3.2451784312725067
2.2940043285489082
2.389702871441841
2.3351763114333153
2.2623369470238686
1.7874109968543053
2.01474367082119
1.6328334882855415
2.056407980620861
2.362901881337166
1.6994740590453148
1.707880899310112
1.4414196275174618
2.3789485096931458
2.6904993057250977
2.5337172001600266
2.535257950425148
3.2513574734330177
4.781326562166214
5.401304364204407
5.928304985165596
6.131678685545921
4.779244422912598
4.71556381881237
4.284286230802536
3.9436198621988297
4.146929487586021
4.717416673898697
5.744601383805275
5.449852287769318
4.98528116941452
4.100100830197334
3.9596774578094482
3.1287545934319496
3.080675385892391
3.3664202988147736
2.674680158495903
3.3290018513798714
4.1322992742061615
5.408369243144989
5.116418331861496
6.95965775847435
7.585985332727432
7.6862970888614655
9.440720021724701
10.128590166568756
10.770943015813828
10.100287020206451
12.794775187969208
10.053328573703766
8.613874346017838
7.5898173451423645
5.624819532036781
4.909723982214928
3.9046612232923508
3.4184388667345047
2.728007584810257
3.046444371342659
2.768090881407261
3.0713961720466614
3.231625184416771
2.6975690722465515
2.926768958568573
1.8866019397974014
2.2993661761283875
2.8639214411377907
2.082826443016529
1.8340049907565117
1.5316404104232788
1.6743313074111938
1.8773543909192085
1.432396475225687
2.2206577956676483
3.1764132156968117
6.5257458090782166
8.414864897727966
12.188540905714035
15.507970035076141
17.5263814330101
19.943232119083405
20.266249418258667
22.118759095668793
24.65441083908081
21.4862579703331
19.636035680770874
17.79046505689621
13.770471781492233
8.791734099388123
8.042432993650436
6.421065449714661
5.577284559607506
5.462562173604965
3.915534555912018
3.8541239202022552
3.818750947713852
4.621932536363602
4.016875937581062
4.162506073713303
3.8056234568357468
3.857094943523407
3.38284170627594
2.9675384238362312
3.387309141457081
1.9203662872314453
2.9783356189727783
2.968853749334812
2.0527659580111504
2.374380700290203
2.5439854860305786
2.407114014029503
1.5065492689609528
1.206143207848072
2.5960617810487747
2.0793747678399086
2.449383534491062
3.0667529106140137
4.887333661317825
3.7622512951493263
3.2903194576501846
3.3857531622052193
3.282281905412674
4.363640934228897
4.151513621211052
2.64817126840353
3.63942901045084
3.129962384700775
2.693880222737789
2.65167997777462
2.7180363088846207
2.239031657576561
2.475885510444641
3.0936067923903465
3.359684444963932
4.323904663324356
4.919054687023163
4.101101025938988
5.087385267019272
2.423656053841114
3.6864222586154938
4.399238049983978
3.0651195347309113
3.0781741738319397
2.8025680631399155
2.8917613476514816
2.6628444716334343
2.1854243054986
2.1698058992624283
2.4091136157512665
2.813898593187332
2.102353520691395
1.9635365940630436
2.218716785311699
1.504989817738533
2.5499374493956566
4.27640326321125
6.54009073972702
9.228324264287949
11.93595802783966
9.335076630115509
7.98404923081398
6.603535130620003
4.595771625638008
4.1232763677835464
3.0693678483366966
2.8043452128767967
2.439695492386818
2.7985643818974495
2.540568560361862
3.1479470506310463
2.5024924352765083
1.863503534346819
1.9496127143502235
2.3830631971359253
2.255188226699829
2.2547281980514526
2.178949899971485
1.7657983750104904
2.0189227387309074
1.1529537849128246
1.6866818889975548
1.0978188961744308
1.3278969414532185
1.5392594896256924
1.3575664684176445
1.8633045628666878
2.2502681240439415
1.6034064032137394
2.801470033824444
3.884081929922104
3.3870979994535446
3.6092560589313507
3.119548499584198
2.248916633427143
1.769669622182846
2.2564329355955124
2.1064910888671875
2.3881695345044136
2.1490549817681313
3.6845739781856537
4.394830718636513
4.553426340222359
3.434112973511219
3.085090346634388
2.5292869061231613
3.843913748860359
5.298361957073212
4.3304580599069595
3.9387821704149246
4.31522636115551
4.20043471455574
3.763586327433586
4.161684364080429
5.522262454032898
6.764512225985527
8.789172440767288
10.881214380264282
11.018078625202179
10.215026050806046
8.781375497579575
8.157157868146896
6.507412403821945
5.053621262311935
4.476032182574272
3.808346688747406
3.6861102283000946
3.6274134665727615
3.743867799639702
2.8821039125323296
2.8510244488716125
3.4666979983448982
3.6183233708143234
4.612201452255249
5.684308975934982
5.031387835741043
4.215018019080162
3.8630050867795944
3.4054707065224648
3.3631037026643753
2.635590262711048
2.2934637367725372
2.772721216082573
2.1734397411346436
2.029227301478386
2.263867996633053
1.5099051222205162
1.3496170155704021
1.8862205743789673
1.695285625755787
1.63093251734972
1.5469072684645653
1.9878997392952442
2.681604541838169
3.259925991296768
3.0430996492505074
3.9083918631076813
3.75016126036644
5.271708756685257
4.13296265900135
3.5200914815068245
3.3640849739313126
3.0276647359132767
2.709086835384369
3.2750048711895943
3.2493681088089943
4.070114925503731
4.189701572060585
5.069975391030312
6.322550296783447
4.557997092604637
4.600507467985153
4.045162603259087
4.685634881258011
3.3761297911405563
3.0956958010792732
3.587130308151245
2.8437018990516663
2.6365661174058914
2.548471413552761
2.109005279839039
1.1423405967652798
2.54996021091938
1.8268257677555084
2.494056947529316
3.1370008140802383
4.079662442207336
4.833219513297081
7.313088297843933
9.38328891992569
10.54940402507782
12.109670400619507
10.153287380933762
7.688115239143372
6.931691542267799
4.821085646748543
4.239278793334961
3.4314195662736893
4.047442317008972
3.4605060294270515
2.9956481978297234
4.0768358409404755
2.9515513256192207
2.584294945001602
2.0297187119722366
2.5174296870827675
2.577020488679409
2.1374727934598923
1.5662871599197388
1.8653773665428162
1.605451438575983
1.4427920915186405
3.2016033604741096
2.093923605978489
1.9960778951644897
3.08193489164114
2.777274452149868
1.6180650405585766
2.7109710201621056
2.978715419769287
3.346807725727558
5.4501684457063675
3.4451372176408768
3.5439461320638657
2.7748354226350784
3.13843135535717
2.6776076704263687
2.6943466663360596
5.1475929915905
7.899117738008499
11.672891944646835
8.454276472330093
7.5269815325737
6.723965585231781
4.921243861317635
4.342923507094383
3.5193920731544495
2.7595707774162292
3.082128681242466
3.4746407568454742
4.724566072225571
4.076702207326889
4.277762293815613
3.3260601088404655
4.162120521068573
3.9745141565799713
2.736938126385212
2.86056300252676
2.644787944853306
2.0779505744576454
3.9779127687215805
3.325795367360115
2.972631983458996
2.566754139959812
2.454663909971714
2.7198005095124245
2.342210464179516
2.4076144471764565
2.089248202741146
2.325099527835846
1.6295329481363297
2.262411281466484
1.8353082314133644
1.9009971842169762
1.3344488069415092
2.573952317237854
1.9029021188616753
2.502627916634083
1.8415852189064026
2.624221585690975
3.214489094913006
5.2459046095609665
9.01859700679779
6.5489271730184555
5.243372097611427
5.1585694551467896
3.8916075229644775
3.5780648961663246
4.0210969895124435
3.60710296779871
3.9200284630060196
4.563048809766769
4.1613239496946335
4.356256052851677
3.476900279521942
3.5049704164266586
3.9537033140659332
2.8478584215044975
3.6955854073166847
4.375046670436859
6.613318145275116
9.262197405099869
12.55771690607071
15.334209382534027
12.950936436653137
10.981881111860275
8.319656759500504
7.575260788202286
6.04998804628849
4.963148668408394
3.9584548473358154
3.560184523463249
3.56160955876112
3.2305900901556015
3.226823605597019
2.985081121325493
3.3774870485067368
3.0506153032183647
3.429870642721653
2.583246275782585
2.61274017393589
2.0447438955307007
2.2151051983237267
2.4833731651306152
1.9676494896411896
1.66606879606843
2.09996747225523
1.4894295558333397
1.597053173929453
2.2157830595970154
1.659332562237978
0.9581718239933252
2.170841298997402
3.73672853410244
5.857380583882332
9.591547727584839
13.04731634259224
16.474542438983917
19.370254337787628
20.84788477420807
18.259970009326935
15.635510802268982
13.633782356977463
10.874924540519714
8.842944353818893
6.864028945565224
5.334194287657738
4.661643788218498
3.90115524828434
2.565413862466812
2.8692609444260597
3.8788757026195526
4.961535468697548
3.438872277736664
3.857689931988716
3.6292971074581146
4.03461666405201
3.103113003075123
2.8472507521510124
3.3583924174308777
2.283771865069866
2.438512273132801
2.452411152422428
3.047229938209057
3.6893878877162933
2.9391884058713913
1.6731840893626213
2.1739166602492332
1.7024700343608856
1.5164750292897224
1.4317637011408806
1.576371856033802
1.6980788484215736
2.7965998500585556
3.930995225906372
6.323573008179665
4.7247623950243
3.8503957241773605
3.9938251823186874
3.383319467306137
2.897964045405388
2.7556614875793457
3.9877366572618484
5.154068395495415
4.996712386608124
4.120288759469986
2.9259198904037476
2.391108140349388
3.1082835718989372
3.0125202387571335
3.128778763115406
2.131764978170395
2.725292406976223
1.7423483356833458
2.4142055734992027
2.3813988268375397
2.522442042827606
2.904393158853054
2.974543459713459
2.806791417300701
3.3740045949816704
3.693337991833687
6.52727110683918
5.194807648658752
4.393515735864639
4.712353989481926
3.7450177147984505
3.3837520629167557
2.8952380046248436
2.9558698758482933
3.399580232799053
3.029337003827095
3.4921045750379562
2.9406012296676636
2.8389318212866783
2.794265627861023
2.6920421048998833
1.9974684678018093
1.959359809756279
1.896411009132862
1.699940599501133
1.8763822503387928
1.5549521706998348
2.8584776893258095
2.563306786119938
4.060465678572655
2.8996407464146614
2.68869461864233
3.0868205204606056
2.8468430042266846
2.825007349252701
2.836234413087368
2.0001711770892143
2.734201453626156
1.7144268080592155
1.7037583589553833
2.9924047589302063
2.806107670068741
4.5051253736019135
5.565606728196144
5.012760415673256
4.154262572526932
3.324521116912365
5.4520391672849655
6.718760579824448
6.333077788352966
4.787309974431992
4.880617469549179
4.928011998534203
4.079988181591034
3.7926419526338577
2.7914950996637344
3.206315442919731
3.162863463163376
2.4395339637994766
2.7488449811935425
2.4865742698311806
2.501339077949524
2.8283422365784645
3.68210132420063
3.884270489215851
5.178929105401039
6.805469378829002
7.750783711671829
10.102434992790222
7.807756185531616
6.421472191810608
5.551123708486557
4.422540470957756
4.131273031234741
3.4515688121318817
2.8765867799520493
4.239264100790024
3.1689912527799606
2.6412208750844
2.935087539255619
2.3298053070902824
1.7353312075138092
2.845543146133423
2.528285890817642
2.1288591399788857
1.7574144750833511
2.1572605073451996
1.6483619920909405
1.9309143051505089
2.2351148650050163
2.4474940299987793
3.1162916868925095
4.298353791236877
4.990671917796135
3.59148471057415
4.025665953755379
3.999501645565033
2.585513636469841
2.887361966073513
2.69574948400259
3.6784487515687943
6.2833196222782135
5.284963935613632
4.818954274058342
4.522826984524727
4.039455607533455
3.7474298626184464
3.4094426557421684
2.763145335018635
2.870898760855198
4.134140655398369
3.863226816058159
2.910199210047722
3.147718496620655
3.3754405081272125
2.679681457579136
2.682701922953129
3.048287644982338
4.2882939875125885
5.250129655003548
7.182405710220337
9.531618773937225
11.192429095506668
9.80047282576561
8.54977199435234
7.884013801813126
6.367685973644257
5.1836051642894745
3.7572487145662308
4.653873264789581
4.353654503822327
3.48995903134346
3.1169170662760735
3.0715083703398705
1.938497118651867
2.457257479429245
2.5550244376063347
2.2603945210576057
1.9563324302434921
2.297447457909584
2.4148508310317993
1.7582610845565796
2.2830634713172913
2.439115524291992
1.5832069963216782
1.5603151060640812
1.7983343675732613
2.7475930377840996
3.179909586906433
3.4266864135861397
3.315136566758156
2.7395508512854576
1.9535097554326057
2.1637347117066383
2.0842217430472374
1.9934308230876923
2.4300269335508347
2.165918331593275
2.598097637295723
2.9258251190185547
3.184463933110237
4.563132584095001
5.543569907546043
6.527702018618584
8.600955545902252
8.172194570302963
6.5461224764585495
5.447548568248749
4.956605091691017
4.774958029389381
4.26366551220417
4.011227905750275
5.255791410803795
5.354488343000412
5.448536783456802
4.931873753666878
4.493587508797646
3.641669951379299
3.5303066968917847
2.4887828156352043
2.418493829667568
1.8729764372110367
2.6111896336078644
1.6916337832808495
2.022865302860737
2.222495600581169
2.8669453635811806
2.5960193052887917
3.467374712228775
4.791945725679398
6.263386324048042
8.129720956087112
10.583286076784134
8.182254165410995
6.893590748310089
5.942523196339607
4.247352629899979
3.422438398003578
3.564435862004757
4.107217609882355
3.5199681371450424
2.82510145008564
2.2907762825489044
1.3908497355878353
2.323688328266144
1.8827190399169922
2.5980824902653694
3.241178423166275
4.691994562745094
3.7722555696964264
3.1231278479099274
3.8917355090379715
1.854564219713211
2.6144797801971436
3.331836313009262
4.335140362381935
4.188170596957207
3.7161289751529694
3.017959304153919
3.448153167963028
2.819527819752693
2.8088038712739944
2.654294893145561
2.5433208867907524
2.0116619914770126
2.1429468914866447
2.606846399605274
2.36098962277174
1.7712964341044426
2.168180078268051
3.5146866142749786
5.054493144154549
4.2987857311964035
3.602440193295479
4.207282096147537
2.833052471280098
2.549112118780613
3.58449587225914
5.556605085730553
4.636099547147751
4.428845107555389
2.427196554839611
2.8634166792035103
2.3300596848130226
2.3762811571359634
2.167833060026169
2.619375891983509
4.085363253951073
4.914452403783798
3.2799093574285507
3.979088634252548
3.3808208107948303
2.6970714703202248
2.56529039144516
2.2419589534401894
2.9710262939333916
2.0952684730291367
2.4435255005955696
2.2096926122903824
2.0655002370476723
1.7441479489207268
2.192451313138008
2.772474303841591
3.502446100115776
3.026987947523594
2.273883581161499
2.3308334946632385
3.004724830389023
2.638962395489216
2.2829713001847267
1.8094608336687088
2.351649649441242
1.985553614795208
2.1694882288575172
2.108092300593853
2.2713254541158676
3.3812242299318314
3.7419082298874855
4.2073618322610855
4.786839976906776
4.663478493690491
3.8692807406187057
3.7158697843551636
3.7844159603118896
3.7469426095485687
3.2603286877274513
2.5337294563651085
4.628151297569275
4.112754657864571
3.526597283780575
3.5093668699264526
3.2454218715429306
3.475488528609276
2.4431211948394775
2.410045824944973
3.896603584289551
3.246360197663307
3.779774710536003
2.8315307646989822
2.9551185369491577
2.5827642753720284
2.8357627540826797
2.416559711098671
2.731123335659504
2.0989893674850464
2.324417322874069
2.0163686871528625
2.102603279054165
2.5060865432024
1.9248945713043213
2.449571557343006
3.054881028831005
5.203926280140877
4.587026983499527
3.9905083626508713
3.8064203411340714
2.7606454491615295
2.7759037166833878
2.94714917242527
3.746282920241356
4.820473775267601
7.400740742683411
9.84911224246025
8.719700574874878
7.021815478801727
6.122970804572105
4.716782510280609
4.1647395342588425
4.156827628612518
3.726181887090206
3.5381589755415916
2.362297497689724
2.240840770304203
1.9829650521278381
2.2031418532133102
1.625053945928812
2.4453549459576607
2.136937104165554
1.9742104560136795
2.2558793649077415
1.8817780911922455
1.8525728844106197
2.0076962262392044
3.2382892966270447
3.0122990384697914
2.316341668367386
2.815695136785507
2.3272154852747917
1.60082271322608
1.726054161787033
2.9066194221377373
4.962883487343788
7.014156669378281
10.900713354349136
13.227116107940674
15.152810633182526
13.407929718494415
11.98261222243309
9.706849604845047
7.371784955263138
5.905868470668793
4.87319952249527
4.165794655680656
4.313899874687195
5.663156867027283
6.756745368242264
8.122241199016571
12.062501311302185
14.63132956624031
16.997965455055237
18.911508202552795
20.899229645729065
22.085937201976776
22.566896736621857
23.1675882935524
25.531399846076965
22.00312864780426
22.20357382297516
19.723073720932007
17.211889028549194
14.821886956691742
10.240319430828094
9.126676231622696
6.940332040190697
4.969629809260368
3.822893477976322
4.107084318995476
3.2949414774775505
2.8859917670488358
2.5647997558116913
2.0998870879411697
2.5701457411050797
2.3788040578365326
2.3545998111367226
2.978972151875496
1.6584143191576004
1.7954468615353107
1.6600317880511284
2.273378722369671
2.650123856961727
2.110616832971573
1.9704834073781967
1.5855474695563316
1.5997145138680935
1.8521803133189678
1.965575210750103
2.177958332002163
1.7810575291514397
2.461875580251217
2.279180221259594
2.4809007570147514
1.7745685502886772
2.636381596326828
2.100685805082321
2.314703054726124
2.3138557970523834
1.9639078304171562
1.7818087488412857
2.513380654156208
2.4543763771653175
1.949445478618145
2.1683323830366135
2.818110316991806
3.554662212729454
3.5882075130939484
3.0685090869665146
3.306282378733158
3.0533652901649475
3.0275064781308174
3.0915082916617393
2.653836652636528
2.5024666488170624
1.9265437051653862
2.391747146844864
2.4559628665447235
2.544687382876873
1.9138187617063522
1.7700379863381386
2.2369778379797935
2.2261841520667076
1.5394276231527328
1.6227175034582615
2.4203667119145393
2.1049980595707893
1.689408015459776
2.521960571408272
2.123118117451668
1.421798910945654
1.4036151766777039
1.8281412199139595
2.015179120004177
1.6505225524306297
1.1483664512634277
2.518488086760044
3.982596680521965
6.070729285478592
8.826963543891907
12.628081262111664
14.636151552200317
11.470448523759842
9.677091360092163
8.108192801475525
7.482762560248375
6.168879806995392
5.090852215886116
3.8391176611185074
2.5544948428869247
2.836369663476944
2.591035597026348
2.6399908140301704
2.576103053987026
2.120145581662655
2.2024036198854446
2.144780546426773
1.9533933401107788
2.3746784701943398
2.211216799914837
3.116932839155197
2.375783748924732
2.904954247176647
1.9886470660567284
2.436434641480446
2.776014991104603
2.5513355284929276
2.2173348665237427
3.0659077242016792
2.1745719835162163
2.5465767458081245
4.07221882045269
2.712678074836731
2.6819085106253624
2.698154531419277
3.91185499727726
4.987850770354271
6.630508840084076
8.869994074106216
9.515852332115173
11.526882410049438
9.570174038410187
8.384850978851318
6.789090052247047
5.580371618270874
4.451639294624329
4.911889582872391
4.380802690982819
3.308643601834774
3.8788009583950043
3.469690263271332
3.177613578736782
2.8372450917959213
1.704358659684658
2.0030172169208527
1.964605089277029
1.794945027679205
2.473178692162037
2.020603857934475
2.457535669207573
1.8332807272672653
2.5324063822627068
4.1764723509550095
3.1686712726950645
3.5994124114513397
2.7225876078009605
2.38671150803566
2.4825549498200417
2.1664440482854843
2.378884345293045
1.993383914232254
1.8462791554629803
1.7152534499764442
3.383459433913231
5.3830303102731705
3.5817328318953514
4.323489114642143
3.598673202097416
4.657739758491516
3.8115601763129234
4.019317135214806
3.368223085999489
3.992121085524559
3.355643779039383
2.8948575109243393
1.7431779392063618
1.2393535189330578
2.605722099542618
1.8420722223818302
1.4113475754857063
2.8297389149665833
3.857512727379799
7.228309392929077
9.71508178114891
13.59421980381012
17.132361590862274
19.410874366760254
21.811478972434998
22.4484361410141
24.78915709257126
24.131023466587067
25.381350576877594
24.14628666639328
23.479994893074036
21.707188189029694
17.642783284187317
14.306218594312668
10.92546409368515
13.172001600265503
10.931990325450897
9.148752003908157
9.125481724739075
7.3092799335718155
6.708317071199417
5.529779747128487
5.677945584058762
4.691504091024399
4.999914512038231
6.763202950358391
8.817498713731766
11.668012917041779
9.386669039726257
8.31260958313942
7.020207121968269
6.581357687711716
5.106611132621765
4.651793390512466
5.509377658367157
7.642902255058289
9.653302371501923
12.241979569196701
10.392533123493195
9.851277768611908
7.746310770511627
6.451460435986519
6.336080327630043
5.358026280999184
4.370509684085846
4.729285910725594
4.127198174595833
4.781916484236717
3.925697475671768
3.894919738173485
3.3014463037252426
3.2590581625699997
3.381471574306488
3.137920528650284
3.2225768864154816
2.7722363844513893
3.1530083045363426
2.836017072200775
2.754210740327835
2.9703187867999077
2.435591973364353
2.2157316729426384
2.2105069495737553
2.356927454471588
2.1641603633761406
2.361970193684101
2.4710949137806892
1.2508652098476887
1.1318229958415031
1.3490150272846222
3.31562652438879
1.9019223973155022
1.9752842113375664
2.009684309363365
1.4540132582187653
2.887207195162773
3.364516891539097
5.422356054186821
7.146497622132301
6.254812464118004
5.381148308515549
4.499870523810387
4.297787994146347
3.568041518330574
3.6738123670220375
2.8729943484067917
3.5510789155960083
3.257210336625576
3.6110531091690063
2.7783570662140846
3.050324521958828
2.598640114068985
2.6326452046632767
2.0513353422284126
1.9926823824644089
1.7734313607215881
2.216004267334938
1.8308177292346954
2.1087117046117783
2.0858918353915215
1.6787563264369965
1.933155994862318
2.190139666199684
2.929579459130764
3.303139641880989
4.797077149152756
6.441553235054016
7.097585752606392
9.677572548389435
10.671500891447067
12.044869989156723
14.30651342868805
11.560055136680603
9.391742408275604
7.451841399073601
5.654885560274124
4.151362344622612
4.333098232746124
4.039431124925613
3.5163042843341827
2.7842788472771645
3.425614446401596
3.4069261476397514
2.4567808136343956
1.5807540342211723
2.7237926721572876
1.617267981171608
1.9933772906661034
1.2670266851782799
1.9899894818663597
1.8692868426442146
1.4038988836109638
1.7114677354693413
2.078416757285595
2.2467524483799934
3.866653934121132
4.731835722923279
5.622197151184082
7.767537623643875
6.095122292637825
4.886254638433456
5.185329407453537
3.894455149769783
3.201122149825096
3.4405564665794373
3.616577185690403
3.2680522426962852
2.658393330872059
3.38734582811594
3.490200124680996
2.375184629112482
1.966200478374958
2.310036100447178
2.217356950044632
2.688922204077244
1.6148717440664768
1.935028824955225
1.8394291251897812
1.644261211156845
1.772943165153265
2.866485595703125
3.707956776022911
6.351621568202972
6.999149516224861
9.989285796880722
11.833376824855804
15.08141815662384
16.771476805210114
18.687520146369934
20.602596819400787
20.958525717258453
20.041736721992493
17.451912581920624
15.979553759098053
11.932832926511765
8.062417984008789
6.811437949538231
8.845385313034058
6.380152672529221
7.2381027191877365
5.7027697414159775
3.871461495757103
4.664230108261108
3.1523500978946686
3.8647559136152267
3.8913839906454086
4.226015865802765
3.862545683979988
3.1043731346726418
3.6544009745121
3.2552495673298836
2.7860531136393547
2.4629833847284317
2.391561731696129
2.787088841199875
2.8629813194274902
2.5700155794620514
1.9128563404083252
2.323596902191639
2.0095057263970375
1.4903221540153027
1.268327485769987
2.759925737977028
2.038504719734192
1.6251349784433842
2.2669918164610863
2.3033603876829147
1.717444870620966
1.7087680287659168
1.4022086448967457
1.4957509934902191
1.8174967505037785
3.7481949254870415
3.4105758666992188
2.774587132036686
3.1488631293177605
3.440473571419716
3.6799061372876167
4.276125013828278
5.3992916494607925
6.928482562303543
6.977213025093079
4.601753383874893
3.942870616912842
3.618669629096985
2.8886793106794357
2.5422662645578384
2.2264363169670105
2.902140535414219
4.460645362734795
5.338421747088432
7.2954660058021545
10.129559010267258
12.047533392906189
14.1646069586277
15.562445163726807
17.698483049869537
15.340133786201477
13.089990377426147
9.92675632238388
8.172889739274979
6.721136048436165
7.154952198266983
5.999702662229538
5.222454592585564
5.250187233090401
4.805436924099922
3.9967981427907944
3.477671630680561
3.477251172065735
2.582842320203781
3.309947483241558
3.681891918182373
3.02365592867136
2.6570010781288147
3.1342668533325195
1.8155904114246368
2.7963989675045013
3.5829611122608185
3.8673198968172073
3.819806933403015
4.622484937310219
3.895482674241066
3.056840531527996
3.104046493768692
3.4120984449982643
3.3075433894991875
2.231542482972145
2.8573100864887238
2.018647611141205
2.800614796578884
2.0697294175624847
2.199498474597931
1.7364297956228256
1.9323542416095734
1.9725611433386803
1.4734410718083382
1.9622120782732964
1.606960330158472
1.8851864896714687
1.2831990793347359
1.7131715044379234
1.5416681692004204
1.5621704123914242
2.1691924408078194
2.038175903260708
2.6420672982931137
1.9356028325855732
1.5345702767372131
1.2672048918902874
1.1659493036568165
1.7316781282424927
2.1359497904777527
2.2382635101675987
1.6830701529979706
1.4975140541791916
1.8732255548238754
1.8132254406809807
1.488332025706768
2.4613707289099693
2.1563726291060448
2.010306306183338
1.9942034482955933
