3.6875213757157326
2.845938593149185
2.1780805438756943
2.319217689335346
1.8225093819200993
2.4671765565872192
2.729003705084324
2.8659758865833282
3.9186084121465683
5.865527167916298
7.380786031484604
8.397703617811203
11.005377918481827
12.466854691505432
13.814588993787766
15.662553012371063
16.7478649020195
17.893511950969696
19.456837952136993
20.14713591337204
20.143881380558014
21.119882464408875
22.286099433898926
22.194631218910217
22.5617698431015
23.62580406665802
22.19171041250229
21.526507794857025
18.677980959415436
15.209925472736359
11.41580244898796
8.3172105550766
10.485727548599243
11.915192633867264
14.85158383846283
15.37285429239273
17.358494758605957
18.79113870859146
20.96356624364853
21.557754933834076
22.287400484085083
23.061257660388947
22.244125366210938
22.424310505390167
23.76057678461075
25.053107738494873
24.288725078105927
25.24127024412155
25.350092709064484
24.01399117708206
24.623941898345947
25.38066279888153
24.74936616420746
24.822629272937775
24.992422878742218
25.284911930561066
24.63059437274933
25.02068668603897
25.53271782398224
25.63529485464096
25.979279041290283
25.677316427230835
25.53775417804718
25.654098391532898
26.355264902114868
25.029197216033936
25.501013815402985
25.484315872192383
25.516755759716034
25.20079207420349
25.501385033130646
24.33030366897583
25.041046977043152
26.24986881017685
25.217382490634918
26.26531481742859
25.73904299736023
25.295826077461243
25.398300051689148
24.69953215122223
25.012761056423187
25.01921308040619
25.701926052570343
25.00507026910782
25.33909982442856
25.316080451011658
25.27146428823471
24.71783196926117
25.76627618074417
25.713221609592438
25.530942797660828
25.478331804275513
25.22501665353775
26.44896763563156
24.58319056034088
26.20306098461151
25.141962349414825
25.598190486431122
25.624913096427917
24.933147490024567
25.587466418743134
25.70085734128952
24.777543246746063
24.98444175720215
25.291131794452667
26.444494664669037
25.944873571395874
25.041719496250153
25.624482929706573
24.83366161584854
24.584483087062836
25.682699978351593
25.410806477069855
25.332676947116852
26.02886253595352
24.628034472465515
25.56988227367401
24.7964209318161
26.987582504749298
24.509766459465027
24.56151908636093
25.40686923265457
24.352761805057526
24.627030909061432
24.946137189865112
23.948339998722076
25.204977810382843
26.12166064977646
25.047511279582977
25.375493347644806
25.54276955127716
25.774994373321533
25.41351419687271
25.998919129371643
25.915392756462097
24.858807921409607
25.121358573436737
24.927432537078857
26.18552953004837
25.320350110530853
25.311630845069885
25.406476080417633
24.986169040203094
26.413075804710388
25.927350878715515
25.195289313793182
26.30937147140503
25.663836002349854
26.568132519721985
25.864864826202393
24.469573855400085
25.197238326072693
24.962173581123352
25.497405469417572
26.156731247901917
25.065235912799835
25.894084334373474
25.333246052265167
24.552565097808838
24.823300898075104
25.17463582754135
25.411505937576294
25.6708123087883
25.402552604675293
25.605947196483612
25.244892358779907
24.44216012954712
25.72665774822235
25.446392953395844
25.17407250404358
25.400496244430542
25.568513929843903
25.445328652858734
25.67903983592987
25.93160891532898
26.027630627155304
25.271507501602173
25.913452923297882
25.662654399871826
25.502774238586426
25.687503278255463
25.44477868080139
25.335905730724335
26.51105958223343
26.57089400291443
25.770763158798218
25.17758482694626
26.04063880443573
26.373453080654144
25.828367948532104
25.83584451675415
25.53491312265396
25.75533753633499
24.751264691352844
25.942208468914032
26.11279058456421
25.549159288406372
25.96498864889145
26.046073019504547
25.155848920345306
26.371313095092773
25.044832944869995
25.04112297296524
26.4307382106781
24.37968248128891
25.456151843070984
25.7797731757164
25.334840774536133
24.4730526804924
21.38776206970215
18.74131852388382
17.26488161087036
21.3307324051857
24.34839814901352
25.86049747467041
26.336102426052094
26.024807631969452
26.73488086462021
25.21248584985733
25.35634672641754
25.34041804075241
24.528753697872162
25.85432356595993
25.440480828285217
25.5795059800148
25.14865756034851
25.252269506454468
25.70658504962921
25.87692505121231
25.68565434217453
24.524078130722046
26.179797530174255
26.840403378009796
25.802091360092163
25.784577190876007
24.842027485370636
25.26547485589981
25.755465626716614
25.87756896018982
24.759113371372223
26.27492320537567
24.84149158000946
25.37065577507019
25.448586583137512
25.598686397075653
26.18514657020569
25.389337360858917
25.38977199792862
26.281053721904755
26.052317917346954
25.713391423225403
26.396356523036957
25.492552638053894
24.816652953624725
25.377231895923615
25.565799474716187
26.25747674703598
25.354346871376038
23.91929656267166
25.278947234153748
25.03079205751419
25.842898726463318
25.276117265224457
25.665092945098877
25.40577584505081
26.202658116817474
26.07919192314148
25.179868936538696
25.582760870456696
26.675236582756042
25.840012848377228
25.515308558940887
25.8598610162735
25.911462724208832
25.491990447044373
25.505629181861877
25.988769948482513
26.016571402549744
25.91248792409897
26.311344861984253
25.793290734291077
25.657244443893433
26.500626802444458
25.762024879455566
25.62436956167221
25.89446121454239
25.002535223960876
26.39934343099594
26.22377461194992
25.50663048028946
25.343643724918365
25.412608325481415
25.75501924753189
26.082836091518402
25.495102643966675
26.345174491405487
24.94845050573349
25.02445274591446
25.84809011220932
25.63821792602539
25.097187638282776
25.39421510696411
25.573755741119385
25.395750522613525
25.86796009540558
25.217286586761475
25.83045244216919
25.564113974571228
25.559310495853424
25.73979789018631
25.71707421541214
25.631398260593414
24.81733947992325
25.35360598564148
25.87597382068634
25.993686020374298
25.352378487586975
26.239702939987183
25.53921687602997
26.021507680416107
25.285483062267303
25.731214225292206
25.329945981502533
25.792105615139008
25.981876850128174
26.86016470193863
25.356325149536133
25.394312143325806
25.880005300045013
25.48475730419159
26.047625839710236
25.225605487823486
25.34953463077545
25.912784576416016
25.65954238176346
25.864143311977386
25.812919795513153
25.70984297990799
26.55002462863922
25.104710340499878
25.195142149925232
25.23933035135269
25.499552249908447
25.536071479320526
25.769260823726654
25.54128211736679
25.765073239803314
25.995624601840973
25.560680091381073
26.03856784105301
25.603181838989258
25.614966452121735
24.9375216960907
25.272590458393097
25.646469235420227
25.68034052848816
26.385059893131256
25.458637475967407
26.34755629301071
24.738913774490356
26.096021354198456
26.28114026784897
26.93534654378891
26.314964771270752
25.66843754053116
24.356972217559814
26.45820903778076
24.87946319580078
26.038973689079285
25.895739912986755
26.361622035503387
25.26085263490677
25.901183903217316
25.978203892707825
25.49595046043396
25.22205686569214
25.95600187778473
25.733591496944427
25.937587440013885
25.684799313545227
25.869959771633148
25.571108400821686
25.39709573984146
25.56212455034256
24.83553057909012
24.804719269275665
25.50324660539627
25.02204656600952
25.934503197669983
25.94832158088684
25.984595775604248
26.150596976280212
25.53259927034378
25.139851570129395
25.22146099805832
26.358675837516785
25.45051008462906
26.596299827098846
26.330800473690033
25.20176339149475
25.288048684597015
25.165409982204437
25.20305347442627
24.922920048236847
24.957229793071747
24.219200670719147
23.134692192077637
22.00078910589218
21.35882204771042
19.400759994983673
19.12649381160736
17.54189419746399
16.439560532569885
19.329666197299957
20.376103222370148
22.029405295848846
23.631583869457245
24.620939254760742
25.501976549625397
25.400188446044922
25.204777419567108
25.98570841550827
25.652499973773956
25.831401109695435
26.591839134693146
25.628393828868866
26.523660957813263
26.575630843639374
26.773207128047943
25.947694957256317
25.605550348758698
27.271471202373505
25.996465265750885
25.22575467824936
25.841744899749756
25.993818402290344
26.31505125761032
26.005765855312347
25.546373903751373
26.64766275882721
26.133609652519226
25.508038461208344
25.613619208335876
25.682149052619934
25.19785714149475
26.359193444252014
26.616123735904694
25.465472102165222
25.355474710464478
25.706115424633026
26.494784951210022
26.126461386680603
25.199346005916595
26.309123873710632
26.163745760917664
26.064711093902588
25.19983822107315
26.70257866382599
25.317746818065643
25.775143146514893
25.197545111179352
26.47158133983612
26.929636299610138
26.439886271953583
26.299765825271606
26.91641014814377
26.63204848766327
26.388581156730652
25.843323528766632
26.153251886367798
26.384079098701477
25.888780176639557
27.22138524055481
25.407515466213226
25.95293390750885
26.192472636699677
26.158664226531982
25.29950976371765
24.751068890094757
25.83842772245407
26.409919381141663
25.11142361164093
26.836888313293457
26.245039582252502
26.767163157463074
25.961075603961945
26.11258113384247
26.215762317180634
25.420989155769348
25.9602952003479
25.804536759853363
25.794025182724
25.957013607025146
26.18541920185089
25.929580450057983
26.07117336988449
26.47716325521469
26.349397361278534
26.248469173908234
26.793004512786865
26.317616283893585
26.805829524993896
25.08799695968628
26.881397783756256
25.849911987781525
26.197250247001648
25.624638855457306
25.353243589401245
26.021314442157745
25.25859946012497
24.346367716789246
25.840286254882812
26.24781972169876
26.296516597270966
25.93099820613861
26.100748598575592
26.057619631290436
24.834903717041016
25.79057151079178
25.901977479457855
25.158859431743622
24.500223875045776
22.87600690126419
20.43886512517929
17.863453567028046
18.022579967975616
20.594754099845886
23.833600878715515
24.673149168491364
25.732032656669617
25.745837092399597
25.279873549938202
25.730400919914246
26.824177086353302
25.759938955307007
26.529177010059357
26.46041226387024
26.629232168197632
26.502845406532288
26.162733614444733
26.83818519115448
26.237033009529114
26.69137531518936
26.281496167182922
26.25129669904709
26.12997943162918
25.439192712306976
26.135168373584747
25.72014546394348
26.662012219429016
26.401671051979065
26.698066413402557
26.63170599937439
25.74755024909973
25.74202448129654
26.253296375274658
26.580310344696045
26.755981385707855
26.486948907375336
26.320572674274445
27.398045361042023
26.808072447776794
26.519219636917114
25.30709409713745
26.13343334197998
26.195832788944244
26.05390453338623
25.079602777957916
26.22228914499283
26.03506165742874
25.79648905992508
25.899491548538208
26.829344511032104
25.879564344882965
26.39814257621765
23.393482208251953
23.410499691963196
21.504276990890503
18.279102683067322
18.64928925037384
20.674044489860535
21.647450625896454
22.945391952991486
25.593690276145935
25.137789249420166
25.78805935382843
25.671880185604095
25.411948323249817
26.508462369441986
24.843308091163635
25.57580280303955
26.207944989204407
24.945606470108032
26.794890344142914
26.20909035205841
25.495917201042175
25.910789489746094
25.487367510795593
26.635204136371613
25.088511526584625
26.356022119522095
26.452633500099182
26.17921781539917
26.202422499656677
27.38418799638748
24.538078606128693
25.74090850353241
26.236212372779846
26.319840788841248
25.931641697883606
25.776110470294952
25.374783515930176
25.469117164611816
26.49094432592392
25.845077991485596
25.579057455062866
26.695153295993805
26.51396518945694
25.779817044734955
26.511912882328033
25.21948492527008
25.53905439376831
26.057862639427185
25.342577517032623
26.943110525608063
25.694402635097504
26.69266849756241
24.849030673503876
26.65504950284958
26.745782613754272
25.70685064792633
25.425317347049713
25.858535647392273
25.844309091567993
26.354702055454254
25.700788497924805
25.794066548347473
26.288223266601562
26.478501617908478
25.8526109457016
26.617130517959595
26.54268115758896
25.85723626613617
25.69545465707779
26.73244434595108
26.115788280963898
26.27867031097412
25.37193328142166
25.43561291694641
25.609232246875763
25.754126965999603
26.128178596496582
26.212855458259583
25.17992264032364
25.86721444129944
26.7574502825737
25.901138722896576
26.392477929592133
26.252977073192596
26.30525279045105
25.41811329126358
25.988197445869446
26.10618531703949
25.71946555376053
25.486076712608337
25.74593412876129
25.991006076335907
26.62197035551071
24.319347381591797
25.79344218969345
26.13222897052765
25.407718181610107
25.95709466934204
24.79988384246826
26.223261952400208
26.434283792972565
25.209867775440216
26.51184594631195
25.51604175567627
25.704010665416718
25.802488923072815
26.06695169210434
25.962505400180817
26.21156531572342
25.699402928352356
25.633759081363678
25.937297224998474
26.436254024505615
26.1473947763443
25.532797396183014
27.456105947494507
25.809086084365845
25.97754144668579
26.564865052700043
25.80497258901596
26.457980155944824
26.400438606739044
26.529126465320587
26.31717151403427
25.791319489479065
25.847574055194855
26.726376175880432
25.115939259529114
26.066880583763123
26.469272911548615
25.52761220932007
26.0584077835083
25.991247415542603
25.62844878435135
26.3733029961586
26.52856159210205
26.3249751329422
25.520810961723328
26.391635298728943
26.054430782794952
26.27833318710327
25.678725957870483
25.507279098033905
26.247730612754822
26.1059507727623
26.742396473884583
26.116615116596222
26.09138858318329
26.191050946712494
26.362446427345276
26.68813908100128
25.77822047472
26.315833687782288
25.772071719169617
26.123148322105408
25.507168173789978
26.29929745197296
26.319831609725952
25.83594685792923
25.595610916614532
25.998609483242035
25.709064245224
26.02459353208542
26.132702589035034
25.982201397418976
27.001382768154144
26.334805607795715
25.077508866786957
25.88492703437805
25.349012851715088
25.260299146175385
25.82314020395279
26.06388348340988
26.149024307727814
25.69772434234619
25.153657019138336
25.157142519950867
25.741138696670532
24.330000519752502
22.54006677865982
21.388695240020752
20.10641860961914
18.389726996421814
16.50828105211258
16.60909992456436
16.75723898410797
19.647322177886963
20.18892765045166
20.88795417547226
22.181437611579895
23.49732607603073
23.146810948848724
23.134098887443542
23.12591654062271
22.897029221057892
23.432205319404602
24.215795874595642
24.07827055454254
22.915689706802368
23.96961659193039
23.939120054244995
23.760259985923767
23.926503598690033
21.6625794172287
24.433120131492615
24.392408967018127
21.45694100856781
22.076274156570435
20.611199259757996
18.69415819644928
16.549178421497345
15.991148829460144
17.586306989192963
20.007649183273315
21.333956956863403
23.1317840218544
22.743338882923126
23.94250899553299
26.12104821205139
24.689251005649567
25.288210690021515
24.995528280735016
24.949530124664307
26.164361238479614
25.104308426380157
26.03848570585251
26.588888704776764
25.495837330818176
25.216150045394897
25.140327215194702
24.89326846599579
25.23586392402649
25.265821635723114
24.74493581056595
26.185519337654114
24.908876359462738
25.699228942394257
25.984118282794952
24.999648094177246
25.87034571170807
25.293252408504486
25.579501748085022
24.778149127960205
25.314524590969086
24.685547053813934
25.29280948638916
25.048060297966003
25.10192310810089
24.73466318845749
25.844827473163605
25.64559006690979
24.94613367319107
25.532438218593597
24.74411404132843
25.5987491607666
25.027726590633392
26.175630748271942
25.7702756524086
25.920254707336426
25.80256700515747
25.9484503865242
25.136469781398773
25.570361971855164
25.700947046279907
25.368210554122925
25.719739377498627
26.037757515907288
25.875171422958374
26.27176958322525
25.277861773967743
25.392428815364838
24.37155908346176
24.829648673534393
25.285362601280212
25.482269525527954
25.27604329586029
25.426729381084442
26.191752433776855
25.886636435985565
24.444803297519684
25.6406569480896
26.480819880962372
25.960801661014557
25.575769066810608
25.258029460906982
25.52460891008377
25.951384663581848
25.316293597221375
25.2797309756279
26.490918517112732
24.524680256843567
26.23972910642624
25.71579611301422
25.767916977405548
25.0134636759758
26.164287388324738
26.145507156848907
25.09055107831955
25.37764710187912
25.06791353225708
26.32954114675522
25.905741930007935
25.864843487739563
26.326110422611237
24.507308840751648
25.57002830505371
24.619784891605377
25.042163908481598
24.939331650733948
24.689041674137115
24.877968311309814
25.130645871162415
25.874169766902924
26.0579172372818
26.504750788211823
25.364940285682678
25.613771736621857
25.53085607290268
25.436786770820618
25.80729603767395
25.794643819332123
25.511660158634186
24.96774560213089
24.495596826076508
25.319452583789825
24.87333059310913
24.88539582490921
26.02800089120865
25.07559585571289
26.168472051620483
25.167620420455933
26.270949721336365
26.144041776657104
24.97467714548111
25.39236569404602
25.115310788154602
24.567587196826935
25.66718155145645
25.72283124923706
25.00849413871765
25.403413474559784
24.15417867898941
24.48756569623947
22.329146325588226
19.54167330265045
18.02127707004547
15.919816315174103
16.307539701461792
16.173012495040894
15.588611662387848
15.964901506900787
16.13661789894104
15.789216458797455
15.40267139673233
15.645559668540955
16.154279232025146
16.1677365899086
16.169165790081024
16.14165425300598
15.774991512298584
15.836229264736176
15.83234715461731
15.378363609313965
16.133225083351135
14.825575649738312
13.357414603233337
15.082098066806793
14.01494812965393
14.27855634689331
14.36528080701828
14.020527601242065
13.767833650112152
14.405675947666168
15.552491426467896
17.209689140319824
17.034653425216675
18.349441647529602
19.406054377555847
20.74167549610138
21.27554726600647
23.481461465358734
23.35748165845871
23.674581587314606
24.41267830133438
23.94446700811386
24.61605328321457
25.55037099123001
26.32772397994995
25.0094593167305
26.133815944194794
25.48137253522873
25.973022282123566
25.85041034221649
26.292465388774872
26.207452476024628
25.52243936061859
25.30281662940979
26.136407375335693
27.192857682704926
25.187183260917664
26.259630620479584
26.359290421009064
25.956378877162933
26.08721625804901
26.23308378458023
26.304911851882935
25.614429891109467
26.130629420280457
25.641555905342102
25.275440216064453
26.671447575092316
25.899586975574493
26.580599784851074
26.155991435050964
25.454676866531372
26.534344732761383
26.16995108127594
26.20896804332733
26.361462712287903
26.246186196804047
26.97380918264389
25.893147885799408
26.244238257408142
26.21710729598999
25.664622843265533
25.379632532596588
25.712539732456207
26.468425452709198
26.03771662712097
25.514650523662567
26.68788355588913
26.386342585086823
26.16289794445038
26.87875187397003
26.187889993190765
25.690653383731842
26.496393978595734
25.763962030410767
25.454616487026215
26.176678776741028
25.99422311782837
25.272725522518158
26.286329209804535
25.528178811073303
26.791374802589417
26.06300115585327
26.628345012664795
26.760379314422607
26.126235008239746
25.66527271270752
25.374783754348755
26.842679798603058
25.615011751651764
27.17369920015335
25.490237593650818
26.380608439445496
25.931442201137543
27.14093953371048
26.737399220466614
26.743329107761383
26.314907908439636
25.97292184829712
26.23028826713562
25.771833539009094
25.494140207767487
25.65073311328888
24.997677624225616
26.354660034179688
25.648991227149963
26.44349718093872
25.902907729148865
25.79492574930191
25.21666783094406
25.583258092403412
26.605492532253265
25.752274334430695
25.33631318807602
26.452076315879822
26.042579889297485
26.123529016971588
25.53074884414673
26.82478767633438
26.534831285476685
26.62789398431778
26.140824139118195
26.1680645942688
26.697478711605072
26.842071771621704
26.221167385578156
25.062482237815857
25.15210372209549
26.974986672401428
25.97057455778122
26.3426034450531
26.16632866859436
26.240594685077667
25.631915748119354
25.864236056804657
26.82326364517212
25.826148808002472
26.011796176433563
25.973356664180756
24.59077262878418
27.179403841495514
27.399503350257874
25.72961300611496
25.925649523735046
25.25879591703415
26.26438146829605
26.0062392950058
26.36639314889908
26.410755932331085
25.445328891277313
25.959098279476166
25.839113116264343
26.171399891376495
26.588867366313934
25.410383999347687
26.963392317295074
25.554627537727356
25.961127996444702
26.098069071769714
26.255639493465424
26.273588597774506
25.832299411296844
26.630757451057434
26.527833461761475
25.53436452150345
26.911249339580536
25.561306715011597
26.639210641384125
25.89005184173584
26.402318358421326
25.812904477119446
25.784719824790955
27.378879129886627
25.821937918663025
25.958208322525024
26.313539147377014
26.364714205265045
25.86772859096527
25.43124896287918
25.863512873649597
25.7938711643219
26.818552911281586
26.051531612873077
26.338572800159454
26.531016409397125
25.194423973560333
25.976942718029022
25.826993763446808
26.04480129480362
25.40916419029236
26.288487434387207
26.025364100933075
25.336808025836945
26.372684955596924
26.13642120361328
26.598338305950165
26.256978392601013
26.412996411323547
25.778629302978516
25.727874100208282
25.677161633968353
27.14369887113571
25.970407485961914
26.660005569458008
26.10187941789627
25.55285257101059
26.506117403507233
26.45866072177887
26.007985293865204
26.834042131900787
25.594038128852844
25.467133939266205
25.89560693502426
26.30042040348053
26.84578537940979
25.427525579929352
25.978227198123932
25.820449769496918
27.029573678970337
25.817144453525543
25.853883683681488
25.62177324295044
25.709108531475067
26.107797503471375
25.64142072200775
24.7857204079628
26.286428153514862
26.009285748004913
25.87133115530014
26.06730419397354
26.54959374666214
26.239499032497406
26.293570578098297
25.849704146385193
26.152993261814117
25.752214074134827
26.60327237844467
25.532366335392
26.560292541980743
26.536420166492462
26.257423162460327
26.4003164768219
26.82056587934494
26.716997027397156
25.111127018928528
25.806268572807312
25.804435968399048
25.750059485435486
26.274385631084442
26.23126322031021
26.157346308231354
27.39719992876053
26.23492556810379
25.686021745204926
25.79627925157547
26.92240732908249
26.378192842006683
25.5653178691864
26.500605583190918
25.247568607330322
24.810159504413605
25.733756065368652
26.162989258766174
25.987977206707
26.475100934505463
26.858413815498352
25.784663319587708
26.291544914245605
25.514590322971344
25.564210891723633
25.75343692302704
25.892614006996155
25.819209098815918
25.96203124523163
27.01155513525009
26.084307193756104
25.86940038204193
26.07471239566803
25.57484543323517
25.57696235179901
25.590690314769745
25.62868243455887
26.303487539291382
25.249563992023468
26.319531083106995
26.272185564041138
26.58048164844513
25.582943320274353
25.449341297149658
26.085508227348328
25.980890572071075
26.444592654705048
26.37639755010605
25.997459173202515
26.166445195674896
26.052806437015533
26.017880380153656
26.364781498908997
25.935503840446472
25.99710839986801
25.87576586008072
26.335302531719208
27.04735779762268
25.35397094488144
26.1730255484581
26.278285562992096
25.43139350414276
26.476693987846375
25.900070011615753
25.635459423065186
26.20202624797821
26.66096132993698
27.055951833724976
26.13867461681366
25.284775257110596
25.81703382730484
25.445453763008118
26.09373253583908
26.08047378063202
26.898047983646393
25.994092404842377
25.628231048583984
25.63743281364441
26.364144384860992
25.95623630285263
26.25208270549774
26.207960426807404
26.121858537197113
25.804738581180573
26.138854801654816
25.719487488269806
27.322167694568634
26.41030615568161
26.453883171081543
25.86309164762497
26.623580396175385
27.37910133600235
26.504505455493927
26.137278199195862
26.423000872135162
25.22932195663452
25.983383297920227
25.69403785467148
26.43934792280197
26.127749264240265
25.765325486660004
26.400264739990234
25.83664780855179
26.310568630695343
26.093714654445648
25.660135328769684
25.461097478866577
24.987932443618774
26.85942041873932
25.825879514217377
25.942100167274475
24.4084655046463
24.39520388841629
24.152059972286224
23.004472970962524
22.320834457874298
21.934581995010376
20.956143081188202
20.11010652780533
19.087995052337646
18.289282619953156
17.938005030155182
17.608324646949768
17.44370049238205
18.077519059181213
17.420560359954834
18.845555365085602
18.841189861297607
20.70628333091736
20.753410279750824
22.291086494922638
22.470932185649872
23.618361353874207
23.87216818332672
24.220979154109955
24.262736201286316
24.003978371620178
24.269806742668152
24.128627955913544
24.295544803142548
24.078593611717224
23.37059098482132
23.31878834962845
23.17709195613861
22.387193500995636
22.553747415542603
21.495204031467438
21.149535417556763
20.320118308067322
19.531740307807922
19.77731478214264
19.165454149246216
17.880265295505524
18.1542329788208
18.056529343128204
17.584310829639435
17.95346289873123
17.382178843021393
17.87445968389511
19.336334228515625
18.979819297790527
19.680816769599915
20.69077354669571
20.84093689918518
20.73517882823944
22.184626877307892
22.35647702217102
23.22144967317581
23.255861222743988
22.91411030292511
24.460843563079834
25.090899527072906
24.79883861541748
24.745360851287842
25.32623291015625
25.695423126220703
25.812984347343445
25.942988634109497
24.940280318260193
25.350178480148315
26.387207090854645
26.05673336982727
26.423303544521332
26.096198201179504
25.916852116584778
24.82860976457596
26.25030916929245
25.256101727485657
25.160476863384247
26.06973683834076
26.597870767116547
26.581284821033478
26.038145542144775
26.01427435874939
25.916815280914307
26.1985844373703
25.99692589044571
26.58293879032135
27.04678988456726
25.0860578417778
25.374114453792572
25.85106372833252
24.223845839500427
24.81883007287979
24.295010328292847
22.22481906414032
21.46332573890686
20.292162120342255
19.077649176120758
18.797009468078613
17.513457417488098
16.067325949668884
17.70803588628769
19.07796025276184
19.86882120370865
20.970114171504974
22.19080477952957
22.593193531036377
23.193199455738068
23.972777903079987
23.88212764263153
25.193526566028595
25.020824372768402
26.201638638973236
25.905613362789154
24.540407061576843
26.040509402751923
24.888315975666046
25.716373682022095
26.300578892230988
26.19530874490738
26.051022946834564
26.010843753814697
25.850735068321228
25.706680238246918
26.23272293806076
26.10351848602295
25.1526340842247
25.216897666454315
25.540204346179962
26.250510454177856
25.677208721637726
25.909549951553345
25.930589377880096
26.25137859582901
25.97598135471344
26.148216247558594
26.952415943145752
25.655048489570618
26.592033803462982
26.07701873779297
26.019587516784668
25.555492162704468
26.062199115753174
25.346607089042664
26.537789523601532
25.722624599933624
26.157448709011078
25.188785433769226
25.55734533071518
24.92476201057434
25.63082182407379
25.484922468662262
25.95547902584076
26.451651692390442
26.14282590150833
25.206852078437805
25.878118872642517
26.087572872638702
25.916195809841156
25.382977187633514
24.662383437156677
25.529205918312073
25.20218998193741
25.760935246944427
25.61977595090866
25.47974294424057
26.60158610343933
25.50310707092285
26.0048930644989
25.98207324743271
26.129858255386353
26.824697375297546
25.431519150733948
27.190589904785156
25.304275691509247
26.402429699897766
26.364056766033173
25.3434876203537
25.946918189525604
26.01721614599228
25.374050855636597
25.578705847263336
25.37555170059204
25.955592036247253
25.85100656747818
26.240931391716003
26.004606068134308
26.316984474658966
25.64955824613571
25.77666574716568
25.093468248844147
26.0067418217659
26.42915827035904
26.091835260391235
25.86530363559723
26.168610632419586
26.20256406068802
26.322723627090454
25.130224227905273
26.340709388256073
25.745087921619415
25.86060070991516
26.328293204307556
26.51736032962799
25.70346313714981
25.696245670318604
26.061625480651855
26.06275737285614
26.00882524251938
26.80879545211792
26.561770021915436
25.752892315387726
25.67944598197937
25.793119966983795
25.623991787433624
26.219728112220764
26.20801866054535
25.907631278038025
24.664470613002777
26.034452199935913
25.306463658809662
25.807308971881866
25.447435081005096
25.39397817850113
26.2269224524498
25.95088803768158
25.549306213855743
25.11305397748947
26.316965520381927
26.357767283916473
26.086235225200653
26.406724631786346
25.62258005142212
27.134495854377747
25.581017673015594
25.40743714570999
25.24061369895935
27.290013134479523
25.05342847108841
26.340186059474945
25.903194844722748
26.07424396276474
24.657157242298126
26.472231686115265
25.9776394367218
25.795436918735504
25.70919382572174
25.401173770427704
25.954756259918213
25.124493896961212
25.23856747150421
25.99657893180847
25.573646068572998
26.074537694454193
25.97879993915558
25.181801915168762
26.376806795597076
26.058521151542664
25.700000286102295
25.86373859643936
26.24563831090927
25.28312361240387
25.606480956077576
26.614118576049805
25.172745764255524
26.12248408794403
25.57299518585205
25.417394697666168
26.57321870326996
26.128093659877777
25.695711076259613
25.725332379341125
25.33198833465576
26.31380581855774
26.279007852077484
25.448861956596375
26.33356750011444
25.213570058345795
24.78490149974823
25.5070481300354
26.074600279331207
25.871079802513123
26.74987417459488
25.423627972602844
25.460170209407806
26.778958439826965
25.402424037456512
26.783772885799408
25.735722720623016
25.6053609251976
25.63664221763611
25.98141199350357
26.797877311706543
24.90910577774048
25.846322894096375
26.925715506076813
25.683703422546387
26.29797488451004
25.412162601947784
26.315920114517212
25.921819269657135
26.28847599029541
25.5629922747612
26.629152178764343
25.553038418293
25.319060683250427
26.575312852859497
25.870958983898163
25.795844614505768
26.766291737556458
26.172512233257294
25.34715974330902
26.40470850467682
26.17637687921524
26.04691243171692
25.88476997613907
25.829980611801147
26.07618272304535
25.587404310703278
25.397291243076324
25.414047181606293
26.467170536518097
24.94060844182968
25.958965182304382
26.3129243850708
26.15312123298645
25.828898191452026
25.309966385364532
25.781037092208862
25.129310309886932
25.75404268503189
26.29352855682373
27.079279363155365
25.986786901950836
25.6457502245903
25.624414026737213
25.866055727005005
25.51764315366745
26.71464878320694
25.868709206581116
25.775930881500244
26.742794632911682
25.951768040657043
25.051665365695953
25.631086766719818
25.060769617557526
25.38032740354538
25.75466352701187
26.819655895233154
25.620942413806915
25.617626130580902
24.954128324985504
25.022606253623962
26.029717326164246
26.884704649448395
24.73317801952362
25.278285920619965
25.549673199653625
25.833135843276978
24.740093648433685
26.076786160469055
26.059079885482788
25.313782036304474
26.00337690114975
25.657503187656403
25.996126353740692
25.420543670654297
26.26166146993637
25.628538131713867
26.83458775281906
25.916136980056763
26.27714115381241
26.172485172748566
24.92771875858307
26.197296142578125
25.810479819774628
26.152828097343445
25.58459174633026
25.872325539588928
26.42478483915329
25.90289318561554
24.71725618839264
25.960565328598022
26.252467274665833
26.366079449653625
26.53821700811386
26.47724014520645
26.5493483543396
25.751516103744507
24.96559029817581
25.38182383775711
25.110714733600616
25.766566932201385
26.687097311019897
26.226220786571503
25.50998044013977
25.829674124717712
26.222039222717285
26.541262328624725
26.91628336906433
25.74377089738846
25.97051030397415
26.129010796546936
25.575214743614197
25.422382593154907
25.047235250473022
25.17298448085785
25.876900911331177
25.536957621574402
27.141888976097107
25.882943332195282
25.18216472864151
25.34542280435562
25.846216142177582
25.861514389514923
25.462139666080475
25.35818988084793
25.956309020519257
26.00982642173767
25.286031484603882
26.022309005260468
25.934106588363647
26.21487420797348
26.37045329809189
25.938738763332367
25.98904925584793
25.921078085899353
25.372891128063202
25.91404038667679
25.73623299598694
26.949361741542816
25.613735914230347
25.99369841814041
26.301035284996033
25.558453619480133
26.606933772563934
25.78044843673706
26.68937075138092
25.794771134853363
25.709753096103668
26.061802685260773
26.302985072135925
25.338357388973236
24.937929928302765
26.233952343463898
26.218817830085754
26.08419245481491
26.62961983680725
26.04935473203659
25.510984361171722
26.086357414722443
25.948363482952118
25.55832189321518
25.613628029823303
25.279670238494873
24.860277235507965
26.61962789297104
25.92788976430893
26.13256675004959
25.642638862133026
24.82770127058029
26.294582843780518
25.320766150951385
26.521122872829437
25.63489282131195
26.167666792869568
25.977042376995087
26.149709403514862
26.02867442369461
25.48837101459503
25.428626894950867
25.21465837955475
25.629909574985504
26.100084245204926
25.94720047712326
25.549449801445007
25.827955901622772
26.292514503002167
25.31877189874649
25.644306123256683
27.04196149110794
26.128528833389282
26.154394209384918
25.5644211769104
25.501541435718536
26.25147157907486
25.76408362388611
25.702171444892883
26.444386422634125
25.133220851421356
26.097109973430634
25.915443420410156
25.32806020975113
25.9942946434021
25.42697775363922
25.886413991451263
26.00811415910721
26.215433418750763
26.6789208650589
25.56364941596985
25.44186371564865
26.678540468215942
25.683142602443695
26.55526876449585
25.551922023296356
25.00202786922455
26.02663344144821
26.132105588912964
25.6252121925354
26.710968554019928
26.37168377637863
26.46792644262314
24.938481986522675
26.331955909729004
25.76175081729889
25.446031987667084
25.682289958000183
26.67529433965683
25.796146512031555
25.619023025035858
25.33071219921112
24.585670590400696
26.32931274175644
25.50369966030121
25.622418642044067
26.566435635089874
26.180234134197235
25.393208980560303
25.513019263744354
26.143474638462067
25.447211027145386
25.20932102203369
25.640715420246124
25.924046874046326
26.415931046009064
26.26423728466034
25.024595022201538
25.49840933084488
26.614523589611053
26.08883845806122
25.329714834690094
24.954493701457977
26.277292788028717
26.08789598941803
25.24671894311905
25.90143483877182
26.59119725227356
25.50943261384964
26.683547377586365
25.888072311878204
25.473535537719727
25.81436789035797
25.71198743581772
26.16411405801773
26.14757341146469
25.919133365154266
25.471275687217712
25.08048987388611
26.755850434303284
25.99888801574707
25.842414140701294
25.678955674171448
26.058670163154602
26.074378192424774
25.06311821937561
25.382557928562164
26.153424620628357
25.561749041080475
25.421003699302673
26.313655197620392
25.78387725353241
25.59241771697998
25.918365001678467
25.379682779312134
25.330114781856537
26.084332406520844
26.375817716121674
25.18410748243332
24.852819621562958
26.40841716527939
26.31283462047577
25.86259663105011
26.333054304122925
25.55351722240448
26.075827598571777
25.51833289861679
26.182117104530334
25.630621373653412
26.38777220249176
25.5887109041214
26.14227855205536
26.00900226831436
26.238408088684082
26.667051255702972
25.758073389530182
25.550565004348755
25.37879317998886
25.919429540634155
26.177876353263855
25.991107940673828
26.05266046524048
26.039856255054474
26.437728822231293
26.152831852436066
25.746930718421936
26.39752435684204
26.153701782226562
26.428966104984283
25.389232754707336
25.102497220039368
25.552207469940186
26.076630294322968
26.04127734899521
25.53613245487213
26.71646875143051
25.873075425624847
25.73962777853012
26.053569495677948
25.47145253419876
26.083220720291138
25.716547429561615
25.473619997501373
25.65168797969818
25.683658838272095
25.67794406414032
25.64395272731781
25.625321805477142
25.444410264492035
24.87023890018463
26.677341103553772
25.130432069301605
25.62163382768631
26.151229977607727
25.245032012462616
25.77426564693451
26.633164167404175
25.972790718078613
25.97092366218567
26.251460194587708
26.404092848300934
25.59278154373169
25.307968020439148
26.807284474372864
25.29028570652008
26.861410319805145
26.26740562915802
27.17110365629196
26.4147287607193
25.589570343494415
25.72218668460846
25.66487753391266
26.372676134109497
26.24466234445572
26.53583264350891
25.54027485847473
25.087866961956024
26.694435238838196
26.205190122127533
26.055840730667114
25.91346049308777
25.928830087184906
25.30704152584076
26.093254685401917
25.043433785438538
25.34656798839569
25.109565794467926
26.93106299638748
25.504204273223877
25.711823880672455
26.099356532096863
26.04368883371353
25.848178207874298
25.512003779411316
25.674602270126343
26.343475878238678
26.361710608005524
24.966474175453186
25.048046946525574
25.55756902694702
23.850915133953094
25.654943585395813
23.213872373104095
25.08990639448166
23.816700994968414
24.064449787139893
23.829648315906525
24.54125839471817
24.326713740825653
23.634980082511902
23.8016237616539
22.521608471870422
21.49948012828827
22.082313418388367
22.710673809051514
22.211368322372437
21.388393580913544
21.794837594032288
22.253016531467438
21.969886243343353
21.493067622184753
20.404977679252625
22.452548027038574
22.432701885700226
23.611405611038208
23.461241960525513
21.67551839351654
