1.8774591162800789
1.9050932973623276
24.25891751050949
24.138238489627838
21.950535237789154
20.28564018011093
17.38541293144226
14.622554242610931
12.161453992128372
8.494514018297195
6.0898652374744415
5.056193381547928
3.487900383770466
19.853904128074646
26.761460781097412
25.37364673614502
24.526496946811676
24.67336469888687
23.975837767124176
20.431706190109253
18.692405104637146
16.50580757856369
12.855830729007721
10.508818924427032
6.740281090140343
4.934775084257126
4.107932940125465
3.476558916270733
4.777217358350754
4.94963538646698
4.595453307032585
25.12514239549637
25.272359430789948
25.889204919338226
26.032035887241364
25.782790422439575
26.40537452697754
25.722369134426117
26.158043205738068
26.247153639793396
26.014017462730408
25.615078151226044
26.164930880069733
26.26900541782379
25.93498545885086
26.411623299121857
25.989327251911163
26.877083897590637
27.000676572322845
25.24976497888565
26.590902090072632
26.66168373823166
25.68440842628479
26.04374533891678
26.072517693042755
26.742531955242157
25.549424707889557
25.015307366847992
25.850429356098175
25.984817147254944
25.653098225593567
24.754480361938477
24.424063801765442
23.186461627483368
21.964425444602966
18.851989090442657
15.582139134407043
11.461124569177628
10.440411120653152
8.578680723905563
8.50790199637413
7.508391797542572
7.21544936299324
7.6120264530181885
6.460639715194702
6.805511847138405
6.774528875946999
8.391843169927597
8.155815571546555
9.93382054567337
10.627026677131653
12.346622109413147
13.332693964242935
14.422797679901123
14.787359297275543
13.404173344373703
10.854044169187546
9.972606301307678
8.489644557237625
8.321103870868683
6.827239692211151
6.931164875626564
17.553509950637817
23.506795346736908
24.795020580291748
25.379157662391663
25.36767864227295
26.025670111179352
25.698701441287994
26.045216262340546
25.380286931991577
24.939769327640533
25.58990627527237
25.079553067684174
26.205322206020355
25.69942933320999
25.876889407634735
25.530345261096954
26.83848613500595
26.314779341220856
25.886256277561188
24.916861355304718
25.86204731464386
25.419550895690918
25.304040551185608
25.325649321079254
23.94976657629013
23.816839933395386
22.755086183547974
21.22210270166397
18.04364186525345
15.419524490833282
13.626555025577545
11.944050371646881
10.485088139772415
8.998738944530487
7.732515722513199
7.067751079797745
6.481184214353561
7.006540820002556
20.272284388542175
24.61977630853653
26.14097970724106
26.24992138147354
25.70439451932907
26.789233028888702
25.67125004529953
25.946560621261597
26.84640395641327
25.870932042598724
25.594407618045807
26.324447989463806
26.42436021566391
26.226997017860413
26.27246844768524
25.75998204946518
25.980377972126007
26.529998242855072
26.903342127799988
25.731847643852234
25.803583681583405
26.455653250217438
25.753295421600342
25.697495698928833
25.990647196769714
25.60455232858658
26.351122975349426
25.289988577365875
25.20614057779312
25.808013021945953
26.63546133041382
26.106715738773346
24.74931287765503
25.871314883232117
26.158789217472076
25.907803773880005
25.388026416301727
24.872908115386963
25.587852001190186
26.352129101753235
25.80175417661667
25.65324056148529
26.26703977584839
26.273392975330353
26.40913337469101
24.831864953041077
25.511898696422577
23.861181139945984
22.81457829475403
21.23886066675186
16.548828899860382
12.673761516809464
10.658543586730957
11.032126635313034
11.758287400007248
12.565756767988205
12.872098326683044
13.877709716558456
11.80550354719162
10.989568799734116
9.62538668513298
9.367392301559448
8.649538069963455
7.8824461698532104
19.848889470100403
16.435675263404846
14.92566066980362
12.566412389278412
10.267910599708557
9.27270683646202
7.995024919509888
7.304352402687073
6.746849685907364
7.154000014066696
6.234102681279182
6.655050218105316
23.4041246175766
20.91490799188614
18.776613652706146
16.580996334552765
13.865301311016083
10.180730700492859
7.557352513074875
6.430558368563652
5.539101183414459
6.220345199108124
6.889928191900253
6.163734927773476
25.986947774887085
24.336796462535858
22.21536159515381
21.106582701206207
19.033487141132355
16.4150829911232
12.819561749696732
10.277941286563873
8.292660057544708
8.503505527973175
7.961015045642853
7.266384869813919
13.55427086353302
20.245847404003143
22.508337795734406
24.284061014652252
23.46914792060852
22.90250539779663
20.334592163562775
19.06901925802231
16.114667654037476
13.781914561986923
11.97112450003624
10.490949034690857
9.23255842924118
7.778904974460602
8.123135834932327
6.417505234479904
8.160736382007599
7.386433154344559
7.98333078622818
16.648867785930634
24.10870510339737
25.835382282733917
26.092518985271454
24.89398741722107
24.337175726890564
23.21872365474701
22.489764034748077
21.607018530368805
16.73273116350174
15.972923934459686
14.680235207080841
11.710607498884201
8.866057515144348
10.227713584899902
8.76791399717331
9.729341387748718
9.922029554843903
12.420904844999313
10.292542457580566
8.244766473770142
8.074310421943665
7.879424542188644
19.06924843788147
23.158596575260162
25.1962411403656
26.36371612548828
25.612905144691467
25.555397272109985
25.61859142780304
25.07417458295822
25.950576186180115
26.83083349466324
25.97709596157074
26.47792476415634
25.71638858318329
25.98458456993103
25.37776607275009
25.416441202163696
24.439123392105103
25.576682806015015
26.21590429544449
24.765350103378296
24.625204265117645
24.25285768508911
22.83761215209961
20.82769614458084
18.564079463481903
16.34862130880356
14.496285438537598
10.361350744962692
10.050986409187317
9.294003903865814
8.067241549491882
8.003771305084229
7.843496322631836
8.533980458974838
9.596253156661987
10.427988320589066
12.07106626033783
13.486764192581177
15.896167576313019
12.82319587469101
10.890443682670593
9.870085626840591
8.981581509113312
9.042992681264877
9.827379196882248
10.4699387550354
10.544697105884552
11.771677881479263
13.03273355960846
10.894608825445175
9.40988501906395
8.193522840738297
7.6402144730091095
7.028998762369156
6.685014754533768
5.740630507469177
6.150495499372482
24.839205980300903
26.70822298526764
26.752953052520752
26.325002253055573
25.363045275211334
25.871502161026
26.540617167949677
26.60793697834015
26.27717834711075
26.376968324184418
26.875496745109558
26.065237760543823
26.272887110710144
26.08293503522873
26.033119320869446
25.757820785045624
25.962182700634003
26.08324682712555
26.085071742534637
26.19881272315979
25.6660036444664
24.870079815387726
24.52711033821106
23.7691171169281
21.066665589809418
17.621009349822998
13.388623982667923
12.253661543130875
11.073739349842072
10.396033197641373
10.105355888605118
9.716530740261078
10.048353552818298
17.06263440847397
22.30030232667923
21.574358820915222
20.36618596315384
18.44221806526184
16.422860205173492
13.79989156126976
12.929250746965408
12.466660290956497
9.843610435724258
10.554573357105255
9.038559317588806
9.24342793226242
9.999752849340439
11.384881466627121
12.082974463701248
11.483052790164948
9.551289230585098
8.426396191120148
7.795230478048325
7.545346781611443
6.529210120439529
8.589947581291199
10.316578179597855
9.61532348394394
7.605277508497238
7.1535328179597855
6.11933933198452
6.023677095770836
5.643322333693504
5.661756291985512
4.7117196917533875
4.3104104697704315
4.524796813726425
5.212942391633987
18.14470064640045
15.561556935310364
13.161983281373978
9.55375188589096
8.41992136836052
6.5163925141096115
6.3768460303545
5.501528173685074
5.548611998558044
4.042398452758789
5.4852515161037445
4.593108639121056
5.409646898508072
4.8201574832201
4.70058761537075
4.87227988243103
4.723154291510582
4.350143805146217
5.363087102770805
23.451942265033722
26.01098144054413
24.75391697883606
24.372050404548645
25.621383905410767
25.842013120651245
25.99271661043167
24.37773060798645
25.953735172748566
25.641920745372772
24.884473621845245
25.789900362491608
25.43842977285385
24.69769698381424
25.09014981985092
24.33429503440857
25.043522536754608
24.61481809616089
24.615996658802032
23.54698532819748
23.395025312900543
22.22877275943756
20.384740471839905
17.888894140720367
15.894729733467102
13.999227344989777
10.573635041713715
7.906644016504288
7.091325640678406
5.918406322598457
7.305502623319626
24.41713434457779
25.50279277563095
25.547274470329285
25.41166442632675
26.29173570871353
25.046388626098633
26.535484731197357
24.905372619628906
23.576675951480865
22.315226197242737
20.749871969223022
17.089720010757446
14.650044977664948
12.238239467144012
11.065452963113785
9.114905387163162
8.429170399904251
7.813250839710236
7.352122217416763
6.493590801954269
5.921543911099434
7.201508790254593
5.788090378046036
5.8671528697013855
7.4297981560230255
11.033729463815689
16.63988959789276
20.584887266159058
23.879206240177155
24.792714834213257
24.872798800468445
24.421608984470367
25.605480790138245
24.52397358417511
24.25712162256241
24.91981530189514
24.475177526474
22.719908475875854
21.853728473186493
21.499568700790405
19.609796941280365
18.550171494483948
17.121310234069824
15.921825766563416
15.158000230789185
14.257340848445892
13.13591581583023
13.545538872480392
12.75852021574974
13.39746418595314
13.502865463495255
11.187808126211166
10.128750950098038
7.667700946331024
7.428315669298172
6.851393938064575
6.635946750640869
17.434505105018616
15.281156599521637
12.721184939146042
11.0616754591465
9.33229398727417
7.402623564004898
6.949737295508385
6.367804020643234
6.660733237862587
6.401872918009758
16.867211401462555
15.531940281391144
12.846034616231918
12.155594170093536
10.77530238032341
9.321836829185486
7.878686875104904
7.193297028541565
13.890642911195755
19.61653196811676
22.774588882923126
23.717407166957855
24.69637817144394
25.777917623519897
25.336554765701294
25.781480610370636
26.057438552379608
25.485027134418488
24.796549141407013
23.81540721654892
23.373176097869873
22.0541512966156
20.735876739025116
17.675383031368256
14.974430739879608
13.661392509937286
10.622116565704346
9.922635078430176
9.388185650110245
8.65173789858818
7.584272921085358
7.958854109048843
7.635890901088715
7.735180109739304
9.056089907884598
11.641205042600632
16.34549307823181
14.144370883703232
11.770220875740051
10.315202593803406
9.945097535848618
7.928178995847702
7.881218492984772
7.3893536776304245
7.144036069512367
5.988518863916397
6.037105485796928
6.6468474715948105
6.64348179101944
6.838197410106659
7.086273103952408
7.392716258764267
22.62875783443451
25.434919774532318
26.33667653799057
25.37006038427353
24.67336595058441
24.143841803073883
24.40533620119095
23.9330615401268
22.078428208827972
19.03826880455017
17.46953672170639
15.045384764671326
12.47675135731697
9.83798635005951
9.737183660268784
8.729300051927567
8.691218495368958
8.981504112482071
9.158207505941391
11.206971913576126
11.163004875183105
12.019978612661362
9.727956920862198
9.162580698728561
8.176980912685394
7.207879811525345
6.61114202439785
16.076463997364044
22.578769028186798
24.05935436487198
23.63261991739273
23.54570758342743
21.28897523880005
19.625165462493896
16.106093108654022
14.410413324832916
11.75868234038353
9.106713503599167
8.940135091543198
7.036904647946358
6.694205895066261
6.950905114412308
16.3878613114357
13.569585591554642
10.006661534309387
10.468712538480759
8.33290845155716
5.937119320034981
4.94539675116539
4.33294352889061
3.800018884241581
3.4036987647414207
25.379063427448273
26.542987644672394
26.642179310321808
26.30474454164505
26.055255711078644
26.952156960964203
26.33354961872101
26.883974075317383
26.747469663619995
26.66612410545349
25.11894679069519
25.53789383172989
26.128786027431488
26.12160760164261
25.847455620765686
25.143606543540955
25.183369040489197
25.043632984161377
24.953743815422058
23.549845278263092
21.86536878347397
19.90141659975052
18.564405500888824
15.55073893070221
13.323319971561432
10.748687505722046
8.625818461179733
9.084842443466187
7.331999033689499
18.451539993286133
23.370736122131348
25.831753134727478
24.58271473646164
24.349929630756378
22.823525190353394
21.995164930820465
19.50967526435852
15.539769411087036
11.267293751239777
8.222261935472488
6.336904346942902
6.230315312743187
12.009849667549133
19.915154457092285
22.765035271644592
24.594745457172394
25.536542296409607
26.402687668800354
25.434464991092682
25.746953547000885
25.483986616134644
26.56020587682724
26.507027208805084
25.912184417247772
26.25212913751602
26.34214287996292
26.825014114379883
25.73630279302597
25.734654784202576
25.079479932785034
26.290211975574493
25.21802520751953
26.45938128232956
25.962057411670685
26.320108652114868
26.118365228176117
26.832837224006653
25.587456822395325
26.352703511714935
25.420937836170197
26.029589653015137
25.167873084545135
25.480625331401825
24.05385732650757
22.619784593582153
20.387603759765625
18.58878320455551
15.988219141960144
12.075284332036972
10.526343315839767
7.9235468208789825
6.921454071998596
7.019107460975647
7.36029240489006
8.023108422756195
8.037220507860184
7.9888710379600525
23.84423142671585
25.705049514770508
25.942986488342285
25.652423679828644
24.19516658782959
23.82789671421051
23.31977939605713
22.105785369873047
19.60605216026306
15.95701289176941
12.36718139052391
9.280293315649033
7.25028520822525
7.764069616794586
6.984856501221657
6.88404580950737
25.47587287425995
26.628043949604034
26.613041937351227
26.796274840831757
25.20739358663559
25.46783596277237
25.79216641187668
26.264038145542145
24.902399718761444
26.441778659820557
25.18804168701172
25.316944420337677
24.876275837421417
23.40310388803482
21.327053248882294
18.44686633348465
14.991034746170044
12.674306035041809
11.991748481988907
10.33544835448265
9.237776696681976
9.396393418312073
8.556883364915848
8.392026364803314
7.948584318161011
7.800672262907028
11.181432068347931
9.276092946529388
8.848069727420807
8.796661794185638
7.695594877004623
7.340991377830505
6.820859506726265
8.78385603427887
14.443437457084656
19.600907504558563
20.704597532749176
23.288225769996643
22.35712504386902
20.75800532102585
17.143481850624084
15.872668862342834
12.611227095127106
9.259317070245743
7.069117829203606
6.170526906847954
6.151570364832878
11.256237655878067
19.14030820131302
16.035355389118195
14.054975390434265
11.893425166606903
8.98550495505333
7.236603200435638
5.777993813157082
4.877875864505768
3.4348309338092804
4.512728467583656
3.7019495368003845
3.940691828727722
4.0819579511880875
23.116816520690918
25.624679565429688
26.249946296215057
25.850101828575134
25.815507471561432
25.780904531478882
25.102395832538605
25.607128500938416
25.59836918115616
25.49162483215332
25.278270661830902
26.2584890127182
25.230656325817108
25.603341341018677
25.80606645345688
25.981401562690735
25.512556433677673
25.016903817653656
25.55006319284439
25.56373542547226
25.870499789714813
26.100942850112915
25.509458780288696
26.525518774986267
26.466320991516113
24.903008103370667
25.819236397743225
24.80564844608307
25.95714956521988
24.84582018852234
24.67045968770981
24.617277801036835
25.193495333194733
26.387771725654602
25.72899079322815
25.328888595104218
26.045002341270447
25.860572040081024
25.580714166164398
25.848971009254456
25.74230045080185
25.657880067825317
26.441843450069427
25.086247980594635
24.59640282392502
26.04994511604309
25.221893191337585
25.621294021606445
24.896466732025146
26.120484709739685
24.5028338432312
26.422853410243988
25.606405675411224
25.487902224063873
25.898966908454895
26.265168726444244
25.578616857528687
26.241354644298553
24.70994335412979
25.83236676454544
25.31459242105484
25.869857370853424
24.504788994789124
23.814022064208984
23.2134108543396
22.772710382938385
22.04869443178177
19.451037347316742
17.03239732980728
13.668786346912384
11.032289743423462
10.49519681930542
10.980559289455414
9.140523731708527
8.169430792331696
8.909183323383331
8.253336787223816
8.527845650911331
8.355561465024948
12.342169970273972
18.4194318652153
22.583257913589478
19.84037357568741
18.63593727350235
17.563568890094757
14.93113386631012
12.664600878953934
11.087416917085648
10.05008578300476
8.36484032869339
8.200834929943085
7.534956067800522
15.891831517219543
20.281336188316345
18.374432384967804
17.692422032356262
15.146103978157043
11.636234492063522
10.313999116420746
8.54530793428421
8.65309539437294
6.7923650443553925
7.188675403594971
6.239688947796822
5.926705926656723
5.791704535484314
14.202183872461319
11.472176283597946
10.555507391691208
8.81931859254837
8.054118126630783
7.344318896532059
6.664841577410698
5.55825200676918
7.61958783864975
7.189681500196457
7.061373263597488
6.394320949912071
5.75923989713192
25.52070254087448
25.782762467861176
25.980845391750336
25.65112030506134
26.088987410068512
25.949761509895325
26.794180512428284
26.812622725963593
26.63804966211319
25.76800113916397
26.94764792919159
25.992649376392365
26.371459901332855
25.87516760826111
25.969160795211792
25.87520456314087
25.407563269138336
26.48961865901947
25.85982608795166
26.720214366912842
26.1495001912117
26.219502210617065
25.849393725395203
25.705016672611237
25.542350113391876
25.937595427036285
27.36850517988205
26.228620767593384
26.327544033527374
26.453696310520172
26.77140164375305
26.46235990524292
26.66051757335663
26.35941857099533
26.001329004764557
25.341710209846497
25.577688992023468
26.34661066532135
25.491797864437103
26.438094794750214
25.189042925834656
25.76330465078354
25.532192587852478
23.234506905078888
22.91991949081421
21.253576278686523
19.794693291187286
17.065327763557434
13.783977657556534
12.696887403726578
12.867551654577255
10.925322830677032
10.900719612836838
24.529713809490204
25.163543343544006
24.889294624328613
27.13084226846695
25.50709742307663
24.601647078990936
24.046472370624542
23.530957639217377
21.724827527999878
21.349538445472717
18.916080951690674
17.0892271399498
16.136561334133148
14.448568850755692
12.484127849340439
11.994301587343216
15.42078149318695
19.67338752746582
21.139491498470306
23.155562698841095
20.832387506961823
18.157965302467346
17.007777214050293
13.575542122125626
12.109636574983597
10.44758415222168
9.840546160936356
8.969567954540253
7.796890199184418
6.731735855340958
7.505125194787979
6.396345496177673
5.808901712298393
19.168022871017456
17.505511045455933
13.825173079967499
12.005725890398026
10.633242011070251
8.768340438604355
7.972168803215027
6.493444234132767
5.6024367064237595
5.1673023998737335
8.221565902233124
6.524677827954292
5.413115784525871
5.251516938209534
6.22556859254837
5.168843224644661
4.945809215307236
18.75043034553528
24.08642143011093
25.686064779758453
25.342019140720367
26.424158096313477
26.522496163845062
26.816138446331024
26.350114047527313
25.343144178390503
26.010967791080475
26.095766842365265
26.006886959075928
26.00242054462433
26.020769476890564
25.95029306411743
25.9418306350708
26.318994522094727
25.75215971469879
26.4739853143692
26.265227258205414
25.72725737094879
26.296550750732422
25.604414880275726
25.215429604053497
26.45269614458084
26.603551745414734
26.051611483097076
25.963632464408875
25.946379780769348
24.78090274333954
25.49201339483261
25.95922440290451
25.274648189544678
25.302670538425446
25.798725247383118
26.335846722126007
26.503906190395355
26.092198967933655
25.548105657100677
24.668408393859863
24.481705367565155
24.056261897087097
22.250505685806274
19.823888063430786
16.265263438224792
12.875191986560822
9.379466325044632
7.944716036319733
7.525856971740723
6.752587094902992
6.447644159197807
5.833069369196892
6.5844476372003555
5.018908590078354
7.248041480779648
6.71568238735199
20.664848148822784
18.91499102115631
16.64992392063141
14.897194921970367
12.29304838180542
10.08027794957161
9.58606767654419
7.674742162227631
7.285572856664658
6.774727895855904
6.55933204293251
6.274355337023735
9.298695981502533
8.349950075149536
7.562987327575684
5.801549255847931
6.32220646739006
4.475814774632454
5.376466989517212
11.910095244646072
19.374270915985107
16.157828390598297
14.666774570941925
11.657124400138855
9.980500012636185
7.410840839147568
5.841422840952873
5.774325042963028
5.52749902009964
24.41445827484131
23.535700142383575
22.442216515541077
22.247910797595978
18.635656535625458
17.812414407730103
14.787579476833344
12.762771904468536
11.005724400281906
9.291354209184647
8.906512677669525
7.288375288248062
6.8761401027441025
6.501266241073608
7.027887642383575
6.495098948478699
5.954681158065796
5.869437947869301
16.887978971004486
24.777683436870575
23.894197642803192
23.74291104078293
21.969487190246582
19.508287489414215
19.25110125541687
16.404935836791992
15.289945363998413
12.981361210346222
11.309662401676178
10.333564072847366
9.701700329780579
7.938596934080124
7.942061483860016
7.577529609203339
7.027826964855194
19.802657067775726
24.102185428142548
25.416927456855774
25.135985910892487
25.44582188129425
24.031458795070648
24.33634388446808
24.65709775686264
23.26077276468277
21.157849609851837
19.41790783405304
18.6668221950531
16.537618100643158
13.52964973449707
11.875851392745972
10.725333482027054
9.904697090387344
8.63831377029419
7.536892801523209
7.586607038974762
7.650450676679611
20.036087930202484
17.218822300434113
15.566211879253387
11.824957638978958
10.769788056612015
9.231899082660675
8.616652935743332
8.095367461442947
7.558791995048523
7.450732260942459
6.497941210865974
7.28366893529892
7.645838618278503
7.8127507865428925
7.012120768427849
6.762144923210144
7.310960471630096
7.587620854377747
8.92614609003067
14.888343900442123
13.459575831890106
13.050603777170181
10.409109145402908
9.32919254899025
8.39785972237587
8.642796009778976
8.165185391902924
8.311879992485046
7.381478250026703
7.169449895620346
6.6328332126140594
8.461904078722
10.29740309715271
13.499659031629562
16.954385638237
13.108265548944473
11.911171555519104
10.111255377531052
9.562639623880386
7.376525640487671
6.650086283683777
5.775558486580849
5.635931745171547
6.044122740626335
5.031604647636414
5.116992473602295
4.48038375377655
4.007817104458809
4.0135176330804825
21.759606659412384
25.825989842414856
25.49623054265976
25.764570772647858
25.180969834327698
25.609608829021454
25.755260944366455
25.530590653419495
25.630031883716583
25.259542226791382
25.291319251060486
25.12597507238388
24.099138855934143
23.23874545097351
23.59053725004196
21.998506128787994
19.37405663728714
16.98093730211258
13.963586390018463
12.761769592761993
9.732403844594955
8.007393628358841
6.754322588443756
5.812008857727051
6.2725062519311905
7.139055013656616
6.139966994524002
5.7643908858299255
15.544321477413177
22.829812705516815
24.063418209552765
25.857435166835785
25.722372114658356
24.765553891658783
26.263079822063446
26.21245151758194
25.7321617603302
25.463116705417633
24.722101151943207
25.530132174491882
25.751889050006866
25.51864182949066
25.132802188396454
24.711914598941803
23.785524368286133
25.04772526025772
23.58405750989914
22.454024612903595
20.43269944190979
17.65469878911972
14.277677148580551
12.688865005970001
10.973816335201263
8.736015141010284
7.6633287370204926
7.739009350538254
5.959681645035744
5.521607547998428
5.004090666770935
3.923173412680626
24.474773347377777
24.64878261089325
25.707612216472626
25.85713130235672
25.068051755428314
24.054505050182343
25.340874791145325
25.140889585018158
25.449202120304108
25.164370596408844
25.276113212108612
25.900208473205566
26.04110097885132
26.099085927009583
25.93124222755432
25.27003514766693
24.971843659877777
25.589974880218506
25.29212921857834
25.11890935897827
25.069885194301605
25.78407460451126
24.806773722171783
24.593179166316986
24.888470709323883
25.169714331626892
24.351210832595825
24.329788029193878
23.936301708221436
22.932355880737305
22.25033676624298
22.47444760799408
19.323859691619873
18.00725620985031
15.970295071601868
12.881449043750763
10.636447817087173
10.565440475940704
9.083750307559967
8.60564124584198
7.260355293750763
6.516201213002205
5.915524885058403
5.651305869221687
5.327467367053032
5.917760998010635
5.920496329665184
24.042607486248016
22.644074261188507
21.784919559955597
19.99832332134247
17.150500118732452
14.169309854507446
11.133675426244736
9.805592477321625
8.517411410808563
8.080605447292328
6.424215003848076
6.5010915249586105
6.2690780609846115
7.068433165550232
8.46080133318901
10.770219296216965
12.799449920654297
15.26153439283371
13.833996325731277
10.67408949136734
9.964617282152176
7.979138076305389
6.871701270341873
6.449686631560326
6.054306328296661
5.405111476778984
5.238735541701317
5.592526882886887
5.304498881101608
4.863006100058556
11.962678283452988
19.200113892555237
22.5994770526886
23.97718095779419
23.748541474342346
21.898242473602295
20.879541397094727
18.523149847984314
15.595292806625366
12.471467345952988
8.729237467050552
5.175249129533768
5.209642365574837
5.364428907632828
21.865114629268646
24.27699249982834
25.446055352687836
25.560981035232544
25.345276653766632
24.386566519737244
23.42556893825531
23.253433525562286
21.27005434036255
19.427156507968903
17.13548594713211
14.672070980072021
11.95503905415535
10.004408448934555
9.450843572616577
7.66531229019165
6.139428034424782
5.176528379321098
4.154373109340668
4.240453973412514
4.38816000521183
4.0598898977041245
21.45757085084915
25.18919050693512
25.544527888298035
25.06611740589142
25.172146022319794
24.738633930683136
23.826182186603546
22.500789999961853
20.612142026424408
18.727297365665436
17.527903139591217
13.240128099918365
10.97277906537056
8.200779020786285
6.812263667583466
6.135607495903969
6.342101484537125
6.637046724557877
4.96136799454689
6.931887745857239
8.081290185451508
7.0178399085998535
5.266890376806259
7.0130767077207565
8.423052877187729
12.825836956501007
10.966152518987656
8.772134244441986
7.8563858568668365
9.048608988523483
8.033730506896973
6.7331095933914185
7.539071887731552
18.796404600143433
25.166430711746216
25.499610900878906
27.053139567375183
25.875878930091858
26.672346115112305
25.154495537281036
24.72173500061035
25.522244453430176
25.92065805196762
25.30388104915619
26.179060399532318
26.1145601272583
25.440632462501526
26.327113211154938
25.33986932039261
25.565968990325928
25.15987652540207
25.80944263935089
25.279468536376953
24.254673779010773
23.365949988365173
23.030344307422638
21.767203986644745
20.440567910671234
17.854824900627136
15.787092685699463
12.61800104379654
10.517255336046219
7.718229353427887
5.127175495028496
4.771293953061104
5.654252842068672
6.33711701631546
6.757231250405312
7.422455430030823
7.549668222665787
7.7883303463459015
7.505182564258575
7.909478336572647
7.0221501886844635
7.2469799518585205
6.815534621477127
6.072099074721336
6.883587539196014
21.727015256881714
25.76616609096527
27.03083908557892
26.31097811460495
26.122769236564636
25.519781351089478
27.39178818464279
24.91320163011551
24.926434874534607
25.303849577903748
25.044474840164185
23.341748654842377
23.032726764678955
21.710359036922455
19.764811098575592
17.84819859266281
13.985935151576996
12.500625669956207
10.260593593120575
11.29207843542099
11.923100084066391
11.745535910129547
13.021348774433136
10.838178277015686
11.608315825462341
8.73962140083313
8.657575011253357
9.399441838264465
9.342232257127762
8.288606971502304
23.759184181690216
25.80009013414383
26.626791536808014
25.346941232681274
25.414616227149963
24.331481099128723
23.741475760936737
22.840455055236816
21.890868067741394
20.41105306148529
17.49292880296707
13.974809110164642
11.969897657632828
9.117989093065262
8.442091166973114
9.141463458538055
10.568493694067001
9.143292278051376
8.653371423482895
10.732602924108505
8.777983158826828
9.151716113090515
8.515206933021545
6.99774906039238
7.405508786439896
6.891911968588829
6.527055233716965
11.962104886770248
9.517237186431885
8.462331712245941
6.835619226098061
7.183806091547012
5.754866003990173
6.6819672882556915
20.07314819097519
26.07807767391205
25.63801634311676
24.28110557794571
22.888450801372528
20.562589704990387
19.40046489238739
16.66271084547043
13.009968876838684
9.95828002691269
8.317942053079605
8.108396708965302
7.626156508922577
6.79729001224041
5.7916073352098465
4.990631774067879
6.280739441514015
9.635440796613693
14.148587822914124
19.773933947086334
23.689947068691254
25.018597066402435
25.838499426841736
24.975776612758636
26.088425636291504
25.58602899312973
23.489693641662598
25.146403789520264
23.698535919189453
24.148576200008392
23.03242313861847
22.34377759695053
20.606971442699432
18.937412977218628
18.378439128398895
16.067808628082275
14.325790286064148
13.764037638902664
11.789486646652222
11.530550807714462
9.723704874515533
9.581864058971405
8.349400252103806
8.468238830566406
9.546997874975204
8.151113748550415
8.495746433734894
7.320193737745285
8.0200255215168
17.968287706375122
15.665689945220947
13.698791831731796
11.569634109735489
10.238560646772385
9.472995162010193
8.72148048877716
7.613711267709732
7.064786732196808
7.106974542140961
11.890919744968414
17.49328303337097
16.52463060617447
14.283674776554108
12.30119651556015
10.388960897922516
9.531031131744385
7.598263263702393
7.6427236795425415
6.090896278619766
6.534261807799339
6.0528955310583115
5.6725999265909195
5.800175070762634
6.203769683837891
14.443325936794281
23.86178171634674
21.49115949869156
19.856540739536285
16.97954535484314
15.55261367559433
13.687911450862885
11.654462814331055
10.391409277915955
8.23733577132225
8.310909509658813
19.24188607931137
23.865463316440582
25.50358211994171
25.647553503513336
24.584801614284515
24.25737154483795
23.014322340488434
22.32183051109314
21.566982686519623
17.792590975761414
15.030937135219574
11.97787293791771
10.577767550945282
10.02028027176857
10.101948410272598
8.067342907190323
7.583443969488144
6.1424005180597305
6.391343966126442
6.277701944112778
12.550514787435532
10.79498142004013
8.427098035812378
7.7364111840724945
6.3989617228508
6.395687058568001
6.50574566423893
7.461714863777161
8.53149065375328
8.734143853187561
7.910170376300812
6.6421584486961365
6.761051148176193
7.019807428121567
14.587454676628113
23.093393743038177
24.914043188095093
26.067400753498077
25.87961196899414
25.50574231147766
26.081438601017
26.40823584794998
26.18406093120575
25.450144588947296
25.553143560886383
26.05612426996231
26.077055871486664
26.17925465106964
25.764896273612976
25.16891461610794
25.396675050258636
25.74776393175125
25.40845811367035
26.478148460388184
26.441473603248596
27.182765185832977
26.013416528701782
26.199040055274963
27.115535736083984
25.645456194877625
26.080369293689728
25.580566465854645
25.64783501625061
25.686284959316254
25.00424361228943
23.522477328777313
23.369216799736023
21.618506729602814
20.311928689479828
17.10943430662155
16.971188724040985
15.416111052036285
13.324780970811844
12.324340641498566
11.954258918762207
20.126594185829163
23.520358443260193
23.993833661079407
22.75100189447403
20.55701345205307
18.237307727336884
14.804591178894043
11.399000406265259
9.241642028093338
8.26291298866272
21.156543970108032
25.41199254989624
25.216747224330902
26.095677256584167
26.147141873836517
26.849917888641357
26.224607944488525
25.65275675058365
25.72612315416336
25.338107526302338
26.503191649913788
25.701271295547485
26.23566472530365
26.32410353422165
25.383066296577454
26.61938774585724
25.6282399892807
25.399954676628113
26.47845894098282
25.74947726726532
24.992091059684753
24.062877893447876
23.956523537635803
22.821318089962006
22.178828597068787
20.54845839738846
18.420984208583832
16.72311133146286
13.095636397600174
11.554026007652283
9.563820451498032
9.769284158945084
8.177082687616348
7.399153351783752
7.609133780002594
7.037520721554756
6.402335613965988
6.543302774429321
13.292888879776001
21.70676153898239
24.50942224264145
26.77233976125717
25.531844556331635
25.509156942367554
26.164596021175385
25.405799746513367
24.908536851406097
26.015461444854736
25.938269019126892
26.37971204519272
25.427480340003967
24.75575679540634
26.05645215511322
25.730623722076416
24.101598858833313
23.164763391017914
21.263818860054016
19.914115726947784
15.185222506523132
11.352968752384186
9.658463448286057
9.938164234161377
8.765527367591858
10.585539609193802
12.996917247772217
15.5212082862854
17.958486437797546
19.438669800758362
20.29101526737213
22.426309287548065
23.282269179821014
23.044670343399048
22.517396688461304
20.358813524246216
17.959510028362274
13.721577137708664
9.748520493507385
7.498436331748962
6.448949307203293
5.501968830823898
6.563026040792465
8.046226024627686
7.537515819072723
7.189566671848297
7.317658483982086
7.2127625942230225
7.105080872774124
7.3032835721969604
7.583597362041473
7.131517440080643
7.846452206373215
7.597763329744339
7.506098002195358
13.595211386680603
21.48955750465393
23.937434554100037
22.747177481651306
20.886609852313995
17.23353499174118
16.18577480316162
13.59546211361885
12.181429624557495
10.686396777629852
10.570782870054245
9.229564040899277
9.12984749674797
9.07598328590393
14.177671879529953
21.17530369758606
24.686381340026855
24.901415050029755
25.66022366285324
26.677206218242645
26.529651880264282
26.052068769931793
25.936901092529297
26.8298117518425
26.159973919391632
26.165470838546753
26.560274302959442
25.611855804920197
26.206420421600342
24.10322391986847
25.913057386875153
25.399944484233856
24.17678815126419
22.129657566547394
19.34468913078308
16.81821370124817
12.99489215016365
12.379491448402405
11.62493908405304
9.420582830905914
9.241520255804062
6.940056711435318
7.4876517951488495
6.497443407773972
6.739366114139557
6.45495218038559
6.669967532157898
19.547320306301117
16.736871898174286
14.425848811864853
12.130235016345978
9.470937669277191
8.19757017493248
5.762540623545647
5.80534353852272
5.658706367015839
5.655647769570351
22.76291072368622
25.006072223186493
24.42978686094284
26.237456262111664
25.176230251789093
25.742616415023804
25.639513313770294
25.311269342899323
25.2424635887146
25.563376486301422
25.824027836322784
25.439372956752777
24.778918266296387
25.3014994263649
25.443301141262054
23.938357055187225
22.641445219516754
23.20552748441696
21.08430689573288
19.783616364002228
18.218880653381348
16.194375455379486
12.351308584213257
11.349974364042282
9.565227389335632
9.403171926736832
9.309313327074051
9.077603697776794
8.047931283712387
9.250621765851974
8.162752479314804
18.687479615211487
23.722429871559143
25.04204624891281
25.363131999969482
25.085041105747223
25.782372057437897
25.448546528816223
24.321639597415924
25.249693393707275
25.127142310142517
25.635047256946564
24.67711216211319
25.210397124290466
24.01006931066513
23.806962072849274
23.974891901016235
23.696858763694763
23.290024042129517
21.485676765441895
20.697903394699097
18.40291118621826
16.66390287876129
13.615694850683212
13.293935924768448
10.920844972133636
9.563142269849777
8.977250516414642
11.454771369695663
11.356789320707321
9.456798821687698
8.494179397821426
7.931519538164139
7.260148197412491
7.290727943181992
8.558257281780243
7.104387730360031
8.895480215549469
9.257330894470215
10.476611286401749
8.4009510576725
7.000086292624474
6.252901092171669
6.159487932920456
5.45277813076973
5.170958057045937
5.006009370088577
5.24613718688488
9.761876076459885
15.116418421268463
20.6685848236084
23.161116898059845
24.547020077705383
22.731428682804108
23.26768523454666
22.07738095521927
20.425214886665344
17.029150545597076
14.988699793815613
12.94320023059845
11.308895528316498
9.320505052804947
9.15295198559761
7.951591938734055
7.2664568573236465
6.798000514507294
7.3090110421180725
6.318071335554123
6.856388717889786
5.809511691331863
5.3934144377708435
7.136547476053238
8.003169238567352
7.319785565137863
6.643954008817673
5.664284601807594
4.888726502656937
4.468078285455704
4.591785863041878
3.575349196791649
15.93180900812149
22.815090715885162
22.37138730287552
20.11859130859375
17.49895089864731
16.30970048904419
14.626124829053879
10.886987566947937
9.067997723817825
7.841609477996826
5.365544334053993
5.136044889688492
4.827236101031303
23.11961680650711
21.827193319797516
19.45080828666687
17.51039630174637
14.73527717590332
11.891010403633118
10.28776878118515
8.040277749300003
8.420476168394089
7.020528480410576
6.150540843605995
4.797529503703117
4.0569155514240265
4.438818797469139
7.714534819126129
17.314627766609192
22.03041660785675
24.780870378017426
24.031039595603943
22.82010155916214
23.586457312107086
22.144533336162567
20.869531393051147
19.57010006904602
16.955515384674072
14.985794603824615
14.581089079380035
12.557607173919678
10.21101227402687
7.681734353303909
7.272718995809555
6.225466623902321
4.470245286822319
4.062460839748383
10.973608404397964
17.3509903550148
21.937371969223022
24.41309815645218
25.20470404624939
24.64586865901947
25.04058277606964
22.798425316810608
22.87452071905136
21.692815005779266
20.39173060655594
18.679638147354126
17.15496200323105
15.033901929855347
12.742755562067032
11.513602197170258
9.823795437812805
7.6506936848163605
6.919960379600525
4.825139969587326
5.002295061945915
5.652515217661858
8.38256984949112
9.63366824388504
12.442550241947174
13.142536759376526
15.132245421409607
13.251943081617355
12.855589926242828
11.239183932542801
10.437453418970108
9.011443227529526
8.841083884239197
7.495150953531265
10.01227781176567
13.676834791898727
17.039851486682892
20.8925062417984
20.91855651140213
22.405771255493164
22.873217165470123
23.63763129711151
24.477379620075226
23.624289214611053
21.27662855386734
20.098767042160034
17.639326810836792
15.748511672019958
12.587789982557297
9.916965663433075
7.820152014493942
5.473969370126724
5.221621781587601
5.316800966858864
6.826090425252914
5.347692310810089
21.405218064785004
25.28643560409546
25.09888619184494
25.05694216489792
23.885944485664368
22.77697402238846
20.485428988933563
18.069767713546753
16.864278852939606
15.348964393138885
12.612404823303223
11.335828065872192
9.398169815540314
8.354880183935165
7.541833251714706
6.242655456066132
6.577915444970131
6.280918762087822
8.808186262845993
12.358010590076447
21.034702479839325
25.806154429912567
26.727102875709534
26.599124491214752
25.691755771636963
26.771656036376953
26.241821467876434
26.66236573457718
27.043175101280212
25.86311310529709
26.539678931236267
25.338091909885406
24.773711442947388
24.848642766475677
24.999030709266663
23.61878788471222
22.441347360610962
20.817898213863373
19.27033007144928
17.49581003189087
17.049112677574158
16.57197779417038
15.138415694236755
14.6557976603508
13.54318180680275
13.907549500465393
12.36564913392067
12.234989583492279
12.090844839811325
12.293469190597534
11.37883111834526
10.001573920249939
8.630657851696014
8.061647921800613
7.061179488897324
11.527656137943268
17.456941723823547
17.51792222261429
14.121542304754257
12.548434287309647
9.186131983995438
7.2279675006866455
7.58650141954422
6.29524165391922
8.129797130823135
10.479941487312317
13.21834945678711
15.515875697135925
12.484908431768417
10.734799206256866
9.480372458696365
8.047064691781998
7.2020513117313385
5.747365787625313
5.685131907463074
4.409697562456131
4.565677151083946
4.783818066120148
4.730481758713722
5.6983509957790375
16.365567445755005
23.889357328414917
23.57642835378647
20.564121425151825
19.037350237369537
16.468251943588257
13.858279943466187
12.240016222000122
9.763293147087097
8.22315526008606
7.3228433430194855
6.726975247263908
6.389397993683815
6.741469323635101
6.187059447169304
5.799279659986496
21.280599534511566
25.489981591701508
26.537310123443604
25.331625819206238
25.149942576885223
25.078164160251617
24.136277616024017
23.11797159910202
23.17036873102188
21.36395037174225
20.448558568954468
18.879733979701996
17.768081784248352
15.776730120182037
13.845198392868042
11.917511016130447
11.161286920309067
8.807178020477295
10.091045528650284
8.671342581510544
9.28705433011055
7.663810968399048
7.141281023621559
6.885440394282341
6.646395593881607
5.731089174747467
10.720480412244797
9.836068153381348
9.94621992111206
8.962515234947205
7.388907611370087
6.930729940533638
6.877639830112457
5.581542819738388
4.956763282418251
4.446109965443611
3.8608215749263763
16.390488862991333
24.394668400287628
26.466244995594025
24.439456045627594
25.820095419883728
25.350932955741882
25.137871146202087
26.181923925876617
25.29886108636856
26.474540770053864
26.233967781066895
25.429161846637726
26.34207683801651
25.55056542158127
26.28121817111969
24.97309923171997
25.644519984722137
26.122000873088837
24.484237790107727
25.376726269721985
25.776413559913635
24.418995797634125
22.914328932762146
21.48805695772171
20.522851824760437
18.66357547044754
16.3277245759964
12.893428236246109
13.16552186012268
9.882361888885498
9.57428988814354
8.990523040294647
8.245319992303848
7.884090393781662
6.4502613097429276
6.2488242238759995
5.766152277588844
4.899309992790222
5.370735362172127
5.202214568853378
5.437118321657181
5.295858100056648
4.922894015908241
5.454595148563385
5.5702478140592575
6.264361545443535
5.568500846624374
6.17612612247467
13.679990381002426
11.177852481603622
11.025722980499268
9.072540551424026
8.3721122443676
8.032324761152267
8.756783157587051
8.15437638759613
7.54619437456131
6.55321604013443
7.19728347659111
6.8301142901182175
6.710091322660446
5.6433656215667725
6.687072351574898
6.57544369995594
5.463767543435097
8.279278755187988
12.756193459033966
15.091967225074768
17.284993290901184
18.987582504749298
17.888712882995605
14.982196271419525
13.59215697646141
11.904902905225754
10.560458302497864
8.85512688755989
7.6688385009765625
7.925057053565979
8.754402130842209
8.870038896799088
7.945709228515625
6.897411823272705
6.590777426958084
5.5338414311409
6.080244407057762
22.003840565681458
25.298487544059753
25.41928869485855
25.184469640254974
25.083847403526306
25.03265780210495
25.38867563009262
24.47596037387848
24.76737552881241
24.71452498435974
24.950643301010132
23.633451640605927
22.280646204948425
20.683993756771088
18.167169153690338
16.2361958026886
13.458832949399948
11.431997001171112
11.524406284093857
15.771746575832367
20.148929178714752
18.498157143592834
15.8500155210495
13.395824372768402
11.574991315603256
10.454348117113113
8.716994494199753
6.7667335867881775
5.315245196223259
4.312702015042305
5.606252506375313
4.270881786942482
5.129583016037941
4.2448059767484665
22.92039042711258
25.643620312213898
25.87170433998108
25.973131895065308
25.92650204896927
25.728090584278107
24.191123068332672
24.43148982524872
24.25176501274109
22.218493163585663
21.00181144475937
17.848257064819336
15.758264064788818
13.151311725378036
11.36742877960205
9.390973329544067
8.286921977996826
6.675061464309692
6.490519031882286
6.392879247665405
6.074819311499596
7.289667248725891
10.031375229358673
13.617023080587387
11.942580699920654
10.029217839241028
9.579290598630905
9.62379041314125
8.003139197826385
7.68067541718483
7.2146473079919815
5.83797661960125
5.827868849039078
6.415842428803444
6.008712992072105
5.498715922236443
5.573908030986786
5.312050476670265
13.40653932094574
22.128109335899353
25.372235774993896
25.34393310546875
23.42451310157776
23.01512211561203
21.34788554906845
19.511051774024963
16.964250147342682
13.65994217991829
11.283213645219803
9.382219165563583
8.271997720003128
7.801006525754929
8.256229192018509
8.16879403591156
7.412689030170441
6.529856204986572
5.881721913814545
5.635237351059914
5.35809600353241
6.220830485224724
5.097259521484375
7.784679144620895
12.784358739852905
17.83211398124695
15.378151178359985
12.506963849067688
11.743066370487213
7.966223120689392
6.375139012932777
5.991723865270615
5.455406293272972
5.782682716846466
5.641763001680374
21.638381123542786
25.929854929447174
25.40825343132019
26.631716668605804
25.622198164463043
26.293733179569244
26.82341593503952
25.244089126586914
25.96382874250412
26.877833545207977
26.328481078147888
27.16888654232025
25.985719323158264
26.33091765642166
25.529308557510376
25.248681902885437
25.184913396835327
23.497657001018524
22.273879289627075
20.14863818883896
17.15917295217514
16.587935864925385
13.606275171041489
11.942181944847107
10.93341076374054
8.570099264383316
8.234425127506256
6.780402168631554
6.28373321890831
5.518528133630753
5.5876752734184265
5.193508073687553
8.378711014986038
6.228151053190231
5.992278560996056
6.1816704869270325
6.015347167849541
19.888925194740295
25.079777598381042
25.089622974395752
25.100611448287964
23.675129413604736
22.8753479719162
21.778397977352142
18.969032764434814
17.68090909719467
15.703156530857086
13.087806969881058
10.076111048460007
8.520920872688293
8.272962927818298
8.184175074100494
6.975450858473778
13.570907145738602
12.964909225702286
10.757354736328125
8.401592135429382
7.123060539364815
6.881357714533806
5.0210137367248535
5.054030284285545
5.155500069260597
22.348253786563873
25.85527491569519
25.807286381721497
26.63246715068817
26.673657059669495
26.59469336271286
26.378679513931274
26.498853147029877
26.018404841423035
26.602539360523224
26.659356117248535
26.2492453455925
25.379613041877747
26.61803311109543
26.908059298992157
26.116205096244812
25.66766667366028
26.130044519901276
25.9693843126297
26.274756610393524
25.736916661262512
25.982126832008362
26.210442543029785
26.393573880195618
25.50951248407364
25.26848828792572
26.380716502666473
26.05348664522171
25.896995842456818
25.427784323692322
25.978157699108124
26.33514803647995
26.30821794271469
26.376724541187286
25.89221554994583
25.284817099571228
26.275043785572052
27.320774972438812
25.835125148296356
26.34674745798111
26.46018099784851
25.743814527988434
26.33790558576584
26.312244534492493
25.828444004058838
25.176165521144867
25.890367925167084
25.699357211589813
27.12928295135498
26.599377036094666
27.012570440769196
25.427850127220154
24.09898054599762
24.962825298309326
23.867708802223206
22.55391788482666
20.58935546875
18.62770813703537
16.49222618341446
14.35726273059845
12.998961508274078
11.511806458234787
10.030868500471115
9.172437757253647
9.115728825330734
10.45787250995636
10.838955998420715
8.705537647008896
8.041756331920624
8.415390491485596
7.643112897872925
7.65324667096138
21.953199088573456
25.677544832229614
25.551183879375458
26.209826290607452
26.183881759643555
26.315981030464172
25.81305342912674
25.755599915981293
25.48614364862442
25.364264845848083
24.62889128923416
23.1321964263916
21.77119952440262
21.117044270038605
17.965369284152985
15.351816475391388
12.977742165327072
11.88590121269226
10.742809742689133
8.506270229816437
9.67810532450676
9.18857690691948
8.126289457082748
19.664366543293
18.582767605781555
15.914307057857513
13.801992356777191
12.347511976957321
10.828512251377106
8.74766156077385
8.75583040714264
7.5652916431427
7.0198792815208435
7.607274979352951
6.0516858994960785
6.8003885596990585
21.27022033929825
24.640408515930176
25.855545043945312
26.69737619161606
25.586559116840363
25.77045100927353
25.290772557258606
26.51207435131073
26.243299663066864
26.225058376789093
26.261946201324463
26.286500871181488
27.547428846359253
25.813864052295685
25.575914800167084
26.1135333776474
27.56355655193329
25.94788694381714
25.811511516571045
25.814167201519012
25.36932808160782
25.357976496219635
24.57929879426956
24.63499104976654
22.961735546588898
21.856630861759186
20.022817373275757
17.247707784175873
16.447827219963074
14.686694622039795
12.397496193647385
10.815968573093414
8.675673633813858
8.278431177139282
7.599345952272415
7.10493603348732
6.907291695475578
6.057553172111511
7.133339449763298
6.402969926595688
5.488925755023956
20.237613081932068
18.058071315288544
15.476911127567291
12.97491529583931
10.4709213078022
9.670483142137527
7.589881956577301
5.978863045573235
4.451795592904091
4.0635029673576355
4.3818929344415665
5.034177616238594
5.484282970428467
4.718905791640282
5.97161428630352
5.200459390878677
5.29657769203186
5.134710863232613
5.541705280542374
23.18703705072403
21.605052292346954
19.664061963558197
18.946675419807434
16.31366455554962
14.151742339134216
11.489615321159363
8.71086898446083
8.21311417222023
7.292608261108398
6.526274800300598
6.290626838803291
6.615289390087128
6.934761613607407
6.161473944783211
5.854945734143257
7.089549034833908
6.586159199476242
6.986527442932129
5.5122776329517365
5.475824132561684
19.341310381889343
24.034669280052185
26.09197425842285
26.14792102575302
25.85722577571869
24.899421751499176
24.94743061065674
24.62877529859543
24.64701682329178
22.79096621274948
20.45058971643448
19.030623972415924
16.18672740459442
12.727231651544571
11.467554420232773
9.350139170885086
8.785430371761322
7.873698949813843
6.7692388743162155
13.554628789424896
19.95653986930847
22.872086942195892
24.8261176943779
26.359661161899567
25.41667151451111
23.88289475440979
24.36203020811081
21.83096033334732
21.05943936109543
18.37234789133072
15.807173430919647
13.01060226559639
10.176397174596786
7.793102920055389
6.873625740408897
7.368042543530464
19.808175802230835
24.960189402103424
25.159293234348297
24.583441853523254
23.77117258310318
22.665628492832184
19.4342902302742
18.521588742733
16.19001281261444
13.949776113033295
11.91059947013855
10.61674952507019
9.427743554115295
9.295307636260986
9.852359771728516
8.791497528553009
7.6105804443359375
8.062082469463348
21.526266396045685
18.27211332321167
15.474077045917511
13.773055732250214
10.520474672317505
8.084124475717545
7.255779206752777
6.328673779964447
7.303105890750885
7.485369831323624
7.6620678305625916
7.428462088108063
7.683757483959198
8.427937686443329
7.5167272090911865
6.995974123477936
6.918508678674698
6.954683735966682
20.48539024591446
25.904419243335724
26.517696797847748
25.86149263381958
25.696060001850128
26.028329074382782
25.501160323619843
25.482460856437683
25.368680953979492
24.267873644828796
24.50069886445999
21.483292043209076
20.121829330921173
16.714241921901703
13.390062153339386
11.815069407224655
10.538791984319687
9.026327431201935
7.944162964820862
7.6351417899131775
6.234669893980026
7.023118644952774
5.721117556095123
6.92539718747139
8.75248658657074
11.556274622678757
11.762249320745468
9.790271013975143
8.819727092981339
8.932284861803055
8.536182671785355
8.454675823450089
7.930670946836472
8.025210291147232
7.7724281549453735
7.343136548995972
6.689424738287926
5.327578783035278
5.846901431679726
7.469488561153412
9.87287363409996
11.464884042739868
10.126791179180145
8.769915074110031
6.717062085866928
6.125731259584427
5.5696752816438675
5.122626006603241
7.275874316692352
10.87467935681343
9.476282179355621
8.458102315664291
6.684522017836571
6.591684922575951
5.301287680864334
5.4203974306583405
4.523673430085182
8.256491899490356
12.038592159748077
17.770194232463837
20.08589333295822
21.218003690242767
19.973147690296173
18.82667428255081
15.562602758407593
13.836545407772064
12.795258045196533
9.945051699876785
9.67998468875885
7.654243499040604
5.925065696239471
5.7491486221551895
4.229516983032227
4.444349601864815
3.2878212183713913
3.574329987168312
3.1216657161712646
3.272967651486397
10.260037958621979
9.100746035575867
8.944909483194351
7.747376471757889
6.251547992229462
12.910167217254639
18.631927847862244
22.839325547218323
24.511617720127106
25.003895223140717
24.56362122297287
22.860910773277283
21.238491594791412
21.394440233707428
19.48565250635147
17.48528218269348
16.164223670959473
14.481583774089813
13.174623012542725
12.467043310403824
11.066347420215607
8.535489112138748
7.352545723319054
5.642642125487328
4.810940012335777
5.957801565527916
4.967114239931107
5.916660740971565
21.159234642982483
19.928481578826904
17.479809045791626
16.317398130893707
14.472269237041473
12.200970232486725
10.519847184419632
9.310750275850296
9.240006059408188
8.59234881401062
8.955732226371765
8.245314240455627
8.755609542131424
9.716842740774155
7.458868563175201
7.976257771253586
6.074978247284889
5.491042286157608
4.321244463324547
8.13977500796318
16.024907112121582
14.478903889656067
12.619370698928833
11.06676921248436
10.961630403995514
9.167596489191055
12.815238386392593
15.761102259159088
18.63132607936859
20.332726538181305
18.434086978435516
16.126188278198242
14.40212231874466
11.275352567434311
10.163224190473557
8.2365180850029
6.678415760397911
7.090228766202927
5.4932693392038345
7.945472776889801
14.986152827739716
23.84934502840042
23.868458330631256
22.076782882213593
19.173904478549957
16.767178177833557
15.415824890136719
12.665038675069809
10.867373824119568
10.577569872140884
9.194425106048584
8.929788708686829
9.408616751432419
7.768246710300446
6.947554066777229
6.495625406503677
6.593134790658951
9.561815440654755
11.820592880249023
14.567705929279327
12.741839677095413
11.081409305334091
9.57950234413147
7.723780572414398
7.151168793439865
6.329269051551819
6.247978389263153
6.627271860837936
10.787208437919617
9.145848274230957
7.82530277967453
7.652752190828323
6.6333199590444565
5.998262703418732
5.322436138987541
5.37695899605751
4.776991933584213
5.732971027493477
5.6397325694561005
4.484880059957504
7.987050533294678
11.87501809000969
16.71548593044281
12.905788511037827
11.51774913072586
9.791076391935349
8.653450429439545
7.380198061466217
5.881534904241562
5.612725391983986
5.66043247282505
5.060147866606712
5.268667235970497
4.492399632930756
4.311540305614471
5.895345032215118
5.490716263651848
4.789644002914429
4.909776568412781
13.238352537155151
22.25694364309311
24.751932322978973
25.22871208190918
24.546401023864746
24.119255423545837
22.941933810710907
22.06066405773163
21.570528030395508
19.029655158519745
17.87117862701416
16.74219059944153
15.423104166984558
13.31933981180191
12.092693477869034
10.807621538639069
10.391929805278778
8.583106338977814
7.631008177995682
6.3612286150455475
6.813506990671158
5.567889720201492
4.995189040899277
6.690597951412201
8.494984477758408
9.734212547540665
11.458062678575516
14.112865626811981
12.67438817024231
9.702933728694916
10.2505322098732
7.555714011192322
6.9402011930942535
7.072814106941223
6.812019497156143
6.172099709510803
5.556431248784065
5.701851040124893
20.60911750793457
24.980665624141693
25.230030834674835
24.941296875476837
24.084049820899963
22.86158925294876
21.936254560947418
19.112174689769745
17.41010308265686
15.250914573669434
13.696349948644638
10.491721838712692
9.375217705965042
8.32220071554184
6.15502056479454
6.642187803983688
6.597566083073616
14.99578320980072
24.19733875989914
24.871559143066406
26.028673946857452
26.416018187999725
25.867482900619507
25.669722378253937
25.697524428367615
26.63898456096649
25.221508026123047
26.233092188835144
26.746529161930084
25.96744805574417
25.895202338695526
26.181133687496185
25.792965173721313
25.93783301115036
25.968225061893463
25.8410302400589
26.3198002576828
26.045662879943848
25.418870091438293
24.430441975593567
23.598875880241394
22.362094700336456
20.306592166423798
20.09885323047638
17.87488090991974
14.24095869064331
13.289501190185547
11.387486964464188
10.653235524892807
9.34722650051117
7.857034236192703
7.693828105926514
7.996146500110626
9.006620168685913
9.086302995681763
9.856412500143051
11.474795252084732
10.835908502340317
8.073239356279373
6.843625783920288
6.599468752741814
5.2091411501169205
4.145618230104446
5.059395253658295
3.2663731649518013
15.75024801492691
24.533799827098846
25.16097319126129
24.631567060947418
25.23861449956894
24.850622832775116
24.275339603424072
23.341081380844116
20.677679300308228
19.08949965238571
16.80180424451828
14.136110424995422
12.093077778816223
9.610200077295303
9.090821772813797
7.392671853303909
6.680260732769966
6.214477702975273
5.574345618486404
4.540413945913315
4.501930698752403
8.663723409175873
12.51125979423523
16.863112926483154
19.77677345275879
21.59575366973877
23.396244287490845
23.93643695116043
24.334615290164948
22.039270520210266
21.507496774196625
20.22069889307022
16.72747939825058
14.551354438066483
13.020120620727539
10.88420781493187
8.64299687743187
6.962204247713089
6.794265270233154
6.9302685260772705
6.545312166213989
5.503218784928322
5.256561815738678
5.261650651693344
12.588628321886063
21.222978115081787
25.48192000389099
24.16549462080002
25.034232020378113
23.06475806236267
22.446195781230927
20.89882493019104
20.028491497039795
19.02536392211914
15.886593103408813
14.125335276126862
11.451672375202179
11.007347524166107
8.492897361516953
9.40040636062622
8.166143655776978
8.833836883306503
7.2899912148714066
6.528227090835571
11.211056858301163
14.773792505264282
16.949590265750885
19.365253448486328
20.563707947731018
22.528110086917877
23.851141095161438
22.895174145698547
20.819700360298157
19.654905080795288
19.15441519021988
16.242115795612335
15.547019839286804
13.337071925401688
12.64133483171463
10.910007148981094
9.461690217256546
9.032082676887512
7.860883176326752
9.13844883441925
7.067054063081741
6.177832946181297
6.7977380603551865
5.81583371758461
4.843669772148132
6.605454787611961
18.95493507385254
18.365986824035645
17.510719418525696
14.897981941699982
12.928710609674454
11.561891615390778
11.572965025901794
9.837374329566956
8.590669423341751
7.742238849401474
8.077058464288712
7.603745609521866
8.594707369804382
11.514810293912888
14.199106603860855
17.956123411655426
19.365326523780823
20.06076717376709
21.86858171224594
22.69801038503647
21.46905505657196
21.123291492462158
18.967667996883392
16.22164487838745
12.945979982614517
11.04793456196785
10.486452132463455
8.690699428319931
7.779861301183701
7.399095237255096
6.466153025627136
5.446250841021538
10.97234171628952
17.333567082881927
20.88854283094406
19.48057222366333
18.00850820541382
15.533117651939392
12.637320637702942
10.211599916219711
8.408375471830368
5.757412374019623
4.975257575511932
5.338871493935585
5.3186777383089066
5.7985650151968
18.850614190101624
17.006549954414368
14.135796904563904
12.72626206278801
12.039774417877197
10.893520951271057
10.033405870199203
8.831446945667267
7.935182869434357
6.171005129814148
6.524361476302147
6.241935431957245
6.469645395874977
5.50532391667366
6.5933002680540085
13.275392413139343
10.829103916883469
11.036295175552368
10.098428189754486
8.782681494951248
7.4074625968933105
7.101066038012505
7.257529616355896
5.633188903331757
13.4431431889534
20.23304396867752
22.0983105301857
23.763158977031708
25.44103503227234
24.831665694713593
25.241007208824158
25.06138551235199
24.976978421211243
24.642943918704987
24.236729323863983
23.950577676296234
23.802881479263306
22.514268696308136
22.43203741312027
20.682022154331207
17.96370679140091
16.3130264878273
14.43797567486763
12.349904924631119
11.566176354885101
9.620761811733246
9.254829347133636
7.410621076822281
6.986565470695496
7.197038263082504
5.786240682005882
5.9971839636564255
4.8680756986141205
4.530767738819122
4.857238337397575
5.119086414575577
20.880378544330597
19.850222945213318
18.844647109508514
15.295820891857147
14.420148938894272
12.20238584280014
10.903282463550568
9.43640023469925
8.480511993169785
6.989162415266037
6.70396114885807
4.674580872058868
5.423224583268166
9.718407362699509
8.86140289902687
7.730746537446976
7.345280274748802
6.714070439338684
6.256049856543541
5.90119768679142
4.8631741553545
5.843020603060722
18.533762872219086
23.873195588588715
26.36387038230896
27.28662222623825
26.29858261346817
26.421533405780792
25.91863214969635
26.39302283525467
26.622239589691162
25.93220406770706
25.59047031402588
26.02572125196457
25.625351190567017
25.73721045255661
23.412993848323822
23.192804753780365
22.14150208234787
20.62977224588394
18.058934688568115
16.44871759414673
15.717739343643188
14.871999323368073
14.204787790775299
13.881289392709732
11.691867738962173
11.727738976478577
10.026586502790451
9.71184441447258
9.50962582230568
9.460898458957672
8.577262997627258
8.3196741938591
8.137472331523895
7.103342056274414
7.38227841258049
18.77633762359619
25.0402449965477
25.310031533241272
25.156635999679565
25.80443102121353
25.410619020462036
25.707170844078064
24.770195722579956
25.23903316259384
25.932937920093536
26.262605905532837
25.581975281238556
26.495476722717285
25.748783349990845
25.900989532470703
24.362527310848236
25.37485444545746
25.313948035240173
25.32816183567047
25.60116344690323
25.882730662822723
26.315150916576385
25.42401111125946
25.539355099201202
25.894171059131622
24.54275494813919
26.99445730447769
25.918141782283783
25.7411527633667
25.384485185146332
24.75922065973282
25.34533542394638
25.336715400218964
25.922609865665436
26.12885981798172
25.228479981422424
26.429580867290497
25.18044936656952
24.786763608455658
27.021658897399902
26.436095058918
24.864513754844666
25.482601702213287
25.865844011306763
25.468812346458435
25.365114331245422
25.75077259540558
25.851643204689026
26.08936458826065
25.370923578739166
25.5238276720047
25.5028977394104
25.810348331928253
25.88469421863556
26.257070422172546
25.646518111228943
25.768653333187103
24.826855182647705
25.99044269323349
25.91261786222458
25.65134572982788
25.39426898956299
25.07211935520172
25.36353862285614
25.62788677215576
25.05242359638214
23.568079888820648
24.070873022079468
21.496095538139343
20.2962264418602
17.9670649766922
17.074017226696014
15.705362915992737
13.354072123765945
12.618272453546524
10.925226897001266
10.147220224142075
9.207170069217682
9.029415220022202
8.264835566282272
6.604114785790443
7.683950513601303
9.115820229053497
8.441995978355408
7.993388295173645
7.160477936267853
6.66881537437439
6.377196043729782
19.222861289978027
25.67825973033905
26.34452748298645
25.97100067138672
25.18753707408905
25.6675483584404
26.104656636714935
25.812367856502533
25.46217954158783
26.010841727256775
25.49555605649948
25.850401282310486
26.134508848190308
26.247234225273132
26.638799488544464
26.690033435821533
26.416210412979126
25.772324800491333
26.233250200748444
25.479726910591125
26.7270125746727
26.124747216701508
26.497244119644165
25.605730652809143
26.6071298122406
25.472147464752197
26.679643273353577
25.88496559858322
25.985634803771973
25.60803771018982
25.81600683927536
26.757338047027588
26.13158893585205
26.49691414833069
25.933474838733673
26.27371847629547
26.069656193256378
26.610746026039124
26.651270866394043
25.60704278945923
26.597561538219452
26.55929183959961
26.69462364912033
26.133185923099518
25.236357808113098
25.604071736335754
25.830188870429993
26.396572291851044
25.836320519447327
26.06075346469879
25.214079201221466
25.402598679065704
26.871601998806
25.944196701049805
26.29759991168976
25.97680366039276
23.843827664852142
23.95103418827057
22.78180891275406
21.81790030002594
18.95774781703949
19.5373694896698
17.827377140522003
16.520325303077698
14.644740223884583
15.320529162883759
13.770054459571838
12.560930699110031
11.69885402917862
10.95684751868248
10.94437626004219
10.311301320791245
10.261354923248291
10.25020644068718
9.503956466913223
8.999051868915558
9.277150392532349
9.85821384191513
9.078284502029419
8.804441213607788
12.934407979249954
12.298037588596344
12.273178458213806
11.991591840982437
10.994593530893326
10.152060866355896
9.627028971910477
15.103778898715973
13.300631135702133
11.89237129688263
11.266125708818436
10.609255135059357
9.118338286876678
9.485910564661026
8.179483830928802
8.275346875190735
8.273270577192307
8.32882484793663
6.919158041477203
21.800119519233704
25.434037744998932
26.347461700439453
25.36632865667343
25.54141539335251
26.753759562969208
26.59818124771118
26.175956904888153
24.925645887851715
25.029061257839203
24.021179735660553
23.60273951292038
22.58585500717163
21.985982656478882
19.850725054740906
17.998299777507782
14.789800524711609
14.206538677215576
12.575331062078476
11.99844878911972
10.389754235744476
9.267428040504456
9.367350280284882
7.863217324018478
8.009952932596207
9.580981284379959
11.550578504800797
14.429679453372955
16.32198029756546
14.744614124298096
13.126634180545807
10.71108192205429
10.94106113910675
9.364042520523071
8.221944361925125
7.973605573177338
8.558979451656342
8.7812519967556
8.78670984506607
8.444995313882828
8.347371488809586
8.631138384342194
9.243988513946533
9.611378282308578
8.093348026275635
7.791040748357773
6.933999270200729
7.652130603790283
7.456605941057205
20.9347043633461
25.63760870695114
26.65251713991165
26.007147133350372
25.521733820438385
26.11186718940735
25.91453194618225
25.235960006713867
25.09626591205597
25.96206957101822
25.854695558547974
26.06921911239624
26.212945520877838
26.487211048603058
26.654715597629547
26.306744992733
25.409965693950653
25.962069928646088
25.746616899967194
25.745250284671783
26.10974246263504
25.119374215602875
25.116994857788086
26.22942280769348
25.942478835582733
25.420773148536682
23.894690930843353
23.93887150287628
20.985397696495056
19.423310220241547
16.61682105064392
13.964113414287567
11.781094014644623
11.83183354139328
11.611693769693375
10.792393893003464
11.832869708538055
11.446432173252106
10.553423643112183
10.240010499954224
10.461590558290482
10.494160264730453
10.017007797956467
9.08460932970047
8.92826646566391
9.183107763528824
8.09876635670662
11.701775789260864
15.158792078495026
12.997239291667938
11.044441431760788
10.189544767141342
9.430979460477829
8.78405475616455
7.873156487941742
7.4213729202747345
6.5832677483558655
7.517347484827042
6.95910570025444
7.029977053403854
6.972923815250397
7.127582371234894
6.930325493216515
13.790121018886566
13.122914493083954
11.042982667684555
10.24646943807602
8.685263872146606
6.908986121416092
6.2327340096235275
6.490639969706535
6.024753674864769
7.049155056476593
24.820651531219482
26.124960780143738
25.897569060325623
25.04707360267639
26.10568994283676
26.049311578273773
24.536096334457397
25.697492361068726
25.616602897644043
24.59431290626526
22.862707555294037
23.848134636878967
22.10359001159668
19.88651466369629
17.73535293340683
14.96565055847168
13.669292509555817
11.416094332933426
10.509820073843002
8.34312254190445
7.699956238269806
6.499960660934448
6.206738993525505
6.230635777115822
19.876133859157562
24.83103334903717
25.26620388031006
24.210818648338318
24.699071884155273
23.175875782966614
21.53060930967331
19.382680773735046
16.495165646076202
15.184668779373169
13.311355084180832
12.49420017004013
10.833440601825714
9.909141689538956
8.968819975852966
8.955379605293274
7.987854450941086
8.309937924146652
8.253416508436203
15.679501414299011
21.48666661977768
25.580013930797577
25.84101754426956
25.27391481399536
25.87213432788849
25.468026161193848
26.57080227136612
25.937187135219574
26.401081800460815
26.081634640693665
27.165271520614624
26.079747140407562
25.649698674678802
25.04433661699295
25.13604372739792
25.36672353744507
26.21378254890442
26.197665810585022
25.33452135324478
25.09524655342102
25.48701161146164
24.726394474506378
22.30276447534561
22.843945562839508
22.114773750305176
20.903990983963013
18.290468871593475
15.653181254863739
13.783021330833435
11.456182956695557
8.075753927230835
7.635861933231354
7.170336022973061
22.617465138435364
26.24166876077652
25.653449654579163
25.457723200321198
24.861919462680817
23.47517901659012
23.38859462738037
21.31046360731125
19.299844205379486
17.15633487701416
15.625750184059143
13.336830854415894
11.928141295909882
11.025660246610641
8.953815430402756
8.675217658281326
7.68879246711731
6.94446387887001
6.969541758298874
7.150885060429573
7.703838437795639
6.952144265174866
6.971294328570366
6.86732491850853
7.731277287006378
8.91043820977211
11.243763834238052
13.196169763803482
12.460244059562683
11.748521387577057
10.694426625967026
10.178912669420242
9.364018946886063
8.073303461074829
9.364041835069656
9.918541073799133
11.740009158849716
12.367256075143814
10.858680129051208
9.544311374425888
9.014450907707214
7.863376170396805
7.008671924471855
7.948113888502121
16.680615663528442
24.782734513282776
25.370421290397644
26.33679485321045
26.46096032857895
26.12878853082657
25.904813170433044
26.234439074993134
24.909486293792725
25.81904447078705
24.31765389442444
23.874916791915894
23.33819890022278
20.78537756204605
18.23326086997986
16.512101233005524
14.336818754673004
13.384535402059555
11.249967902898788
10.170754134654999
9.738504350185394
8.834178924560547
8.190224021673203
7.5763899981975555
6.655017793178558
7.125481933355331
5.713887169957161
17.54750257730484
16.735446751117706
15.056015074253082
12.425826221704483
12.277409762144089
9.944832414388657
8.43489196896553
7.618538111448288
7.042409837245941
6.1696387976408005
5.0389872044324875
5.101636812090874
4.584627419710159
4.63340736925602
23.754014432430267
26.126531898975372
25.4545356631279
24.997474133968353
25.78197193145752
25.941701531410217
26.49554455280304
26.706860303878784
26.204319059848785
26.424117267131805
27.121450126171112
25.849752485752106
26.188617706298828
25.849694073200226
25.665428578853607
25.559900104999542
25.938694655895233
25.100784838199615
26.33208179473877
25.92212688922882
26.46581256389618
26.56507432460785
25.267574906349182
25.37580507993698
25.102578163146973
23.768762946128845
24.356246292591095
22.222919285297394
21.146398842334747
19.223283529281616
15.501808047294617
13.735165536403656
11.81363993883133
10.782781183719635
10.179647624492645
7.718830168247223
6.952423185110092
7.276383861899376
5.718817353248596
13.773759633302689
12.010183453559875
11.949825763702393
10.073070704936981
8.969089031219482
7.20378315448761
7.492768406867981
6.622184410691261
5.583647444844246
6.605476796627045
6.4081230610609055
6.262011259794235
5.923701271414757
5.589045941829681
5.940247505903244
8.101717829704285
7.520005404949188
8.79090341925621
7.98444664478302
6.539639383554459
5.948866635560989
6.3799222856760025
11.509035974740982
10.728909224271774
8.832752168178558
8.093670904636383
6.524553716182709
5.494371920824051
5.349363386631012
4.410271883010864
4.158219993114471
3.343512512743473
2.8317476958036423
2.9213662892580032
2.544693537056446
3.107000097632408
2.7311170026659966
2.2792875170707703
14.125248968601227
11.11334627866745
11.991702258586884
9.733800202608109
9.17995896935463
8.06238928437233
7.233798056840897
7.109077215194702
6.516835987567902
5.293017253279686
5.113145515322685
4.982852324843407
6.595463186502457
7.13566030561924
7.768259584903717
9.570628553628922
7.785077512264252
6.367551639676094
6.497939079999924
4.494449555873871
3.9220974445343018
4.176963970065117
3.6613757461309433
17.136652767658234
14.88343894481659
13.284639447927475
12.241568207740784
9.869699746370316
9.24393054842949
8.45619022846222
7.606807172298431
6.48986728489399
6.543017998337746
5.4943381398916245
4.916314959526062
6.4939451813697815
8.114302724599838
7.892940938472748
6.878309354186058
5.080921322107315
3.792367823421955
4.007289260625839
3.007735550403595
2.285353548824787
2.4039794355630875
1.6260821484029293
1.6333242133259773
22.67685341835022
22.573793947696686
21.548438787460327
20.514886736869812
17.1321622133255
15.948525786399841
13.529091507196426
11.695875227451324
10.693061202764511
7.650270909070969
6.252442196011543
6.15318101644516
5.9199090003967285
5.53728412091732
4.502195492386818
4.807569295167923
21.92013919353485
26.07787322998047
26.319218635559082
25.501292049884796
25.04685550928116
26.04774761199951
25.961364567279816
25.262819528579712
25.417212426662445
26.28364634513855
24.71316146850586
25.341673731803894
25.53719335794449
24.545822143554688
24.29507404565811
22.498428404331207
22.05567556619644
19.886423647403717
17.813323438167572
16.396352291107178
12.709929019212723
11.049649029970169
10.809084564447403
9.33082726597786
7.670391798019409
6.480318039655685
5.857135370373726
5.123855993151665
16.03940910100937
23.171615958213806
25.596842527389526
25.743296205997467
23.965673506259918
22.981532216072083
21.320186495780945
20.11480438709259
18.372487545013428
14.642155826091766
13.564466059207916
10.735509067773819
8.482828676700592
6.507037714123726
7.274996563792229
6.065695554018021
6.012868836522102
20.731839299201965
17.606163799762726
16.646885871887207
14.80915105342865
12.506926625967026
11.677897155284882
9.948759734630585
8.128194957971573
6.114204794168472
4.663196578621864
4.451232075691223
3.979055017232895
21.549658477306366
19.493489503860474
18.85534816980362
15.829745948314667
13.760118573904037
10.375157445669174
7.754407703876495
7.135198161005974
6.02067232131958
6.009408012032509
4.679536387324333
4.604574158787727
3.122655175626278
3.4075498580932617
13.96670177578926
20.928653299808502
25.145415425300598
24.609139680862427
24.014285802841187
20.774882376194
20.04110485315323
18.144994735717773
14.455066114664078
10.832164347171783
7.545029729604721
6.791353911161423
5.995884984731674
5.1206329464912415
4.51421944797039
5.201213836669922
6.370399504899979
6.696934774518013
9.218618333339691
7.918741405010223
11.222807705402374
15.363901972770691
18.97938895225525
21.13556170463562
22.476252377033234
23.26859974861145
24.261627435684204
25.674174308776855
24.859473407268524
23.103041410446167
22.501949071884155
20.623507022857666
18.248916625976562
15.47413569688797
14.477482855319977
9.783371686935425
7.107875347137451
5.591115489602089
4.854080051183701
5.150404736399651
12.463674396276474
20.073446452617645
24.140479683876038
25.572333693504333
25.98860800266266
24.471063017845154
25.91837865114212
26.434077560901642
26.7583087682724
25.653681218624115
26.069084584712982
25.424732983112335
25.81996375322342
25.79795080423355
25.342894196510315
25.848789155483246
25.134542405605316
25.143177270889282
27.272821366786957
26.156023263931274
26.019092738628387
25.525710582733154
25.83417183160782
25.819426119327545
26.092201709747314
25.14333587884903
25.446839153766632
25.7114235162735
24.55197584629059
24.20859706401825
22.948416113853455
21.501806557178497
19.189303398132324
18.41384667158127
15.007970929145813
11.591453433036804
10.239288926124573
9.984923005104065
8.712449163198471
7.249286592006683
7.578588992357254
6.432721331715584
6.119373589754105
6.917147561907768
6.428720220923424
15.533637702465057
21.759411931037903
25.647374153137207
24.801139891147614
24.226677000522614
23.391415238380432
21.688983976840973
22.55275696516037
20.707017183303833
19.597076892852783
18.277071833610535
16.83368408679962
14.861625790596008
11.341802597045898
11.244419574737549
9.280900776386261
9.513024151325226
7.522186905145645
7.084711283445358
6.699539393186569
7.725920140743256
21.33596044778824
19.87085121870041
17.636682987213135
16.314457714557648
13.375865399837494
10.588859647512436
10.091832399368286
8.660563468933105
8.502247661352158
7.5185524225234985
8.959210842847824
8.402912318706512
8.440215528011322
8.736684113740921
8.082987874746323
8.029129356145859
8.74310877919197
8.16319340467453
8.799766302108765
7.661616176366806
8.526077270507812
8.133221089839935
9.7538343667984
7.3721344619989395
7.398209765553474
6.431430071592331
7.032776400446892
5.59759421646595
6.447276204824448
6.078154101967812
8.251220345497131
12.411069720983505
15.953027546405792
19.69628930091858
17.813924193382263
15.094049155712128
12.954205602407455
11.719550222158432
10.016223758459091
8.926290541887283
7.998584181070328
8.466130197048187
9.391569286584854
11.076851725578308
12.227027118206024
12.393173933029175
10.327900379896164
8.632242858409882
8.17763575911522
6.5569208562374115
6.775646328926086
6.04427108168602
6.185869514942169
7.398711621761322
8.514923930168152
6.975380226969719
10.081564217805862
13.064281970262527
11.39385536313057
10.499387860298157
8.349270522594452
6.915917679667473
6.882378697395325
6.175116211175919
10.561165869235992
20.322644531726837
23.585331916809082
25.542591869831085
24.191469252109528
23.922381103038788
24.49988144636154
23.895018756389618
23.120749592781067
23.163259208202362
20.609096467494965
19.809404134750366
17.596015453338623
16.07074075937271
14.045379877090454
13.084182262420654
10.104430258274078
10.293800950050354
8.98239004611969
8.174821883440018
6.787664368748665
6.299468010663986
6.025589972734451
6.113802492618561
10.067968785762787
13.108372151851654
12.223064631223679
12.386156350374222
15.812298238277435
13.575865864753723
12.549753576517105
11.643966794013977
9.435231745243073
8.61225613951683
7.701835364103317
7.4101317673921585
7.112004429101944
5.8310853242874146
5.6317288428545
10.906397879123688
16.64808416366577
21.013268887996674
23.09868150949478
24.857600152492523
25.855909407138824
26.058999955654144
25.542078495025635
26.046051144599915
25.752626061439514
26.195509552955627
25.041104018688202
25.406549513339996
25.081714689731598
25.05960303544998
24.196606516838074
23.525194704532623
23.476661920547485
23.030129611492157
20.99543422460556
19.462262511253357
17.612296640872955
16.05278503894806
13.187039881944656
10.088315784931183
9.77724152803421
9.10772693157196
8.47687941789627
7.4896155297756195
6.580148667097092
5.902570307254791
5.464783012866974
6.249233201146126
12.376248687505722
10.862453401088715
10.202221691608429
8.087087243795395
7.333169981837273
7.06995652616024
6.626561164855957
6.6964806616306305
5.758626967668533
7.617826372385025
9.443152248859406
8.450890123844147
6.72661928832531
6.006014734506607
5.496395453810692
5.6540217846632
4.700824975967407
5.67028184235096
5.475950390100479
5.2820951491594315
17.588761806488037
22.832850754261017
24.89304918050766
24.931258380413055
26.113106966018677
26.34836435317993
24.7530078291893
24.460269808769226
25.23445200920105
24.357430696487427
24.006341099739075
23.123364865779877
23.289516866207123
21.45569384098053
19.46467411518097
17.9524946808815
17.11061143875122
16.078940391540527
12.856984913349152
11.281402975320816
9.384749382734299
8.347015678882599
7.701637357473373
7.354745119810104
5.493048712611198
6.181484326720238
5.452631190419197
5.974181294441223
6.947382315993309
7.3039804100990295
8.216859340667725
6.983518451452255
8.341022074222565
7.211285337805748
6.960858881473541
6.2151647210121155
6.398209750652313
5.829594328999519
8.242323637008667
13.831367075443268
12.686781376600266
10.971297472715378
10.279622793197632
8.957203984260559
8.21205461025238
7.291994363069534
6.418177574872971
12.740560114383698
18.72333937883377
21.90455400943756
19.81266361474991
17.883763194084167
15.942691028118134
14.08887991309166
13.074968099594116
9.954318702220917
8.926333606243134
7.398996025323868
5.636003404855728
5.390812322497368
5.774772807955742
5.416591599583626
6.134895339608192
6.268181592226028
5.79115217924118
20.94566434621811
25.304828345775604
25.994766771793365
25.88012558221817
25.60752111673355
26.10113102197647
25.948791563510895
26.056469798088074
26.318085491657257
26.294248342514038
25.54727613925934
25.59651130437851
26.079216957092285
25.675710439682007
25.847051978111267
25.05387234687805
26.008109986782074
25.54428082704544
24.58384919166565
23.813462257385254
25.147606015205383
22.70797598361969
22.188049495220184
19.52486902475357
18.01166933774948
14.186411529779434
13.90426617860794
11.604853510856628
10.257193893194199
9.278032660484314
7.307962000370026
7.134491637349129
6.3791523873806
5.247256517410278
5.2333773374557495
4.75080893933773
15.34570050239563
21.897935569286346
25.33250892162323
24.5240261554718
24.306483149528503
21.984613716602325
20.497468650341034
18.0991171002388
17.6249680519104
13.622383385896683
13.168051362037659
11.13860434293747
9.936154454946518
8.536283403635025
6.8797630071640015
6.117190018296242
5.67198221385479
5.309609815478325
4.465167582035065
4.546439677476883
5.048901528120041
22.740163683891296
25.629557192325592
26.100163161754608
25.45946604013443
26.0290430188179
24.47025364637375
23.916568160057068
22.168221652507782
20.048000395298004
19.712218701839447
16.97078311443329
15.094131529331207
13.066305100917816
11.216782540082932
10.198850601911545
7.960594326257706
7.921839237213135
7.3157908618450165
6.561048120260239
7.240971997380257
8.62944808602333
8.345369070768356
18.90907394886017
25.203847348690033
23.366354823112488
22.13828730583191
20.010711669921875
17.87925833463669
16.129691064357758
13.839335471391678
12.503289848566055
11.357737511396408
9.60545226931572
6.995367273688316
7.180490851402283
6.824403941631317
7.1177689135074615
19.417877793312073
17.75583177804947
15.257406562566757
14.275337934494019
13.336619317531586
11.24038752913475
10.758917093276978
9.0290687084198
6.786509722471237
5.895718216896057
5.432734504342079
4.897978663444519
11.16589966416359
10.55143055319786
7.741686582565308
7.28211010992527
6.026791572570801
6.382725492119789
7.303196281194687
5.300134286284447
5.777557134628296
5.472597807645798
5.67198483645916
4.711266249418259
6.651510536670685
14.413257420063019
21.14050167798996
17.47129452228546
15.595015704631805
14.039977848529816
11.865678399801254
8.710046380758286
7.153398498892784
7.002248257398605
6.071419760584831
4.827683076262474
4.379470869898796
3.9638900607824326
3.2427931874990463
4.575751215219498
6.297861725091934
6.004920944571495
11.977530777454376
10.361570805311203
8.442935287952423
7.179458856582642
6.048205599188805
4.362630128860474
6.0749043226242065
6.530626937747002
11.701316684484482
20.940523087978363
24.057494938373566
23.559338808059692
22.956806778907776
21.237145245075226
21.336442232131958
19.891390204429626
17.18169593811035
15.99292278289795
16.411894857883453
14.084152907133102
14.047835350036621
11.665510892868042
11.118039101362228
9.750313997268677
8.168837010860443
7.309934318065643
6.774520665407181
6.19686421751976
5.648326367139816
5.17268568277359
5.560781866312027
6.291884258389473
15.003810167312622
23.498145580291748
24.49821937084198
25.893131256103516
25.612292051315308
24.561710119247437
25.627751767635345
26.14098310470581
24.70720911026001
26.119050085544586
24.98932683467865
25.58649355173111
25.165742814540863
25.09699946641922
24.82077807188034
24.443216145038605
23.56432455778122
23.046092987060547
22.25071656703949
20.118803918361664
18.211330950260162
17.824697017669678
15.356355845928192
15.465611696243286
12.473483145236969
12.13190472126007
11.453384220600128
10.645563513040543
10.403714001178741
10.337876737117767
10.617935240268707
10.19716626405716
9.969215750694275
10.41923588514328
9.1003877222538
8.207490056753159
7.075951308012009
7.313480466604233
6.917716696858406
14.969842493534088
12.864377200603485
11.64402687549591
11.925383388996124
9.763768523931503
7.946171551942825
7.380185931921005
6.573264837265015
4.907380819320679
4.7588419914245605
4.768096327781677
4.377619981765747
4.116694614291191
21.640582144260406
25.889065325260162
26.011058688163757
25.07984697818756
24.765130281448364
23.289874851703644
24.376993119716644
24.071589589118958
22.372679889202118
21.167989671230316
19.819352328777313
17.72171950340271
14.936057984828949
12.58361902832985
10.148302614688873
8.777016043663025
8.028315097093582
7.835320025682449
6.419549256563187
6.5989572405815125
4.983202829957008
5.365542635321617
5.522438138723373
5.138461694121361
5.775179624557495
14.522527277469635
20.43335849046707
23.764189660549164
24.571641981601715
22.524681627750397
21.36435228586197
21.53367656469345
20.058681964874268
18.20407259464264
17.729695439338684
12.652933895587921
13.86211758852005
12.900863379240036
9.335029780864716
9.532975673675537
8.321871161460876
7.341252535581589
7.670815736055374
6.773866295814514
9.81618419289589
9.492219358682632
9.05964794754982
7.181564778089523
7.466084778308868
7.334944576025009
6.379813104867935
6.736023962497711
5.669290378689766
5.962760895490646
4.987547978758812
10.94530338048935
19.584052979946136
23.74748718738556
25.49713844060898
25.536710739135742
25.226482033729553
24.544823110103607
24.666807115077972
25.920646846294403
25.0777388215065
24.7428520321846
24.16934710741043
24.171500205993652
23.18267947435379
21.668501913547516
19.931671142578125
19.027625501155853
17.174557089805603
16.02588802576065
14.115397602319717
12.45430713891983
11.456556260585785
10.879647850990295
9.259241491556168
9.458235085010529
8.71508452296257
9.380610227584839
9.795843839645386
7.598730564117432
7.8624303340911865
7.238332748413086
7.248108923435211
6.934832617640495
6.927904859185219
7.212728351354599
6.493449822068214
6.913804739713669
15.257185101509094
13.368764728307724
11.490934789180756
10.127658039331436
9.352369755506516
8.737672865390778
7.664178758859634
6.595575168728828
6.189203083515167
7.73014372587204
9.117074072360992
10.426406502723694
11.454271912574768
10.007781445980072
8.71397578716278
8.230975657701492
6.454900026321411
5.351404920220375
4.871325045824051
5.502421528100967
5.974654480814934
5.155685558915138
8.013790369033813
8.264632940292358
6.28852915763855
6.062184453010559
5.7213562577962875
4.547778829932213
5.632469639182091
7.80646288394928
8.79948279261589
11.057634234428406
10.492204755544662
8.058846592903137
7.774917453527451
6.984450951218605
6.048339158296585
5.59785583615303
5.193156570196152
4.550085365772247
5.409225299954414
11.483199894428253
21.420796930789948
23.881176710128784
24.24175798892975
23.311000168323517
21.828983545303345
21.338147342205048
17.919491827487946
15.54461419582367
12.426183730363846
9.721876084804535
7.620117515325546
5.135633081197739
4.400609031319618
4.9515446573495865
4.9995687156915665
22.180633902549744
25.1322124004364
26.356150567531586
24.36494904756546
25.75122970342636
25.248861491680145
26.20704936981201
25.746074497699738
25.206154346466064
26.269985914230347
25.67659330368042
25.828846335411072
25.65047252178192
25.539003491401672
25.764215171337128
26.11219209432602
25.60735821723938
25.222434639930725
25.860840678215027
24.92547971010208
25.710223853588104
25.84756726026535
24.764420807361603
24.73065537214279
25.35117918252945
25.704284012317657
24.825847268104553
25.792613744735718
25.061258852481842
25.590250492095947
25.7732971906662
25.649186193943024
25.10449492931366
23.85091280937195
25.058991372585297
24.92304354906082
24.519327580928802
25.390644013881683
25.801156640052795
26.004818201065063
25.27670794725418
25.984462440013885
24.82721209526062
25.268673419952393
26.66195422410965
24.984237790107727
25.98241412639618
25.497990012168884
25.666420578956604
25.146640062332153
25.647979378700256
25.93209159374237
24.80448669195175
26.349731147289276
25.844659507274628
24.998382210731506
26.365152657032013
25.14832031726837
25.128693163394928
25.758670568466187
24.85438221693039
26.329827427864075
24.87086123228073
25.33972704410553
25.36996155977249
25.98196768760681
25.9226216673851
24.809933722019196
25.65787172317505
25.28921288251877
25.818725526332855
25.67276793718338
25.72435975074768
25.750728964805603
25.693278431892395
24.716608583927155
25.22793424129486
25.793090283870697
25.087410151958466
25.48335176706314
24.948126435279846
24.59185779094696
23.88226044178009
25.208340227603912
22.507033586502075
23.235221564769745
22.394878447055817
20.423876345157623
19.031576991081238
17.965864539146423
16.07878202199936
14.840888500213623
12.79517063498497
10.97202953696251
9.64733561873436
8.853386461734772
8.952898770570755
8.633650541305542
7.935996830463409
19.849643051624298
25.14140659570694
26.986059367656708
26.12496691942215
25.553797006607056
25.728657722473145
26.0963174700737
26.558633983135223
26.044425308704376
26.418773531913757
26.071848452091217
25.969174802303314
25.421672224998474
26.259303271770477
26.056378304958344
26.123269200325012
25.035622894763947
24.97239124774933
25.14679503440857
24.947054088115692
23.618955075740814
23.782685577869415
22.210136830806732
20.38308721780777
18.10115212202072
14.849877268075943
11.795527398586273
11.228530406951904
10.581974446773529
9.02848133444786
9.957503199577332
8.511639446020126
9.261123687028885
9.138395309448242
10.738543838262558
9.438581615686417
10.034643471240997
8.1688751578331
9.14712929725647
10.817515015602112
9.328759133815765
9.071621358394623
8.238749355077744
8.982020437717438
7.985440492630005
8.135592699050903
20.103461980819702
17.408072352409363
18.969242572784424
15.3675856590271
14.763883352279663
12.276975870132446
12.136162549257278
11.457635462284088
11.494889050722122
8.952473104000092
8.509727358818054
7.964019000530243
7.373222842812538
7.646705389022827
7.184197276830673
6.605152398347855
6.754632234573364
6.090958654880524
15.275895476341248
20.97777771949768
24.06994092464447
23.51877534389496
22.744533896446228
20.431652784347534
17.86636209487915
17.17123830318451
17.545508086681366
18.693869590759277
19.625370621681213
22.460285663604736
23.559755861759186
22.7143691778183
23.41887217760086
22.95463538169861
24.02244758605957
22.498415350914
21.72143667936325
18.12640345096588
17.097118139266968
14.041452497243881
12.026296585798264
12.84119439125061
10.78081625699997
9.286263257265091
9.11544382572174
9.458419293165207
9.06378561258316
8.54462656378746
7.923728168010712
7.293887943029404
7.029807135462761
8.55355054140091
7.037890121340752
7.304110363125801
11.368282169103622
19.481300175189972
22.98346585035324
25.7669335603714
25.84647786617279
26.441661834716797
26.179833590984344
26.071824431419373
26.158945083618164
25.742047905921936
25.94931560754776
24.99648082256317
26.43767112493515
23.556455433368683
23.58780527114868
22.24429166316986
21.58779287338257
20.373140335083008
18.80855906009674
15.580847442150116
14.27540010213852
13.115654438734055
11.44704955816269
10.675976991653442
8.775671809911728
7.7862741351127625
7.247405007481575
6.7055748254060745
6.4945792108774185
21.071822702884674
24.381286680698395
25.01410734653473
24.876624763011932
24.417311906814575
24.5312340259552
21.420055389404297
21.20308393239975
19.6541228890419
16.492151618003845
15.107549011707306
14.612401187419891
12.413433730602264
11.946380823850632
8.87289908528328
8.034775257110596
7.6503110229969025
7.553952991962433
6.167967796325684
7.241613984107971
22.602102756500244
27.313266456127167
25.684363067150116
26.648256540298462
25.962876319885254
25.99659126996994
26.41364896297455
25.74747782945633
26.283658027648926
25.566544353961945
27.46381962299347
26.782685697078705
25.395193219184875
26.36351704597473
26.23673379421234
25.755561769008636
27.022999823093414
26.336574018001556
26.33560073375702
26.124687016010284
25.55782949924469
25.31535303592682
25.77890819311142
25.69920116662979
26.724374413490295
25.92929983139038
25.80854731798172
25.97789716720581
25.492667138576508
25.275324642658234
25.446143567562103
24.327709197998047
22.78367954492569
20.943463385105133
19.324488639831543
17.822453439235687
15.881750345230103
12.948091894388199
12.241247951984406
10.44037801027298
10.063499599695206
10.530036509037018
10.032750397920609
10.070010006427765
9.2965849339962
8.824797213077545
10.100181818008423
10.496607899665833
9.434743344783783
9.279087662696838
8.203982323408127
7.917999684810638
8.634750723838806
7.962020725011826
7.900745630264282
7.776737749576569
18.308576822280884
23.92940455675125
25.103480339050293
26.03856885433197
25.873484790325165
26.159189105033875
26.2882581949234
24.67892235517502
25.318397879600525
26.01314228773117
25.412508964538574
25.083342373371124
25.237025678157806
24.699749290943146
24.504287540912628
24.107535123825073
24.100759387016296
22.574251294136047
20.578774631023407
20.2134969830513
16.777848303318024
16.27757889032364
15.972222447395325
13.595775246620178
12.352850884199142
11.129130482673645
11.154174983501434
15.785566687583923
20.03347337245941
17.745238840579987
15.46122270822525
15.081434071063995
12.7088563144207
9.847853422164917
8.328708052635193
7.31824517250061
6.77785287797451
7.433345317840576
6.666493475437164
5.9514075219631195
21.51273113489151
18.89453899860382
17.441209256649017
15.253412365913391
13.767977058887482
10.866130739450455
10.726750075817108
9.09921708703041
7.725964695215225
7.620003193616867
8.411969482898712
7.136698782444
6.509962648153305
7.4505883157253265
18.350942730903625
15.89579564332962
13.614195197820663
11.999772399663925
9.746370524168015
8.944730550050735
7.213609740138054
6.726258248090744
6.006223648786545
6.312852054834366
6.149636477231979
6.88970322906971
6.772790372371674
7.105853468179703
7.416905492544174
6.73495614528656
17.4871426820755
