0.056262001398863504
0.05482447174654226
0.05426497129519703
0.05573533089773264
0.055459318531575263
0.05578946786772576
0.05525171087538183
0.05377514824795071
0.05517688047984848
0.05618369404328405
0.055040117527823895
0.055035081913956674
0.05570731364969106
0.054975186170850066
0.0550740882736136
0.05521298196435964
0.055895108127515414
0.05427296910784207
0.054456873984236154
0.05452183154193335
0.05471145901174168
0.05505251879549178
0.054161388778084074
0.05497726472458453
0.05460208797194355
0.05618849380698521
0.05491059963787848
0.05465542062120221
0.05563607141993998
0.05542443773811101
0.05521671528003935
0.0542929607181577
0.05549803773283202
0.05611028231214732
0.05609851752342365
0.05538909973074624
0.0542284312468837
0.05550370571836538
0.055776524139218964
0.05454391099010536
0.05487628087757912
0.05601477232812613
0.05501501289109001
0.05477923299622489
0.05469085684126185
0.05351998702826677
0.055559506563440664
0.05574329105365905
0.05484594387417019
0.05622488888184307
0.054506784359546145
0.05578075356788759
0.054845739196025534
0.05535967536343378
0.05555511336569907
0.05438373273864272
0.05574478319795162
0.055761550673196325
0.054560837505050586
0.055880793088363134
0.05470488480386848
0.05430480613358668
0.05516982027802442
0.05404773658483464
0.05492290897745988
0.05516453287964396
0.05512972162796359
0.05426826500115567
0.05565207976360398
0.05442729236165178
0.05400406216722331
0.05656245406316884
0.05543119891444803
0.0558001137796964
0.055821285999627435
0.055426589202397736
0.05548035938772955
0.055538522103233845
0.05497185606691346
0.05541738546162378
0.05597252467487124
0.05474083385342965
0.05564867811699514
0.055402241445335676
0.054777561030277866
0.05512326815005508
0.05466007896757219
0.05531255330242857
0.05528547218273161
0.0555263372061745
0.054542741852856125
0.05534864604851464
0.05519628181900771
0.0547422752406419
0.05443737771565793
0.055031221665558405
0.05452338402028545
0.05458491736317228
0.055111221234255936
0.055227599883437506
0.055542327512739575
0.0542403644631122
0.05497069392731646
0.05617930239350244
0.0552052087168704
0.05598984353673586
0.054275935579426005
0.055963194452488096
0.05571405646878702
0.055364139581797644
0.05418394836851803
0.05556375480773568
0.05616489756539522
0.05484242616512347
0.05428401385870529
0.055451059191909735
0.05606601991712523
0.05559850840290892
0.056362990328125306
0.05468124490289483
0.05568581370425818
0.05540605958412925
0.054777508790721186
0.055170938108858536
0.056633220385265304
0.05544253896550799
0.055398598098690854
0.0550636062725971
0.05578210548083007
0.05555008424744301
0.05400944758548576
0.05517304407840129
0.05593445763406635
0.05541124856972601
0.05566233245190233
0.054744148126701475
0.055627578769417596
0.05538945150146901
0.05473463738417195
0.05479108391227783
0.055015193813233054
0.05445074470844702
0.055769455513654975
0.05553730405335955
0.055643211146161775
0.05529075942285999
0.05538905486901058
0.05512455037023756
0.055497456807643175
0.05636961371055804
0.05566276705212658
0.05549255097139394
0.05547510349788354
0.05426670393717359
0.05377643360043294
0.055627904785069404
0.05366746852450888
0.0550015677963529
0.0546410512743023
0.054598988475845545
0.0539560039051139
0.05470231933031755
0.05418660624491167
0.0554402217749157
0.0543414003077487
0.05511255985220487
0.05512628952601517
0.05538637918471068
0.054881536021639477
0.05441317630538833
0.05498392395747942
0.05376967374650121
0.0549109190415038
0.05501600378920557
0.054565263253607554
0.055842765477791545
0.056035151643300196
0.05372572017768107
0.054899057309739874
0.0543018249591114
0.05511678851507895
0.0549025193486159
0.054235238070759806
0.05410460438906739
0.05536405306884262
0.05423140636594326
0.055105012273998
0.054854697385962936
0.055304062540017185
0.05601893680250214
0.05534460230410332
0.05481174691703927
0.05519662770529976
0.05594007224863162
0.054042921929067234
0.05512361482033157
0.05457303377443168
0.05540335620571568
0.05624475068725587
0.055077514309232356
0.05514155115815811
0.05486872930123354
0.05461218384152744
0.05594227558140119
0.05480446912224579
0.05467343636701116
0.05456906797189731
0.05458355952032434
0.05659615895820025
0.05483799525791255
0.05491294443709194
0.055407783220289275
0.05562574309260526
0.054536461568204686
0.05598180289962329
0.0548110733179783
0.05589092800437356
0.05406858443166129
0.05447570589421957
0.05503222219522286
0.054908196718315594
0.0552931225811335
0.055753061275026994
0.05514615017818869
0.056238900126118097
0.05581758050902863
0.054553824906179216
0.05506545102252858
0.0548151609928027
0.055757566611646325
0.05409652020716749
0.054589071061855066
0.05479835086953244
0.05400223248398106
0.05530684159384691
0.05518469126582204
0.0540832541155396
0.055531897391119855
0.054577623539444176
0.054676354009643546
0.055040170931533794
0.05467650340142427
0.05590108674732619
0.05489372697229555
0.05620456176438893
0.05469350156454311
0.056684283137656166
0.0554903244246816
0.0558298630930949
0.05407381722761784
0.05557178608614777
0.05548624160110194
0.054063474548456725
0.05420596261501487
0.0543657949892804
0.055082100165236625
0.05474959265666257
0.05657643593258399
0.05503262566890044
0.0553552548863081
0.05513069652442937
0.05523847521544667
0.05464651006150234
0.05553296656216844
0.05435126748670882
0.05668341790988052
0.05505085190816317
0.05457115398712631
0.0555609893235669
0.05496571402909467
0.05514210076944437
0.053857297180002206
0.05589537296327762
0.05538550206256332
0.054211423310334794
0.05591567961891997
0.05537009053659858
0.05552007174810569
0.0555073131545214
0.05485254152699781
0.055138917108706664
0.05514564326585969
0.05461036380256701
0.055711684937705286
0.053496779986744514
0.055691185107207275
0.05502452307518979
0.054756459165218985
0.054931740460233414
0.05605993429162481
0.05477832800897886
0.05557994213086204
0.055011227042996325
0.055272851799600176
0.054655870866554324
0.054929230516790994
0.054876690861419775
0.05626759111328283
0.05440213390647841
0.054717442484616186
0.05571548299303686
0.05548898084998655
0.056035481165963574
0.055936091992407455
0.055560054741363274
0.05516094588710985
0.05585425582466996
0.05422278314290452
0.054562091772822896
0.05491755058937997
0.05510484915430425
0.05533290205858066
0.056074552123391186
0.05597247492369206
0.05349584058239998
0.053287209004338365
0.05482312811000156
0.05429468668626214
0.05594777133046591
0.05552252138477343
0.05565032527738367
0.054035378560001845
0.0549843689041154
0.05409226539086376
0.05455327779054642
0.055020567786414176
0.05565383794782974
0.05531103203611565
0.05612654769720393
0.05555309010196652
0.05523686599372013
0.05382214775818284
0.0545560916307295
0.055703915842968854
0.05554678635598975
0.0551200517838879
0.05569798832948436
0.05566181819267513
0.05512292936873564
0.05500071864298661
0.054746062127378536
0.05463927424898429
0.055148282526715775
0.054791821874459856
0.053586307181831216
0.05463526851599454
0.05645166889189568
0.056230252210298204
0.055946856116861454
0.054156028974830406
0.05468881283013616
0.05482906652105157
0.056165114967370755
0.05391161358420504
0.055701826477161376
0.055626508486966486
0.05524251257702417
0.0552492585266009
0.05490814294171287
0.05568685139041918
0.056100111398336594
0.05359435842183302
0.054767285839261604
0.05635071088363475
0.054613504576991545
0.05454086193458352
0.05535585394318332
0.05397906947109732
0.05440244406963757
0.05619310500333086
0.05639044145209482
0.054541306337341666
0.056237028578834725
0.05455636914302886
0.05507406320430164
0.05397949849248107
0.05499852230968827
0.05437329930282431
0.055602283577172784
0.05465061564245843
0.05613443540642038
0.05441061868259567
0.0557158990559401
0.05481806938587397
0.05550800982382498
0.055329739097942365
0.05348141693139041
0.05574725636870426
0.056004849098826526
0.05494125643235748
0.054686811492501874
0.053835462511415244
0.05339964742415759
0.05550249518273631
0.055228317687578965
0.05428067853790708
0.05498633457318647
0.05513530386815546
0.05613361694304331
0.05466579100539093
0.055595450727196294
0.05465209392423276
0.0544244624197745
0.05519057948185946
0.05530685327357787
0.053098994178071734
0.05491444740800944
0.055885481102450285
0.05592303806224663
0.0555634838037804
0.054017101665522205
0.05579748866875889
0.05469127119431505
0.055598486795133795
0.05680324209606624
0.055100462057453115
0.05530139754591801
0.05469529914444138
0.05586247674364131
0.056709592947299825
0.05635044743576145
0.053631202288670465
0.054112364481625264
0.054149796056663035
0.0564453782972123
0.054639698846585816
0.05445073717055493
0.05392171075254737
0.055157061704449006
0.054887799931748305
0.054886870113477926
0.054380293058784446
0.054991941127809696
0.0553679389613535
0.054444543606223306
0.05487304559392214
0.05468861480221676
0.05525410122208996
0.055933905321580824
0.05438168323416903
0.055494609539891826
0.05635949343377433
0.05430499722024251
0.05554771280185378
0.05387119778060878
0.05484980128494499
0.055423004312615376
0.05534806581817975
0.05466351675022452
0.05448851579785696
0.054520221126949764
0.054882849855857785
0.053450582092409604
0.05483756495232228
0.05442066637442622
0.05644149914223817
0.05564421444614709
0.056437995399392094
0.05524940513896581
0.05481456201232504
0.05498130620617303
0.05582262247844483
0.054624389224045444
0.056131490318875876
0.05513242004417407
0.05477676443842938
0.054643971780024
0.05486690055477084
0.05499686332223064
0.05504311499680625
0.054801999911433086
0.05542771483305842
0.05607014468478155
0.056487535815904266
0.054555863312998554
0.05538214262924157
0.056833233784345794
0.05427437342405028
0.05447644662854145
0.05478899804620596
0.0546599435256212
0.05442443247193296
0.05415995464500156
0.055993563360971166
0.05498872071621008
0.05472412197741505
0.055046120658516884
0.05460861786923488
0.05570156866815523
0.054584908441029256
0.05498052116672625
0.05288770701190515
0.05479023840234731
0.05483031027324614
0.05503947155739297
0.056033863314951304
0.05621560196050268
0.05627846957031579
0.05541017226460099
0.05356793814826233
0.05426750816513959
0.05435211401891138
0.05418037629897299
0.05552059185720282
0.055482782121544005
0.05575317335205909
0.055127707122665015
0.05548273094427714
0.05494224798712821
0.05546170842535503
0.0551485599426087
0.05547079617463169
0.05401915008951619
0.05498612359588151
0.05508191081935365
0.05492059135031013
0.05390149564482272
0.05428614727134118
0.05560539257021446
0.05501350138183625
0.05635627420451783
0.05441084558151488
0.05600714164938836
0.054558821304453886
0.054861014843481826
0.055403622915036976
0.05614464168684208
0.055048073882062454
0.05482517158270639
0.05545832435745979
0.05438699100159283
0.05517335528747935
0.05557775682245847
0.05451776315385359
0.05373928651715687
0.054899201981243095
0.05540661193845153
0.055323695591141586
0.05540114425275533
0.05473550888928003
0.055538961805723375
0.05517804648843594
0.054730671108700335
0.0551056312124274
0.054403440071837394
0.05548138779158762
0.05593853101891
0.054544480801268946
0.055376009935571346
0.054128460460560746
0.055776245124434354
0.05466581304608553
0.05475681663847354
0.0551561082702392
0.05476492732668703
0.05429995285885525
0.05569415267018485
0.05467135089020303
0.05499822378260433
0.05510470786248334
0.05415826803073287
0.054500589500094065
0.05467272382156807
0.05451925183115236
0.05493172174283245
0.055005237520163064
0.055230322574061574
0.05543736575236835
0.05589794423394778
0.05569618416666344
0.05614962127765466
0.0543379068676586
0.05555134370843007
0.053523426644460415
0.05462924468156416
0.05518311777814233
0.054889795943381614
0.05520525410065602
0.054505854361195816
0.05537090431425895
0.055472052188633825
0.05466988991611288
0.05521644433247275
0.054550624152398086
0.05655419666072703
0.05696091586105467
0.05336061160596728
0.05479282782107475
0.054995375792714185
0.05606860195439367
0.05587972678586084
0.0557000546141353
0.05474917835272208
0.05614567328848352
0.05507208142080344
0.055262597610635567
0.05391748278088926
0.053125956535950536
0.05558797056255571
0.054553200030568405
0.0547892117047013
0.05491950437135529
0.054170265182619914
0.054899674316402525
0.05659449513768777
0.0548325767958886
0.05431041390329483
0.05663188673861441
0.054904603071918245
0.055963814274946344
0.054220941185121774
0.055598685812583426
0.05414383222341712
0.0545887582393334
0.05488636921654688
0.05486681549336936
0.053752380088553764
0.05456740846784669
0.05515464556083316
0.05582716455683112
0.055395882091033855
0.05524164147391275
0.0557804047002719
0.05547520096297376
0.054564485983064515
0.05603509716274857
0.05467668894198141
0.05575384420262708
0.05479923341408721
0.05502231223908893
0.05449510126891255
0.054691627501597395
0.05501792092582036
0.05493936521997966
0.05697752901141939
0.054528644106540014
0.05506354748104059
0.05502700852957787
0.055249260794880684
0.05519958106924605
0.05452681613678578
0.05521515883083339
0.054893823005841114
0.05695687001934857
0.056234010740809026
0.05504465456942853
0.053593538017594256
0.055322853273537476
0.054729321840568446
0.05485592334116518
0.0552759721831535
0.05510152644455957
0.05497364127950277
0.054204501075219014
0.05387153696392488
0.05447202350842417
0.053985426004146575
0.05520875900219835
0.05483195989836531
0.056505055727029685
0.054206422973948065
0.05373794686420297
0.054906357245272375
0.05528112065985624
0.05537608125450788
0.0550020147311443
0.05466551961217192
0.05396014147481765
0.05444769158384588
0.05584397050188272
0.05535640547532239
0.055087056465708883
0.05547420145376236
0.055344500180581235
0.05565648049378069
0.05620365657523507
0.054891424249944976
0.054018416047256324
0.05492824451357592
0.05385232311891741
0.05468271634708799
0.05576550071418751
0.05601290199774667
0.0541370726950845
0.05414156076221843
0.05441500495180662
0.05378836274212517
0.05595305606038892
0.054255785569694126
0.05496069392575009
0.055196762703417335
0.05607698176027043
0.056005299869866576
0.054640792490317835
0.05464215019310359
0.053906870112768956
0.055646972734393785
0.05389335234394821
0.05570614236603433
0.0553614703421772
0.055062162413378246
0.05475667549944774
0.05464989416577737
0.05457381683663698
0.05590061717884964
0.05424363263773557
0.054245723900749
0.056108680939360056
0.05480616039130837
0.05512834280852985
0.05495426499146561
0.05542641121610359
0.054713584619094036
0.0547259595914511
0.054853788007676485
0.05508668459697219
0.05539156096347142
0.05452022351710184
0.054750673936723615
0.05625762567979109
0.05529756607757008
0.05526133164130442
0.055744684281307855
0.05587883921543835
0.055320256631603115
0.05477491560122871
0.05288373776784283
0.054840039323607925
0.05536658801975136
0.05481996721573523
0.05515100547017937
0.05535530580345949
0.05548989982162311
0.05433746034941578
0.054420619999291375
0.05691343685066386
0.055067099290681654
0.055644862479311996
0.05462745510521927
0.054737592674428015
0.055224423778781784
0.055077978593544685
0.05610978850745596
0.05452661818526394
0.055071659580789856
0.05577446739880543
0.05485537855565781
0.05346287286738516
0.05548294694563083
0.05448966052608739
0.0544321406596282
0.054378860417273245
0.05431420736749715
0.05494198366977798
0.05434864181734156
0.05495661664281215
0.055419012081983965
0.05556448702918715
0.05488650608458556
0.054990270182315726
0.05464606396526506
0.05444902450472
0.05479322272731224
0.05546516638969479
0.05575008718187746
0.05496043028324493
0.054459590046462836
0.054455958594189724
0.054802685970571474
0.055785029242542805
0.05457214694979484
0.054861555556271924
0.054784280559033505
0.05538859350963321
0.05397113555773103
0.05469344954508415
0.053960424917022465
0.05487352565432957
0.055821320005634334
0.054945034920820035
0.05491549431644671
0.055017593234879314
0.05505516169432667
0.055600577614313806
0.05445424472782179
0.05373020008119056
0.055589214600331616
0.054403573674790096
0.055810504092733026
0.05399940586357843
0.055905053653987125
0.05467921761010075
0.054324247073964216
0.05565408381698944
0.05540503447082301
0.055508131395981763
0.05447372356138658
0.05529783536985633
0.05475116443267325
0.05519489729704219
0.056814084098732565
0.05458388685474347
0.054727324517443776
0.05430569896088855
0.05548618935790728
0.054195404634810984
0.053514846938924165
0.05515378565178253
0.05633704215506441
0.05469280749639438
0.055818786915551755
0.056073200845276006
0.05530461783564533
0.05462478646404634
0.05500432082772022
0.05346208375704009
0.05487836145584879
0.054758461519668344
0.05557570422934077
0.0547714358453959
0.05431674892315641
0.05449099585348449
0.055308361294009956
0.055348544354274054
0.05485277208390471
0.05605400647618808
0.056070744767566794
0.05600430359299935
0.053723318325864966
0.05553114573012863
0.05506061990308808
0.05511931961518712
0.05320839827072632
0.055130397513494245
0.055976525272853905
0.053656389804018545
0.05477296704339096
0.05494891545822611
0.054381339034080156
0.053491098657104885
0.05523449542670278
0.055558071078849025
0.05384343121477286
0.05467200360908464
0.05452464182417316
0.055771399340301286
0.053420242555148434
0.05456693435553461
0.05453167943051085
0.054562160146815586
0.05392903448046127
0.0550490720434027
0.054724372745113214
0.054278995645290706
0.054588889423030196
0.05570249738411803
0.05505865173654456
0.05518474486780178
0.054450579244075925
0.054772122459326056
0.055122263365774415
0.054774534506577766
0.05439580605525407
0.05411838167310634
0.0562109935854096
0.05533688007744786
0.05489327430950652
0.05413196580593649
0.05493066712915606
0.05500701716118783
0.05518212076276541
0.0557675172422023
0.05446406979535823
0.05592925520068093
0.05445669143409759
0.05514611386752222
0.055553469150254386
0.05508631515476736
0.054516975329534034
0.05517636962940742
0.05520401164176292
0.05503094822779531
0.05646242476905172
0.0550982458062208
0.05448942107068433
0.055321291692962404
0.056406747326036566
0.05514923949704098
0.05318625025029178
0.05605568855025922
0.055201350660354365
0.055184503509735805
0.05503053081338294
0.054139669955475256
0.05642528422140458
0.05498148590413621
0.05395566201150359
0.05492639635667729
0.0548373351302871
0.05458430291400873
0.05537026715137472
0.055198274212671095
0.05554030172606872
0.055467303633122356
0.05473020329736755
0.053835597766010324
0.05523736645045574
0.054269531796308
0.055049696398782544
0.05590777586985496
0.05453134478375432
0.054815341891298885
0.05516905657896132
0.0557969612927991
0.05546210957982112
0.05444286066267523
0.05497356586784008
0.055219605750608025
0.05574029602394148
0.05476646292299847
0.05579057768045459
0.05531467645050725
0.054859561159901205
0.0532857541438716
0.05526133229068364
0.055234826817468274
0.055283474357565865
0.05397003460166161
0.05593684284031042
0.05536568932620867
0.055136396247689845
0.055240417494133
0.05504376921089715
0.05459898220578907
0.05447954211922479
0.054329174705344485
0.054413240553913056
0.05627284439833602
0.05461856156580325
0.054175554136236315
0.05369707103818655
0.05589200551912654
0.054496840602951124
0.055089457988287904
0.05394189153594198
0.05514970261901908
0.05542669415990531
0.054791844202554785
0.05487123934835836
0.05483554042803007
0.055512610231744475
0.054794302663140115
0.05312775137463177
0.056402881808025995
0.055756824107447756
0.05480052630264254
0.053869913184826146
0.05569929789271555
0.05546453486022074
0.05538431616696471
0.05497498423756042
0.055724174228089396
0.054897061414521886
0.05499975079692376
0.05423026267089881
0.05358548647382122
0.053925624502880964
0.05466906400033622
0.054625994838716
0.05483922452913248
0.05574918865568179
0.055372303579133586
0.05550796800162061
0.05378576440671168
0.05464429448147712
0.05394885990426701
0.05532163330644835
0.05434648904156347
0.05486884825768357
0.054667580776367686
0.054980509527013055
0.0540663649844646
0.05527106892077427
0.05472928970993962
0.05476480048673693
0.05433205807094055
0.05379121684927668
0.05496606104861712
0.05447953715156473
0.056269628808877314
0.05440087138777017
0.05517813290680351
0.055032220581779256
0.05408399272710085
0.054683815675161895
0.0549186690368515
0.055200458935360075
0.05688622972047597
0.053823844591534
0.05401781991531607
0.05444305049968534
0.055282159582930035
0.05480102924593666
0.05597351405231166
0.055779846046789316
0.05520832578258705
0.05490708511752018
0.05510640273132594
0.05600941649390734
0.05428340131220466
0.05512940394874022
0.05560563811377506
0.054914487880523666
0.054802255479444284
0.05428266576564056
0.05439899842531304
0.05405698041613505
0.0555341661474813
0.05488275655807229
0.055257572303162306
0.054671167734341
0.05363346561898652
0.055753174599885824
0.05443643610487925
0.05455790337146027
0.05538003967012628
0.05420772933939588
0.055706558689053054
0.053289895731722936
0.05428547500196146
0.05458312548944377
0.055694613487503375
0.05441033690840413
0.05369260922270769
0.0555451463751524
0.055014894271153025
0.05478195913383388
0.05413115883129649
0.05500316463621857
0.05546911107740016
0.0534456862242223
0.05480597124551423
0.055346245146211004
0.05541296483715996
0.05489687140288879
0.05483345593165723
0.05521703858539695
0.0540741105160123
0.05392059543373762
0.054874848130566534
0.05456025984312873
0.055375479239955894
0.0534622543509613
0.05496679198950005
0.05365042989978974
0.05438961879372073
0.05476088366413023
0.0547198487802234
0.0548769178949442
0.053905148944977554
0.055350437494780635
0.05399298383599671
0.05472285768155416
0.054114267286422546
0.05541560533492884
0.05386440681104432
0.0552518266831612
0.055134899555923766
0.055043039359588875
0.05469198616265203
0.055970501043702825
0.055174370638269465
0.05612835099964286
0.055577708311830065
0.0558944604563294
0.054583818491664715
0.05492897598196578
0.05551181049122533
0.055546015240906854
0.05553568383948004
0.0556284885333298
0.05549342647100275
0.05374810062494362
0.05427538632102369
0.05498477567380178
0.055871290735012735
0.05409509871606133
0.05482449769806408
0.05444805156730581
0.05559186161553953
0.05502153878842364
0.054191957864532014
0.05555904040738824
0.05448349949438125
0.05461209707027592
0.0542830105041503
0.05534082809572283
0.05423996898389305
0.054908567703023436
0.055027805146892206
0.05399089301135973
0.054537435788006405
0.05409447968486347
0.0539939424052136
0.055170647237900994
0.05474429096284439
0.054241114214164554
0.05518876288806496
0.05407488735545485
0.054883444268853054
0.054880093108295114
0.05524999611043313
0.05507407713594148
0.05621679590331041
0.056079853487972287
0.0541288899275969
0.05536325351749838
0.05621208644697617
0.05481080103709246
0.054518752736839815
0.05528658012008236
0.05381391420814907
0.0552782468002988
0.0560362537180481
0.05446102458881796
0.05454838757395919
0.05497302640833368
0.05521646422857884
0.054720334457670106
0.05539951266837306
0.05500937066062761
0.05518977574320161
0.05512323809307418
0.0562964989021566
0.05390498599081184
0.05415270497906022
0.054313024524162756
0.05464643064260599
0.05466523425457126
0.05404715134136495
0.05535963429429103
0.05555404164624633
0.054459790897453786
0.05501038532020175
0.054837401628901716
0.05395511297683697
0.05508148375884048
0.05577193454155349
0.05557932267947763
0.05425761807055096
0.05416310880718811
0.05470616958155006
0.05492654148838483
0.054848306068379316
0.053871346412051935
0.05531401647931489
0.055945132529814146
0.05360985210063518
0.05507059912815748
0.05578177101051551
0.055083627225030796
0.05597550757556746
0.0546233700679295
0.054924682841374306
0.05478214411778026
0.053891284007477225
0.05447451948202797
0.055341355360724265
0.05618908863834804
0.055234679426575894
0.05509030971188622
0.05431974333805556
0.05368094226105313
0.053724811292340746
0.05367444225703366
0.054759328966611065
0.054468093509058235
0.05459377254373976
0.054980087999865646
0.055397110707417596
0.054010528403523494
0.05405940315176849
0.05465964106770116
0.054919166997933644
0.05419296205036517
0.054680965540683246
0.05448394361519604
0.05494342714882805
0.05325467819056939
0.054783330098871375
0.05344456910825102
0.055014700250467286
0.054465399731270736
0.054725377578506595
0.05448094312669127
0.055816500944274594
0.05550498336197052
0.055661533393504214
0.05454103252850473
0.05480322597941267
0.05452424200666428
0.05426062013793853
0.0547632458346925
0.05597610766744765
0.05537705943243054
0.0535314782482601
0.05404678374725336
0.05450156922233873
0.05513263285138237
0.05370959529864194
0.05390109654945263
0.05529835959896445
0.054481826033224934
0.05508883252332453
0.05521142846737348
0.05553014912402432
0.05461045446645585
0.053997739876649575
0.055061542574549094
0.05422723924675665
0.055100347994084586
0.05473543354491994
0.05487654892203864
0.05294002073605952
0.05460757578839548
0.05430783354313462
0.0541636334710347
0.05522514710537507
0.05484449377581768
0.05434579973371001
0.05508420462865615
0.0546564031719754
0.054369693647458917
0.053994258923921734
0.055005074540531496
0.05535239342498244
0.05548764419836516
0.05460811892589845
0.05422528838425933
0.05476122216168733
0.05520195203826006
0.05556821270693035
0.05517649984540185
0.055893607712278026
0.05466686293220846
0.05447474554057408
0.05438577516360965
0.05355373123893514
0.05485465607125661
0.05335926644329447
0.05387123920627346
0.05477941985373036
0.055200012673594756
0.056264284809003584
0.05566024661857227
0.055003844368911814
0.054578056533500785
0.05510483332000149
0.054020353771193186
0.0546151382404787
0.053703485215010005
0.05504469482548302
0.05448948626508354
0.0538551372319489
0.05436130828093155
0.05532167426463275
0.05370138748185127
0.055520373052786454
0.05476551514038874
0.05506269627949223
0.05466453797998838
0.05452099443937186
0.055126255992945516
0.05431076693275827
0.05527446060477814
0.054813240853036405
0.05421236362417403
0.05417549221419904
0.05461266462043568
0.055463405542468536
0.05505113865910971
0.05358208469260717
0.0544613118381676
0.05470484494435368
0.05562829677728587
0.05520174393677735
0.05463098680957046
0.054851485960170976
0.05525026664508914
0.0548372981374996
0.05461657509295037
0.054298266772093484
0.054688112964868196
0.05521833403145138
0.05483437884140585
0.054685568349668756
0.057193942497178796
0.05589239514847577
0.05519409813496168
0.05513900866935728
0.05486785481480183
0.054991740094919805
0.05437135634383594
0.054134544250700856
0.0546197985404433
0.05551712284614041
0.05545106069439498
0.0549570377334021
0.05461948355878121
0.05298173387927818
0.05613558628283499
0.05459393680212088
0.05486807938905258
0.05374058109555335
0.05587543732144695
0.054868258550413884
0.054548038548091426
0.05419084404638852
0.05476756230564206
0.05488371116371127
0.055015907588312984
0.0535856280803273
0.05429845681828738
0.05442329201105167
0.055818924762206734
0.05488452426652657
0.054795831283627194
0.05424417006179283
0.055359609717925196
0.05569442998239538
0.05340243717182602
0.05446525221486809
0.05530360501325049
0.05363075952482177
0.054360095324227586
0.05602978072784026
0.054930107600739575
0.055673067376119434
0.0540500018196326
0.054970944174783654
0.054898740723729134
0.05532493145801709
0.05395079087611521
0.054692766498192213
0.056549196764535736
0.05532807136842166
0.05371473591912945
0.055114823200710816
0.05398196898022434
0.05395589808722434
0.055452422393500456
0.054637731562252156
0.05446144802408526
0.05405548978342267
0.054077483486253186
0.055837162191892276
0.05467225627944572
0.05537717569859524
0.05502031215473835
0.05530837646983855
0.05473003404586052
0.05385026943258708
0.05540252441824123
0.054457482630823506
0.05390798427106347
0.055551971157910884
0.054402563990151975
0.05556489796072128
0.055127327319496544
0.0543563127721427
0.054865504085682915
0.053849849242396886
0.05513880163198337
0.054995257309201406
0.054992951851090766
0.05441778101521777
0.05458680065567023
0.055160854462883435
0.05421726764325285
0.053876645944910706
0.054239191758824745
0.05384657432841777
0.05415500444905774
0.05475674740227987
0.05496114811285224
0.05462971255292359
0.054489918298713746
0.055472419306170195
0.05407518838001124
0.054452072792628314
0.05551415387526504
0.05495508632156998
0.05418200570420595
0.05424784121350967
0.05509941560558218
0.05410094600665616
0.05454876130352204
0.05282127198734088
0.05421762634614424
0.055149570462162956
0.05399472110548231
0.055061627812392544
0.054725152300306945
0.0530824750658212
0.05541828285458905
0.05537576905589958
0.05527833491578349
0.05465585615274904
0.05315170292487892
0.05487360131337482
0.05481570464507968
0.053930918704281794
0.054887619025976164
0.05431914922519354
0.054698536077921744
0.053684930277086096
0.053667850015699514
0.05501977595667995
0.055167756419905345
0.05470724812403205
0.05489485874750244
0.05407570298666542
0.05425548829953186
0.05506912714190548
0.053759039656142704
0.05431775495162583
0.05468199835195264
0.05384001981110487
0.054685963381416514
0.05412122940651898
0.05506935126504686
0.05569101126093301
0.054194951511817635
0.05516572711348999
0.05546091946598608
0.053455975805263733
0.05350045235900325
0.05527660529514833
0.0562928601175372
0.05348047953521018
0.054192532235902036
0.054779403739303234
0.05380676435743226
0.053574189432765706
0.054463804632177926
0.05601908022799762
0.053889600798356696
0.05479616528646147
0.05381935706463992
0.05471489411138464
0.05451876229199115
0.05502396984411462
0.05523307315161219
0.054504209978404106
0.05461840532734641
0.05516923872346524
0.05310674354041112
0.05497834848392813
0.05457293302970356
0.05424648977168545
0.054569072928643436
0.055092431353841675
0.05583587409819302
0.0544956389858271
0.05464195939748606
0.05539635902277951
0.05537996430575731
0.05396312831726391
0.054756655621531536
0.05432296716753626
0.055360708054649876
0.05481711588072358
0.05571674421662465
0.05379437334522663
0.05464977012707095
0.05485476093599573
0.05452082417832571
0.05510328493619454
0.05445558220708335
0.053981299495717394
0.05517874616634799
0.054954309463937534
0.05368475862269406
0.05550233395297255
0.054575596641370794
0.05481989571671875
0.055553373762450065
0.05416719424283656
0.05451804477343103
0.056131964942323975
0.054503710356584634
0.053323989330237964
0.05442860244147596
0.05515344216109952
0.05465281515716924
0.05576106215266918
0.05481993131979834
0.054301149015373085
0.055360273332553334
0.05524996757412737
0.05434895436519582
0.05450572553490929
0.05462418148636061
0.05478877251698577
0.055389839715644484
0.054216664166233386
0.05602680880656408
0.05468599313098821
0.053903406911558704
0.05504462346470973
0.053946387215546565
0.053980779679477564
0.05475731974001974
0.05500766333170759
0.05455333078134572
0.05509410247395863
0.05417541106544377
0.05452632020933379
0.054187864563573385
0.055373785935444175
0.05473414463813242
0.054522877999261254
0.054072720911790384
0.05460704134020489
0.05372463406274619
0.05429318047572451
0.05540712247238844
0.05373414746463823
0.053447505608346546
0.05445569106814219
0.05602974864814314
0.05416638951828645
0.055590494093848974
0.05500827854120871
0.05427514667280775
0.05475910262975958
0.05498541148699587
0.05401591188638122
0.0548619630135363
0.0542306097013352
0.05550405933354341
0.05431131758814445
0.056235190268125734
0.05382063195975206
0.054482781493788934
0.05396665148145985
0.05439484916860238
0.053763904461447964
0.05563008863646246
0.05428695121554483
0.0546273124327854
0.05367086741171079
0.055230023830517894
0.05347870496734686
0.055268342830459005
0.05453049062816717
0.05447095772069588
0.05462652400092338
0.05512169603025541
0.05463225345920364
0.05538074392643466
0.0542906351347483
0.05463335313106654
0.05433540262856695
0.054676135107001755
0.05514058638982533
0.053877597809332656
0.05483422474389954
0.05391748689180531
0.054331607669155346
0.055769345131921
0.054104554268633365
0.05485897991093225
0.05474342924026132
0.054658268500134
0.054205454338443815
0.05530332876514876
0.05431022433549515
0.05570953056849248
0.05377378687990131
0.05358227559736406
0.05489259710157057
0.05316417296489817
0.053554960706605925
0.054556516150114476
0.05429484297928866
0.05503377321656444
0.05450660487076675
0.05405507789328112
0.054780668893727125
0.053661678419302916
0.05447312576507102
0.05568195836531231
0.05560401101138268
0.05473946629535931
0.053280893193004886
0.05518611377374327
0.054913276251681964
0.056015926884356304
0.05397467529473943
0.05395133580532274
0.05439880568337685
0.05363828043846297
0.054208465644478565
0.05495279804927122
0.05403903006481414
0.05498589856324543
0.05441916330710228
0.055703612333672936
0.05508768122308538
0.055738673043379094
0.05394283320674731
0.05477568541027722
0.05373197282278852
0.054542892594326986
0.0537335517219617
0.05480093384539941
0.05498646478554292
0.05480378813990683
0.05444805396837182
0.05431137013147236
0.05454498288781906
0.054246577394224005
0.05477976728070644
0.05518262041368871
0.055263442132854834
0.0541359562685102
0.054758165093517164
0.05455162885118625
0.05424197264983377
0.05466967186475813
0.0555536651663715
0.05455299657478463
0.05540329025461688
0.05440490367800521
0.05347427728884213
0.05359153912104375
0.05502094421899528
0.054593232096522115
0.05383940435058321
0.055453583987400634
0.05517038491598214
0.054141385455295676
0.05400270885547798
0.05437708670797292
0.054125936891068704
0.05452392447114107
0.05371832569835533
0.054342176063073566
0.054490126140080974
0.05477790264194482
0.054079216683021514
0.0538903885117179
0.0544709993446304
0.05406120552288485
0.054209422205531155
0.05368135275602981
0.055054595512046944
0.05524840879661497
0.05504495347122429
0.05549264739784121
0.05475696838766453
0.055347211342450464
0.053845959026148194
0.05401692269151681
0.05448822336620651
0.05465093278144195
0.05398858465377998
0.055068189485609764
0.05431859208511014
0.05620000122507918
0.05520677299682575
0.055628980004257755
0.053545604041573824
0.053926906068227254
0.054825016459290055
0.05407280640065437
0.0543118557161506
0.054951550328041776
0.0561052748325892
0.05455271838218323
0.055268370828343905
0.053888646043560584
0.05374803499944392
0.05353323615054251
0.05421953124277934
0.05457841652241768
0.05354288865055423
0.05549592219722399
0.0536501777387457
0.0545555470216641
0.05474336258521362
0.05507433959610353
0.054854078185599064
0.052975010983573156
0.054771875591541175
0.05440752584763686
0.05470397100725677
0.055011001457387465
0.053975573920979514
0.055624574510147795
0.05331647829916619
0.054231688038271386
0.05459349877128261
0.053484467263842816
0.055156118141894694
0.05390074849310622
0.05428026897243399
0.0551351974154386
0.05413060951832449
0.05415589229778561
0.05433163630186755
0.05517295982463111
0.053457980895473156
0.054720363221349544
0.05468146908970084
0.05456430428966996
0.05410778740224487
0.05497804150218144
0.05367798546467384
0.05488346441961767
0.05309148214109882
0.054443211574835004
0.054667287429765565
0.054656709642586065
0.054237920840023435
0.054998159072056296
0.054165995881703566
0.05406537115050014
0.054238480483036255
0.05496495991064876
0.05533434760036471
0.05495380606953404
0.05272733745368896
0.0547181572237605
0.05406374196172692
0.05391950294506387
0.05547214165744663
0.055605626286705956
0.05418349080900953
0.05537164591441979
0.05457394158838724
0.055495022352261
0.05483454660497955
0.0546187077088689
0.055997505613049725
0.054643486508211936
0.0551074490758765
0.05402240698822425
0.054640453490719665
0.05553867924390943
0.053517633305091294
0.05546014564060897
0.05296586894655775
0.05425078800362826
0.05533132621894765
0.05516870427709364
0.05509085130506719
0.05488600474927807
0.052827791158051696
0.05360342007952568
0.05332526355232403
0.05539745991882228
0.0535516306408681
0.0535732452171942
0.05494676393755071
0.055016821721437736
0.054284489477140596
0.054951834015810164
0.05515595642282278
0.05531614998108125
0.05379761353833601
0.05453395697804808
0.05371145294884627
0.05415589097356133
0.0541548738401616
0.05433154041384114
0.05476653374898888
0.05463260124633962
0.053905000731901964
0.054991230896121124
0.05398639870509214
0.0545770894314046
0.05424424215743784
0.05451320807333104
0.05499673637859814
0.055457299915360636
0.05385814158398716
0.05520687226817245
0.05533574788933038
0.0546836558241921
0.053001827756816056
0.05434941123894532
0.05575279004551703
0.05460097156719712
0.05381367454720021
0.05523684523359407
0.053700733800724265
0.05270769652634044
0.0540447897692502
0.054996922368445667
0.055147992597994744
0.05467765712091932
0.05445327731104044
0.05434568848613708
0.055089042860345216
0.05400435331830522
0.054582357726758346
0.054699718708434375
0.05387221112323459
0.054630127699056175
0.05459496398907504
0.05450726119488536
0.05442463929466612
0.05388418407164863
0.054957677306447295
0.05462090581568191
0.055851271870778874
0.05473109026934253
0.05595526299839548
0.05381693727031234
0.05434389529727923
0.054961480551355635
0.05543798785947729
0.05408916061242053
0.05358534427250561
0.054675798726748326
0.05461342191847507
0.0541289203283668
0.05424280785518931
0.05439362897959654
0.05565825672783831
0.05457302662398433
0.05325571801404294
0.05466749921652081
0.054032165246098884
0.05447748405276798
0.05427213307302736
0.05343821982751251
0.05464623880106956
0.053932450855427305
0.05316636858333368
0.054762975274570636
0.05459953200988821
0.05434708467328164
0.05398176834205515
0.05527023446302337
0.05478589160156844
0.054631396362310625
0.05436843756615417
0.05405473362588964
0.05538821040317998
0.05337616775614151
0.05484207474910363
0.05454899992582796
0.05433651500243286
0.05481168260666891
0.05509555383650877
0.05505181903390621
0.05430287194576522
0.05430070471993531
0.054331336679751985
0.055241897875021095
0.05493118905178562
0.05473296978379949
0.05354776470994693
0.05390461209026398
0.05478221948214923
0.05309800043141877
0.05418956464200164
0.05393254434056871
0.05480207350774435
0.052999474783064215
0.05514670250340714
0.0537908411497483
0.05303635287054931
0.05505569855267822
0.05292452750290977
0.05447240429384692
0.05467344939825125
0.05457784823374823
0.05359061270610255
0.05463502024394984
0.05471421064976312
0.05459374330712308
0.05437586772313807
0.05439983371979906
0.053557298220766825
0.05428613272306393
0.05512946496310178
0.054253120310022496
0.054981723873424926
0.05385622529320244
0.054477174428029684
0.05468715096503729
0.05407432456013339
0.05487737455405295
0.05452975553271244
0.054774963202362414
0.05318965304468293
0.05581639143747452
0.05451738286319596
0.054282664561469574
0.05439787305840582
0.05440974763405393
0.05405057957068493
0.05433436175007955
0.054513636576302815
0.05400217192072887
0.05486979623310617
0.05540766637568595
0.05342935624685197
0.053758123684019665
0.05515196033229586
0.053770423404785106
0.05499227710788546
0.05457255170949793
0.05471481738095463
0.055199247268319596
0.05420513088392909
0.053577215443510795
0.05310991866281256
0.055526626461869455
0.05512974681914784
0.05560354310364346
0.054869137584319105
0.05475874576586648
0.05400319834370748
0.05506894792961248
0.0544238319635042
0.053882279878962436
0.05470110434362141
0.05386895957053639
0.05470320534914208
0.05441334518036456
0.05423360538406996
0.05513141662777343
0.05417786325051566
0.05462337872450007
0.05459630107907287
0.05501812822149077
0.05529644722446392
0.05395098980261537
0.053724268298537936
0.053057499941132846
0.052679357957458706
0.05458211209588626
0.05479544468835229
0.054020494852011325
0.054107815734823816
0.054594969373283675
0.05375550123608264
0.053636971657397225
0.053736231890070485
0.053824694789000205
0.053785511934620445
0.05450547774307779
0.05447246086987434
0.05309193060929829
0.05390119936600968
0.05582076631981181
0.05438959643652197
0.05411945924424799
0.054773525795098976
0.053549476511761895
0.05439828803719138
0.0561467579609598
0.05407329254740034
0.05505562949110754
0.05435526118344569
0.054015010777220596
0.05567197914024291
0.05330373561264423
0.053670497221901314
0.054245144845481263
0.05379204729979392
0.055146020826214226
0.05505753534998803
0.05469040051502816
0.05354929198801983
0.05383817105393973
0.05381880786444526
0.054207189081353135
0.05572424341698934
0.05472609933713102
0.054378248165448895
0.05456712236809835
0.05378850636952848
0.055063781361241126
0.05350814683333738
0.0537549914461124
0.054080455332950805
0.05352406311976665
0.055215597081769374
0.0548055722774734
0.05426833880119375
0.05434194387999014
0.05360741880031128
0.054189030845009256
0.05500915431366593
