0.05556393864026177
0.05500906788074644
0.05473094144326751
0.05581320399141987
0.05521764531295048
0.054216586278926115
0.0551034206582699
0.05369951302418485
0.05442777261851006
0.054213703424466075
0.05523790926599759
0.05493188325272058
0.053847253238927806
0.05370954158206587
0.054964859864412574
0.056086267344653606
0.05536614716038457
0.05438571291961125
0.05422382085089339
0.055393752900272375
0.05483534348968533
0.05518077849410474
0.05515063038546941
0.055008229035593104
0.05440806689512101
0.05525927394774044
0.054403472178819356
0.05547520425534458
0.05392834484518971
0.055096066200349014
0.0557215341796109
0.05319091826459044
0.055368072524288436
0.05414453722914914
0.05492786745890044
0.05593906695503392
0.05500349626527168
0.05454557109987945
0.05436599401946296
0.054985975297313416
0.05528488456548075
0.054646374152071076
0.0562005275824049
0.05452886824423331
0.05447827747411793
0.05492630882872618
0.05440203364560148
0.05482979858061299
0.055170971048937645
0.054191662653465755
0.05299913885755814
0.054578440514887916
0.05420029311426333
0.05370117561506049
0.05454612341418397
0.054836171275383094
0.05430303736284259
0.05518841452430934
0.05512154097596067
0.05493220393691445
0.05463358800261631
0.054696155137207825
0.05587465137068648
0.055379182511387626
0.05635191226974712
0.05411579988503945
0.055089518307795515
0.055482128729636315
0.05534263124354766
0.053772552324517164
0.054683543221472064
0.05384327782303444
0.05438845387470792
0.056212855168269016
0.055056066335964715
0.05534490448917495
0.055490812977950554
0.05359517550095916
0.05528721831069561
0.05553935575153446
0.0549483018257888
0.054625125561869936
0.05457999732243479
0.054995529462757986
0.053406444581924006
0.05460691333792056
0.05447285899936105
0.05412328653619625
0.054398755106376484
0.056186762114521116
0.05394494831489283
0.056254458606417757
0.05338908354679006
0.056171910095144995
0.054232432714343304
0.05443521220513503
0.05514919747292879
0.054871641248610104
0.055689279211946996
0.054433430115750525
0.05545028668711893
0.05521130888155312
0.05486168990319129
0.0538573696903768
0.05423702720145229
0.05420743253125693
0.05675910637364723
0.0554956391788437
0.0543266906424833
0.053659982466342626
0.054556989613047335
0.054910814429604216
0.054078934768767795
0.05545315753988689
0.0543786901034764
0.055416664963559015
0.05502689956483664
0.05535843944380758
0.0545555914468423
0.05490846713655628
0.055117444855568465
0.05551677117910003
0.05498627424458391
0.053844699021283304
0.05463651186437346
0.05446901882896782
0.05424284782202449
0.05451292391808238
0.054354099796910305
0.054854563051776495
0.055643621722992975
0.05471602132092812
0.054005690097255865
0.05546426362343482
0.05522630150153418
0.054627662255370524
0.05631365416775225
0.05526049430045532
0.05447804924551747
0.05618082811270142
0.0555282967252424
0.05479354416456772
0.053270950289515895
0.05485355795099167
0.055448493476433214
0.05486235427088104
0.05456976015557302
0.05605978212042828
0.055186275982123334
0.05401100041490281
0.054367340377211804
0.055422593741241144
0.05412034468463389
0.054344803666026564
0.055045468663593056
0.054636066935927374
0.0554732941891416
0.05526068250765093
0.053937554785079556
0.05389452908275416
0.05496340652825893
0.054897942591196625
0.05559720344899688
0.05535204124316806
0.05378472544543911
0.05458807633112883
0.054433946668723365
0.055804863091907464
0.05409131119449739
0.056602822682179976
0.053753074280393776
0.05442427375601255
0.054489479360199766
0.054062471666838974
0.05492621932353359
0.05504200647192192
0.05360913389449706
0.055498736484878464
0.0538022717282729
0.05487501621610136
0.055455610185163096
0.054570447238802444
0.05439469743578229
0.05356701907294337
0.054326317345839925
0.054463375669001834
0.05412826713109098
0.054761094266723376
0.05499565360150882
0.05436218006798299
0.05465811768590356
0.054692568483005743
0.054346538167010294
0.05358980807795888
0.05512594619358424
0.05604190003577969
0.055272246227104915
0.05565430366186774
0.055622117601160426
0.0543928667466389
0.05509264483771403
0.05546296339161927
0.055058672340237536
0.05468141318124253
0.05413732724082365
0.05439333024150983
0.055659735426161205
0.05389466093038209
0.05539732840770739
0.055294599893386476
0.05529571745864814
0.054475956541864434
0.05488716819672845
0.055347088044072734
0.05437609486762085
0.05414342498261249
0.05384493946257862
0.055201399878569646
0.05460554494493408
0.054080371555755846
0.055870720996608725
0.05594084901167662
0.05377350033268158
0.05514692641008878
0.0546032659294724
0.05414784183631127
0.05515413001558045
0.05477504038208281
0.05536102252881392
0.054532029967958806
0.056094027120707324
0.05588094076665584
0.05547003222454805
0.05517375067938701
0.05515542510693194
0.05496453813248081
0.05491946038819151
0.055103251190303126
0.055069504876883
0.05423868512662011
0.05365174974576803
0.05438772914203582
0.05381472067529103
0.053853043529670686
0.055163407705549616
0.0544152349975775
0.055947937253222335
0.05487377503231983
0.05436580520836287
0.055953406623302726
0.055699832937534666
0.05395140263499343
0.05439707532059401
0.055715322036121506
0.05533301147079328
0.05435813920121291
0.05557739033247344
0.054337936289812205
0.05483607663336443
0.05571770977257984
0.05479723035386996
0.054609218481346034
0.05455985364096705
0.054164913188287755
0.05472597505286103
0.055694187049084576
0.0561678360136284
0.055599552164494526
0.05503231139664422
0.05559073981203255
0.055096490312280366
0.053919657026199275
0.054266060586087406
0.05402931080243434
0.05507557924283901
0.054837057450640714
0.054145714129845146
0.05440872895269422
0.054970895194855984
0.05461260753872921
0.05445726873585954
0.054446732665383024
0.05227544205990853
0.055121633704402484
0.05430304687979515
0.053682299789215904
0.05438315024366602
0.054411107495980104
0.054727760445530294
0.05402797166243545
0.05437162989619537
0.05502044496461167
0.05538693430571584
0.05472427691711346
0.05557784885604633
0.053598182941641426
0.05423007821809733
0.054058219382568495
0.05372574822649767
0.05472809493949171
0.05436178041782114
0.05431253175265738
0.054293485982270795
0.05564190684526693
0.05329247628651501
0.05469948945028591
0.055557391548063606
0.053600477149302606
0.05516547388469917
0.05442112997479853
0.05447104847553419
0.054152802513272036
0.05489163578386069
0.05440785317114205
0.05379126350817387
0.05422418843227206
0.05546640820830362
0.054713724573957734
0.05399770878648269
0.05523682085913606
0.05657658706695656
0.05533452213785495
0.0556810853377101
0.05480400624946924
0.05408474416435638
0.054382304682803806
0.05631915719277458
0.05503481202686089
0.05477635359784472
0.05492509715622873
0.054582913449849
0.055458759154134896
0.054251646521152
0.0552892933228577
0.05496227481853566
0.05529895882864366
0.05429158462357009
0.05392586747984751
0.054490703681949526
0.05450400212066597
0.05432246226337156
0.05557394918650971
0.054493524079589406
0.0547967138045351
0.05454013836424565
0.054803932707727654
0.055705908707750496
0.053710098369265324
0.05609704774906277
0.05476086632188526
0.05505954301042948
0.055291003842285136
0.0545190984121291
0.0549115848261863
0.053670588344175485
0.05357610244027455
0.05498461418028455
0.05463278160823393
0.055327367281279294
0.05419205129692273
0.05502770221210085
0.05521389181012637
0.05430996690847678
0.05465046076642466
0.054403553062002175
0.055711428802169394
0.05534347877619439
0.05529724578445894
0.055314869390713284
0.05476428284600843
0.054936038635787554
0.05405582912680984
0.054524613933608634
0.05389129987815977
0.054595490833889926
0.05473723612522008
0.054417486762758926
0.055027148919180036
0.055040615483449074
0.05518759528786177
0.05517878691534861
0.05514412068441743
0.05504905323687126
0.05523040848856908
0.053670526438509114
0.05415328334129299
0.05423054104176117
0.05467633148145978
0.05435556490556337
0.05607328560654423
0.05508827146695694
0.05433874870323052
0.0546282448231068
0.05448638386587845
0.05377365985077631
0.05402715413765691
0.05382811147319444
0.054609250040812185
0.05568576994846808
0.054680629411450354
0.05470526966746547
0.05513747758959653
0.053750750275867176
0.054183766535061295
0.054325886641890975
0.05462163400807185
0.05501081300099031
0.05490301668396569
0.05485526077609393
0.05443682309487485
0.055560582481120946
0.054951325138972607
0.05466207198696793
0.05556092335973517
0.055281068864132976
0.054896412846574094
0.05529078122344799
0.054557972649490694
0.054847458202857524
0.05521252645121422
0.05470369640534045
0.05410721582302358
0.054112233887281036
0.053715657462817035
0.054368324566894444
0.05550156125536887
0.05438447545020608
0.054506042462890036
0.0541301376397314
0.0549507148534758
0.05437746856296144
0.05528321102974587
0.05638133373577148
0.05473915918992134
0.05530947111401474
0.05464217582994024
0.05405406698810111
0.055090060508518945
0.05473796989463153
0.05439144526098971
0.05470405199594097
0.053517208545599715
0.05374077789383591
0.053543415355306934
0.05446890720486408
0.05509658898154157
0.05515185990225291
0.052788073762712884
0.05427729349321453
0.05523983213788597
0.05389923326038115
0.05523847046424635
0.054729613028030144
0.05533305776043562
0.05548381994958618
0.055478015794506064
0.05472679814192816
0.055006618313200306
0.055575098926055944
0.054912387880904134
0.05433278451891965
0.05642035998243955
0.054442188129542046
0.054700581647921354
0.05514816223148955
0.054202704783165245
0.05431411153040244
0.05556223167513963
0.05463088715259801
0.054372819111449644
0.054863710789504694
0.055859815798612544
0.055480746981629636
0.05427097078791121
0.05520372045430122
0.05426111189080984
0.055575150523509365
0.05420245887398778
0.0541319714684505
0.05428362008751719
0.0532049711473519
0.054802936076157494
0.05473505167537951
0.055492342817160534
0.05576386132815969
0.05345686730652233
0.054681047491612844
0.055141666383860866
0.05515632875540177
0.05436572331018397
0.05530846540204948
0.054569682590226876
0.05521182397205848
0.05404941550841613
0.05494929783526459
0.0553576920319756
0.052677231937195756
0.05488065844474477
0.0547880277299555
0.05324477944850514
0.05440632084355457
0.055187966892845
0.0551588826419902
0.05398538396366348
0.0543645739708154
0.05440027806798753
0.054795046937215375
0.05531178420278593
0.055944651870959206
0.054886039473785786
0.0541857996431645
0.05476820644616964
0.05414100125562982
0.053240913368426845
0.05515262408152921
0.05464425439276965
0.05430909275855811
0.05482543876496493
0.05539015781323542
0.05391912593222514
0.0550007370475214
0.05402512713408214
0.05558912498599966
0.0543463466274261
0.05540846992153092
0.05454386929704924
0.05412952097685775
0.05544276711952989
0.054682541856891476
0.05444700406587799
0.054903942480450496
0.053715342828581925
0.05364903449662961
0.05444019991227833
0.054119056952913525
0.054352506589566474
0.05466625772533007
0.055184890388773056
0.05397808363522927
0.055398038235580316
0.05572980788201676
0.05468634345015744
0.054427411188953556
0.05503768689231947
0.0547052235378942
0.05511922455843887
0.05414047985141224
0.054625040567771066
0.05341685145322117
0.0549274028671789
0.05532584536194918
0.054902692449104507
0.05422959317365894
0.05553133431385504
0.054149161114764865
0.05442195598152466
0.054193837067941786
0.054459130402392475
0.05458984023425728
0.05529855703935027
0.05423486539439182
0.05304058355068264
0.055264213606278645
0.055685213785181986
0.054074428478998016
0.054973480975604616
0.05458058933800203
0.05464186781318858
0.054638724446704146
0.05509686166260508
0.05504588318581227
0.05493724252664833
0.05529701768318773
0.05544379772982211
0.05478336085980118
0.0543844391067978
0.05389728615045897
0.054853521647601156
0.05556378758046776
0.05454508005277603
0.054461076126244734
0.05517768004210666
0.053621343004124356
0.054860743428434944
0.05478950024189544
0.05424329732704791
0.05487743722551386
0.05410414111975115
0.05375351168186171
0.05501872281092801
0.05413902926193259
0.054850836844707374
0.053863361215917394
0.05530544621433364
0.05587883999032783
0.05432467382524919
0.05573114702565363
0.054634102089039516
0.05559411890862975
0.05452182759108837
0.055685676579741994
0.05499240198696498
0.05455343575158622
0.05556748274102574
0.05561367106201942
0.05566519417698146
0.05423233136389172
0.05432588594521803
0.05366686375964491
0.0534591546656884
0.05443116978131002
0.05394237572181737
0.05396881611159188
0.05429291266045766
0.05392866857437184
0.05517788473662222
0.05551348742301343
0.05439672133252316
0.054640163651129114
0.05463545586462715
0.05622143465006957
0.05480378561151156
0.05516859784984263
0.05468131197994808
0.05490211504547915
0.05544873528924654
0.05460561049403623
0.05521525957738049
0.05368381909465825
0.05373333760508103
0.05471149238655926
0.054820645025756676
0.055271729739615694
0.05460390502776136
0.054069754918600665
0.054214798168686684
0.055107333242631285
0.054823055001179455
0.054907678488234524
0.0546699041769898
0.05543291229696479
0.05433596814327757
0.053304522543839994
0.054503448414834565
0.05479875861783512
0.05300563244782097
0.05436143066799559
0.05463321124625509
0.05439628097883542
0.05480147116759326
0.05474873063940322
0.05395197323377943
0.05486537095202948
0.05469174403515353
0.05492928375679185
0.05515041901890072
0.054964113573078066
0.05556941669055959
0.05399119866160618
0.055521720147226006
0.05420917903393274
0.05546036842133617
0.05422198292762914
0.05493305399977544
0.05442223777754407
0.055066888831788674
0.056221636728878366
0.05417323969049903
0.0540394873405603
0.05518656421554624
0.05453393142306595
0.054727303358959034
0.05413626180961728
0.05564335880626459
0.053982291310603614
0.05387984374829102
0.053898396789008984
0.05464029787253821
0.05517400608914613
0.05467444347596029
0.054947415192145854
0.05398352333941148
0.05500206294163945
0.0536549350254063
0.05291313481393445
0.055276507162489
0.05441092486944399
0.05382639532763278
0.055015787638694746
0.055112555342930136
0.0553801669702807
0.053434654168086126
0.05467932072133408
0.05655704011587659
0.054395978320826543
0.05508997763172374
0.053785844504091074
0.05424827071692562
0.05391462792613311
0.05459806222097541
0.05470436608811724
0.05362450303255173
0.054143660297995666
0.052197502578565036
0.054997068511511316
0.05547141927308985
0.05546991545634228
0.05557658604448079
0.05372161251943908
0.053461933941434836
0.05444794816321519
0.053042794059365406
0.05450062788986543
0.05356517328254995
0.05497485767045873
0.05582559331014636
0.054230095964157954
0.054263659279968124
0.05478380726344767
0.05433765714951733
0.054659094941598596
0.05561183602185338
0.05496401800701278
0.05344509526366892
0.05435338245661114
0.05475596874020994
0.05518613219464896
0.05470712331953109
0.05370795421367802
0.05452663785399636
0.05532230063909083
0.053848830100832856
0.054229202196438564
0.054916541226702975
0.05448609515769931
0.05349883556300483
0.0546891089543351
0.05456738998327637
0.05528453967781388
0.055027245660312474
0.05394073409479461
0.05411660924983153
0.054726224716432625
0.055288120012846775
0.05447477333655115
0.05453454066991981
0.054948665372648975
0.05434541139220528
0.054746475358115276
0.05486317259055795
0.05411197827925207
0.0546480054690619
0.05395915662484185
0.05423450741545821
0.054421314711362356
0.05334981276610051
0.054764019698268385
0.05473484301546705
0.05418996845946822
0.05337242669338593
0.0545652312139282
0.05426341067686735
0.05471801773819607
0.05492068636522163
0.05509535062810755
0.05406248733015673
0.05478285478966427
0.05371261954860529
0.055663524519331986
0.05506748966581654
0.05454347659360792
0.054254485832643695
0.054108646809254424
0.055883696772070834
0.054003012031898834
0.055375809512042906
0.053616040569977486
0.05582816561945947
0.053787617211128236
0.05418465781440318
0.054047259072831366
0.054845900156578864
0.05578256628359668
0.05493038309577969
0.05568664962265757
0.0552808516586083
0.05397771403113438
0.054751737481637974
0.05549345571125741
0.05497305696371768
0.05500576125632506
0.054421503702542395
0.055838102434790926
0.055619788567128126
0.05490466617993661
0.05496179374313215
0.05601847529032966
0.054312454174578306
0.054825965393320075
0.055507741002656985
0.05364040801941883
0.055047750247467775
0.054948755303485086
0.05453147860862373
0.053233585835187114
0.055143587462225696
0.054443500104753184
0.054658717970596626
0.05511523520726769
0.05469542658283899
0.054807963455459685
0.05413595706886554
0.054140798976732185
0.05440416253077274
0.05436372533768008
0.054110254684928805
0.053763392210385064
0.05404876327156671
0.05494687437385437
0.05348538319594809
0.054218928975387826
0.0542036015267513
0.0531793629816093
0.053808475531695876
0.05527917326617171
0.055980436816753354
0.053972312083715224
0.05466271885597962
0.05416115964544588
0.05416699394481839
0.05543885187944397
0.05420137932378566
0.05271370773516537
0.0553523576745647
0.054098923510537134
0.05418594814182143
0.05479791401376133
0.05308509498172498
0.05482268706691684
0.054562931198233855
0.05518469181333785
0.05604902486084029
0.055070393729693023
0.05454132036174997
0.055842324432887835
0.05496742849209113
0.05490681583250989
0.05449994584705564
0.053347893657701206
0.054762734383984935
0.05531622123453417
0.055416898663679603
0.05604653467526077
0.05613457017898327
0.05618493629663135
0.055087418670154875
0.055210937794981874
0.054214377651078394
0.05491440982950735
0.054957702950559906
0.05463845282065449
0.05509352424633107
0.05486280249169795
0.053451602356290095
0.05442357896572503
0.05441380340926116
0.05473402540337702
0.05374179209684371
0.055676607007626444
0.053888987056780024
0.05446233111615584
0.05415196607282269
0.05574863703805022
0.0539259675078938
0.053325004811995314
0.05345488414786814
0.05446656096319202
0.05490564629690198
0.05393787135108141
0.05389977406412072
0.05348767294162826
0.053930670119370916
0.05519154194371367
0.05518792210932588
0.05538749626794015
0.055971746925933985
0.05516880528739421
0.055764181102858856
0.05395433091871382
0.05546300627611345
0.05532181691523874
0.054078576064057415
0.05420465448878531
0.05481344470717886
0.05459860121663951
0.05443651603673061
0.05249257807372487
0.05436005037154246
0.054572944278334035
0.054297043850965565
0.05475790223135846
0.05445693638466764
0.054931544545979705
0.054265842625682126
0.05380211994452111
0.05381988910266955
0.053270887679900625
0.05536306662907009
0.054029227858336526
0.054107268169900635
0.05313075116282562
0.053613598940501106
0.054515351137524704
0.054218020268308464
0.05515062731865328
0.0554237507385551
0.053826428315005614
0.053467662664843374
0.05552129745046841
0.05498976724265958
0.0558396804772201
0.05493544648925308
0.0546692766220076
0.054284604879285325
0.054946846794337034
0.05384846418019151
0.053703653889897396
0.05364847276905493
0.05439109427788935
0.053756419714773074
0.053796667720234836
0.055854159629234346
0.054287529088469455
0.054747262662203866
0.05499789498571772
0.05385602987371385
0.05439337262214394
0.05524456772036501
0.0556496884128137
0.05481940813479014
0.054701162120181834
0.05442879534166423
0.05360940896025568
0.05417927273629175
0.05458602769977006
0.05427727510323166
0.05293373793574574
0.05455342410095909
0.0548985566583724
0.05390984292534995
0.05435890203807503
0.05368091614218429
0.05423209489163128
0.05425898166504339
0.05574189546678099
0.05500271602431894
0.05480255199108797
0.05407283849854139
0.05408995244579273
0.054822071206217515
0.054942588903941214
0.05461069044940814
0.05490464249669458
0.05532876771030715
0.05387012180835882
0.05545720897134743
0.054556594646783196
0.05425637359076063
0.05499997973674908
0.05432040612504352
0.05518604280587169
0.0540112866601703
0.055169960451166844
0.05379330324285547
0.05421560985269025
0.05551753303370788
0.0541007478350366
0.05535936938031227
0.055242592716240324
0.05469565253406472
0.05430701260411297
0.05477588748908602
0.054801284339191625
0.054540401624763035
0.05463808091917599
0.05458853022901167
0.05467495556513313
0.05485683497681748
0.05499837940442376
0.05491570929007139
0.05536165132798487
0.05434957631405268
0.055123506257586996
0.05440036562504247
0.05494080758035125
0.054419411351773306
0.05391790205067082
0.05411725000340084
0.05502959516343253
0.054906002353163785
0.05500978014606517
0.05334777644384303
0.054334095771992
0.05455644767607737
0.05394738329232496
0.054976736382741365
0.054649164145303075
0.0533712945307343
0.05456237970429356
0.054693402194970986
0.05402198076808418
0.053688088424678426
0.05500599668812356
0.05543368516737246
0.054702250823538634
0.05531823764977162
0.054341947954526404
0.05412763812637422
0.0550680436535913
0.05523080970306182
0.05410728637070861
0.05452860065088316
0.05459925270770327
0.05445121599950653
0.05497526932049368
0.05444082884059753
0.055712489349389216
0.054193745887459954
0.054414929187259986
0.0544171328383527
0.05405528984920238
0.054437593957118224
0.05479149033271824
0.055455693385738414
0.05477036440424854
0.054794369756564265
0.05433026269929542
0.0543574629809882
0.054700084025171236
0.05383914002231904
0.05396930227470875
0.054873840481377556
0.0544657084337814
0.05430522138340166
0.054937554561547586
0.05370626518197241
0.05410301801566675
0.05367136096174363
0.05467320706702594
0.054177193575014826
0.05433626767990063
0.054140161866598646
0.054034487140597776
0.05409129928739276
0.05440634281512757
0.05498723656637594
0.055868500412543654
0.05507781693631841
0.054992122826661216
0.05466339451777458
0.05586092246812768
0.05518684923299588
0.054878880002434016
0.05512561994510179
0.053681722327382886
0.054668089494953165
0.05459526832419215
0.05446302378186374
0.053578280323563376
0.05444310087841586
0.05425672269666393
0.05438822804899246
0.053645788842914044
0.054569961939705536
0.05498243898364308
0.05536784507057746
0.055122066203693976
0.05466916405930533
0.0542576307834679
0.05465075377833273
0.05369784580398118
0.05497432526317425
0.05538009565316315
0.053252670100846444
0.05465693480800837
0.05342766000103438
0.05487264732437325
0.054692678881110623
0.054906010194827104
0.054418072912085336
0.05490454350729124
0.053739189488624106
0.053990936759873875
0.05319601980409061
0.05421400197883486
0.0547335914325231
0.05435513109478052
0.0546754725764913
0.05390726491532405
0.05459813172456052
0.05360148960426159
0.05534000419356744
0.053975775013896055
0.055308585906459484
0.054557961608225014
0.055479780852692784
0.05416633091590484
0.054264940443317755
0.05410925101568864
0.05385684005523217
0.05457699505495839
0.054667930487994454
0.05462137065114803
0.054856276325153885
0.054299839150189655
0.054501169766808744
0.05405577484634705
0.05461040069531009
0.05459974115183286
0.05396289343480021
0.05452856582996901
0.05373525146933389
0.05532126164325746
0.05519858333536831
0.054185167644391186
0.054548345415241783
0.05437258717392979
0.054986805387670756
0.056204504500783514
0.0538813294369902
0.055972468322579516
0.05498421592528757
0.054383827720812405
0.053507668862948776
0.05449861231863906
0.05414651641876844
0.053769641926919576
0.054290670796035556
0.05458322931917792
0.05437664431883604
0.054344282945749
0.054423634206614224
0.05506791396874178
0.05404019308480201
0.055123722999269376
0.05535124292146065
0.05543038523683208
0.05436477994953748
0.055400324574293336
0.05442055420826364
0.05427326427161461
0.05364732789894333
0.054515269215698936
0.05504744933023176
0.0542118721150473
0.05556199721286248
0.05353280660528981
0.055363715588100604
0.05400434151852096
0.05344013782996626
0.05590919232599845
0.05468865174771054
0.054053337164077675
0.05431522924118326
0.05371358567754214
0.05509283819446864
0.055529625476992805
0.05497862121774233
0.053861584261539974
0.05466927484849293
0.053798673432538635
0.05401414932020998
0.05416952577434131
0.05350259246552014
0.055169865692732856
0.05457122317966423
0.05395167143433355
0.05534202609487693
0.054442757324068225
0.05466722572782601
0.053798512562934775
0.0552699314612255
0.05400333113357192
0.054709616026229924
0.055141095208455226
0.05429994724363496
0.05386625865867245
0.05395900452458591
0.053491763484998955
0.053468591593627934
0.05382846486827475
0.0535024451528443
0.05494055558301625
0.05474341356057266
0.05360191475665488
0.054809974191812216
0.05431350436811044
0.052840511494650855
0.05422293083393015
0.055246135272682295
0.05541161573455611
0.054011395910492865
0.05477552859156276
0.05363881307494012
0.054900127437576884
0.0540797663416015
0.05402841010254633
0.05423676698410418
0.05435747137744329
0.05580494374225964
0.05438910559678334
0.053799495071871206
0.05240037398834829
0.05384212479657435
0.053637625480405404
0.055618165442865575
0.0545658796600037
0.05557696789765032
0.05405637041440059
0.05540686706262932
0.05552719792467542
0.05380539119869354
0.0545368368493655
0.0541509133472573
0.054010067631679703
0.05513403149234364
0.05506626145688642
0.054644505988107994
0.05335537829705572
0.054123994648762164
0.05375717969764082
0.05191431817547709
0.05396152226421691
0.05443358313095814
0.05464598985054181
0.05476309871664853
0.05465005652695254
0.05457424580345105
0.05335219701009919
0.054387059304644936
0.05458060298769851
0.05503785633663938
0.053845593149162596
0.05521571270401182
0.054978685990136
0.05515425162593601
0.05489476365255541
0.054695506047210074
0.05497722297695873
0.05504068963091413
0.05489051493896113
0.054562711440667044
0.05371798764281266
0.0537026587753644
0.054955016315943794
0.053993520992662525
0.053845812974032015
0.053870832205575425
0.054714524954761146
0.05451165372869582
0.054621305245746044
0.055139780561148655
0.05486644891061587
0.05448132981109666
0.05474639990643482
0.05298658691208402
0.054307775430061156
0.055027590851750574
0.055024778284860076
0.0544301915269898
0.054005702357244445
0.05425608886980626
0.055311072397671524
0.05474452986527467
0.05360593815203174
0.055403123686119216
0.05414296218077652
0.05419413158415409
0.05381593915626581
0.053528904192717164
0.05462825005088234
0.054631936034638784
0.05416680088455905
0.0544420110527426
0.05499973347832565
0.05379284805894713
0.053793802073414554
0.05443806129551376
0.055138573956355685
0.053602632322508725
0.05491164486556954
0.0539897118051158
0.0545200538381323
0.054544564911338966
0.05587471303078928
0.0550340292029432
0.054414204529166454
0.05459554258050048
0.05430869198607979
0.05449486574980256
0.05481057134420553
0.054848973823027336
0.054801001237137825
0.05386585595806537
0.05416365066957951
0.055080316138628405
0.05418106634351716
0.0546172684571502
0.053416806882523815
0.054646601720378385
0.053643085178919137
0.05470653102747747
0.05515586598266964
0.05531959621475835
0.05427523774051224
0.05488582076213788
0.05360701984864136
0.05554892763211683
0.05510441082697071
0.054106118257550406
0.053972950432580546
0.05457516342539748
0.054234724202615325
0.05419689459631627
0.05442595138811157
0.05565360135369701
0.0537502824972762
0.053734644841824775
0.053374715094832936
0.052637326074545854
0.053362349812232424
0.054016206795495236
0.054768991945820744
0.0533891084996867
0.053027449397632154
0.05426745237673458
0.05502981199970236
0.05338989528536331
0.05321102440575487
0.054694717764505185
0.053159619455982465
0.053765531611134065
0.05558447036673897
0.053971537219695165
0.054626503677354776
0.054882237660422106
0.05547575642231095
0.054392224446928594
0.053758755664603086
0.05296578815796238
0.05543983293682686
0.05334898116598197
0.05513605942542199
0.05566533416094899
0.0552349428726302
0.05502986028477608
0.05591827201351407
0.054826665997097734
0.05308372802574013
0.055827197707913
0.054795546195236966
0.05410458913138427
0.05377519326975744
0.053863152794292546
0.054904075430386
0.05395822883474466
0.05508409825415583
0.05379385122068925
0.05464904784821556
0.05259834968637733
0.05426232634818007
0.054441826803667936
0.05495714580138156
0.054614633318124106
0.055161487396617304
0.053792935839737765
0.054856807455507806
0.053047354904265376
0.0548245082172798
0.05606016722958884
0.05439534553443082
0.05460674090136308
0.054665879821186536
0.0545865290605434
0.0540103317489411
0.05383935366990045
0.05539522697472421
0.055941733058716636
0.05528202244568092
0.055610561081266496
0.05336924960829492
0.05477612684080668
0.0541540489957697
0.05416173041521688
0.055709148986352375
0.05305296726874076
0.05408088848889747
0.0534787443393725
0.055626952980674105
0.05321315236506052
0.05522085021584644
0.0542489673862292
0.05346552775881719
0.05457891132027726
0.05466394320683321
0.05488514298849623
0.05440982451727905
0.05389550756444805
0.054547236853977665
0.05509379871728015
0.05413841868539748
0.05529969420604175
0.05484370999511157
0.05424438502632256
0.054018275121052284
0.053543398820693255
0.054272927227430046
0.055505487873233506
0.054223933369939914
0.054289687705022516
0.05542919135950797
0.05416448541836871
0.05323245146792033
0.05480754204654659
0.054795651712993276
0.05405755838182813
0.0533151101317344
0.05420753553516988
0.053930262049107114
0.05551552116412495
0.05435099641181296
0.054469236316435854
0.05439031908827019
0.05463136578509875
0.0550860526800534
0.05468896115962707
0.05401933959910821
0.0550672325935011
0.053939692150379415
0.054909136837522965
0.05423437030731293
0.05406693188160716
0.05546059089647315
0.054839589836774394
0.05274581724006566
0.05421558645684854
0.05489466502694995
0.05384384559329192
0.05397490714676678
0.05448542289741454
0.0535160009185347
0.05355511990637751
0.0549565218097996
0.05411028168418852
0.05336576507943391
0.05583425924851326
0.054149118996065226
0.05458791176897648
0.05458482020912925
0.05375665341853164
0.05525367667178216
0.05405088789666479
0.055096348289225716
0.0536187278394209
0.05434755948590464
0.05418542611732846
0.05432382340404729
0.053904171430986025
0.054199926138608134
0.05474940009844431
0.053992020184523426
0.05458496816572733
0.054237875763647025
0.05503536277137755
0.05522790834402258
0.054259309747067164
0.05264495149276627
0.05405869974674715
0.05488074517415953
0.054249037500994746
0.05446095654042438
0.05444884674398054
0.053553081872451
0.054521427935469546
0.05453642828433658
0.05605207719600003
0.05537488196569029
0.053323244266721304
0.054296280337439384
0.05488885632257734
0.05345354378914635
0.054798342865979066
0.05399103750460199
0.05333278011494258
0.05320818931068061
0.05370599004891119
0.054112676671138615
0.05461692940116336
0.054249285196419805
0.0552331034305098
0.055388936098097474
0.05506342662010866
0.05590762898646062
0.05494629503118631
0.054929464697124786
0.05382121833645215
0.05400335537342471
0.0544467849576904
0.053719561739853816
0.05365427289143554
0.053733408902189694
0.055127663297753315
0.05518338212641538
0.05377971886082378
0.055394516810338246
0.054999413921905216
0.05341719759235275
0.054106384437545785
0.05508316588202433
0.053929328110825736
0.05403504043897556
0.053223642094963
0.053120904789466294
0.05463028098893119
0.054030661654906
0.05393725618341705
0.05532677555856935
0.05344913494991488
0.055004981706588296
0.055285265245402115
0.054610472594504245
0.05389060217203223
0.0545118054797058
0.05444887347948679
0.05306753899094474
0.05371661076787859
0.05430513916689961
0.053115782497116015
0.05414036067304551
0.05427724479523022
0.05416776776655752
0.05492050234352064
0.0554228891069215
0.053522234678894165
0.05423626610900101
0.05573851228473359
0.05293144070128619
0.05456132059589436
0.054554037376874476
0.05460688275707071
0.05402897762542125
0.054347275543477735
0.054800342963062576
0.05473003722727299
0.052897353989465046
0.05370953251986066
0.054879803994481335
0.05465347609424498
0.055367586352076614
0.053096943824129994
0.05466507576056756
0.053644106521460344
0.0533558757033461
0.054301383290294325
0.054643573461362394
0.05431969475466758
0.05545339977106778
0.05371722487689112
0.053499956915402436
0.05305270987992117
0.053517414153247955
0.054171650162970764
0.05446711994591169
0.05424831583331979
0.055151020218545455
0.054610929468253744
0.054930740559939295
0.05406215531183989
0.05414311591630394
0.05357232040660165
0.054139329828103655
0.05402745400169806
0.05583989758815733
0.05551715352703468
0.055745761699654395
0.054832288509715
0.054729021601815475
0.05328771035601676
0.05453501879310352
0.055013637223964906
0.0535142008557159
0.05380021560449677
0.05455872500715486
0.05436859486690082
0.05422320094476163
0.05524785944908217
0.05537731457661721
0.05379886342234386
0.05337716605026799
0.053988991463484126
0.05513053303548077
0.054095420684461715
0.053857237806369085
0.053061436739881174
0.05376435664766177
0.05410019633563934
0.05351251851061534
0.05439372010914667
0.054924930447668885
0.05296898194501409
0.05458279875165317
0.05425128988645156
0.05479538873805723
0.05434490097286471
0.053946464893670054
0.054475999446367496
0.05278355377413391
0.05314193091908237
0.05434329606578103
0.054791778664366575
0.05443398133684241
0.05414166010086774
0.054200021224460215
0.05449739941104781
0.05401914062349533
0.05578473123387084
0.054556133753067115
0.05362618007347919
0.05418741297580709
0.05645062418443558
0.054255486029433087
0.054001545286155306
0.053553622419713065
0.055727691260472056
0.05347874302060518
0.05449704144666612
0.05288854106220242
0.05423062465706607
0.055016086476825876
0.05385357492014009
0.054470822689836496
0.05343411192916392
0.05411630009075452
0.05454885316976288
0.05415133327005606
0.05517484842675913
0.054915828581215465
0.05368805049874936
0.05346941322022758
0.05490813531832828
0.054468698566779494
0.05548330466444895
0.054522989612451056
0.05382025232029264
0.05390468668156245
0.05420519602557761
0.05326066849738709
0.055524037567010964
0.05477580594197207
0.0551361014458962
0.053550420936517185
0.05366013820639637
0.05475211861084972
0.05454738611115317
0.054432958302641055
0.05367692761319631
0.05383947510017606
0.05415860940411221
0.0542340567571955
0.05379996773444873
0.054202350347622996
0.054972967323919875
0.05389956257386075
0.05440723884021281
0.054532493031729246
0.054873303255590145
0.05392777246925107
0.054886559533770196
0.055372990156683954
0.05388684835997992
0.05507194843630714
0.05495409472860047
0.05395785951259313
0.054408609446909395
0.05489742040117562
0.05412726470422058
0.054174744385818485
0.05468461687996751
0.05476989678754762
0.05459796742979961
0.05418670151811966
0.05346824242406001
0.05415664285101229
0.05540960874895973
0.05392982157536608
0.054514210796696716
0.05392684962316707
0.05402728891749575
0.053737332002128824
0.054527072847122326
0.05207216880444321
0.05312017208234465
0.054233235565334326
0.055377728142048
0.054468017637191224
0.05391312455139996
0.05461506028768781
0.05408756831275241
0.054178411039174534
0.053959295928507345
0.055381855127052404
0.05386928984080441
0.05411825785813562
0.05550369248339848
0.05300569058090332
0.05461178248151555
0.0543845430129295
0.05490325082791969
0.054435275262221694
0.053896049419563496
0.05405140046059387
0.05488756097656733
0.0541995621733804
0.05365708801400615
0.05512046650619595
0.05492176227380696
0.05462489618548716
0.05528786395370844
0.053511785132286604
0.05463213655639265
0.053848005079998984
0.05374150787611143
0.05466377526317956
0.05452067675105354
0.05462337914650561
0.05334738276724238
0.05384375832545629
0.053635234777175356
0.05335737538189278
0.05412604687262501
0.054362318718631286
0.054333820364263374
0.054206817447266076
0.053961140156388865
0.05399790345290967
0.05476499405267532
0.05572796501837729
0.054378170640120516
0.05490661783005635
0.053222670479954104
0.05370606900032726
0.05245997698693827
0.05489883659538464
0.054818742308270885
0.054110422930534696
0.05374249795204378
0.05496536467944679
0.05341311703523388
0.05526011699112132
0.05487114944480709
0.05387013808831398
0.0541601359291235
0.05422094353525608
0.05485685026724241
0.0548267286249029
0.055323929806036176
0.0540107723663823
0.0546542855026928
0.054444976480226615
0.05415159352560295
0.053473970388949965
0.0543722212260036
0.05363858805867494
0.05338989166375541
0.0557644086311484
0.054459266237245174
0.053216247228192515
0.05418288094915624
0.0557550334269763
0.05341447822502232
0.055205180224220385
0.053555755603156285
0.053774660804265295
0.054390747613069834
0.052545837414072594
0.053268625279088155
0.05525980706624978
0.05497032876337471
0.055628744139539776
0.055441946771679795
0.05522742659923097
0.05344833462368115
0.05459183597122319
0.054762189158282126
0.05357655276202422
0.05338451449824788
0.05383366906607989
0.05344359322589298
0.0535060637503193
0.05537814090712345
0.05403193244274007
0.05394475248613162
0.054596014950220706
0.05384482385125011
0.054280572452626075
0.054407017911216826
0.05409127815255488
0.05366498730109015
0.05610098583929357
0.054643693158141105
0.0539623283311812
0.054956361795120756
0.054789989757409785
0.05387774916198396
0.05457342109912133
0.05321283805278654
0.05370204335122253
0.0543288955323078
0.053864107068875455
0.05466053232703416
0.05298045260315121
0.05466801426518941
0.05523065635316016
0.05387568067453685
0.054511053202077164
0.05415219275164418
0.05479738931899192
0.05407790836216009
0.05389522971563565
0.054943132106927806
0.05400151517278573
0.05415532034749049
0.05345587303236243
0.05421187465435651
0.053777976710989606
0.05481829318887321
0.05474372356184176
0.05375446660218586
0.053967713049132726
0.05418711814672861
0.0542624169447663
0.054586268535786076
0.05404028141674644
0.054440843414340634
0.0539673061848589
0.05481903704458091
0.05528685915123788
0.05393735635880148
0.05338884661978227
0.05423651712226274
0.0540494276847312
0.05386269491282292
0.05372442007865175
0.054551463330426486
0.05315972407333902
0.05536462462259806
0.05421173735157936
0.05542837900429731
0.053824687258384074
0.052076733718422474
0.054113418902488775
0.05315808721570647
0.054376152033000835
0.05436602530244272
0.05543572666829277
0.05417814898464712
0.05509870939749817
0.053881990470472374
0.05349794981157174
0.05353725918212149
0.05416422122652875
0.05441891147711431
0.055441085698475945
0.054633573950923164
0.054001166765374364
0.053886337625954184
0.05556022262862825
0.05412360368791269
0.0537779712012707
0.054025456480303546
0.054026375868488685
0.052969982411013916
0.0551391828157648
0.05493174858565908
0.05512120399725973
0.05437573216113378
0.05320589384427876
0.05350608872868179
0.05383927113689424
0.05357523920974927
0.05377067658264423
0.05594558889970358
0.05364658061989758
0.055521303838759195
0.05429391245525039
0.05377684482118639
0.05437526242167223
0.05368582881055772
0.053447560447239084
0.054717493781936355
0.054597780424956
0.05378128201482468
0.05367127166209684
0.05346208808987285
0.05481341546874319
0.05371650672896067
0.05382217467376904
0.05475604691673652
0.05369962732584099
0.05409066315769451
0.05434428403896163
0.05488611204054905
0.05404215952694358
0.05412185472960118
0.05366454735121806
0.054020618852518965
0.05358099299519381
0.05342172619748453
0.05508592660589784
0.052948290094718686
0.05336335004722059
0.054759437562097446
0.054924010175454896
0.05439141626811761
0.05395299078372773
0.05338089558790671
0.05387958989558683
0.05397790672031988
0.05379403109145642
0.054659467186866095
0.05349085624766303
0.05404979641934915
0.053667511223466136
0.05343894981160702
0.0535518803026207
0.054197695149923675
0.05430144321144326
0.05350205372997152
0.054406754179581185
0.053951229674567
0.05421928397663578
0.05303810853365576
0.05454552812989277
0.05462604036074481
0.054123901534694596
0.05453585948816908
0.055134988762802095
0.053960487310177996
0.05384641650925914
0.05507259630394401
0.05469108270153811
0.05430133110166935
0.053031438581456314
0.05514975476762629
0.0539187557023979
0.05444774246461748
0.05469703384733293
0.05439704962373071
0.05390951035769831
0.05472544415897573
0.054789867161161965
0.05460193797625834
0.05420634680558578
0.054715326681616716
0.053796886215423
0.054227018505116575
0.05385674727767764
0.053908750180198695
0.054923173289353144
0.05414936610941368
0.05415565547264123
0.05447875780919276
0.05412530730427534
0.0541402614890103
0.05387517051167379
0.054923930674704025
0.054477794488775544
0.054157315327756805
0.05396938922240224
0.05364233594627876
0.05463383282767609
0.053644398745746
0.053924637746604276
0.05372911031008698
0.05421192164249078
0.053647033959350665
0.05557960071018897
0.054435369796919986
0.054152418560988735
0.05370661856250081
0.05479707162885461
0.05611127494557877
0.055050573088010424
0.05439683071199397
0.054077257906101295
0.05466388993772853
0.05541093439205724
0.05364239862501563
0.05366326390139875
0.05324449297768297
