0.05375618340622168
0.05376226646149007
0.053286268577721785
0.05468222273339052
0.054034375069022644
0.055499210460766335
0.05462877704303537
0.054957472704700194
0.05375540946442925
0.05362128629531071
0.053463405409274856
0.05401136661748751
0.05295606719664647
0.05408724156950484
0.05515845389527385
0.05384600588149624
0.055160470845294185
0.05300160328988568
0.05372032917148317
0.054963926872005686
0.055337351814159774
0.053850356956900214
0.05542113818410144
0.05488792901269335
0.054552878324102494
0.05366819918890542
0.055269811098696664
0.05417896099970676
0.05471229217982909
0.05447310659656068
0.05421390035007789
0.05428420791577082
0.05411207119686878
0.05439337881944084
0.053923554136417806
0.05406773202048498
0.05358704190257413
0.05441164727017167
0.05333084644007613
0.05253641803574283
0.05444452220945095
0.0536221813854354
0.054464751830892055
0.05452880608936539
0.054214802983551635
0.05375085581363237
0.0529906905048847
0.05420361598771706
0.05480118886771379
0.05467384186522395
0.05460280139413953
0.05290014969250478
0.05408879244714626
0.055063663521650597
0.0531676495938882
0.05327031350498146
0.05384958158902009
0.05475010838563321
0.05385383909015218
0.0536152208387648
0.054508942761458457
0.05431230521753605
0.054488637413669494
0.054191486227864516
0.05425430978721124
0.05314992813146091
0.05383573345352488
0.05522270730398304
0.054861381991941016
0.05469722052112047
0.05361739390718867
0.05311517437985458
0.05456722503367928
0.05433277289739635
0.0546796526050457
0.05374724568355305
0.05364069793722592
0.05351085544498346
0.053960530834956444
0.0535037247082073
0.05375853769146488
0.05315818408962514
0.05451652006013319
0.05434102456274559
0.05447153254863224
0.05408316242937872
0.05464269190451887
0.05352722452880698
0.05346576589545293
0.05549762397276936
0.05316446753022319
0.05416584628619603
0.05364845428812259
0.05505274282768369
0.05406480299097893
0.05409805617455277
0.05526855098833039
0.05382014302267635
0.05439693378502852
0.05317531693071942
0.053025576406071195
0.05411087090942601
0.05473880407953402
0.054336026798409875
0.05404025820826064
0.05581754997911048
0.054343721520126564
0.0542706928026746
0.05350369618645345
0.05403180909161165
0.05438674654396891
0.05363756182669022
0.05451752456792747
0.05425851019754191
0.05361605995312857
0.05441184360461193
0.05377296532060427
0.0541090707629337
0.054537763380722026
0.05592499745398527
0.05443970669693954
0.05483582075794402
0.05369132646410435
0.05458769464894431
0.05362686942316941
0.05385205176207819
0.05303740423551062
0.05397064936187235
0.053715203637693776
0.0547738265740918
0.053392696545415674
0.054581775304541225
0.05447954320334247
0.05435214618773898
0.054470724460770725
0.05436640681909921
0.05463335964122962
0.05462555241501832
0.053084842980752
0.05277073604884208
0.0544663435084658
0.05380522380437469
0.05416752232486033
0.05381424191000406
0.05335998938426201
0.05317688751529204
0.05453363362175878
0.054073753035481786
0.05477536553553364
0.053388894850286306
0.05305551647870743
0.05460429397498956
0.0535804027094855
0.05406553132161207
0.05276417719323945
0.05404604459363327
0.05566649373577093
0.05459224801234086
0.05421853174993885
0.0531880733469734
0.05465718840241607
0.05323914006839914
0.05458450275364157
0.055002795186737785
0.054336842800694285
0.05365115483618865
0.05459914697894419
0.05362056845478946
0.05384457576292334
0.05315167538901733
0.05301068786684482
0.054489983534949715
0.05426276082835102
0.05376403377158567
0.05266228297841735
0.05366878304448619
0.05357200652542815
0.05300184366751637
0.05373128485189227
0.05323974530438136
0.05427499761390209
0.05462190521939192
0.05423856916058867
0.05348571258400625
0.052007779268024024
0.05342532499707886
0.05400754011498066
0.05387533352950413
0.053171022816968616
0.05473870565765537
0.05362556240106642
0.05483217786786554
0.054226982185355155
0.0536099219116295
0.05434884616806812
0.05444613045983715
0.05432098159508314
0.053824777587578865
0.05533040876434825
0.05364413150164182
0.05479614849537029
0.05450820513578947
0.054598130300291814
0.05323516942553397
0.05443216204366763
0.05316139833666966
0.05526169763834332
0.054102678539493354
0.05451844692470331
0.05300937488573254
0.05397901460673893
0.05325989039010892
0.0538539523131476
0.05318627896303951
0.05435156119347084
0.054281323707982665
0.05456144425079401
0.053785611780767795
0.05372171828275896
0.053951280660839984
0.05491659784820513
0.053956345702317776
0.054294787705657654
0.05269296112419397
0.055262180812860606
0.05441593873729289
0.05442372846300714
0.05460633491566114
0.05559380373051681
0.053714538844360504
0.05304489489572006
0.0542848702698393
0.05517622646402742
0.05447449460916687
0.054085095103800995
0.05345437586402113
0.052637428692833055
0.05512869361518824
0.05309405595835415
0.05338695604405075
0.054923589443205856
0.05391525803133845
0.053039109357996495
0.054723681849282
0.05409924151535961
0.05349639914857107
0.05391060060537711
0.054297960678013624
0.05350891772286559
0.05402542033152713
0.05346030009422975
0.05371565677342005
0.053835335795156425
0.05457504591504403
0.05355111108292476
0.05321279260533629
0.05344879520998802
0.0533240084132558
0.05361684109993803
0.05299741495400667
0.05325398460809083
0.054746805702961865
0.05329091037856415
0.05459616852203908
0.0532293228625349
0.05549364454964234
0.053583675624395255
0.05387974846598809
0.05510954048986605
0.05424847125505039
0.053984398962711566
0.05365774174242688
0.0541779119084822
0.054144697094670846
0.0528697728732368
0.05338283277160372
0.05307061763960519
0.052749569702427834
0.054165059511433356
0.0524356078258279
0.053489548452489544
0.05437953432556242
0.053929145040456206
0.054532600044694846
0.05406928024422086
0.05491029353470367
0.054032909543821006
0.052587496873456985
0.053736046473204624
0.053775511512867524
0.05323026631049288
0.05334977147867903
0.053495794938498875
0.05374863455654122
0.05386331940826494
0.05379370087575808
0.05385832604042662
0.05382837374054361
0.05432459585426841
0.054072897331934655
0.05458525623907917
0.05363016077353677
0.053694285423262045
0.05297559929385898
0.0538685844567226
0.05269176964793587
0.052985682523285504
0.05424049368048145
0.053851735530770384
0.05309945547742245
0.05381059102546715
0.05459045626048464
0.05326303647416353
0.053375644520201604
0.05371881080645835
0.05275139580771793
0.05487685701154987
0.05449836883235548
0.053588631586535485
0.05385729134104622
0.054085870604467345
0.05381113982548413
0.05389814743466559
0.05397549446570338
0.05327138954089605
0.054233429011219414
0.0540358441103308
0.0533186663469678
0.054224383075052174
0.05483168418686546
0.054094117645945516
0.05314910445486021
0.05383901268214686
0.05386731556063751
0.05425744658350595
0.0542767571114382
0.05352159477297391
0.05315983727086859
0.05366045149457932
0.054760036766310805
0.05384436940221349
0.05388803605274006
0.054329946698999265
0.05414381735135976
0.05435467951792816
0.05373427797894692
0.05309872695943341
0.05430952445567527
0.05393783601357427
0.05263544831359468
0.054058376841567224
0.05358670689383871
0.05236465401867463
0.05426526850715163
0.05476970060590247
0.0530371134809684
0.05350925415223173
0.05294770131331461
0.05389709059818415
0.05464712918546866
0.0536285474208853
0.05518836194278265
0.0532709326253098
0.05373890423652483
0.05401060754775244
0.0548667654129531
0.05336060997979075
0.05498928881024767
0.053749512664580834
0.05426445833836624
0.0521727817140345
0.054354219861124875
0.05453693366689549
0.0520263527159841
0.05314458977045433
0.05436485924110457
0.053916502811262035
0.0545494802063331
0.05496472862250812
0.05351297658489784
0.05293955436900433
0.053968613103279495
0.054594827377513866
0.053971022492987686
0.05463397789753799
0.053861088106714305
0.05330958287231624
0.05398815361331799
0.0541833599054371
0.05309679936726752
0.05405612884533184
0.054088005043013254
0.05364600880056969
0.053481741439100006
0.05409409733147186
0.05479218081745785
0.05478932399455516
0.05338332360952336
0.053003350887593115
0.05414289512373216
0.05319166822300758
0.054172206537259626
0.0537616851288476
0.05392205198768352
0.05298846607365704
0.05322589860406879
0.054669743272825144
0.05304767864799942
0.05310111347716884
0.0531904287126963
0.0542813873016712
0.05344795380005962
0.05370861901064927
0.05398645021705306
0.052720931575095165
0.054713097344574635
0.0547767224124982
0.05382715562154772
0.05328916372855019
0.05364590193676122
0.05452054733359546
0.054027757556468714
0.05377931904877187
0.05353704811204807
0.05249635891050275
0.053346973299994715
0.05387024468109303
0.05433622416239814
0.05383339921172592
0.05330870639591012
0.05346165146511339
0.05391698083076335
0.05302258959818573
0.053504433864873135
0.0552186204768077
0.054513149698323105
0.054285613781758
0.05446631092854659
0.053867607424763264
0.05350719121088332
0.05285682768044353
0.054071018523245584
0.05361636248380819
0.05416404002244235
0.05332368325252901
0.053029102647997206
0.053666192756281816
0.053324221282309736
0.054116251774757984
0.05398406885797158
0.05411160758922051
0.05371355186616711
0.05357238916803908
0.054471887395266094
0.053896232346232864
0.05421424491942162
0.05458782827554387
0.054105233793961816
0.05444715511112008
0.053469187223527115
0.05346284292500059
0.0542640366620617
0.05451534419444215
0.053057896526297554
0.05357534033282718
0.05425466779524868
0.05346355391520774
0.054090649015051895
0.05378360690519912
0.05414460379870434
0.0530021126542124
0.05426475518106599
0.0542700776932179
0.05494545003239182
0.05297157901441096
0.0534564549834613
0.05293959568007267
0.05282772206192021
0.05384500778200163
0.05283821952980361
0.05341778310867085
0.053739365119326976
0.05424192309692444
0.05440284563883324
0.05344484729903343
0.05287644338750397
0.05405607029206294
0.053497561975746066
0.05301424414938083
0.05378642911637144
0.05305888142902404
0.05460284861328546
0.05448111113582854
0.053623355606760015
0.054395668104916695
0.05390209891993436
0.05339707624807488
0.05316810359363444
0.053342399285611464
0.05362467939085036
0.053664271188608836
0.053264683094312204
0.053306260277167894
0.053549912889138795
0.054090888845166774
0.05258053884426772
0.053411657698234194
0.05464197263063397
0.05386061362696637
0.05250950028676016
0.05381480697178631
0.0542253274415998
0.05430144037018181
0.054434896672319155
0.05335264881978219
0.05311345793779765
0.054352991879568435
0.054397324589444906
0.05520268661894079
0.05369308203080436
0.053449420960532734
0.0530988826394605
0.05345712391863344
0.05370806022619945
0.053785971002071165
0.053267280740328715
0.05305545317241922
0.05463526827406895
0.0535101266377751
0.05269076703189057
0.05391270845575491
0.054969509083093726
0.0535965435228718
0.05492760345987335
0.05379002874906291
0.05354074568640499
0.05388300815866387
0.052886244520777836
0.054379946863264195
0.05454277844000899
0.054141298271133564
0.05456305885127222
0.05317589731021144
0.053870465146246715
0.05362033489109308
0.05278596069547348
0.05237855597806629
0.05307489590632031
0.05365004292616504
0.053647557797376066
0.053803381755642476
0.05421771464898484
0.052895582799465046
0.05438876202242682
0.0539689987890597
0.05330503667391895
0.05401780578358739
0.05374884698721871
0.05240914006753883
0.05249295245448593
0.053061346950926236
0.053303232376492815
0.05263131590982084
0.05362261042500904
0.053597599018758046
0.05346255234871933
0.05292081095831236
0.05359573421628738
0.05348440922352893
0.05449943561507098
0.05449493631567748
0.05345753801520914
0.053782581200721324
0.05299526005728694
0.0531034961786645
0.055271845383686014
0.05391068109747721
0.05298345404480642
0.05324047963222256
0.053134652649532654
0.05455603102564055
0.05409427828271873
0.053270186044755974
0.05419234319379029
0.05371248436131282
0.05489099338410597
0.053789550065630465
0.05294408305780962
0.053971121766153374
0.05494182065012865
0.05340210214490071
0.05306363799900282
0.052439658509683795
0.05422413119049452
0.05316183743161673
0.05326239363239438
0.05322900675491837
0.053480700036743656
0.052986240887548774
0.054197132152694394
0.053584379276799154
0.053062845718159224
0.05430991969478782
0.05289417081075953
0.05303383175851195
0.05333061484634527
0.05272009148939105
0.05416129364675726
0.05406589063932188
0.05289039527633577
0.05376699409316643
0.05348166900148499
0.054058131949204835
0.05329606475606852
0.05422606647698558
0.05274469795404002
0.0528456667343562
0.05389602543436922
0.05322948664070282
0.05410953413229436
0.05406395994032209
0.05333081956814567
0.05279450311354594
0.05279053471349471
0.053815754279639805
0.054090917752546375
0.05371836914855521
0.05376694743790722
0.052739566681339056
0.0544818078597018
0.054289091918690247
0.05378297558854683
0.052807227431912906
0.05338038644185872
0.05291704509909323
0.05395265222614398
0.053241114499542164
0.054221760961809196
0.05301704310659261
0.05405439742753515
0.053618153327988693
0.05357669975637691
0.0521903260560066
0.053826358811420505
0.053531839588686125
0.05275483252808044
0.053621201193891466
0.054110944367494085
0.05325245905623888
0.052909715375790256
0.05309497615417058
0.054096540339742205
0.053732698634121334
0.05360454146466509
0.0535636453605548
0.05349415992895956
0.052808664353506174
0.05302857738388411
0.05345513874272001
0.054162407117473776
0.05314128158897802
0.05369571237133641
0.05445624488129397
0.05308581873396179
0.053356118593001156
0.052909055917552905
0.05291539211248164
0.054039433949583326
0.053474946786082
0.05338859795301687
0.053914228003122844
0.053020673965875176
0.05437513504512026
0.053683062567870365
0.05384784404850507
0.05312153034537914
0.0529357719096879
0.05281969471980119
0.053537001342192525
0.05455278263070795
0.05318798705593508
0.054650902791763656
0.053063398410813534
0.05312885933199141
0.051822120094584534
0.05444478469689784
0.05329773202720389
0.05412268351574312
0.053698646150223794
0.05319212439098919
0.053710984908320825
0.05384584232706402
0.05307175790403562
0.05401343374614953
0.05224972183168575
0.05360547676355054
0.054404438467827276
0.05364171492692549
0.05426846805494279
0.052914485862856964
0.05273274604041944
0.05355584652170364
0.053284245726899826
0.05440893187005713
0.05343194430861331
0.05430358619923936
0.0532293056621711
0.05282510831057152
0.05321894019471074
0.05375089959670731
0.052721765754540684
0.05232580207848514
0.052766928674827795
0.05273440494602255
0.05298973452045175
0.05254632905234757
0.05322285222609935
0.054168478651263285
0.05399873216265405
0.05363757843952044
0.054144908834132366
0.053459192327864
0.0536718068888149
0.05302000022675202
0.05290456365037244
0.052933403121642186
0.052815446910244646
0.05363178028164839
0.054226332480538986
0.054530804125533905
0.05268160765444918
0.052640602300016326
0.05353420036590251
0.05313404162006918
0.05259085278521525
0.053507528338741395
0.0524418481036264
0.05258286065145512
0.052575113801140105
0.054792050634205225
0.05323428904739558
0.05388271954507218
0.05414269551329198
0.054587325892498484
0.054011188778531505
0.05285937348526204
0.05394623027132184
0.05331620552351524
0.05391302128555253
0.052660048777397606
0.053042151683257543
0.05269943135135691
0.05385241189287626
0.053316083269237424
0.053596598483636626
0.053977166002368904
0.05278878124227049
0.0534809127675544
0.05389427224508836
0.05247427721587883
0.05378865423517709
0.052228442693376564
0.05354985972189752
0.05350883642131521
0.05357164511042356
0.05311693137991824
0.05446305019904685
0.0532370555538364
0.05258088459777355
0.053859029952946
0.053126937888009707
0.054087015636469005
0.0529991385210451
0.05321484594969661
0.05274159805776435
0.053246182316797785
0.05351994753618783
0.0539977802982321
0.054210355101531604
0.05361207235910115
0.05345572009537136
0.05245739826386853
0.05339036221448623
0.05322729851832264
0.052808713602644275
0.05320485256197571
0.054842370156620746
0.05369870306640223
0.05220137284049997
0.05378569896492991
0.05489026329269109
0.05295762716923491
0.05388856314493751
0.054087327527668094
0.05328400140570011
0.05314991424711479
0.052800273700995604
0.05362197928297974
0.05335358647607791
0.053884894025031826
0.053034975313494215
0.05301972879169625
0.05385741524332843
0.05510519933704927
0.05196247121784836
0.05343025427646353
0.05334067571857304
0.05268265979975695
0.052203802342774
0.05323512629365723
0.05322999806230655
0.05458783653375576
0.053982362365786685
0.05346994746832934
0.052630999003667966
0.053113199210201856
0.0534872300340794
0.05321441250816861
0.05290137027077435
0.053394478769405396
0.05281062515678059
0.0529538606715505
0.05423755563424493
0.05451977987468126
0.05386133399588289
0.05374579141425784
0.05353158369689481
0.05312472812329361
0.05374848119390663
0.0529655689097126
0.05315255435743893
0.052817030360529316
0.053240801291394746
0.05393524427563534
0.053877025360634434
0.052498426843158086
0.05248100560856983
0.05298803602636326
0.05429330365041096
0.052805666007770924
0.05297770540892088
0.0540930856623163
0.05232791321213881
0.05307068929869274
0.05306835719784431
0.05413682407015585
0.05295447381467966
0.05323539461642213
0.05380906999016588
0.05385943162400508
0.05307042777349125
0.05433872285357211
0.05200370717284386
0.05164372598665068
0.05190104899884318
0.054060654423665255
0.052621735630964395
0.05256839252069767
0.05431736531500064
0.052481559781881515
0.05283032623628969
0.052927971930330386
0.05330242831223586
0.05271755646026577
0.053880277404459775
0.052423611963604344
0.05323879043862689
0.05403979238872125
0.05269880207742972
0.05306458105405909
0.05295082574048138
0.052648148261141614
0.05476234513480449
0.0531472086240683
0.053392860589156044
0.05280044407663809
0.053995910164303496
0.052548234969435725
0.05277286290038319
0.054211917657084996
0.05443146497418638
0.05308208811766235
0.05271486573110451
0.053050942753543495
0.05428371500602225
0.05336833090586879
0.05339436893700622
0.053134359084651805
0.05300510227425548
0.053261579261743464
0.052796318359469296
0.052845979709672974
0.05325831712616491
0.05367282136285212
0.05287571017652226
0.05458868358255131
0.053661819223634666
0.0541541405764292
0.0530265617344412
0.053843186717131175
0.05339414045374724
0.05317686869602767
0.053236860905599315
0.05229829029667599
0.05308154097838269
0.05358764768425317
0.05330822730320506
0.0537967105046846
0.05283944177972444
0.05415249784891785
0.053564960415315
0.05356578556165914
0.05421805206788122
0.05391304999466229
0.052518235926982015
0.053244707223711885
0.053621360544639174
0.053989307780284435
0.052792322747336584
0.052709501218487276
0.05337677401621477
0.05263189466131735
0.053397363915792084
0.05268353053907049
0.05363178193510976
0.052461426703303005
0.052340332349558594
0.052920757421816234
0.05317886966258811
0.0542328761475801
0.0524896330316551
0.05349292676874029
0.053055192651299876
0.053182471927357255
0.052467377528955694
0.05320745515200542
0.05312231504285592
0.05299105896301626
0.05350916791758209
0.05242956807342125
0.05383154132687196
0.05412870953659876
0.05303427771650604
0.051274331755848834
0.053211945725706755
0.05151298350756406
0.05220407371780311
0.052649470597316395
0.053515447452809894
0.05304221818005317
0.053897014098765794
0.05344541162958194
0.05475818462036841
0.05296535603883967
0.0537576609167445
0.052469703265160206
0.05351959602376155
0.053503615579757025
0.05260358795931097
0.05305276332364883
0.05403142034811026
0.052866628302581375
0.0529769984404993
0.052734969887751504
0.052537848947395105
0.05401281541890057
0.05380513347881788
0.05333979090755747
0.053038309826661134
0.054075621725132805
0.0531726311037346
0.052503112574413535
0.05335747358913068
0.0523425615447195
0.05354823476955062
0.05385211330758466
0.05279839341528714
0.05364340420055669
0.05366331316326978
0.05236226126726251
0.05315790110034868
0.053905272367046564
0.05288569149161049
0.053118536630790913
0.053364081935797
0.05319305263037677
0.054297571474307915
0.05284457053858205
0.05235825496856705
0.054018705397538724
0.05266396085426095
0.05290613047327497
0.05405150881233567
0.053897660716756945
0.05210654917755164
0.05351259523740737
0.051828108458721545
0.053531032375758514
0.05397005326994986
0.05336277476271789
0.05336465172149474
0.053795872157934355
0.05354284110944718
0.0518957868207508
0.05337361528836482
0.0537207173074421
0.052927534394257236
0.05397919002643903
0.05392178809597681
0.05245104380628618
0.05361278597047203
0.053742761630928726
0.05213436176018149
0.05270290925182053
0.05322017429716652
0.05360149259286118
0.053917987481327145
0.053084821132870275
0.052907985817000736
0.0525799814495258
0.05277183255748241
0.051508356467820704
0.05289420394365152
0.053838721139982226
0.05158951493103814
0.05311973439711437
0.05271434947462694
0.05366697892714001
0.05297241771404515
0.05257097313187842
0.053324829386838246
0.053441601841768716
0.052598673735701595
0.0522317017930618
0.05275150342822599
0.053165118626566255
0.05242166749849275
0.05200210649309156
0.05362551939288096
0.05374241478784825
0.05320303924418113
0.05257976191205671
0.05307307186922117
0.053491221833610325
0.05303069402361871
0.05310834830197564
0.05230796140313032
0.05267462560732383
0.05339419641859422
0.05297298647928983
0.05313880384164804
0.05309447506624565
0.05209296889552206
0.05394552436155209
0.053685709806813975
0.05216450782427273
0.05240592185691639
0.053194595227978425
0.0534034529409837
0.05283791545480199
0.05338750907503709
0.05316551937175973
0.05284266420676431
0.05228672194425599
0.05227772610305692
0.05354024370171828
0.053327092065956094
0.052689376287162304
0.05274170339180273
0.05336796598203364
0.05360021050546493
0.05217861755591002
0.05412254735711031
0.05332473864473286
0.05441943085497769
0.0536240862293198
0.052727764274095534
0.055116461824582075
0.05301173892439692
0.05342696313891793
0.05309097977442434
0.05356300584207929
0.052255142627473106
0.05374293962631782
0.05376359777255857
0.05449276466970332
0.05366591387610242
0.05403389790080837
0.05436688043300819
0.052166542312988895
0.05308996991334425
0.0531805305290618
0.05292364995511889
0.053697479286711314
0.052643563383753644
0.052554450170646305
0.053713762184997904
0.05302278209455835
0.05221083302421903
0.05262070235221472
0.05370783509351895
0.052542047460519825
0.05338451335228456
0.053141503554797964
0.05256615919461183
0.05306649346312042
0.05363773149110784
0.05339727909449721
0.05312499910542101
0.05325751373129606
0.05204291290101537
0.05129045471585414
0.05368233824810886
0.053319418298997334
0.05329066603371757
0.0531468432618567
0.05359325222707412
0.05345474521163851
0.05171514508947439
0.05274376085253607
0.05327513134216133
0.05287762273110275
0.0534433397660905
0.05328152497349947
0.05237631374075136
0.05409010475159448
0.05248839353043877
0.05250906761466467
0.05277227392252826
0.052992959159382735
0.052477544335488346
0.051774347562968615
0.0537806985903444
0.05405019518912013
0.05285255997114291
0.05211488696477318
0.05248588189351722
0.05296839315633406
0.051621213111502584
0.05318781152891461
0.05417097272584215
0.05281836909671256
0.0532760513942776
0.051797339066979475
0.052371518229847425
0.053076901473104954
0.0523853037320805
0.051881444560422096
0.05243044000599184
0.05302042949733732
0.05282700170391763
0.05367940056203224
0.05156860281385889
0.054518909033504315
0.0518031238570984
0.05246751693630358
0.053249169104674365
0.052908854917404824
0.05198110907258524
0.05190914377999434
0.052417095697819605
0.05314452618586074
0.05269101781414065
0.05258756248622376
0.055048262531272485
0.052553193125277176
0.05326764218079916
0.05342306307829858
0.05404042620648397
0.05185281251760898
0.052039167552720755
0.053607485697284574
0.05340645975047664
0.05322804983188689
0.053246731777107925
0.05457661337459285
0.05472614477366733
0.054745932335208636
0.052979220265115146
0.05268492878349207
0.05222257200512104
0.053538361278697266
0.0518260905664647
0.05271286294555466
0.053310524115659064
0.05274392761930358
0.05319302711177443
0.05315909409546293
0.05257556264768937
0.05303020377505163
0.05304233979222772
0.05322950240406499
0.05325089367761393
0.054187527233807486
0.053144525078096194
0.05341951899936248
0.05232664393042796
0.05362066746602068
0.053034916518299724
0.05289250350688235
0.05293989620258799
0.052940335639505065
0.05375655498937704
0.05331260455386655
0.05336972823715769
0.05197157731709012
0.051966163384349784
0.05392730866697093
0.051611417165986495
0.05303929807632812
0.05303962381913152
0.05302790648420341
0.052864537934510736
0.05254088115543709
0.0537709455620643
0.05319052185950568
0.05244463605595229
0.05204069625688135
0.05384212818898959
0.0535383340993576
0.05221474011341343
0.0533308084050077
0.052885871920807404
0.052978295025241096
0.05337793874787167
0.05245994457800407
0.052805543502472574
0.052526655306792236
0.05276634529400326
0.05190443731589767
0.05406369413140055
0.053583217289997265
0.052994498782936716
0.053195850745396456
0.05393102889320289
0.05268740051542409
0.05397372833249392
0.0528007139928377
0.052707732440467225
0.05289704827919195
0.05210950013497495
0.05353770854344475
0.05279565809905762
0.05366990346010425
0.05284072105314408
0.05270349474812974
0.053363585151601
0.05296726177948585
0.05250902586885786
0.0529261055871757
0.05280738667534024
0.053129326763155404
0.05278899220320454
0.0518937007545901
0.052477376124443254
0.052624226907937555
0.05354824308415118
0.05238350125000579
0.0529194998962339
0.05333821398562577
0.05293652194814058
0.05423203330792603
0.0535630668491649
0.05303731545427581
0.053145714908168884
0.0529723409217695
0.051505789011571323
0.052629436084316694
0.05320164723707421
0.05249867275233555
0.05131684261141345
0.05230218532051367
0.053132864657527534
0.05325401800473628
0.05232107267147512
0.05257994709427294
0.0531024901465571
0.052298018854344264
0.05279873740255425
0.05255213589225605
0.053255750844982686
0.05280146424593113
0.053622383156834985
0.05219969321478857
0.052977371005908935
0.05269461298121314
0.053006294492661254
0.05265775577026943
0.05271542540322116
0.053505504482018296
0.05269710234824743
0.05300323849769484
0.05265407271690492
0.05152755922063079
0.053371361591416644
0.05163590773190663
0.05334133068572555
0.05234747628855985
0.053902935675068875
0.05369812906610605
0.05278878986791824
0.053172951978922356
0.05206314321367245
0.053390305505672586
0.05386929958513065
0.05352487568052311
0.05224904835813504
0.05254261901973223
0.052120239237410715
0.053225467090669554
0.052037261477380525
0.05307729934611416
0.05257204401641502
0.05170113208987459
0.0528023634760757
0.05270808478962863
0.05348905050595931
0.05379487591017096
0.052701869750308106
0.053657824493711814
0.05320221371221123
0.05352528205730778
0.053393568869068986
0.05332865101991047
0.05309067788402899
0.05320631561335176
0.052157566706227954
0.05206283292318403
0.053496041475227685
0.053135106165427715
0.052402752753550885
0.052497273123663035
0.0529459499521181
0.051221309789980296
0.05364999463381537
0.05224139095298597
0.05238594569709676
0.05393560282209364
0.053242629210217274
0.05283983328445174
0.05305862464410893
0.05286904686363414
0.053395908429592964
0.052321090139230364
0.0525211015901732
0.05221212986907631
0.05424929646324017
0.053223166383759235
0.053095395596756134
0.05214628289104439
0.053408492321977974
0.05358845126465894
0.052701088734465884
0.05166466055197816
0.05350526158508728
0.05145853842259385
0.05272762071399484
0.05241829825354216
0.0528927095419931
0.05299356737305061
0.05299509189535456
0.052977811134041985
0.05341590867828927
0.05281185578132863
0.05249466662280611
0.05317120117979357
0.05257553810952231
0.05358630562477629
0.053249438420607476
0.05230618494897499
0.052485226251519634
0.051894587952119764
0.05246704485944065
0.05303828095748031
0.05252904663029767
0.053962471367412945
0.05345879661035724
0.05261568616697332
0.0533014384782291
0.05275866001466056
0.052673234131361824
0.05150756259899936
0.05191066774568753
0.052789503875828814
0.051720785899306065
0.05345967467110313
0.05326949823938776
0.052067300804992556
0.052084760360230575
0.05315648258510919
0.052929816374671645
0.053360355537733994
0.054050988852395676
0.053030731573016965
0.052013574215379776
0.05374500867219467
0.05296763354454015
0.051681946259122924
0.051528907439205796
0.05220044171801419
0.052685513595861266
0.0527910482360312
0.05253573593836336
0.05352413553373481
0.05228060515401012
0.0522462033040938
0.052504438262985786
0.053854074629271054
0.051959718692160095
0.05356486367782054
0.053797508606294286
0.05291678335379402
0.052458539490544354
0.05322389892717183
0.05294142705133709
0.0510309852706996
0.053391130963063915
0.052466060773440404
0.05384099347793381
0.053047926046929206
0.05277106125140563
0.05309831786144059
0.05286591109324945
0.053692911913458374
0.05287189031514572
0.05170960825853399
0.05378669080891996
0.05283701851658407
0.05322171820989752
0.052938505778001854
0.05253824819374131
0.05339527125033783
0.05254015622085717
0.051935249195594224
0.05363150013363338
0.05275687766697956
0.05310738931984815
0.051972882691188715
0.05204287090964499
0.051375958102653385
0.05303682659177866
0.053313334174163174
0.05205761889919813
0.051929777930126875
0.05323779324317002
0.05255337243579561
0.05216505827411311
0.05233879390107177
0.05222527616933803
0.05349262200434168
0.05273480409596232
0.0532071200577775
0.052896708893968025
0.053070213583851
0.0521774634198664
0.05275590146993636
0.05207861443523143
0.05253295435613836
0.05341992430658138
0.05238306534374715
0.052688667999973404
0.053229974253554246
0.052860045376291964
0.05348288928144029
0.05283861384305055
0.05257726148738584
0.05066666883703874
0.05251737643266097
0.05350212949269917
0.05210736294793605
0.05303579511200951
0.05196463323045464
0.05217055573666585
0.05252504723284801
0.053144098241318716
0.052050161708393716
0.05348139584202727
0.051426715607703954
0.0537999643747753
0.05271951660688501
0.05312726556803682
0.05371694790846959
0.05247576860165282
0.05184095933691424
0.05301361041529162
0.05439420976836118
0.05263831203774316
0.05197958594908414
0.052051037546334555
0.053214640329315444
0.05398921010964841
0.05350403849843133
0.05067888362918893
0.05234358810048434
0.05272822310689662
0.05246046630600176
0.0543844182848261
0.05374687544644985
0.05226869804391754
0.051630167567964236
0.05270500814731349
0.052868675886202254
0.052440910581935896
0.0524998077435157
0.05288315614598105
0.053071180740516866
0.05428814484002942
0.05221191903910949
0.0530165704076353
0.05194667106388806
0.05418645992540405
0.05290976790456625
0.05240196509839734
0.05311860513393185
0.05198746456335357
0.05199121067926171
0.05297334829629108
0.05173687397655158
0.05307768429884163
0.05222306269388355
0.0525067654580198
0.052435589672313654
0.05195553511293838
0.051637526081321994
0.05347789661755087
0.05299109152656456
0.05242939418531023
0.05275510571846098
0.052701581615110626
0.05184262609691359
0.05212179668342287
0.0537498510129808
0.053840941185626434
0.053109034095541574
0.05326219942253374
0.053202186929411255
0.05377262433830765
0.05226660830885521
0.05270886919424811
0.05361918326707382
0.05241284043950145
0.05302051530634344
0.053167667538218666
0.05244666582802893
0.052435613575653406
0.05163972241462034
0.05266534019028768
0.05188528098551615
0.053083927974512335
0.0532420890249341
0.05249231978086755
0.05224032368278131
0.05289983293005207
0.05329389441067178
0.05279015199994319
0.053691442339186324
0.052817994581346284
0.05315074423197075
0.05175046836484398
0.05144804569226835
0.05297107627666264
0.053212547794828424
0.05177444224409555
0.052379913551703794
0.05262723730629659
0.0520122749148868
0.053433189139468595
0.05247555534879211
0.051581206414994085
0.05288134009788337
0.05285134611403919
0.05313238328744774
0.051585462626462686
0.05200472628985153
0.05372074856859399
0.051299961763106694
0.0529532000036852
0.05310821072998806
0.05319672637961048
0.05248898192985507
0.05179767333356722
0.05224594181709108
0.053161364505285746
0.054217484526816406
0.05220976639247965
0.05253904604251147
0.05311465519662306
0.05187706540345971
0.05198214730262407
0.05332274795182457
0.05269265698007075
0.05352947918254358
0.051821754954289645
0.05276904437232588
0.05300173372779682
0.0526910043990938
0.05318673764486448
0.05029623598784383
0.052502943379295175
0.05336888103738602
0.054138066619998426
0.05358936088850896
0.052984982579801
0.051940745339379646
0.05338417948587448
0.052960821292799665
0.05263131683568645
0.051562328491854714
0.05253261313009716
0.05226384321031219
0.051567259990406455
0.05326851910285768
0.053240778204781236
0.052623874180426355
0.05315291139231704
0.05352651325665647
0.05185277263262833
0.052767992467124714
0.05276265012616932
0.05225424643140286
0.053187723706287215
0.052838188070381875
0.053552966523056966
0.053322993335314095
0.05208662567019928
0.053406675902806455
0.05254514875377936
0.05238827121320355
0.052282107466453454
0.05307745990830881
0.05310649449529592
0.052602470395868295
0.05229802880057832
0.052901051476510474
0.052802918677116395
0.05195826185263286
0.05253442229150096
0.0521622863579978
0.052469399929577776
0.05251303142904362
0.052623416979258764
0.052602052342990646
0.053121033028219244
0.05227770952114952
0.05257697000342887
0.05239369753326173
0.0525618878127716
0.053160105664574075
0.05383705962958629
0.052800614068473806
0.053817770660316455
0.05351664470981632
0.05231126147555187
0.052417554581552395
0.05347866567171877
0.051927938836342946
0.052342876530019566
0.05305318933096714
0.05209906523305108
0.0515443664007762
0.05168763350775407
0.05381932808086276
0.05277949669471127
0.052576206438970985
0.05211296467859938
0.05165953847608762
0.05290424180384434
0.05273480781579565
0.05276232113101287
0.05183890863099805
0.05219805904926034
0.05153757303105522
0.053020536974145216
0.05389997403835878
0.052085010632254125
0.051438576637337974
0.051854967660801776
0.05252848747477401
0.052945391449611634
0.051648803691023204
0.05285081848705886
0.05319865322417172
0.052656254196335794
0.05201930184739467
0.05348092920758063
0.05209045770516241
0.05154574993866845
0.05184389653913968
0.053175870181803475
0.0526583300652419
0.05284207473596325
0.05283305689590634
0.052506217170957825
0.05219618739101861
0.0520756917021572
0.051409422856522724
0.053048499175929464
0.05145569188425725
0.05336490106128622
0.05202307222316449
0.05178720440562756
0.05167227885158354
0.05306592190208903
0.05299764819028496
0.05271889743744396
0.0525800007790167
0.0520044263193995
0.05263503543756087
0.0532188632296311
0.052531458645717066
0.05242329151769809
0.05240570073874551
0.05268441615771735
0.05289594982423296
0.05214343127408938
0.05303793033453985
0.052167000954796094
0.05155600419766415
0.053244236509272014
0.05306841647507099
0.052124770105365315
0.05243799765230506
0.05229408155719284
0.05227580511018459
0.052350198182466556
0.05281021249538753
0.05286232385151379
0.052350984607983264
0.05364100991937448
0.05342997348816425
0.05330580426925735
0.05327040680094797
0.05245066961924749
0.05243231959138939
0.0523431427172909
0.05321531164008775
0.05202172951612738
0.0525168838994432
0.05168481382315804
0.05246886476561485
0.05244586438857368
0.052076019634114346
0.05172756963474967
0.05204284098363132
0.05283374202736013
0.05275889716904203
0.052527053992889705
0.051869249629817205
0.05257787119990098
0.052769887102840585
0.05295660700812732
0.052695079997647554
0.05284549057796539
0.05283514177608595
0.05104377321640641
0.052783444905799115
0.052438805864767346
0.052614497115428094
0.052504522527669906
0.05305734811190632
0.05168202324239246
0.05264422684922465
0.05151178860160144
0.0521561042560279
0.05270009235755424
0.053077627750099055
0.05234576608563657
0.053695126152888406
0.05205200995260384
0.052967297635404975
0.05212485714855575
0.052237333247830975
0.05222299827437382
0.05284573328572151
0.05207445236374042
0.05257662532676477
0.05200991904894181
0.05135326287472708
0.050875845350674354
0.05198618097801955
0.05308682384020358
0.05266722725627915
0.05251478826721723
0.05285148681832652
0.05272134320148325
0.05231207198903576
0.05238726702191343
0.05357530370929453
0.05263406198719167
0.052964920414524386
0.052717134135491506
0.05321210866532056
0.05345588603449869
0.05233829449935001
0.05291856313851895
0.0517125810511061
0.05280507942188706
0.05155160907725076
0.05304684270777216
0.05409059367229929
0.053163618837970716
0.05303811786870938
0.05341231339843944
0.05296280655602459
0.05248107297484239
0.052586919873647275
0.0513033296492722
0.051949010025964526
0.05158720460713084
0.05253969138175307
0.052767189847145346
0.05342294321053487
0.05263307270342921
0.052990411646533175
0.0519190533177607
0.05175330421025137
0.05142056400745787
0.05274818356610922
0.05176383415619057
0.051645272278619814
0.053630468108167406
0.05235460556923499
0.05288125178049086
0.053522686095675454
0.052805509740210255
0.05258498607963702
0.05250152263761265
0.052793736530475144
0.05195297590762493
0.052136284822154266
0.0532868492846319
0.05107993718411308
0.05162548962562141
0.052766054072890256
0.05248714651133923
0.05291727533767698
0.052369626486324705
0.05119967510745482
0.05156619379067706
0.05191366908275086
0.05206062360684882
0.05241099645172653
0.054399752985773375
0.053078748378538876
0.051887221327888255
0.052170191963341495
0.05331282470069709
0.05225672041524376
0.05198972905509436
0.05231326694593008
0.05279619057182572
0.052192210150678875
0.052914147769115516
0.05282636756601278
0.05314303794875741
0.05229523650450574
0.052825754188233986
0.05187621695404232
0.05284428019876941
0.052596454196645936
0.05283396360482584
0.05226964978828619
0.052687381842588366
0.05171842300114804
0.053025151679321425
0.053089051100869256
0.0517525741006466
0.05207861859071272
0.05228144135980983
0.052598344280340825
0.053215040225040866
0.05317848205049813
0.05150170998604153
0.05207669028186501
0.05220613289202447
0.05193767231776292
0.051011550407565664
0.052015276822203305
0.0519983522090115
0.052051758259949565
0.05290258621334942
0.053227489350319956
0.052249500230573176
0.052028419518137525
0.05355448956834152
0.05231832973186101
0.052829503446446324
0.05268340161728702
0.052676679433716345
0.05207015227369993
0.05281951864981238
0.053369929342807154
0.05219562321144622
0.05194263925477571
0.05212978589042905
0.05262161679365818
0.05219977635078976
0.05242883815844834
0.051849731999027426
0.05332739113691787
0.05246737492052489
0.05325781722785905
0.05237647507510701
0.05234471696348919
0.05260366280708695
0.051420081473224855
0.05254834685183596
0.05207468101161794
0.05140309180751501
0.053278274566764594
0.05165617161856062
0.05301478399633197
0.05252289521286002
0.05245115842899395
0.052798890567828494
0.05252811245372868
0.05175966708429769
0.05170701824954449
0.0517499516990938
0.05171653814977617
0.05228593430638284
0.051617827670270344
0.05186438185046427
0.0534477483779483
0.05261123187301564
0.05351591181715776
0.05190968808892649
0.05263475863830536
0.052486905065961764
0.051874545441023656
0.052339245867187856
0.05177401261062187
0.05210421715855773
0.05194011650837638
0.052366440038895234
0.05194605363612936
0.05363615813803335
0.053265163565811235
0.05095095131764538
0.052000840815708216
0.05334831124673656
0.052916264806299296
0.052303073496659636
0.05262651932935114
0.05199460552103119
0.05357876711877907
0.052059808084777615
0.05183979708181141
0.05258186344326532
0.051671768390406214
0.05349115082753997
0.05236898264956835
0.052534748760990624
0.051747224649261625
0.052324314036013675
0.05188755486597074
0.05186550406870083
0.05152335220191162
0.05225212161167292
0.05221879886084935
0.052665847975731594
0.05245075200309657
0.05269542148835171
0.052103123335655255
0.05116044917485851
0.05284863726410549
0.05170777021703543
0.05265289869839762
0.05144645660311653
0.05323234237403085
0.05181487636309612
0.0534685349684878
0.05230308567206521
0.053127964685700135
0.05270650527472753
0.0530651559083708
0.05246334460207436
0.05204384012176888
0.05294207393853867
0.05256348478360451
0.05251968092034076
0.052606791783546214
0.05131676600285573
0.05112265897787438
0.052822038332124066
0.052432138785661664
0.053214650475638337
0.05185115924359707
0.05265254392725183
0.05311508138129284
0.05206436289518024
0.052791451532357314
0.052660891143204935
0.05275138873003016
0.05208454109651939
0.05394735633308301
0.051764533581263095
0.05338329050118773
0.05215655746542325
0.05231665156861709
