0.05469104198164132
0.054550647393625695
0.054772811443399405
0.05367590975401981
0.05457260196817515
0.055009088246151805
0.05435397546716558
0.054939577168624965
0.05503631698047684
0.05443466908764094
0.05403867407767393
0.05482267634397431
0.05418938227012404
0.055077290591725614
0.05438962916377932
0.0553010385028756
0.05546422953011643
0.05432758808819926
0.05384623235113395
0.054299005068969564
0.055090784773710766
0.05398011325087282
0.05409383419282676
0.05503423083064263
0.05445720695752243
0.05382400222515571
0.05513974086716189
0.05646841951238457
0.05471489574483712
0.05409690288979618
0.05438653852252173
0.05461394462145108
0.055372463384628645
0.05526638998708222
0.05508577836189943
0.05484753261771402
0.054538068474357715
0.05459383612469537
0.0530049919270823
0.05481262584180513
0.05516031962542911
0.05416770758347411
0.054083619639641256
0.0538908819326025
0.053745797373267123
0.0550219698852743
0.054937171893470804
0.05377808048797306
0.05433572864239977
0.05492197477724403
0.054452105605378165
0.053963524482242065
0.05405165293450409
0.053974853824911406
0.0547154809210042
0.05442685220259591
0.055084556766814785
0.05474966521796887
0.05466192625135591
0.053826323832254275
0.054852878476594924
0.05403787208888389
0.05394242500733526
0.05259969369217288
0.053448774122443865
0.05576407027547248
0.05619192023550568
0.054665710569679504
0.0550548398259707
0.054199586065806216
0.05479277546328376
0.054704492204109556
0.053983662317477865
0.05499858205075725
0.05507476034836145
0.0547214101152349
0.05452245330525329
0.05452201496518683
0.05487996734336775
0.0544779156716686
0.05362978829180065
0.054660749727190705
0.054331707491655834
0.05342809504873003
0.05459787041763775
0.05501367295073578
0.05385652759287041
0.05404279988761118
0.05490711317725072
0.05438511432294035
0.05331496548751602
0.05505008302498027
0.05394104442530079
0.05468939375168702
0.054452193744509714
0.05476039428867807
0.05507848657180148
0.05358198499925493
0.05541704253482749
0.05370006518387527
0.05388962545839604
0.05446742603635357
0.05434232967309072
0.054417143281170866
0.05371337023279921
0.05448082191105641
0.05485041253268719
0.054943336768701556
0.05401094465742062
0.0542287254902476
0.0538803193030617
0.054191993966014707
0.05510164599400014
0.05443981261487352
0.05318795974562818
0.05466104333027033
0.054396887526309
0.05403873782415758
0.05534532415003923
0.05408968590381846
0.05450391226077045
0.054669667521011434
0.053908990983472904
0.05514442815911025
0.053983413283276604
0.054007103495678166
0.054465108125441475
0.05567072230769554
0.055115530118200695
0.05496215128732729
0.05463597069501702
0.05416475728270598
0.05490961681789486
0.055597369178940426
0.0546491445547872
0.05557511735605658
0.05372960432941909
0.05416059039453103
0.0543164088485355
0.05435676404158585
0.055469149938289775
0.053645864749341854
0.054267789115328924
0.053480012124055065
0.05538520478330611
0.05419047088616935
0.05337995192167
0.054337523972208146
0.055702460327665904
0.055749949082382955
0.053556197193756816
0.05300230690045282
0.05323092114485917
0.05529244327772176
0.0558466114634939
0.05392353435854602
0.05429758613900049
0.05426317342426046
0.05441050615081622
0.05491026996787696
0.05479533810648718
0.05549436345063441
0.05395820914054639
0.055325969215118675
0.054356234930310166
0.05343772385822376
0.055698191206829506
0.05441627625259571
0.05588047140008712
0.054412318881077226
0.05538727993553039
0.0540288839074492
0.054701768760423874
0.05436103604370146
0.05443391235530726
0.05473653932676825
0.05421560318245611
0.05476475571231276
0.05414187910173496
0.05362891246659274
0.054083242717752
0.05456710080943594
0.05490640679090575
0.054037000159951276
0.05423452778086357
0.054571805252635386
0.05419700063794153
0.055951946747882175
0.054671344687449164
0.05337621130638581
0.055106864387198584
0.0547559560436639
0.054420330950961215
0.05540872371602745
0.05529601531998196
0.05467514847259736
0.05458629596068931
0.0529392411281151
0.054450420964712976
0.05635002540293499
0.05605467411623977
0.054957792281129514
0.055119024003943196
0.05434782410520711
0.054018960347093525
0.05450076834495121
0.05478416615733295
0.05421212426881539
0.054141643733601086
0.054409313765063416
0.054724195280869026
0.05509099957998842
0.053566123115160735
0.05484799398618634
0.05382351255866524
0.054573639510635985
0.05497619526067865
0.054831998495501466
0.05423402560882096
0.05358469224483997
0.05437418376095593
0.054991156353935366
0.05450389296129288
0.05604099136326113
0.054317331365382415
0.05399073875742033
0.053979782009264454
0.05381156596922665
0.053812826228750055
0.05423889996018261
0.05481437766138697
0.05479511995508801
0.05509939401417796
0.05425181242026156
0.05417053512246639
0.05456069955835119
0.05464759506503469
0.055622142424908816
0.05371532632307208
0.05554852913155628
0.055332821528281784
0.05463819288161176
0.05366544068601797
0.05458154185907915
0.05450284545622708
0.05533781581289077
0.055852749499536
0.054590292305874755
0.053687703715695534
0.05509882738624583
0.05408348626770021
0.05438839291491604
0.055431715460144915
0.053851314913117676
0.05400395113065315
0.053820369619643316
0.053879874236372416
0.05420202270943264
0.05393593516237161
0.054093596672828426
0.054074779347502044
0.055763324115105206
0.05461052632017527
0.05438719619451149
0.05446655147898127
0.05448324928693182
0.053965383867762284
0.05438308968223282
0.0543860578800377
0.05490266191372939
0.05388703668722883
0.05548886316319113
0.05450771726646053
0.0552530432560161
0.05474113415766624
0.05540962444865727
0.054624593427433865
0.05491189394524554
0.05474121206498239
0.05494509926393221
0.05371653016845812
0.054518770330105326
0.05569821086464799
0.05470261491609563
0.05390913667542918
0.05497066602220002
0.0552663459420728
0.05429514736351848
0.054333357578798314
0.05395429033160326
0.05394649181289424
0.054468727990752086
0.05424649022279482
0.05464346773624129
0.05357294231544074
0.05371219795779325
0.05516390766752011
0.054306260726662
0.05491774631627777
0.053953854307110305
0.05437228310438513
0.05400693059527839
0.05460824729016167
0.05399793461947411
0.05527650897602143
0.05430401167541277
0.054992456673062406
0.05461670031218091
0.054405208546086214
0.0538142100594996
0.05450434368685819
0.053557134635411785
0.05419415355754609
0.05392800081426685
0.053696597709858906
0.05416034895279154
0.054172283604202676
0.05466051067924127
0.05395540617610095
0.05450440126332978
0.056462607431967626
0.054409341431892244
0.05452976051674341
0.05537426591399708
0.05556099877685483
0.05449381100152095
0.05560090480503277
0.055282491415709956
0.05511194557584531
0.05549382882054488
0.05577048101986293
0.05391188893918297
0.05505027967046772
0.05419147206339403
0.055685796336547355
0.05423621661066136
0.05478890078666154
0.05454802267558989
0.05432056634344917
0.05489751039931434
0.054172232921700925
0.0549816880011349
0.05416607024744735
0.05463153495293227
0.05517622938896238
0.05328477312650648
0.05465355462911248
0.054802380785986315
0.05617651611100882
0.054357928078388795
0.05418998742425174
0.0540077417226712
0.05474635074097023
0.05389740899045137
0.05418309714332281
0.05477998421702068
0.05250714642534149
0.05486262657723273
0.054093734581329045
0.05396394601120846
0.05448090897334623
0.05361806201108266
0.05434163564677874
0.05415382969476923
0.054087564329165616
0.054344676613254705
0.05412507031905989
0.054304907305777306
0.05412737080951047
0.05453741383644228
0.05580509459832683
0.05395770364702912
0.05511486957766465
0.05473972440267971
0.05478512752051756
0.053733963790364214
0.05430551302379172
0.053846846991291386
0.053747177737022866
0.05421288834622828
0.05474490546839661
0.054370857740650536
0.05449938955825928
0.05470864707422152
0.0558303138386691
0.05443463566371065
0.05441351358422253
0.05494042795544374
0.05545813016760803
0.053977174662577454
0.05526719931549451
0.05400562466275005
0.05445538011190365
0.056124034428648883
0.05438432870687393
0.05422518975137791
0.055041779662133195
0.0545420237340295
0.05500969176682702
0.05441405312376446
0.05433085609547561
0.05405298927689728
0.05393292045118869
0.05572115128779842
0.05417293003483792
0.054911599447223125
0.0546448175336991
0.055374005760313594
0.05344939679162053
0.054764664093454485
0.05531038439585245
0.05346193660443532
0.05363381513598142
0.054998114515910856
0.054292661072395276
0.054495782851518015
0.053457564248674316
0.0536140434214758
0.0544042745277693
0.05415772670858132
0.05340609965605836
0.054492551575094694
0.05454357475537108
0.05463294719811529
0.05485707996194833
0.05317351877056353
0.05530545720284863
0.055176593419673736
0.054366192536690505
0.054352412409571116
0.055017935317664524
0.053856174414249836
0.05420125089949579
0.05503260939622123
0.054448986709758174
0.05341710578613856
0.05460819585277932
0.054174521970708156
0.055191236606333405
0.05401716284904978
0.055135740938567324
0.05428896226294455
0.053810371360668796
0.05398614665136847
0.05524026637976931
0.055736652355335536
0.053741118015750544
0.05495547160717251
0.05524103806419589
0.05377252282050904
0.05447236434520164
0.05508857853419613
0.054889064535018406
0.05458727842597
0.05435930344538065
0.05529034323808446
0.05552978112064011
0.05501590958192537
0.05384076953851036
0.054664670540660154
0.05405753060585994
0.05440012906183256
0.05387244941084646
0.05396685971754778
0.053968720359989675
0.05441462838825828
0.05601111088435573
0.054240786093942006
0.055565945702255704
0.05552545320279023
0.054629306267088396
0.05509645104939409
0.05389582026145945
0.05459421669183939
0.055361335529596545
0.054742118602007395
0.05447629726768355
0.05545976486791915
0.0550040487323713
0.05350654195717652
0.054513396966285654
0.05508541084600438
0.054168153281352716
0.05499496111588087
0.054633250321785454
0.05445005779984058
0.05553224025061354
0.05560866328778502
0.053829526903427904
0.05490516425561509
0.05424809574469691
0.05439588168701448
0.054439666935650166
0.05400605513386836
0.05455643131608667
0.054965406421615626
0.054858802062881296
0.05510642828994605
0.054680790917700506
0.05420271456750925
0.054487683621118777
0.05401738002728962
0.053542545887466986
0.05314068597908772
0.05529562703304691
0.054840958893692004
0.054736058105845586
0.05487633849406848
0.05304626048928185
0.05345116395619698
0.054658572018524865
0.05489435621711891
0.05543607634717773
0.05459191971203836
0.05473492152304971
0.0535888282029191
0.05390107847233594
0.054829069382321904
0.05413644176951493
0.05455893614634988
0.053514114564677584
0.05495202727797732
0.05526318079864723
0.05491202354460256
0.053720462434284855
0.054217276205235976
0.05478477596625453
0.05456848750327481
0.054781800687123905
0.05464578485407401
0.0541217332593078
0.05384033726841153
0.055411440720490646
0.053866114914853824
0.0554463866592414
0.05667814868866117
0.05540209691935161
0.05520982636153349
0.054711360004148446
0.054785695425380254
0.05500866274815053
0.05492163145390805
0.05395510560265393
0.05481971626613813
0.05322082785278326
0.05525321714412712
0.053247266290782136
0.054308699456669274
0.054599784838501364
0.05420547506946605
0.054351726968889125
0.05505167754381546
0.05413101448903035
0.055705497639792156
0.05495652539502771
0.054838195919728605
0.054355027870769845
0.054902209969441174
0.05528162352493382
0.053240107343299314
0.05388368845706282
0.05527705768145097
0.05507138778193621
0.05510751983274531
0.05381464092533861
0.05433168425952317
0.054304494566167705
0.054527496045921
0.053905171940641594
0.05482054894491739
0.055291624663368566
0.05552215007810446
0.054001868764316896
0.05501711352553684
0.05321526432635437
0.05354044514569978
0.054126690129123745
0.05442719553320785
0.05459655463891977
0.054297873235555016
0.054640348795146565
0.05465334483415063
0.054867559261765564
0.05523036922204483
0.05546186086939997
0.05544213504072104
0.05498879242077237
0.05392274775294936
0.05314003197054262
0.05575713966391049
0.055712174958898686
0.054469192247779574
0.05481230278564908
0.05496013832271274
0.05597496677910385
0.05386445787917182
0.05401728118158644
0.05428421983924636
0.05389458908211964
0.05461919884692179
0.054856150221894495
0.05441227346091182
0.05536956157084205
0.05461335367181164
0.05268360763511737
0.05496862885047449
0.054292413080474944
0.055100045972722
0.05458344871112786
0.05432317637860251
0.05552120253560133
0.05508290303259855
0.05494381058815634
0.05589695495837077
0.05485317178499827
0.054714585305191576
0.05459704987151781
0.05533906345226569
0.05415830155652657
0.05318869733855536
0.053537526433501625
0.05458753483253531
0.05415968299712404
0.0554671292193234
0.05478709679846361
0.05609769808143028
0.054833193784361356
0.05588275003538001
0.05460396310809301
0.056080400547216414
0.05323315118766914
0.05391694316313078
0.054729912166294525
0.054544877168154926
0.05383971002447652
0.05361195576369937
0.05381924315224751
0.05475654093788762
0.054494824464200065
0.05518588498853205
0.05413693175432854
0.05600503131063306
0.05488459070511453
0.0544518170390802
0.054673491624271264
0.05488718816013716
0.0541059619099542
0.05400397612720553
0.05550710900024569
0.05509952746433555
0.05481887495807314
0.05365134173007391
0.05501912922227348
0.053667388874600874
0.05283944370421523
0.05555668126362434
0.054176679463125765
0.055455153957154835
0.054780683502031025
0.05407526946692087
0.05423897177570325
0.053929909774524276
0.05376864393474534
0.05396053383810795
0.05533644201932475
0.05316795597173041
0.05440061304034316
0.053418936189700617
0.05535922946182836
0.05338062044393155
0.05494362653189455
0.054685623212208156
0.05468586718416191
0.055710718437694595
0.05415981640726386
0.05583155896056269
0.05429671378988132
0.05480707372589677
0.053842083469135105
0.055198609823492006
0.05467987951669784
0.053890330405920395
0.053508192526351195
0.05459498773961968
0.05453500170551706
0.053599839495291235
0.054462897323901416
0.05572962348742294
0.05472360113344621
0.054332774900103686
0.05370012436469551
0.05581687719859474
0.05442474125811714
0.05403694890628685
0.05418461454246426
0.054944925281233736
0.055170526069559855
0.054308077471432625
0.054127247360156616
0.05443455661952612
0.05346205250498315
0.05434637441612722
0.05454287805878266
0.05591046716108394
0.05415807330791722
0.0532475922282174
0.054641044604068156
0.05499711963784648
0.05446208091416338
0.05659635106167116
0.05603323637296853
0.05440680572792189
0.05544330748307402
0.05387712626361463
0.05541763343717321
0.05377125830818841
0.05407518948231882
0.053511949143285165
0.05482783284787729
0.05502619877188408
0.053787540515259025
0.05575747742295789
0.05589883300672227
0.05444704959154478
0.055373589480950614
0.055529579491121694
0.054723429391742684
0.05383804312259599
0.05408083584916312
0.053249883125317865
0.053112392755792825
0.05364061911313911
0.05469696295040194
0.05353668602219841
0.053291045489459066
0.05487814032494498
0.05406367339674034
0.055588512173926574
0.05424706145640812
0.05518830598703062
0.0552571985317627
0.05416298452473711
0.05468648921851127
0.05378707731870236
0.054795897827716544
0.05496339430101216
0.054138012461407925
0.05533986130649282
0.0534574144949147
0.05424343430240697
0.0539542718197481
0.05377348404726945
0.05495881649767398
0.05486189237853978
0.05553051312199386
0.05421850214042934
0.05454963108422817
0.053846393962885486
0.05517712047912937
0.054379839086323045
0.05425597741850652
0.05280017148288607
0.05499864502598939
0.055229279740160564
0.05453929286341008
0.054223335018832586
0.05306825334264431
0.054192595034692204
0.054832786536280764
0.05472755072150903
0.0555103474544012
0.05473134166095406
0.05524339223848074
0.05420082833006745
0.05502832075217157
0.05467357613997592
0.055275900436754455
0.055390566179994494
0.054564829160881345
0.05463352179322101
0.054976967696347856
0.05441529348900076
0.0537769430939079
0.054201853166887304
0.055047704596290714
0.05458323013772315
0.05484936324864975
0.05430706910556182
0.05354917787917657
0.05349540509268991
0.05561081526866474
0.05494731578801293
0.05490848306726548
0.05395304734520323
0.05528009567933623
0.05505966307464405
0.054915282233196194
0.05474033647078613
0.05427260721262428
0.05479480560461525
0.054026996358516044
0.053395653623738326
0.05426499288660125
0.05414474154167692
0.05470804747528746
0.05462748727768485
0.05594025157370197
0.0540617846090754
0.05353049385485065
0.054537634989173966
0.05526726484640676
0.05502067765701213
0.055733496956236195
0.054459326192954904
0.05417087598470971
0.05370468146065832
0.053846278500714106
0.0546491152181261
0.053790818943525665
0.05461194396048086
0.05460536858117848
0.05460028076413437
0.05435445666080341
0.055041953644831665
0.05529247960475914
0.05541119929512206
0.05515417917558807
0.05281855773864663
0.05375944095067098
0.05477932669055008
0.05388782413865556
0.054752997481045895
0.05558671044855146
0.05326178890754818
0.05563505447753414
0.0551980239142722
0.05353526054568647
0.05468235792795895
0.05504967765955371
0.05421096606187348
0.05487646099936683
0.05465543144055118
0.054336198616510956
0.05402528257582162
0.05415051851923636
0.05426686912687728
0.05406350656267023
0.05510649416100932
0.05268733211232757
0.053947164573401096
0.05516299137889291
0.055072115843358915
0.0537004182151577
0.05577872088178992
0.05530279531740234
0.054762242500146385
0.05388748926452536
0.055154349081931286
0.05458746046497254
0.05485020194282697
0.05434335829522752
0.05537874873698456
0.05319266053811589
0.053732103004222154
0.05540557359745435
0.05495773638540413
0.05562152769743989
0.05463729082293867
0.05483492777602805
0.05521675985073671
0.05538714561225788
0.05561024503913359
0.05392430991742003
0.0549383615507395
0.05360381845821394
0.05347089643510117
0.05432503931297106
0.054815391024021665
0.054914484220716986
0.053645772832169314
0.054206145206990186
0.05483808231292642
0.05435030312219169
0.054218736668190104
0.05460397153365193
0.0555709945037961
0.055052727704605786
0.05455641972730518
0.055783456433346146
0.05409222168236738
0.055138837204140145
0.05361770073795924
0.05434754377711215
0.054534547716684756
0.054397726384195266
0.05513610147318104
0.05530130464103422
0.05515295584882551
0.05377624942957482
0.0541784973556787
0.05512023284245515
0.053300329147532466
0.05427045615033421
0.055941972801520023
0.05464091001704219
0.054194102756810025
0.054278105053526815
0.054879401561265695
0.05336498604629014
0.05504811662103748
0.05577686876313237
0.053802068752702326
0.055771173572793487
0.05378111591562629
0.054384386541642016
0.055065364818801754
0.054022850299588754
0.05423933807105641
0.05457923850190127
0.05434170767694013
0.0547454248280701
0.054423926700110314
0.05350791987257253
0.05414357383233437
0.055488343597971834
0.05401655941750505
0.055100036901421845
0.05612396695323696
0.05567506047009374
0.05396374696829298
0.05445963268903142
0.05308913067165122
0.05385821145318914
0.054861347076439415
0.05463238805896253
0.05475982355346787
0.054518023382115643
0.05405451016667939
0.05470532841900422
0.05453543643670855
0.05524158520529454
0.05449286863586167
0.05427888962731231
0.05482042647781782
0.05447778456255037
0.055667361681116745
0.05468674045732769
0.054458418610010995
0.05473886635081726
0.054177359359528054
0.05521285965187417
0.05353456307602755
0.054575685415329644
0.05347538411479036
0.05389967198789236
0.054399954626205727
0.054894207232791814
0.05341279583990399
0.05472344621557568
0.05463555451569846
0.05419466205057688
0.05438816090099863
0.054376314890760113
0.05424765763928008
0.05522495789955428
0.055244775061510154
0.054305611847667024
0.05529315945568669
0.05384084646539122
0.05523009368880594
0.05334200664765376
0.05562946906684374
0.05432047793692618
0.05446093836144428
0.054967114485407365
0.05402416602919402
0.0538608507358731
0.054580075751800905
0.05455927393086313
0.054001794114810764
0.05615392350046022
0.05404799046664266
0.05457084776026022
0.054955957750280504
0.054938862051130855
0.05524001678531931
0.05435814175507403
0.05413120209959743
0.05519672433001688
0.053755157479827176
0.056174015315264114
0.0542325034566602
0.05368845537850575
0.054195422320844955
0.05496758457229589
0.05430852039171441
0.05387129690461734
0.054962956137387664
0.05447061663107888
0.055415708009604714
0.053737861087938654
0.054944318768320954
0.054613418915323564
0.054748840229876805
0.05385825317171111
0.05426953342248453
0.054441175334432046
0.054577732718826155
0.05482220488556777
0.054303741966577945
0.05506262001108553
0.054074629333626945
0.05427096346647886
0.05495906657233718
0.053629491760148085
0.05467747531110945
0.05442074942038744
0.055322406373306876
0.05392937420401722
0.05405772226549743
0.05468627253139857
0.05486185662266507
0.05493234290588589
0.054048499256168725
0.055169473685964476
0.0541212389125576
0.05377832618614775
0.053831057257411885
0.054504117697433685
0.055820527915784623
0.05546124017018883
0.053378462562250206
0.055580321575689595
0.05464380229022936
0.05402675200639351
0.05439406627192511
0.05601044251670828
0.054558174140765914
0.0547300059661211
0.05445755577238742
0.05517867045637104
0.054641843986246386
0.05430772318504751
0.05527359849475033
0.054151399635884445
0.05498809844175412
0.05564940586191369
0.05411520394227409
0.05372623041330371
0.054702356977941236
0.05466268613963621
0.055115132779974374
0.05625522961963725
0.05431085943200742
0.05506453623274865
0.054422923905804055
0.056250597632242716
0.05341717238115962
0.05480603745672852
0.05498133665059868
0.05484712977522577
0.05417721505727968
0.05389159896731144
0.05506459617208748
0.05340651197366242
0.055319953795333277
0.05531060276189237
0.055083142206058255
0.055128802843682934
0.053887274081716896
0.05527995264856145
0.0544208300216269
0.05416056961439608
0.054415935852375696
0.05430815900399466
0.05473049902684579
0.054081433334431495
0.05426809153141221
0.054718133362257504
0.054012077333027264
0.054618812348053325
0.054182226511329645
0.053983446099664434
0.053921118886137265
0.05460498610409559
0.05479605483196792
0.05446987255527347
0.05516014808563341
0.05296180860932509
0.05445582581705821
0.05489492602282553
0.05463462363150029
0.05342569181993895
0.05443505465154885
0.053052534107337124
0.05423656758284778
0.054637680175801506
0.05527023803915654
0.0543506849098776
0.054526760928638396
0.054526038860785775
0.055333762413283694
0.053707272116298554
0.05478889155347133
0.05448697623432963
0.055208223218869534
0.054482090254168725
0.05481189211604942
0.054345414238923695
0.05428860322354012
0.05533518965057738
0.05390088478816324
0.05396117876989592
0.055029558590831584
0.054613714548395365
0.05458145761258493
0.05477662744851841
0.054463662401758484
0.0542699096040451
0.054066532908109366
0.055320230281722615
0.05427944196162571
0.05551517382809834
0.05517542833695188
0.05426905298190832
0.05446195828517375
0.05447266402916284
0.05436533845568192
0.05465342710704135
0.0544460648252425
0.05471076797948626
0.05459508061539964
0.053587289974529995
0.05509347860424896
0.05544138466393633
0.05378773940901738
0.054387336245781626
0.0546910415559978
0.054339725622412516
0.05453041469627351
0.05539661067086854
0.054138514555233996
0.055483904399807216
0.055269725762627786
0.05456192608107813
0.05300925421397551
0.054854417821843526
0.05395017573937366
0.05492808129929472
0.05425884191754449
0.054624200840407866
0.05513358595999307
0.05473311593232211
0.05533415387981222
0.05495916607287654
0.05500088439475803
0.05504428610038303
0.054086965228634654
0.05479681427277683
0.05449241063251975
0.05472314806138456
0.0536396456809598
0.05486725368973566
0.05504898300750938
0.054921892879065126
0.05399227904854342
0.05443424125041929
0.05492558630248823
0.05443287697562482
0.05411282691238739
0.05349031814330374
0.05332759475095372
0.05439166153155384
0.054137485445608036
0.05496831276832381
0.05389107891096501
0.054864499792529386
0.055261276349483524
0.053571151691357954
0.05547728094643389
0.05471362135904201
0.055459784458435024
0.05488233718460833
0.05372712716416572
0.055267418569201254
0.05409261148633959
0.0542161877383478
0.05363023407153378
0.054749852602981264
0.05496280808984011
0.05488494130804611
0.05273241189934197
0.05465855654074403
0.054792009370430605
0.05286315895682492
0.05473654845627607
0.05534903100669908
0.05495865888406115
0.053664591465349076
0.05461378168001829
0.0541691603284562
0.054653493980367784
0.05410093499085633
0.054133849418576574
0.054921179384109564
0.05421365890651941
0.055548987689689966
0.053461150697330595
0.054923815792790265
0.05430069974499929
0.05380781242274679
0.054610040635452606
0.054570632200920954
0.053271725699232775
0.05345312264034874
0.05521671810311091
0.0553983471581887
0.05469652418287296
0.05421936003222072
0.05551447435027512
0.0530934755315684
0.05413302964370814
0.05534040759630443
0.05459254511151812
0.05368881625327049
0.055437428316508885
0.05571712932578521
0.055439645802835
0.053600308989189216
0.05494945908685622
0.05510473088543222
0.05441193803017086
0.05465576968708774
0.05417820511138416
0.055655895253948984
0.05492246737230744
0.05459047050862864
0.05380832856462803
0.053461860412426176
0.05414699495850073
0.05550841422882513
0.05572991553526663
0.0549439856713434
0.05307999143951747
0.05321284769161139
0.053914442845780286
0.05439603429113049
0.054095354898890946
0.05465630889921158
0.0544780177751818
0.05444144784632954
0.05430665115454758
0.05434373998286901
0.05398535892345535
0.054268070258331136
0.054356386070139706
0.05513438259004033
0.05487649646602222
0.0545317469532165
0.05489718503304175
0.054925977581660845
0.05458812123470125
0.054555598166189156
0.05467925105585891
0.05473422989780374
0.05375407958126743
0.05291652024425275
0.05513843658809492
0.053139649413424195
0.05389495387498755
0.054886604089915636
0.05314809974152013
0.054067344737632084
0.054809441353427246
0.055067017796318396
0.05458469794575649
0.0537654560230294
0.05537819754317752
0.05530891063790477
0.05465238970100472
0.0550711956439045
0.05674342916427122
0.05569223063866957
0.055244638675503666
0.05544037483014108
0.05540226274933957
0.05402841205614095
0.05444357069245598
0.05482057981134858
0.05440819117029605
0.05349115516037273
0.05570730171893956
0.05384138153203821
0.05469729349715635
0.055034630218870007
0.05365472238736402
0.0556409447981423
0.05576118889803183
0.0539306621740252
0.05396666047454346
0.055066726406948874
0.053828594403967145
0.05439774289880006
0.05415200530660513
0.05621866709407186
0.054933152547164354
0.05458794406695233
0.05519236225700297
0.05381789800958359
0.054281189801258733
0.053261180419212906
0.05394628863177786
0.055390775689375005
0.054533760723643354
0.05463770912683685
0.0540532002087275
0.05431726382630586
0.055730199745084974
0.05507268712790392
0.05404679453022254
0.053837169924008776
0.054526315741895814
0.05390919586898235
0.05474244438119058
0.054948115059232805
0.052879255930747604
0.053965942959621316
0.05533398955958546
0.054945220921581495
0.05380676691129338
0.05555142848243122
0.05482862509779807
0.05407708244638343
0.054509596799107385
0.0547982825555664
0.05393336441011343
0.05539753542507242
0.054265922559352475
0.05484858460840769
0.055229057816177374
0.05458122409800126
0.05508117507270072
0.054420985170509084
0.055419455080482294
0.05474626623072254
0.05336706335947383
0.054232281569056795
0.055231134849236696
0.05503047005913686
0.05498794600498513
0.053852714563618065
0.054738840844947845
0.05299790173921792
0.054291172345983796
0.05430446201899031
0.05561500959447585
0.053402120916871354
0.054132478859173716
0.05498522207562928
0.05455341465312813
0.054956202820903854
0.053797460212081205
0.05372420957064605
0.054963880460491055
0.05501549034124764
0.05483453043780173
0.0539039188715833
0.05417428304281202
0.05524087537014566
0.053657915128496825
0.054305342102452414
0.05560777238315495
0.05495856926063425
0.055500610578747
0.05509094472290599
0.05475669875704625
0.055813649829360656
0.05514017028872331
0.05412907323989202
0.052990007170592435
0.05426185718170018
0.053403281950522796
0.053620463602783275
0.054901542000152403
0.05481970556138549
0.053856584439927246
0.0531524182533758
0.05452209282339027
0.055290776857873425
0.054032095864386065
0.05562685759832675
0.0547168629400403
0.05485385581596347
0.054232970980592654
0.05508823526906781
0.05490032823763613
0.0538016671071091
0.05474504062840424
0.054712413455490605
0.055528026843603584
0.054337310832124786
0.05474175374365586
0.05451571002413402
0.05430345376407786
0.05410634435793327
0.05466401428748213
0.054395099063185626
0.05330710950875073
0.05543616744398605
0.05547428219324502
0.055461954720158246
0.054551395749513176
0.05438584699004423
0.055211049564604764
0.053573412835248746
0.05598373877000995
0.05386291785725916
0.05439995571941836
0.055496982893600943
0.05539029343162838
0.054751175817727926
0.054853487983564264
0.05421139266582031
0.0540695555118873
0.05477419476119394
0.05496572077390738
0.05399460412263579
0.05312433769540803
0.05438743656668521
0.05499214063274849
0.05414919636132254
0.05490724240007694
0.054079423565781326
0.05450399865912914
0.05493189329899906
0.05393717124752584
0.054461631652884535
0.05445900248560065
0.055665759475232335
0.05447291396740184
0.054674778220942244
0.054680538190950756
0.053021913869088166
0.054355035830667475
0.05382842003746191
0.05494960285250272
0.054146072623552755
0.054982473884592764
0.05478723257147067
0.05499828674510354
0.05433902638651489
0.05353676121740136
0.05379577690655424
0.05467966131618596
0.054252842088317266
0.05479397870476532
0.05305866691924166
0.05535514906659955
0.05428731464053271
0.054604601735263714
0.05477543201232038
0.054167227068319335
0.05471404636409716
0.05374753793330456
0.056179447545218864
0.056278675656358246
0.05429738408747653
0.054029856122724595
0.05486755607853411
0.05506212918589881
0.05391726380184991
0.05437181571687688
0.05461987768103427
0.054750863078879775
0.05501378094777465
0.05450001273857197
0.05490504599401902
0.05462211726444366
0.055015269599607564
0.05401890815483057
0.054460764082250535
0.055131054166849935
0.055053336998753366
0.054276221091640764
0.054679715725796996
0.055354493317281594
0.055309383578787674
0.054007158882086514
0.055127137287854566
0.0543432809990918
0.05442822494842403
0.054612011610515765
0.05387694720411673
0.05567465864260157
0.05306114660925232
0.054408249376137974
0.053642741915609804
0.05380309385327564
0.054799162404378876
0.05417981067876099
0.054964892344287364
0.05492593550297897
0.05431267074891366
0.05453741881501628
0.05411789269419387
0.05450234000272758
0.054963132954071625
0.05511451322490757
0.05489445991224784
0.05523693750546954
0.054598568993242225
0.056012698161794106
0.0546474411185045
0.05460083986326936
0.05514146019049804
0.05380231944582192
0.05291998385655461
0.05477583359242999
0.05453010972996708
0.05416625378529716
0.053869956098424154
0.054370362960980856
0.054327147987351054
0.053503884744714014
0.053516479516474647
0.05547072550871235
0.05579436497100687
0.053596119960275246
0.05443480165195069
0.054030945066187996
0.05378524442130583
0.05439701808609243
0.05393007916791248
0.05412045376942842
0.054887618995053344
0.05497668664975208
0.05515221032874251
0.05380798446822155
0.05435594159644097
0.054510964328073896
0.053540968023298774
0.05503050112747587
0.05479409883992048
0.05520085376156203
0.05407962498975394
0.054933565894316416
0.0549965460832027
0.05488023508041806
0.0550813415175071
0.05493315286730649
0.05549628677727014
0.05547901024510793
0.05364110039045045
0.05363141270754568
0.054309136687152204
0.05374549650150584
0.05528867873545096
0.0545357692262769
0.05510856674845854
0.05460535302700009
0.05438228405728296
0.05463908074852952
0.054362034648875124
0.0545728791566944
0.05548556033500063
0.054905737704757485
0.05513410836647381
0.05551377837036853
0.05496968067018315
0.05522953683612286
0.05385560250215349
0.05363321734148485
0.05460466825934418
0.05458326190819207
0.05527792213433713
0.0547630997170927
0.05334274238157377
0.05487730618551723
0.055195424019984785
0.054327330783053185
0.05497087187904981
0.053912997855150024
0.053537405452516396
0.05429886863203137
0.05450637499416189
0.05490790814110369
0.054287777758872835
0.05512391114098136
0.054537971032914356
0.05521079618483782
0.055277194229347515
0.05448269969019748
0.05463906602562929
0.05373675435112091
0.05453639308143465
0.05316596284865227
0.05403427194687538
0.053797042433870956
0.05443301927880384
0.05479662853576883
0.05509459200948186
0.0562581610520283
0.054400019738750416
0.054670285901011084
0.05521292700723279
0.056242279168145615
0.05365397088462487
0.05441023408275214
0.05569397368162754
0.05445842960943992
0.05447496690430853
0.05293604638245597
0.053662352580431616
0.053275127729648375
0.05420730741752777
0.05583521585140261
0.05400931287840649
0.054897070440347306
0.05413605477406236
0.056042226608042256
0.053876767055044184
0.05336403620822239
0.054853171821378055
0.05378352758998517
0.05523347066809947
0.054299857420119224
0.05519419730080699
0.05508487001861795
0.053934687328364816
0.05424161279006512
0.05472108494359418
0.0542176059771009
0.05519961565187259
0.05415962970801047
0.05491263684234582
0.05416697121836478
0.054909975378905074
0.05498851695119811
0.053995188000044436
0.054310453802827396
0.05362187722857925
0.05491605150200485
0.05393644945070264
0.05429589603591012
0.054330996821590816
0.055363213910823106
0.0558231807390257
0.05302029344056791
0.054239064706052886
0.0544091285464674
0.05392767243392882
0.05443016139179235
0.05465955634099373
0.053856829175856546
0.05420891652283899
0.055267121922952356
0.05321049242047593
0.054594463894318324
0.054519280784006696
0.05474013502134767
0.05447588355491462
0.05473876086216478
0.05455427718334249
0.05448025061923545
0.05336346975491324
0.05312241222600278
0.05482074888459465
0.05458651282242499
0.05443661145000078
0.05530428930433118
0.05440177624950593
0.055565176236996194
0.05441423255979316
0.056370034983046935
0.05543370011400839
0.05564349838277849
0.05373274195153499
0.0546731380836718
0.05488686548960686
0.05386137711138872
0.05488369724298536
0.054451041423817514
0.05420097561000148
0.055321528585409396
0.05463317914836807
0.05434474738467543
0.054872537515620934
0.05409700478594459
0.05532497069907549
0.054801043477709754
0.05380517510639038
0.053301007368645514
0.05464543571906688
0.054921059167099884
0.054118437623401405
0.05449452415268752
0.05468118308635894
0.05498266261020035
0.054986480512525304
0.054651043599733384
0.05373506159230601
0.05413334404329362
0.05475935688627942
0.053269026710040634
0.05493473314345465
0.05446652688260656
0.05353753977215092
0.054816321417092695
0.054770301443568314
0.054300926509313285
0.05282737978268415
0.05495715893084707
0.055586656199011486
0.05543526764813578
0.05463220189631102
0.0547005043245008
0.05532847918220796
0.05527752235320804
0.05431672111262742
0.054286715798298246
0.054302490691043204
0.0552716035854246
0.05463383105598041
0.055229316973054665
0.054018292741602636
0.05430397750023985
0.053970546987329726
0.054196055372813134
0.05469875096241594
0.05452056344256562
0.05468333733006148
0.05448427195187833
0.055003528661472956
0.053901354847766925
0.05467580335243838
0.05423582887306111
0.053292900513042696
0.05538151138534886
0.053218551776808454
0.0542384332693473
0.054797795299236896
0.05442705256064073
0.05488366639656306
0.05470066970883636
0.053265636784999515
0.0527827161768073
0.055386195139362826
0.05483188573089137
0.0544059953535907
0.055532976613903884
0.05498468331825279
0.05470269010584161
0.053853686311413185
0.05523764137251419
0.055459016879467526
0.054940542024269234
0.053331878156313905
0.05563885264018609
0.0549838619572256
0.05488093815256434
0.05488765188965772
0.054653815930578276
0.05485278163359908
0.05498073686067073
0.05474179922020994
0.05434410371708509
0.054254368023975985
0.05445161941497645
0.054968407484921045
0.05516536290815566
0.05449503865020233
0.05374749026486825
0.05555451829786762
0.054450937002911814
0.05402831731043989
0.05351197129130014
0.05443405794540013
0.054704697786291945
0.0544092111667851
0.05488023797988717
0.05499939457149594
0.054490545129738166
0.05513897641503718
0.05453523964933993
0.05554619676695438
0.054561847404329455
0.05387488797714468
0.05495330989106151
0.05420559240155853
0.05452363704171148
0.0556042858534056
0.054266800716504804
0.05505363234260585
0.05445314634926035
0.054746170193539
0.054249531212917645
0.05524805599816318
0.05347040759625088
0.054282958240946755
0.054075869333246374
0.05356824012596917
0.0535528620275727
0.05561195214795589
0.05457767429834348
0.053839282440094394
0.0540304809310328
0.05519563524831028
0.054404937429353595
0.05451504452503286
0.05432784677213931
0.052919596866559004
0.05539191741627292
0.053402366627778974
0.05476970043127949
0.05563436770171393
0.053439565605003736
0.054814120960145374
0.05499845698432182
0.05465872569584462
0.05345034594756726
0.05593309152027359
0.053643509330868255
0.054565545342484256
0.05531289501050196
0.05517214902829437
0.05414129026758019
0.05434429826709675
0.05447645055028261
0.05303463589552848
0.054588706261711195
0.054841228546138154
0.05484437920858909
0.05472188569183345
0.05488167205294303
0.05563409748356207
0.05317264723271364
0.0552964620419516
0.054410327511504875
0.05443331305104948
0.054250858915111166
0.05396197147092607
0.054997994335280964
0.05457393002870958
0.055089080957259284
0.05388226259492512
0.05515689588719397
0.05425722585641779
0.054704003225197084
0.05389720459788805
0.05399912685061281
0.054970336948827025
0.0552046011944185
0.05504956926779414
0.05492193602003681
0.05474418052654073
0.05449477164802374
0.05399982462040498
0.054505487394635566
0.056409177341265604
0.05507298919656023
0.05470415280069574
0.05535212003633205
0.05464059882069705
0.053865637000853894
0.055785063583243755
0.054023352549847914
0.05477663602869143
0.05511236461461522
0.05481716844587936
0.05292184939753497
0.05475322833444807
0.05490375496447086
0.053624503803803236
0.054078150022178306
0.05418044661382737
0.055580256495886715
0.052885947881804896
0.054829209546369384
0.05598719993031409
0.054600947829385404
0.055438581364796846
0.0552328500598378
0.05425319525238592
0.054436851143691456
0.05400905959686497
0.05382296250172658
0.05514803249207034
0.05487229690697859
0.054335213279046
0.055149974388768896
0.05407690828360501
0.0545991399903869
0.05511746364754799
0.05506625966881984
0.05452372583204124
0.05503223682171665
0.0539893390450743
0.05461519079653954
0.05346664570424764
0.054531729454538436
0.05423447908106027
0.054207196184506756
0.054581125757977134
0.055130251101218164
0.055435166070310515
0.05529851568280719
0.05393395228384179
0.054561878447202616
0.054204411317186896
0.05380381174654758
0.05650268584577134
0.05487245984295441
0.053980828628482413
0.05496075299743097
0.055318354827250005
0.054855518479598686
0.05450179502804531
0.053670943603719934
0.05455054060075781
0.054576551578065846
0.05493667640075728
0.05427004003286129
0.05423949662508676
0.054766417750215624
0.054635049529679236
0.05471847399712715
0.05454337110859342
0.0552810277822573
0.05471199890598655
0.05430940317819477
0.05405537584920239
0.054436208733022795
0.054952641718045925
0.054394143697209074
0.05454464385366009
0.052356262607645476
0.05379514018022746
0.05460377733106725
0.054464803497467074
0.05487675611402665
0.054819336108266725
0.05440182293386897
0.05453688618217711
0.05496600150036102
0.05405997642810689
0.055223808441951405
0.05422626534891606
0.053519414834227064
0.05601798994030105
0.054498881747349515
0.055342420244414825
0.05526256187840772
0.053685991382735665
0.05575678914283344
0.054537453814191394
0.053929173949654796
0.05423668942785298
0.052949979553886806
0.05488509170936595
0.05420136236898543
0.05503080591552134
0.05721105392149184
0.05550280655370443
0.054427802126156166
0.05516069894656539
0.05299237610051932
0.05390784578048624
0.05379509643353231
0.05315899697961868
0.05463186603446957
0.05386904975603102
0.05452223214524565
0.055370476982716355
0.05321803882725362
0.054547518580875476
0.05511740711517632
0.05377383055565588
0.05426233292746474
0.05599365688976832
0.054287385239149444
0.05493914757244056
0.05573524653664208
0.05394853524740029
0.05495563311706064
0.055459587396399
0.05371257660772244
0.05428733651933726
0.05516673973033903
0.05390007441928901
0.05539354142638331
0.05523088998597814
0.0541852759597532
0.055269517199121765
0.054470909575684345
0.05473631459972239
0.05426845440888428
0.054398116772063076
0.054507083532371325
0.05444478027311561
0.05398213612716063
