0.05310848534281831
0.05441983542550588
0.0536849959535175
0.05246535921105533
0.05285001196716621
0.052140634195893654
0.053061679365782766
0.054281069549688254
0.05315222307399381
0.053194081481706235
0.052998320974438684
0.053703232579209725
0.052947342781408224
0.05331230349293037
0.05403173046943266
0.052892569850882865
0.0524906102255045
0.05128605410573073
0.05367062170080317
0.05237494397988485
0.05316715320805088
0.053509617791860364
0.05222273915569531
0.053275507782018394
0.05344411755322653
0.051937286154498
0.05366265878365084
0.05192149798494938
0.05288267353716947
0.05399283037149871
0.05295372549153399
0.05351124480512226
0.053311609533921
0.052282089467553305
0.05200175886784564
0.053188965290246415
0.0527111278152006
0.052230137089281925
0.05186505212805059
0.05288755581022997
0.05253344401535287
0.05340764508218854
0.052465895874775015
0.05310659875249257
0.052832465878964285
0.052625489504862344
0.052310724120616214
0.05325276420626324
0.053411597520607756
0.05292088607166079
0.052641438307546196
0.05303901419574686
0.05272601553951972
0.052466442921286216
0.05263832821401593
0.05267512405771413
0.05360387669679767
0.05295525300243753
0.0519928695030103
0.053310336066715536
0.05239229333710682
0.05272964343930653
0.052688274407046265
0.053009474777354626
0.053220268064251286
0.0527299026853143
0.05202733164696838
0.0517587966969586
0.05230250262502523
0.05287909087019216
0.05296750407433137
0.05305770584709535
0.05258323661291797
0.05249524547798501
0.05301736691217229
0.0526602577574522
0.05315126285313454
0.052998744266005815
0.05308552689348289
0.052498061071673874
0.05251284198129724
0.05233651849994203
0.05217610472391243
0.05343851052566606
0.05318729030659597
0.052354408806422725
0.05272848985805467
0.05229978261377255
0.05271654927128111
0.05247922174385167
0.053314575359763694
0.052298390572104836
0.05211291749947122
0.05389805585946306
0.053007896125564
0.053014659741165815
0.05384172957383271
0.053875856969170854
0.052796165540712536
0.05424941342425882
0.0531121706662816
0.05250365585379768
0.05325176667975029
0.05352792554367625
0.05279098082246492
0.05272219434118597
0.05326604365291132
0.05435548320565431
0.05311522322881501
0.054641881104544154
0.05318451391576673
0.052902803872711957
0.05261463467468275
0.0518222372065793
0.052202737339030136
0.05354346235981211
0.0527568107136176
0.0521550267112616
0.05387331554265984
0.05286104552033066
0.05273566649884742
0.05258330804463185
0.05259325985753094
0.05434058976607048
0.05294110279101005
0.05360235107764311
0.05279097524180543
0.05270406791350979
0.052747508399988874
0.05295812305485015
0.05338217971257109
0.052902698118487024
0.05216595334059093
0.05136714961918187
0.05353284151897242
0.052140445475743036
0.05274929015467933
0.052714173227286665
0.05314774639555253
0.0535086636464257
0.05277337813822669
0.05264425978748477
0.052016280928000924
0.05309383225176134
0.05236742402485106
0.0524472344568494
0.05279553921900515
0.05255312183362548
0.05317306687356904
0.053476293724088464
0.05354149867707747
0.05362735038033861
0.05312220906671428
0.05306928960453661
0.053015078274256666
0.05273502570162236
0.05196321924995573
0.052555410909917555
0.05347131923372217
0.05353387386458053
0.05252177607144404
0.052757856605239795
0.05170026059022348
0.05329852788236167
0.0526776647366205
0.051804437940518255
0.05280591057453421
0.05316515850972792
0.052535829090629704
0.052651879408585955
0.052043503119421075
0.05328984189327457
0.05182629977025499
0.05346809444563405
0.05277565560209041
0.0520579857766279
0.05227678202572861
0.05112662667306722
0.05127221120710601
0.05264159946455038
0.052541762930559344
0.053691561244704644
0.0536654483548773
0.05242851086768496
0.052835936830888386
0.05414134937564086
0.052480587606623885
0.05270657513574406
0.05275765403348487
0.052673018757559475
0.052065212239540415
0.053380580593511695
0.052904697415215196
0.053609056303685065
0.052657320851722034
0.053188622077868786
0.05319871504434559
0.05290708959000767
0.05307037404963921
0.05351179204808432
0.052036504179341136
0.053640989328414435
0.05244574378775724
0.051515328315872466
0.052908788095010095
0.05278599066878087
0.05377159739873605
0.051816418608723325
0.052732097095940844
0.05299293088319246
0.05280108096121694
0.0524681910937943
0.0524684755182534
0.05254396544842166
0.05245940846543817
0.05203406117288978
0.05240558374316606
0.05314588972942147
0.05314434431602422
0.05317924111841421
0.052555738378941896
0.051981682883706526
0.05242599379198509
0.05261425678327214
0.05139156579753035
0.05319251054061169
0.052801949883360066
0.0530325581003126
0.05273670797396335
0.05430811115365941
0.05361083794741717
0.052925779276847607
0.05251755870085617
0.05443519969412591
0.053171066034337855
0.05339256497245515
0.0540292352779943
0.05267970826207602
0.05301377559408138
0.05287222837614536
0.051764660978733446
0.05239434793293185
0.05360968728928128
0.05315612235790468
0.05332219952833839
0.052634680903793196
0.0523775516776368
0.05206933854242379
0.05398847782089433
0.05288404496423027
0.05239953691489063
0.0544952620202821
0.053150731859204825
0.05344528637397161
0.05286948976936401
0.05190500770731887
0.05278082436598197
0.05219954828135087
0.052464401018369244
0.05266889574522793
0.052846739074084326
0.05254133085509238
0.05269771120583755
0.05188194981383276
0.053417439961776836
0.05283612572202401
0.053041784593006014
0.05310897287927219
0.052612014280384756
0.05239116572920466
0.05339361862206715
0.05174475633248221
0.052594052176573314
0.05212756800938223
0.053402058516439865
0.05236377214532695
0.05338838876741647
0.05278642609482631
0.053110607785129105
0.05233805794705404
0.05386848519628984
0.05216100236066268
0.052951445019061794
0.053575288382489816
0.0532656740888342
0.05354128175713413
0.05328854560139007
0.05336632043145073
0.05251970216704649
0.053088704155015876
0.05365357448681607
0.052245331624362734
0.05166752927652851
0.0528938531424501
0.05242787562747253
0.0519853286077705
0.05388695881629246
0.05316257860431506
0.0530848977923597
0.05247246600993094
0.053843872072320664
0.052358116381583386
0.05272749255345843
0.05385255197688821
0.05210609853565984
0.05312084053730359
0.052853801935270894
0.05303201808237645
0.05271395393538114
0.052530008457324584
0.05320607360772556
0.05276799312377989
0.052141203172141104
0.053171032697719056
0.05307245981202868
0.05404803633427946
0.052034493202882004
0.05314106596051715
0.052133794477413176
0.05270413857579115
0.05326558426168049
0.054113075479108375
0.05309074342767417
0.05202493418073573
0.05335159244896204
0.05326859723390953
0.052557881628672476
0.05225205708484282
0.05331559227488469
0.05263308334542671
0.05222429326749989
0.05164865803453722
0.05204328176660056
0.053211596352412016
0.05195869704766665
0.05284921200836834
0.053860914034885354
0.05216320986983192
0.05305127491192252
0.05310032793386199
0.05245150430346257
0.05354873700525786
0.05227524452857324
0.051899006281018956
0.05142620085825911
0.053568401917800657
0.05192832123248081
0.0523282050708076
0.05311949201495736
0.051788833932732814
0.05238292267313227
0.053004754039648105
0.053393130847325665
0.05242883428763889
0.0520852801255387
0.05288917279540328
0.05280349651548022
0.052846906597551424
0.05397126066782221
0.05329353160232131
0.05344356917521509
0.05300114986857807
0.05271017606901296
0.05297124514072493
0.05246932269255922
0.05269098152530205
0.052255760459956946
0.051890126771468204
0.05303283330795239
0.05264145500768791
0.05346276943964767
0.052966508259487455
0.052590708022762556
0.05240415195657988
0.05325984238515957
0.05354810872631788
0.05421635065613373
0.05180941398793948
0.05316105721794884
0.052755365359189454
0.05254685306135798
0.052311572480903124
0.053168644080869853
0.052313855403554044
0.05293335473470506
0.053147770840951125
0.053071807575179264
0.05264310142229078
0.053709488893218804
0.0526614957361744
0.05242273957992438
0.053028278447527555
0.052231521365683875
0.05362224800046533
0.05319269926985726
0.052803390060944366
0.05232581568816386
0.052002514279593015
0.05334889585901692
0.05291407449840335
0.05194950443728885
0.051990991858474445
0.052867318934659124
0.05374462081999809
0.05240833962307079
0.0529744337854936
0.05137683426073636
0.051901686485507526
0.05344711938960245
0.05225493484613253
0.051979610510898056
0.05298054424201837
0.053836435539778904
0.05338057790140738
0.053310639052142506
0.05173556094268861
0.05275742016056029
0.052020727312992676
0.052843824261799455
0.05367121640665573
0.05308611216059944
0.05250077996061009
0.05304896835514228
0.05319856355890806
0.052413335964956786
0.052461815561400726
0.05281819654555875
0.05282199395514908
0.05280543798835424
0.05314175848798186
0.05295832558476832
0.05204721464542672
0.05404318750333914
0.052382758249223116
0.053097593858183245
0.05239452091336716
0.053275252430466935
0.05257883154263254
0.05169655572535703
0.05314171949430602
0.053090246103238314
0.052194906485965475
0.05206978581372823
0.05212001214749762
0.053007137234089896
0.05282510262259166
0.052813844371485175
0.05212990092331893
0.05326769062594394
0.05208193110956927
0.05374391445002402
0.0533860868163174
0.05287883435266849
0.05281048637152708
0.052650119901954895
0.051490382187694195
0.05132821462393622
0.05393906358767708
0.053609936718203244
0.052455231962085236
0.05287735782985692
0.05290552597034548
0.05293242127663689
0.05349316558385908
0.05231685494800331
0.05143183612199209
0.053357747336121975
0.05372969102609204
0.05389850801839202
0.05358046253059001
0.05225324812636245
0.05250048764355597
0.053255509492373676
0.05333925490049296
0.05301775392581476
0.053567302213195944
0.052938461771191214
0.051151899442629656
0.05286223984148819
0.052818326621490996
0.05202116578584537
0.052343802075483836
0.053441135394677985
0.05217074540632893
0.05212947131076362
0.052377716257979046
0.05337561263695534
0.05292491969339608
0.05345842290080327
0.053361918096925365
0.05244580220642092
0.05269748138925934
0.053378644603071734
0.053106462972209556
0.0523491010426369
0.0533601809929678
0.0538319331681123
0.052727693089764216
0.053731580803287216
0.053403880576297524
0.05288803725670732
0.05336621117203322
0.05267765571625205
0.05238265826119459
0.05248525068964227
0.05280273476819275
0.051766880471404875
0.052548381145243184
0.05352625227897079
0.0529097761191224
0.05220674194606545
0.051963849811727414
0.05252028541144682
0.052204052974047954
0.05134223602908605
0.05267595448276552
0.05306148808267608
0.05409529535245383
0.0528389864066412
0.0525662054442364
0.05215667683114589
0.05258727084401471
0.053697357780038146
0.051939391500127385
0.053564677909889724
0.053637623070244445
0.0537179186794674
0.05170822940817743
0.05324627596564824
0.052738565047548036
0.05292858521352173
0.0527015182942705
0.05213855130386946
0.05344612651242642
0.052145300034680986
0.05329147100565024
0.05312243906882941
0.05263055395334959
0.05362180154224916
0.05291542647501046
0.05339187955723901
0.05272302411503915
0.05380055709792941
0.05363049536754261
0.052586306615921785
0.051956711866296246
0.052536590772433556
0.053233640905091306
0.052141224032311584
0.053501205207794555
0.052858487968478585
0.05196165306006151
0.053669820075811
0.053610741464581224
0.05217803923005704
0.053687811703639454
0.052862809532598476
0.053150940551859094
0.05302825657417998
0.05230719144492468
0.052069412151467986
0.05181510236070608
0.05146512446117413
0.052747440937309875
0.05332658394581813
0.053215049891150557
0.05291944321106712
0.05461282262513123
0.052855038909910945
0.05229206423246069
0.05427844272344373
0.05165090976515785
0.052474034411716275
0.05301309506830876
0.05217819046811201
0.05184196942173003
0.054126414190250216
0.052901766230206704
0.052936772770408425
0.0533371682777215
0.053501543932725326
0.053459644677786855
0.052744923859791015
0.05312827988927893
0.052744398855793406
0.05233341777966416
0.05280405722260184
0.05197420906733896
0.05300842329597799
0.05281088723859284
0.05123978899791837
0.052587972930268734
0.05325819535937626
0.052920154681487475
0.052460002478255774
0.05227004578591732
0.05154299814967089
0.052942926302421256
0.05238756004473544
0.052648176622824394
0.052833749361525406
0.053474208722036565
0.05387100793450372
0.052139241988697904
0.05118085518188309
0.05237648039292253
0.052965502840379486
0.053635332060366636
0.051490407069650246
0.05351333980433992
0.05275011200319568
0.05145360974893265
0.05172516998209176
0.0532518621039344
0.052980186466811574
0.05241604762886709
0.053941586882501724
0.05111158600084309
0.05224594257560966
0.05219774626493745
0.053154669747527805
0.052810489643889014
0.05192332462866034
0.05244921671510383
0.05222836805660336
0.05181174539575295
0.05244955141279206
0.052455944794928655
0.05299857082536619
0.05236865401820978
0.051850952509994386
0.05303413322690176
0.053177388092080946
0.052487424547507544
0.05364507675949426
0.052130585649138084
0.05287106882497028
0.05363734495767858
0.05316152127852547
0.05212989976644167
0.05399063651384495
0.05255428218151792
0.05295160645437136
0.053873612074312405
0.05201025092537748
0.0513180552788981
0.05272029961088265
0.053172308776993304
0.053135717958866735
0.05205501536693191
0.05314697186440753
0.05271170239211642
0.05311272955077584
0.0527907265277463
0.052143056482236716
0.05350562148123572
0.052888702648488106
0.05301244398651761
0.052185784890752984
0.05261084941776062
0.05269623022468295
0.05334623297676444
0.0530997641144495
0.05301290519855684
0.05293072140193544
0.05323270611552289
0.05282005382105126
0.05211944377879263
0.05405357080962858
0.05346976883265597
0.05356798705543042
0.052782931314141024
0.052908986108377576
0.05417347506227088
0.05245845305034891
0.05269976576164481
0.05332249327329919
0.05266693950579793
0.052709383624460315
0.05290421542486001
0.05279709568640101
0.052862278369502747
0.051688509303858154
0.05206439554967801
0.05298929987293377
0.052053544408408925
0.05333504375266784
0.053154995363001944
0.05262864641917986
0.05239141673337144
0.05160158857506758
0.05308171106116788
0.052973213905715966
0.05199502893265162
0.05288345181179466
0.05304132717901666
0.05358414901093056
0.05376135772530688
0.05311866311785707
0.05370231056076591
0.05286668160624686
0.051802828902509646
0.05194200005098537
0.052330064614579896
0.05368969019764336
0.05313460106299317
0.05286705364960653
0.051991684686072404
0.053282365695849876
0.05459147492547345
0.05320652448426699
0.05282820738466398
0.05270494215437793
0.0522793961881689
0.053430822750669904
0.05327512316580396
0.05264637189247878
0.05351881637034239
0.05357283476223529
0.05345036801190872
0.052767134015084594
0.052593608870665776
0.053278850706192316
0.052368687427588156
0.05213761349841661
0.05391001528369088
0.0530771583544265
0.052102579109487124
0.05220911830292607
0.052803651607973734
0.0522776839807193
0.05307675802032463
0.052033831541848485
0.05293772195545898
0.05312087375568808
0.05205976054639905
0.05310028755411622
0.05327204403147334
0.05372082925896393
0.05214889996750571
0.052054186850000406
0.05261190597957466
0.053624152516931645
0.05226429236972763
0.05274480369189405
0.05281079292217328
0.05312955858971691
0.05205426802240254
0.053165592205914436
0.052300276127425604
0.051948167478258256
0.05363386309181806
0.05346811303206778
0.05267595917757717
0.05334903719267459
0.05270650313104852
0.05292023140100355
0.05230437600584992
0.051719236575081595
0.053736541769467294
0.05177953877864638
0.0535507132026396
0.051878237372875446
0.052008001886861166
0.05370722187763022
0.05223978190588241
0.053405416269015404
0.052346377493449836
0.05151486964314245
0.05259140192356426
0.053454449380296865
0.05249027021454822
0.052845015245111426
0.052641168627815205
0.05337337523451424
0.05226775044502574
0.051671621804416645
0.05177039080808754
0.05350842078405549
0.05121624396815605
0.05167913938930724
0.05267390559311025
0.0531688138617028
0.05293632549000904
0.053017759149952326
0.05264161333798256
0.05256532353814691
0.05247509384753357
0.05419522794909426
0.05282990929663356
0.05369828651419084
0.05296946925955126
0.051945630184491165
0.051703591268960736
0.05273208979269839
0.05418398301299021
0.05236696326210222
0.05274226112487668
0.051324610934898374
0.05277642665532767
0.05219052976099192
0.052518877364491345
0.052766186143344385
0.052625012896896806
0.052697926283144625
0.052279429057307425
0.05195671727233275
0.053056987295349245
0.05313793764253205
0.05357930948230205
0.051985690250148764
0.05425325305623119
0.05282500917019206
0.05222665828296158
0.05175692559168965
0.05358839505970536
0.05417880172535661
0.052668710484795156
0.052427873262786306
0.05156313537918322
0.05239427558808529
0.05295370176463621
0.05263654714326549
0.05199456910668232
0.051615844980915426
0.05279708224043134
0.052836413311524666
0.0527136612963659
0.052760454287636094
0.05257721923953795
0.05238449332318851
0.05392541868786793
0.05232806667481782
0.05179762095576734
0.05149083944525046
0.05266220915109443
0.052040294838661794
0.052807111580477795
0.0535053763196629
0.052306386205600575
0.05299232805009524
0.052264776028096094
0.052445552912104176
0.05287831852729141
0.05269478133232042
0.05205118888079596
0.052773905010326416
0.051628259219796746
0.05178017378602817
0.0524056006961473
0.05334784207843768
0.05261183958282345
0.052848249184535234
0.052385184573722654
0.052078900967899244
0.05327261299134989
0.05259810828101763
0.05312903288358939
0.05384733273240272
0.05192611858910823
0.05318376479408471
0.05194169315473118
0.052089155180510716
0.052549800428096205
0.05367347554056323
0.054439994508356904
0.05231070236004598
0.05259971209488867
0.051917442795456736
0.05385121502513357
0.051751556142335176
0.05225321232137503
0.053380718709377106
0.05198486367044097
0.05313554539679899
0.052644121500634355
0.052421432541450486
0.05380875187256606
0.05379087631627044
0.05287740448693512
0.053246819879859686
0.052712643631821265
0.053504652523770346
0.05319329298072262
0.0520317311566032
0.05203423884995573
0.052432164582569385
0.051733976559262373
0.05150826743010839
0.05183355088956887
0.05401640830314136
0.05298795006820001
0.05365897390038299
0.05304821099161927
0.05210401719887159
0.053425369933393085
0.052446126743234345
0.053180544016868225
0.05280993763153674
0.05374543495963735
0.05381897380721057
0.05242723087394552
0.052208666602382436
0.05307019772044441
0.05339662344704266
0.053049507760078995
0.05330856473301537
0.05146951338429062
0.05280040277466469
0.05294660556137387
0.05300860759780335
0.05316161761584226
0.052470368002104806
0.05202535288299259
0.05172293403484218
0.0523242234812642
0.053385368702947744
0.052584319386369316
0.05167330563926953
0.05150636257531005
0.052171259632814326
0.05248213141931046
0.051921063250119914
0.05271561201698205
0.05355503882310586
0.05254608640279912
0.05232688035357569
0.05277254438806267
0.05232810463348869
0.051649729553901125
0.052227757792934426
0.05240807356676669
0.05268640113172296
0.05250722619530279
0.052439143450101255
0.05243844679898757
0.05385772232693853
0.053466103390746866
0.052999604551587254
0.05366272170795128
0.05330539156057057
0.05250424789846875
0.0529955924848764
0.05352083145226061
0.05331614485294267
0.052329881729747285
0.052777298962610075
0.05241786715305352
0.05238979099158314
0.052867346865241416
0.053314083672376
0.052563819188435446
0.05299858411672176
0.0518330288650759
0.052820145841906196
0.052574463734345045
0.052446193411014974
0.052430182540774695
0.053131398221012205
0.0522550159257662
0.05203341744527279
0.05205105364439078
0.05275442009588005
0.051865885170627735
0.052933328106519184
0.05289609069041035
0.05364422379352618
0.05400559627378243
0.05223344968180754
0.0521479428953171
0.05295621013829077
0.051978825100377435
0.0514189138502843
0.053504967772823875
0.054387499736549216
0.05125088221211627
0.052702832626891905
0.05231637767064967
0.05381902748376888
0.05230234716509585
0.053378121065179585
0.0519821956204396
0.05093973150542297
0.05235798809007974
0.05324910509807523
0.05229877251076687
0.05344360066555964
0.051772488965070806
0.05233720218529925
0.05178527655516518
0.052029682039574254
0.05332305040246865
0.05155773884143855
0.053729963292425964
0.05300522663674201
0.05271228173842246
0.05318539532345312
0.0529873014511395
0.052043641484488035
0.052681449114970746
0.05169741889767465
0.052038293917576084
0.0523807808294805
0.05291781297637499
0.052097379051701864
0.052456027140578954
0.0517355076954118
0.05297376186535985
0.05199124440696323
0.05317642932095623
0.05236248545588751
0.05390206082665827
0.052005649095008266
0.051973989995531156
0.05206045514023572
0.05282883355903323
0.052988596084105666
0.052383205638761865
0.05291466875314654
0.05237416216004931
0.0530883241117408
0.05176181699061999
0.051847959168298985
0.051425089321128326
0.0519596501471824
0.05253469006129308
0.05214088241518766
0.05277059833133535
0.05226026192030986
0.05083441677925293
0.052983697918534745
0.05224828018072003
0.05195415226808109
0.05316439081070712
0.052479609368674573
0.05222265713382512
0.05229224427785084
0.052069476103497436
0.052268046521930955
0.05336374318358139
0.051873945541956346
0.05357941199508787
0.051566024354542606
0.05303600610750436
0.05316562629559485
0.05243685279310739
0.05301755533218966
0.05182155041984515
0.0515623342616891
0.05347693661678932
0.052589367995096836
0.05275453070680669
0.05297057047755516
0.05368756291500176
0.052483032804957475
0.052725158324392396
0.05358932558192464
0.05349616425883141
0.05331351450513466
0.05242185469978722
0.05240826782755903
0.0529368000170507
0.05352622036843968
0.053482788240216905
0.05224734076000459
0.05293107352918014
0.05300830119631428
0.05241638046754815
0.05283347717158904
0.05420613244132255
0.052744829810762894
0.05214362339938816
0.05295050386666844
0.05290931250237918
0.05305386963482306
0.05378212919640646
0.053073578512339736
0.053124539817872574
0.0526074949921167
0.05294288042932749
0.05206625390565023
0.05213318729693128
0.051578819988208124
0.05198410074990534
0.052957516329115606
0.05250031131254218
0.052125714217254426
0.05239173748668691
0.053452439336979296
0.05259486931026913
0.05209117584126943
0.0517390967488609
0.05346800335610169
0.0528642964836763
0.05248606470195227
0.0530925387647585
0.05143846123974072
0.053690256683694315
0.05201305230912112
0.052219627919839695
0.05239931965843425
0.0523321373075305
0.053150792973610805
0.05289804030144296
0.05362285764203989
0.05197923730520415
0.051717466609261464
0.05309194148321694
0.053062488112118444
0.05279649715703272
0.05137868077326857
0.05235621402061952
0.052602882069550105
0.052344615673064254
0.05121515966493462
0.05200259822777298
0.05185530273956829
0.05230361320900556
0.05298221302109596
0.05342870895037777
0.05164025031444908
0.05231818927495624
0.05294073403092625
0.05306936302258691
0.052224284556359635
0.05302263831435994
0.052089723094468354
0.052780203624934074
0.05351490315297269
0.051847314618498785
0.0523786800695234
0.05360971071604581
0.052284538109233836
0.05256624536741583
0.05254271927879017
0.052286057214587345
0.05268356407214014
0.05259201397348079
0.052693879337311955
0.053471568407985615
0.05155671037573484
0.05232353637802589
0.0524397945155215
0.0520870267682767
0.05279048030024569
0.05309253554514726
0.052394602143976954
0.05163335881843523
0.05296041173096455
0.05223262072649959
0.05252418323652819
0.052204064435500186
0.05322765124765283
0.05269341877101397
0.05240182657871628
0.05226952109114791
0.05303091727546416
0.05184503192685952
0.05293902292396524
0.05385540260976995
0.05198684802962816
0.05142898288613651
0.05266357548680389
0.0518719694318861
0.05358811340920511
0.05362272202182794
0.051518974569262355
0.051448293299472425
0.0537898600432527
0.05190588005098107
0.052510351097225794
0.05185171008815814
0.05198757116886554
0.05321334788823151
0.053575607164020767
0.052811759100222844
0.05432195207140467
0.052449664908635896
0.05171668495313497
0.05279891373174905
0.05231908199493773
0.05220633925819129
0.05243386104302772
0.05180172817745188
0.0518577686016215
0.05298355041122704
0.05202464783360483
0.05344408164273773
0.05144323283820995
0.05247555578171159
0.05385356088845583
0.052380401735717896
0.051954458738691756
0.05398444985985407
0.051837988019542536
0.05300101577086025
0.052622792250986095
0.05199217447443516
0.05316512412173324
0.05154279200542078
0.052243781354263774
0.05121145510747738
0.053265348160493886
0.052369478426044225
0.05196944271301618
0.052578354474462685
0.05272486429021228
0.053455970342838555
0.05263835648474924
0.052012661639309954
0.05351698985941766
0.05203153176444175
0.052525043038258445
0.05228590434489888
0.05219828795816284
0.052373303693457274
0.05252009917785472
0.05295999895679415
0.053105671706362045
0.05269174177556124
0.05176069445042231
0.052394653035662486
0.05352546438189165
0.05236776202400506
0.05275145840278128
0.051640856010635616
0.052054112833502586
0.05288502607436385
0.05192661311775737
0.05293170581353479
0.05296393916250963
0.05314637092851626
0.053354684490841464
0.05201049799870816
0.05235097599506844
0.052410026561119594
0.052053058443561895
0.05370701269384881
0.052130828824374476
0.05143653719278518
0.05193207196862204
0.05323374430372496
0.052094206715992186
0.05204447036521742
0.052446518011493026
0.05190110626244859
0.05209511462089722
0.05207363457338943
0.0519955923937232
0.052105144552115235
0.051520800441721804
0.052530301038132166
0.05200693183542171
0.054087784945295425
0.05249505317078729
0.05348111331113614
0.05159446250218025
0.05143949970988615
0.05213560095762659
0.0531513323821855
0.0521528668650717
0.05205107352048799
0.05223860683872772
0.052976101089370786
0.05257171669654781
0.052536485132804955
0.052027845124030137
0.05357718633968034
0.052882840691381716
0.05142357091608574
0.053203489384031855
0.05243818748567719
0.05297954406523786
0.05229363649414154
0.05171359091946215
0.05301735343709879
0.05239581781279412
0.05250073287970736
0.05270519125770079
0.05210253910991014
0.05203131769121683
0.05185713883838616
0.053124860001844354
0.05313880757603329
0.052539665724907536
0.052927866778190946
0.052423106908463524
0.05279921597320936
0.05360884522269771
0.05310857127915369
0.052747300529517815
0.05243035794956086
0.05219168759867898
0.051335647571249865
0.05210854903452855
0.05105038828696706
0.05258573944956879
0.05254209962731693
0.05284676034170843
0.052686997052660445
0.05154545405093813
0.05113257052835252
0.052577105025193305
0.05321154772173031
0.0524154441554856
0.05310835883938125
0.05255802131614473
0.052123884572210955
0.05327079803464585
0.05187615353133879
0.05203644417451869
0.05221862481630524
0.05262858577953011
0.05273017029321636
0.051837046836226364
0.05243053796402819
0.051541245746193454
0.05241635775746545
0.051969888399980846
0.05237124004997895
0.05114004459755961
0.0518753378346446
0.05235080681813997
0.05270699888023955
0.05266960808148724
0.05242189333148417
0.05243666601199948
0.0514873540669214
0.05205263323841791
0.05094490109695471
0.052596139372326434
0.05252278601619764
0.05385380967709352
0.05238112570987141
0.0531456653297937
0.050911071310110856
0.05219747469345748
0.053054196085213334
0.05163866188195243
0.05187292723894643
0.052123445566394366
0.0528650075684709
0.05120741196878953
0.051897617702707066
0.051882499381463276
0.05160841157157847
0.05212888250571268
0.05342267848573101
0.05163974903189228
0.051793792330499855
0.05343730707318173
0.05261219062958844
0.05149642022297485
0.052850217198283644
0.05277376993581129
0.0520340771854535
0.05222739813143562
0.05236658794092364
0.05152441439895483
0.052743934245881974
0.05281984346038371
0.05266532715904759
0.05193939577839046
0.052804009845203836
0.0515373328471469
0.05165604660578538
0.05266639788533212
0.05265552012133412
0.05215342740302731
0.05340991406046669
0.05284493414910685
0.051572941833001096
0.052339186277094996
0.052536671133566415
0.052169869779390865
0.05278199486383528
0.05241251669394842
0.052213594079148606
0.052306502730061766
0.05184780002309708
0.05252671353264304
0.05156026130680402
0.05142965413870115
0.052937174410544685
0.05358505485673959
0.05184985660343955
0.05226265583951317
0.05207268525737163
0.05358038190752268
0.05230133304212359
0.05328377999285294
0.053162900538154645
0.05463595127730514
0.0526809181774297
0.05177773429386434
0.05153931089444086
0.05242845070461044
0.05234391490193957
0.052585908753826516
0.05261885749132489
0.05127832454672898
0.05231546755567251
0.05219539682002505
0.05242716521206603
0.05186146229789301
0.0514310251983261
0.051774336769085494
0.05213905930213514
0.05219698212931689
0.05213444179571525
0.05226352614045027
0.052319924036055454
0.052335737436806085
0.052740830436960096
0.05216725251011667
0.052945278059269185
0.051053645396677894
0.052266351458456484
0.05184117503085872
0.0525343405570311
0.05191624753388169
0.05232154479381279
0.05238480985281058
0.05243658311701438
0.0525072370601265
0.05318219600121665
0.0518053592677461
0.05211871588653594
0.052797730604652315
0.05191180617657665
0.052298806669568876
0.052203439106961014
0.05239033230463974
0.052407094541194965
0.0518476031083992
0.052176298122503795
0.052814415175816976
0.0521872615263419
0.052361464864588925
0.05211226081519271
0.05244078884788905
0.052134901143290335
0.051139846229489194
0.05296948502109444
0.05302513391507091
0.05180239925903152
0.05239523742238816
0.05160826686915243
0.05336987485316058
0.051463806126776035
0.05293047387385741
0.051906417562349816
0.054154727011336945
0.051122559987561544
0.05261717557186785
0.05222753292582638
0.05112020537853823
0.0520015872316435
0.05278724294839776
0.052196906919562025
0.05311127040658903
0.05266171404400666
0.05119642176396155
0.052937425429263385
0.05166116873442661
0.051900925776863005
0.05239931486903515
0.05207929334756045
0.05245073094374675
0.05312596079056675
0.05315878861620149
0.052645332438260084
0.05260141963844944
0.05205457743613806
0.05262810082604119
0.05168906631843129
0.05259439213295991
0.05134451864796574
0.052184738855430624
0.0518337094290473
0.053825850580324186
0.05222409841007902
0.05312011640126002
0.051993399394632434
0.052653904454928124
0.051803062939143274
0.05185447545227362
0.052193924188031815
0.05153988213714911
0.05270389752877236
0.052365270490554394
0.05166866022409522
0.052183229445290635
0.05299728016325389
0.05180538705462823
0.0528707441262668
0.05296308361903357
0.052508204402329284
0.05256160821772937
0.051296853887834004
0.051969124338938855
0.051578033169789705
0.05164139762200648
0.05279646661620063
0.05191343563819828
0.0521379862602771
0.052654169468951295
0.051383762180194026
0.0520774624292244
0.0526475119186216
0.05261687230267853
0.05305747414968209
0.05223508031485835
0.05316544058769068
0.0528336159313767
0.05242779020045418
0.052653966571597266
0.05272086849072366
0.05102366031132988
0.051591312727396144
0.052491386406472884
0.05070204608091444
0.052341916867590044
0.052580358234990854
0.052635910260505625
0.05108879049839743
0.051990971580380574
0.05202220397404744
0.05216636644399841
0.05197918911653687
0.05265510551726038
0.05218266164047236
0.050362359414066304
0.053712968565378105
0.05319685520225903
0.052078263037401484
0.052379119197212276
0.052517967224048334
0.051851792328307056
0.05163908940994588
0.05404874398664106
0.0523072075957316
0.05099512361266534
0.05076019039188395
0.05014525127626257
0.05277317984291585
0.05369725807940995
0.05260431179885927
0.052936841077098507
0.050938824611876043
0.05247935768966272
0.05318249091033067
0.051878589372790884
0.05199091113718168
0.053336207254687906
0.05192418618571537
0.05286709376377985
0.05133148206004989
0.05255577846401138
0.0523153114500019
0.052853537432383746
0.05235026806440146
0.05193972618690168
0.05273336997197475
0.052068482553295325
0.05236358462207136
0.05128709415293997
0.05244095982561703
0.05161007430979225
0.05214989199703268
0.05244996127112245
0.051017818734180764
0.052840897767964634
0.051823665266056196
0.0519247679367254
0.05231514282422722
0.05261996992521745
0.052185902357450686
0.05235228999481478
0.05305966978085053
0.05296930115946452
0.051421293517705635
0.0521318292048818
0.05308213374519255
0.05294749775021046
0.05234975960593147
0.05194807438056159
0.05238434507009515
0.05279069277094095
0.05130032553097408
0.05304391561730881
0.052160498593366356
0.05242138327957946
0.05254144449827436
0.05106562988839869
0.05385407740868686
0.05246242765133502
0.05078537990630139
0.05154259026130603
0.05196906744640728
0.05245911238853296
0.05211102397515788
0.0517156654241262
0.05324633688360336
0.05134314275528595
0.053060753331010346
0.051631781772812246
0.052706191989273066
0.05332661428474239
0.053293941489755525
0.052087073350776336
0.05185484180401545
0.052375877672602655
0.052354603378262254
0.05174803711088316
0.0528964616223675
0.05369354271897464
0.05168044125457527
0.05345192014101485
0.05129902069529635
0.05216970035689883
0.051898764624638716
0.05142293697463174
0.052574335493773106
0.052490848713205196
0.052329656116853585
0.052079000388403074
0.052156965213725925
0.05298883750765526
0.052427042111958144
0.05161761850649782
0.05236576302013418
0.051694410445634276
0.05100980706811242
0.05129815619511646
0.05178178495953034
0.05152486746192153
0.05240865769519587
0.051914871135522844
0.052209610848876764
0.05225530644202081
0.05227031627691758
0.05148115292286093
0.05134151665333775
0.05116779138916172
0.05206419271416962
0.05199579068721505
0.05251640506685362
0.05170444488248904
0.05321918213485333
0.0521755248264526
0.05257684465686907
0.05268875349975133
0.05173275631386787
0.05257510865521908
0.052472395766017144
0.051937962425654405
0.05153860510472441
0.05259922357254254
0.05242177971013007
0.05289296086448303
0.052080347368246294
0.050914003877551295
0.052497130825940985
0.051147316766218864
0.052377269968928886
0.0521440405955218
0.051564872399467276
0.051886975268644164
0.05211445139684656
0.0516398300005676
0.052238266534914146
0.052052020397240994
0.051423875915133976
0.052546663291650475
0.05258224617318774
0.052805118561082054
0.05250974623049842
0.051532827370465384
0.051832231674779905
0.05213588199512742
0.05215362607304996
0.051779025729047135
0.05261677129419695
0.05316599126672372
0.052644744215285755
0.05275148233886284
0.05244424462944153
0.05222184004742303
0.05142987398903642
0.053477267294510966
0.052366542113304604
0.052144267783660325
0.052342105154821184
0.052435262565268204
0.05116010258461756
0.051988698172863224
0.052378193169715814
0.05082796693750424
0.052206062948243925
0.053858809971643495
0.05199342243577121
0.05113563994927972
0.052886497160216095
0.05149528540641768
0.0526304252234695
0.05239918098777707
0.05078920424966782
0.05149855739364284
0.052472229037448415
0.052041341416043
0.052040816572116455
0.05104238763306057
0.051348098710150225
0.05204774256890232
0.05276737730309833
0.05207670888739813
0.05165467134247592
0.051946446126748924
0.052638466131611494
0.05169727739121299
0.05288057883262809
0.052542560079018585
0.053742123736810754
0.05240691727522062
0.0525656094741862
0.05203189770872996
0.05139529111875163
0.05074058684294869
0.05225907918793382
0.05146229501951893
0.05208186767231382
0.052546847673511365
0.05118339351065515
0.05172572143601428
0.051798525819322094
0.052783458535486716
0.05175960271662916
0.052562468425094266
0.05279662951215869
0.05234302355347609
0.05208221351131215
0.051432832968203
0.05154685838169826
0.052221984036805225
0.05202905323676532
0.05167017094208859
0.0525397753699508
0.05270470950017625
0.05112253338666051
0.0504758802599099
0.05223562551509531
0.05190877158565854
0.05181872787034081
0.052175645127135795
0.052320453976790304
0.05281241542252246
0.05286255746796087
0.052648218519607326
0.052202529079295346
0.0524084923472401
0.05207745663392416
0.052455308572461945
0.05155956332782807
0.05286144735691778
0.05317500936689612
0.05271452620945638
0.05178852475910389
0.05145213645846525
0.05249585315141303
0.052575357283785706
0.05088680488006503
0.05183209579809045
0.05358369122586737
0.05210974984947825
0.05186697816679953
0.0514649984161224
0.052458486028626794
0.05182694740688021
0.052494260231469525
0.05208087622486346
0.05277951042808127
0.05137345425100648
0.05330042636524013
0.05190230824882747
0.05223516082696733
0.0515974988193193
0.05267589372306247
0.05262730055437714
0.052215043591786525
0.05264350499965076
0.05224484947393648
0.05203020392218605
0.05224012795588351
0.05220624892717751
0.05287137821323995
0.05226316659536678
0.050510126442532055
0.05291539083737007
0.051742075229412876
0.05325735440055723
0.051041401238762774
0.05283616844826611
0.051889700329411426
0.05258970707654953
0.052598851567381644
0.05108214998836047
0.05244810549629619
0.052010613175298204
0.05294524062628625
0.052503151091514155
0.05226527225750033
0.0517093259095418
0.05150310109456768
0.05284194206979009
0.05231233564882132
0.051907112920162035
0.05265799896369572
0.05194149395538261
0.0528500701275334
0.052569567973478115
0.052363763403263874
0.05159344342973782
0.05267281859414652
0.05171125516972097
0.052252835856052116
0.052671605357318185
0.05156561578405672
0.050914126932184445
0.05311090442046407
0.052874734601573437
0.05112353367803735
0.051242768655356485
0.051291870722707245
0.052292034879428684
0.05212904740801605
0.052496839580271626
0.05168521136874915
0.052253380743422895
0.0522882641034812
0.05259163424670987
0.052553618950696546
0.052543798004990094
0.05241114176897099
0.051128688115568366
0.0528699713286187
0.0521861375473236
0.05221737246938574
0.05164644887736358
0.05303950122106471
0.052862342385196825
0.05162043194286525
0.051610695922136074
0.053687689387516
0.05297128192250966
0.05179112739642733
0.05231285246554762
0.05152172538328159
0.052564885907486314
0.05124704072113673
0.0527850982198288
0.05156171897215245
0.05129155507347605
0.051866185900507844
0.05186712628710666
0.05205519180344709
0.05096099507500185
0.05242722915863851
0.051944036642453284
0.052126593869616045
0.05175552915352455
0.05228234876267379
0.0522344655055349
0.05081767403135018
0.052770043279451784
0.05120376279774064
0.05253984027331171
0.05254189141487586
0.05227827610724489
0.052451639821811114
0.051770737542028655
0.05126519560144516
0.05165599188148917
0.05260543277290708
0.0518266871713422
0.05196638038432866
0.050920733589009615
0.05275442733000091
0.05210001854538859
0.05170788942996296
0.052906840912328335
0.051812909014188335
0.05249316053414077
0.050751317883623415
0.0517648601471592
0.05241722834580287
0.051076445504804724
0.05063154194067465
0.05202468971037888
0.05189615193557984
0.05225112850530422
0.051767884120636154
0.05310771113909141
0.05220431995621766
0.05219895180744061
0.052788723312914954
0.051341497115572565
0.05231071136040555
0.05149990166137286
0.052571680615074
0.05165634856712131
0.05204710946600244
0.0526588733009703
0.05253353087209689
0.052087021811530576
0.052527554875268834
0.051586047429736936
0.05140819198459212
0.05259000923979329
0.05203481697571988
0.052591810879675904
0.05171218767100072
0.05162365375508671
0.05096362781114294
0.051508848067896906
0.05202677089255303
0.05162459209168446
0.05181354616433964
0.05084512378198269
0.05168576302639849
0.051874630715246894
0.052673524669444305
0.05182529847843398
0.051914093743107514
0.05161887850226776
0.05242704337979376
0.052390387678315165
0.051653959753821255
0.052415896505408455
0.05165242474504339
0.051469187756083556
0.052098522613960085
0.05188150832327665
0.0514097809955274
0.05247369111566513
0.052660315170214744
0.05321197318880877
0.05259343691977847
0.05207793110275816
0.053380017780000344
0.051936215448222356
0.052071391815843526
0.05159355065552518
0.05129424191363796
0.05201769489576691
0.052126879223578726
0.05297961836549803
0.0515429352180945
0.05193680884076457
0.05214628905378049
0.051419531599094626
0.05191418892718502
0.05271695935334719
0.05200180000065302
0.05277048958487285
0.053126816666917875
0.05157598426740151
0.05195907068628003
0.05251260130535229
0.05286239994893549
0.05193540264190233
0.05297870851063635
0.05109479297243524
0.0507718347471382
0.051875651897717034
0.05175886670076579
0.05132118589426682
0.052803416356255184
0.05185036539660359
0.05125580171807087
0.05194948136340827
0.05266103548456158
0.05233781462084153
0.05234959527115279
0.05192309650738025
0.051863507282178034
0.052413952678762143
0.052166797049721936
0.052333272875330294
0.05164455817066482
0.050110181713534985
0.052610329092203756
0.05224103095133614
0.05191695126632112
0.05267146289952507
0.05109562059988093
0.051773221162875416
0.05146833331127709
0.051182476699978
0.05231255691796832
