0.0541612196193455
0.0538922995710891
0.0522351017643814
0.0539876328457467
0.05309212625979853
0.05402314185084833
0.053559419540761155
0.05318741039991437
0.054224546773184557
0.05434960762067931
0.05385379868312157
0.05340347617675434
0.0546254406326625
0.053757343666802626
0.05359787819543271
0.05254943746331264
0.052911686932930024
0.053623234229235095
0.05401471800360014
0.05472511303742067
0.053890175238848315
0.055244093613509904
0.05338547563405882
0.05248025125183631
0.05441126934965723
0.053273410487236106
0.05332001635542838
0.05386931726025068
0.05337140136543894
0.05457538592963829
0.05453762634715531
0.0542462834437174
0.05298412110641948
0.05507658576425456
0.054021086580178235
0.05364210122570512
0.05430825421353802
0.052970155358707416
0.054702034140063915
0.0537815892494109
0.054053308434959035
0.05394563822846976
0.052671865192678524
0.05327275156923861
0.053363428205557284
0.05429505242682353
0.052927858216207824
0.053631026990842656
0.05525238541486033
0.05384404302640178
0.05431830215457012
0.054533078950044
0.05323800190126349
0.055065907690732274
0.05332749269109627
0.054144586481925217
0.055832032214311766
0.053852787787036505
0.05320081249556097
0.05327391046012053
0.054669650928190094
0.05256472230939835
0.0538196449415409
0.05417269661847968
0.05329644480298157
0.05496378274256131
0.053720859565146384
0.05551783215923933
0.05487420682402444
0.05487172597167955
0.05382838689365599
0.05325241503669531
0.053684086526118335
0.05380718385458749
0.05564640923148545
0.054694988089977414
0.05459484825587424
0.05460757021501195
0.05418818179532536
0.053833963682336616
0.05369758635060862
0.05404045065915852
0.053632481962267775
0.05376492153118306
0.054188633570447564
0.05441800019252696
0.05370695757846988
0.05194107378338231
0.05484182921463798
0.05382569650464575
0.054021502250179765
0.05363844667772355
0.05427391186276509
0.05334920658970077
0.0536714318277518
0.05398856581632572
0.05348343531113642
0.05289411339072103
0.05379688035463914
0.05455796103524335
0.053717955233878456
0.05511302098420856
0.053378351103674504
0.05380625260477245
0.053058940704431734
0.05307336667647178
0.05262659950494708
0.05336024383177573
0.05413773627697083
0.053460951343367924
0.05358443872137286
0.05347172754954954
0.05395440674692509
0.05332588851888431
0.05411572382035956
0.05340855043141346
0.05422140633163508
0.05495584540949494
0.05380086857439892
0.05402766986662755
0.05492982507166744
0.0530647076175228
0.054428390254543046
0.0526477580460778
0.0541724583326868
0.053339261381552205
0.054462080472148955
0.05354406274454959
0.05438089853305428
0.053920755521176034
0.05256877674946736
0.05423733461611846
0.053642852953998954
0.054096109513920965
0.05369298160621838
0.05363975008367561
0.053203886758637964
0.05426293548771355
0.054007952681786264
0.05372458997590002
0.05309590261458652
0.05376119486572861
0.05431570230939542
0.054392836578699644
0.05325456551508978
0.053911058723315364
0.05384882655198453
0.054032059484597994
0.053537861500444706
0.05359050361585105
0.053059715350173065
0.05285576097048761
0.053326345627283445
0.05307620262829005
0.05398395402517053
0.053949317192746093
0.05393027155150776
0.05399228068017692
0.05310228293456021
0.05298867407691432
0.05375830274715554
0.053790531326740165
0.05343235310829186
0.05361496703153534
0.05502887658076361
0.05338229818153195
0.05390679580341384
0.052542831195751205
0.055516754120617406
0.053671209101594286
0.05418370684492402
0.05407271680087433
0.054221312997469795
0.0530787132011028
0.052724711487826426
0.05375747161269828
0.05413536435480637
0.05363238362951961
0.053329218570070225
0.054496999699040316
0.05388696671798243
0.054422716189947096
0.05387764582519594
0.0542063056036568
0.05400509753962979
0.05447985383216292
0.053226229321808205
0.05492929738102248
0.054820786808704725
0.05392391772875271
0.05415096095202898
0.053782628014232614
0.05256035060119757
0.053297627595384256
0.05375663543964038
0.05338366736214084
0.05461012307569035
0.05423971078926115
0.054520180070539936
0.05282085771068523
0.05403272146395466
0.05419624761088926
0.05344926459474664
0.05282686225473299
0.053561866874588304
0.05392395136732375
0.05277828810903884
0.054189346032217145
0.05432837088301312
0.0526188164112682
0.05277315983948938
0.05440849327351316
0.05437565812462708
0.05315152375806065
0.05395477345518884
0.0530812068918749
0.05459685164169059
0.05451614780758973
0.05430167509439343
0.05408009250459145
0.053999946256226394
0.05385109205235494
0.054309968203597236
0.054389658691434306
0.05318633467868494
0.05353112515331304
0.05375831197852676
0.053480544900594396
0.05434348506605602
0.05351211398738087
0.0542185958729533
0.05324012212258822
0.05407186909178563
0.053918276504191454
0.05450844091683393
0.05381270771249547
0.05373423982564418
0.05430425503618608
0.054778235922640306
0.05344987913485966
0.054317754140356556
0.052980810613007634
0.05453253409723402
0.05424603423125518
0.05368971272218914
0.05346297301730374
0.053053955127325025
0.0546464453691442
0.05418670774997736
0.05331994978769217
0.05501305936377321
0.054005300562494085
0.05298326878619264
0.05384877446340397
0.0522924450069695
0.053934096093144035
0.05312146510914317
0.053088113107151
0.054170461338799214
0.05431658993984456
0.05415611075295601
0.054496480888701626
0.05348320350276481
0.053154013396124355
0.053012766262327204
0.05363196372672974
0.05233720030992117
0.05280147521625622
0.05457782615303586
0.05418069178085716
0.052874232382237096
0.05286143040029856
0.05480768442430417
0.052702735156344716
0.05351570442508091
0.05301740612776484
0.05501778540929081
0.05355198324468802
0.05358961456477118
0.05348119669906737
0.05403682437099633
0.05194841296543018
0.054490411617734935
0.053949583054418326
0.05359531763133418
0.054478574618769926
0.05373100105134654
0.05317215857394331
0.05395074579064385
0.05380794272241474
0.053905702887277585
0.053452436384759494
0.053305188897866174
0.05421644890884636
0.054405331320594996
0.05295779240987031
0.05329735634222743
0.05293506920497748
0.05258577229506045
0.052483418778138
0.05517543077621667
0.0535956277326477
0.05425488292166847
0.0537772991865495
0.05367845104956359
0.052741908863026765
0.053846799659368116
0.05342962622489722
0.0530213962047128
0.052455185947110294
0.05380067711485026
0.054021839721826836
0.0536816804742557
0.054098537293612026
0.05374494094212423
0.05438221968324797
0.05426198303030105
0.05350035088304139
0.052997680784756085
0.05355511019115511
0.053127035205761786
0.05432264603768999
0.053652856175176566
0.05353544849822356
0.053211875552733545
0.052906252692991984
0.052303571688753436
0.0538277641426248
0.053514624989475124
0.05392369108631101
0.05434559522836935
0.05425059635126672
0.054683081469192985
0.05426009154871281
0.0545557854566141
0.05422775373517652
0.054105996945509105
0.05197294680147024
0.053715343929070514
0.05337146944657434
0.054518597142305225
0.0540724662514549
0.05373108480125666
0.05384178761050862
0.05376951325342816
0.05228787647502031
0.052592492935218615
0.05358595757752482
0.053699291886005085
0.05281730404567497
0.053574575402308255
0.05291927529287932
0.05314669679319195
0.05417304259390221
0.05356554990794393
0.05341582676010148
0.054132897577801486
0.05351575677013898
0.053109821796169854
0.053093948097739485
0.054321296856869594
0.054775682345280075
0.05474721834434604
0.0530382006054424
0.0535201359380153
0.053208011742754024
0.0537465823617822
0.05405391624299227
0.05393033033578831
0.054636765824398026
0.053679524704421056
0.05409880226579844
0.05354776774220227
0.053761510098411236
0.0528653671626671
0.05275774316942261
0.05472917480619799
0.052945366438507335
0.0524586975643615
0.05408999218343524
0.0541087056244578
0.053411773371408344
0.05357040099261212
0.05218966277607251
0.0537401359215437
0.053178002697677584
0.05343922039355675
0.05335794283746509
0.053798648394149495
0.05300461925071431
0.05445443887037982
0.054303711407555966
0.05397567421459826
0.05356041750928853
0.054312817337631714
0.053514734830969246
0.052609213100367924
0.05377417001545837
0.054583548109803814
0.0532349857785448
0.05346795303557883
0.05412997994608304
0.05491488405641576
0.05368184155668132
0.05333600291851326
0.0542236001110723
0.0527522270258487
0.05500656487311062
0.05362285198862082
0.05341333055002906
0.053255401473506936
0.053121121774893254
0.052556698417902226
0.054056169425166445
0.05485460731506464
0.053153165585172246
0.05393109983742761
0.05303993137204088
0.053451563568160054
0.05410571452193835
0.053518552325840574
0.052360004287038464
0.05344924482051283
0.05200210552357021
0.053547376814094605
0.05330896476334601
0.0533578338308871
0.053488754738282296
0.05308054765009729
0.05346643720622524
0.05392106440376665
0.05396471514359291
0.054239809840510134
0.05457462294361903
0.05386965264915489
0.052327242727187695
0.05290167102975829
0.05328047007606074
0.05355778688681312
0.05391352586411813
0.05354168032135931
0.054484382728333
0.05299396327063732
0.05369127622543601
0.05383960214930994
0.05294836037137429
0.053571279378957115
0.05508168979031325
0.053346180877269944
0.052755340229850844
0.053553590951196384
0.05427577703812858
0.053200556361844065
0.05384580758254742
0.05291623456105299
0.05372485107545799
0.05369989183054713
0.05420859838159231
0.053866698774072574
0.0531493862708885
0.05380718535889173
0.053361045185738476
0.05279260780844197
0.05477524027628533
0.05324403317536053
0.05395956703432603
0.05406006700286525
0.05349364249741484
0.05353706518508261
0.05257919519863208
0.05340759363389225
0.053955648523697164
0.053514854687819025
0.05254640092061891
0.054273275685773115
0.05270332246982434
0.05415016832193942
0.05445962942940241
0.053809461340279086
0.05391127175607835
0.05314287878536561
0.05423132383293705
0.05285119557811413
0.05307546673429897
0.053473915679205675
0.05296812520828098
0.05367620877223089
0.05417239076268743
0.05421288527577417
0.05376579968833539
0.053430942325576325
0.052259488347772276
0.05315716174482077
0.05250173008425918
0.054209794114285614
0.0533737718797056
0.0546054957612796
0.053794336216014926
0.05412868196799536
0.05407936049414275
0.05383462228019198
0.053857131193581154
0.053918890247587115
0.053237660373270046
0.053464242459085654
0.05317845774334273
0.05386409885795729
0.0526593333324854
0.05362781975600228
0.053196603163087275
0.05379628455557395
0.053658229489883524
0.0534080388260918
0.05430823609640356
0.05442704378583585
0.0531967191673175
0.05374824752288987
0.05299349243432516
0.05309388489877165
0.05238637737238605
0.05277173820650205
0.05308198770035233
0.05394295708720165
0.0526999650101061
0.05388257559388876
0.05472476423710759
0.053742166128358804
0.053122069004530204
0.05200353261170676
0.053371264211818925
0.052674177451990545
0.05425663873575104
0.05305821788169851
0.05388899750687415
0.054263423808151856
0.05452734746177157
0.052880368661135435
0.053720821742899716
0.05393278197698237
0.05318006624656846
0.05347118301506271
0.05389271514832217
0.0543510860970855
0.053476565994060365
0.053832744639294106
0.053288371687813196
0.05305576773753273
0.05308168453484541
0.05417126862266741
0.052837342949715094
0.0531220611774188
0.053150024765272974
0.05323591369415226
0.053633644101864775
0.05227454193664016
0.053546961116808234
0.054377510141421226
0.053795936661117594
0.0533637534990703
0.05335325133455626
0.05413328808208462
0.053489116491618915
0.053010987081506755
0.05361178659040888
0.05487088641348237
0.052307907382783014
0.053173840868112165
0.053215064108371735
0.05244375853180827
0.05418559650752286
0.05369795374463138
0.05389687645401864
0.054348233205018914
0.053229828608891694
0.05331056028808234
0.05317615659805597
0.053590518871715176
0.05245586875571462
0.053892759224254405
0.0532420742965769
0.0542817611094506
0.05319648991098802
0.053433659395523136
0.05418237536105153
0.05376332261948846
0.053067620125148096
0.053817371546756476
0.0528986477147555
0.05309496256086277
0.05305977702846576
0.05372673187775945
0.05392667891646852
0.0540042224311037
0.05502378544406383
0.05369832549149578
0.052447781710725394
0.05343810196973209
0.05301422014599666
0.054423876041255426
0.05346296934658312
0.05376491803144745
0.05315575046734011
0.05348597055308346
0.05370881282397022
0.05302772156755964
0.052790338753766264
0.05407556584214035
0.05363667098026781
0.053766201317557716
0.052820781518676085
0.05366465662700648
0.05304576207709033
0.0542710501140391
0.05315733620955143
0.054070836551545653
0.05323434368619928
0.05265254550613463
0.05320567711896729
0.05351229614461772
0.053570436875816085
0.05426480332062056
0.05284808527358109
0.05315501227596542
0.05285611324325146
0.05409353359391389
0.05334667044371599
0.052772632656342466
0.05332604582144995
0.052993156776210526
0.05299474342609756
0.05350302129409101
0.05355257399423863
0.054412109191616764
0.052967407054893556
0.05307051824820519
0.05316271754418267
0.052314012089482276
0.05346419848683581
0.05438303222581453
0.053672943777201
0.053418730218254495
0.052499090794299264
0.054207671297263005
0.0542847576616623
0.053273024550435366
0.052817733892879914
0.05315845994846313
0.05361133182304911
0.054033769034504076
0.05347696619537601
0.05249741503757832
0.053217011598462705
0.05362455983595282
0.053486594326386694
0.05259351382483146
0.053078479824762326
0.0536716983478982
0.054108073802126455
0.054532738835405326
0.05303788972560142
0.05316226511968125
0.05316332582151517
0.05292644369728805
0.05435290799323411
0.053568891120448825
0.05292465695674764
0.05381221948482562
0.05413109070468636
0.05381336910795653
0.05358225711461273
0.05383117733981635
0.05227257148362696
0.055609770919545554
0.054190454888157547
0.05318534106663719
0.0528540971208713
0.05284395716080326
0.052465917680819985
0.05249673707839975
0.05444303195326938
0.05395128833333729
0.0543484933750733
0.05359138764833915
0.05417344273701019
0.05305064048479835
0.052815993720287224
0.05293855471245479
0.05352682772354456
0.05314800407177245
0.053832881880225614
0.05315729149879189
0.053637958624676685
0.053873240107350284
0.05234724556248693
0.05355679837157368
0.053375293893623166
0.052007992773724254
0.05318482576694805
0.05398888109448308
0.05406424569628143
0.053288090630303486
0.05288377144461265
0.052689224346977426
0.05334861931987689
0.053445406341779744
0.05317181413556682
0.05383989036272396
0.05275802715368627
0.053465601749849156
0.052374935508851195
0.052232411164368386
0.05366495604721422
0.053968495480148704
0.05432553357059078
0.053117027804546524
0.05364072498741734
0.053893539517957834
0.05350258754151582
0.05258310684621392
0.053165815532338456
0.0532985828940582
0.05323275337286759
0.053441589367139386
0.0533977464583586
0.052766886497920495
0.05274559772624343
0.053354715109890094
0.054165696403288166
0.052624309922975954
0.053140966625505826
0.054466817922730115
0.05212808746000519
0.053767648390930844
0.05310514867596794
0.05319182711536996
0.05383211825937906
0.05290465433790814
0.05316003437110339
0.052589398466807324
0.052609879327064846
0.05337740956747439
0.05316976085669012
0.053129795371205546
0.05420790022981237
0.05268293380504474
0.05468304153509962
0.053304609333281405
0.05351732473172888
0.05296856680615747
0.05353438642669062
0.053197684144834056
0.05416445078844845
0.054131905861140694
0.05435105691867648
0.05288788972029579
0.05457189300068421
0.053850961950956844
0.05371973354522197
0.05417653812219214
0.05365648826955294
0.05303761076720548
0.05413846753981488
0.05329197818355169
0.05315365541173378
0.05327682838469627
0.055044350137904985
0.05312254497221147
0.053060165482747834
0.05406087840128748
0.053824269725737395
0.05357951307814801
0.053308638618545956
0.054405067647167016
0.05290840451561962
0.05270732652206789
0.052648222857897053
0.05377576462706202
0.05345460327407636
0.05274336070033314
0.05219013690111751
0.053775348536873935
0.052964422988225124
0.052650360097686644
0.054556872810280765
0.05333536494435975
0.05352359542666818
0.05259807455331611
0.053297765774914296
0.05283659328779322
0.05391643573966576
0.05437564458225097
0.05239813171829155
0.053167420703175594
0.053646023721739766
0.0524173950743716
0.05310915186055354
0.05341035296078189
0.05349012263286568
0.05330755776594742
0.05211587020494335
0.05417911241602269
0.054153937906448846
0.0526451218938746
0.052956206220187596
0.05323208296249504
0.05388546604444855
0.0529685920864722
0.05363517512159888
0.053460138788068434
0.0528324280257948
0.05310443236703577
0.05311781340242305
0.053872916318141506
0.05227760627894895
0.054489769754582085
0.051794064662317396
0.052847146571366466
0.05337351384150679
0.05319086564668396
0.05250862898719788
0.05333276660894626
0.05309248250523524
0.05340485575288767
0.05419679886472295
0.0533469294095994
0.05273580745779327
0.05343535645806696
0.05282856634767086
0.05228687491216988
0.05365735154191498
0.05384275897631596
0.05356798733737378
0.05347822875410202
0.0548466881045897
0.05285743102285778
0.053709707248344785
0.052085753699429915
0.05259861398917565
0.052245713837692165
0.053375721334305126
0.053032252317279927
0.0539730290947773
0.053931095824736985
0.05361154838828952
0.05353917616957915
0.05333783869537001
0.05307912656280678
0.053044031190438545
0.053719831455964595
0.05561879340893938
0.05395604685145372
0.05164699572560494
0.053351743352322956
0.05357750551047502
0.05413411416702729
0.05265738490561489
0.05338563944496855
0.05318381386132387
0.05258833023981424
0.05296720349724637
0.05316795233920857
0.053318687136197696
0.05344133873768442
0.05299221048881009
0.05245988964634307
0.05361062262272753
0.05261856030665513
0.05260418116267829
0.05283062626949686
0.05337624090498139
0.05276371946820291
0.052681929810205474
0.05290595448059321
0.05366653208329808
0.05396790300619614
0.053738195114419796
0.053199074924123124
0.054976831954263616
0.053084355968167074
0.05245975844809436
0.054453214737804956
0.05391456743745948
0.053420532758536865
0.05423566079844022
0.053844158172069
0.0535986136583233
0.05344321265874896
0.0531313395313191
0.05346366366211441
0.05283377570049197
0.05214947816421045
0.05313715830743604
0.05326446789331385
0.052274405945354374
0.053593901389831444
0.052386556280907826
0.05280445603784756
0.053197951425318024
0.05332937246203073
0.05384927937120665
0.05338005363591947
0.05326320719723299
0.053165893999903346
0.053930033871438354
0.05284413266235788
0.05403571818533237
0.052100801083724946
0.052985867152528954
0.05426120298579917
0.05322622323910764
0.05396873760219023
0.05308505515131401
0.05379724205704406
0.05262936658982653
0.052519993058012915
0.05312618513198686
0.05413991116256511
0.05310456460756541
0.05338363766895782
0.05293209608862526
0.05349549717902846
0.05274304774866323
0.05183898199538817
0.05394116950810712
0.05466490706567129
0.05316530310847156
0.05317858855050872
0.05362249637255445
0.05243882413924439
0.052546663386237924
0.05342486982590344
0.0532090812248498
0.05350658047973411
0.05260054589052743
0.05297365733713377
0.053159032848270726
0.053886185840383405
0.05305308300012257
0.05265418800627231
0.05318432511558058
0.05317185701824201
0.05302269484127464
0.05458954035384522
0.05363599721385981
0.0533443447038735
0.05344357405556366
0.05300042953422235
0.05361510559487215
0.05257814544347639
0.05402479812983074
0.05173022453527665
0.0528823515651311
0.052717380478497944
0.05367091472726315
0.05408921114030818
0.05277577694869251
0.05369804145448143
0.05291756355109101
0.053440386209331336
0.05205138845485635
0.05333614212577231
0.05371004882908892
0.053172096057096496
0.053743856709843385
0.05330415004209499
0.05368904999886581
0.0530584499683755
0.05297960160532966
0.05338668456533924
0.05398458428862796
0.0535053434468864
0.05351119201986876
0.053602394940753584
0.05205846329954511
0.05504054998164065
0.05255923930599238
0.05216606382418831
0.052599356286009424
0.05304323966993252
0.051940900753834285
0.05288073146948591
0.05267774493222532
0.05303190047379758
0.053061748014442855
0.05218213021544216
0.05210762978276762
0.0541461322336545
0.053767933412018465
0.053072943088409374
0.05314879707475484
0.053361622671218356
0.05345455021233647
0.05326692834569258
0.0544951345964364
0.05287358235727879
0.0538413549438701
0.053426455553562846
0.05347818403424753
0.053254101367201656
0.05289710009128612
0.05316021608450683
0.05426565755260526
0.05421392329481023
0.05301557291022618
0.05380819087440614
0.05303628986439435
0.05164844206592534
0.05219273708826222
0.053177225121544325
0.05261173427061294
0.052662230358691886
0.05330050440170453
0.05384672368381871
0.05401383158823592
0.05286187308411172
0.05346236387595127
0.053205320318738814
0.053301392354114796
0.052559189365638304
0.05213103094138205
0.05263701491821848
0.05299829305840831
0.05450451012438862
0.05295020060657407
0.053134600677367416
0.054254117554592085
0.05246668331164983
0.05382786984046106
0.05263654233021953
0.05251900293478684
0.05355517504358431
0.05459282457559311
0.05316521064196422
0.05347632618031639
0.051846707949152915
0.05395765522371221
0.052161845515001914
0.053712510836703586
0.05283200040139491
0.05304684001384885
0.05255178302650165
0.05332875137173687
0.052604906995838974
0.05392354069772409
0.05232810412962863
0.053162975838858983
0.05223735900290194
0.05443547777576896
0.05372421170977759
0.05298755499643448
0.053330130542235565
0.05235220156282594
0.05399585009763541
0.05232889007857011
0.053237615487887524
0.05272799994054367
0.054903057038245606
0.05374746155757748
0.0538687091684551
0.053894713635600056
0.05291995924017101
0.05348258576486842
0.05355476780459867
0.05228627010365017
0.05384973199033993
0.05295182871486759
0.05265049216177431
0.052746040710189845
0.053359214321972104
0.052370987861650065
0.0527078214854555
0.053303276137739886
0.053385385048386524
0.05348125571254059
0.05346565156651195
0.05364921803266043
0.05349647951334191
0.05389183723491442
0.05317074131926347
0.05322055050601193
0.052353939314343734
0.05256580698187463
0.05354362537218549
0.05209337054475327
0.05253565386192349
0.05329513285141729
0.053364302115369355
0.05246027704197331
0.0526886886345892
0.05274692149941984
0.0528311304969975
0.05268289126252057
0.052452284766332014
0.05252426785227726
0.053755706754600396
0.053629617952537956
0.052517066591462935
0.05349198128897115
0.05309081673112814
0.05379235946202243
0.0525184128764522
0.053511974330831436
0.05308366102144646
0.053403793044708436
0.05268945475836517
0.05240242129548278
0.05366828683872882
0.05315476530086016
0.05412390423589386
0.05235626817921002
0.05344660109767574
0.053610750795996864
0.053077767335707904
0.05290739688280155
0.05376544093269331
0.052778577510252944
0.051756346874753945
0.05330406802931975
0.05240836934353865
0.054228516844887054
0.05379222518786264
0.053828896081540734
0.05317652519624971
0.05277985333304969
0.05290480978692358
0.052643233466369566
0.05340418123341806
0.05233582220535027
0.05358093207178172
0.052647063643235015
0.05351826622609224
0.05236540166151826
0.05451389380505134
0.051723866097745486
0.054259371741864015
0.053003242832346587
0.05345544327246898
0.052273596924351295
0.053605696692102356
0.05355494334071409
0.05349676391961111
0.05360942261177115
0.05262706283428997
0.05288574804762902
0.05350417539011687
0.05346916324015183
0.053076238651556196
0.05339851843746146
0.05380735104881751
0.05347661841005902
0.05370058907465136
0.05322950126355863
0.05176041917366092
0.053817576426808955
0.05396087792360049
0.053220989773762994
0.052729706429090584
0.05280237995975767
0.05242823588196188
0.05286380628240295
0.053884627186562284
0.053262982622982236
0.05330060826963745
0.05217542150239751
0.052625968852225924
0.05380410944781033
0.05220769496554567
0.053081163297974854
0.05290780130053463
0.0526800106108567
0.054295065014230204
0.053243887257849565
0.05365704717223707
0.05270938266221492
0.05303659045785025
0.052273819279434974
0.05365827555397118
0.053107438048755284
0.05349513066903455
0.051587624295279966
0.0525320388169348
0.052130614010820864
0.052352419357703184
0.0530502153251291
0.053301625166568556
0.053791265170730185
0.05318897939469025
0.05163830330093333
0.051274376770379604
0.053468209707716596
0.05286065721520572
0.053182596328042564
0.05318510993856762
0.053273374836862786
0.05327344475517748
0.053114166083105374
0.05344607346160046
0.05327590388333192
0.05246003921456577
0.052341339862323366
0.052960314531446784
0.05388400805895799
0.053700847796790185
0.05471962192314095
0.053347728822700446
0.053620943805071875
0.05275220013936632
0.0522505944572913
0.0522098795427155
0.053842225486732787
0.052801032181378105
0.052754102091057575
0.052528579073623405
0.052846006332401885
0.052720367717483896
0.052196523391103256
0.05304909081678488
0.05169730303714459
0.05231446929246886
0.0525889298041875
0.05373003073509608
0.05335120306699537
0.054499622880030074
0.05365195182275784
0.05390613494091667
0.05202722142166749
0.053911106753730564
0.052245647295421804
0.054453719731100136
0.05180191828367242
0.05349240804207511
0.053266112321580295
0.05254065515327966
0.05379698487195128
0.052725921170349466
0.05371547072172689
0.05205523868971795
0.05234710724653269
0.05433435208578885
0.05272637099005806
0.05248674759241112
0.051799916927848244
0.05351807521947194
0.052808586891842424
0.05252098610253597
0.053765120486787055
0.05335908982306137
0.053923959658277454
0.05208468620003259
0.052871413638058584
0.05187601796751551
0.053798186243511736
0.05357726288093545
0.052556334258042625
0.05296243373413745
0.05225615611743706
0.0531399513110955
0.05453089779439324
0.05237582564041077
0.052773961771890754
0.05330988153582439
0.05249310011458874
0.05258016197149118
0.05279382393382548
0.05268791298294673
0.05330165407394816
0.05323595757181465
0.05311490047824918
0.053429054247317254
0.05311619829990377
0.052941359776013996
0.05371550151721749
0.05286500872716715
0.0518623208754434
0.05292846972224652
0.0514878259946272
0.05188069676842133
0.053680776387409423
0.05249795160307258
0.05420862275605032
0.05253630684273958
0.052859134319078294
0.05341596515245328
0.053396043313114205
0.05409478872388718
0.05250080573568994
0.05331167345138965
0.053901648134342395
0.05186570852492878
0.052091785437369253
0.05295800793282979
0.05402502752258442
0.052569611127182725
0.052643262773926836
0.054041476165366475
0.05276888050684647
0.052628580864620744
0.0530636450239399
0.05227405826190079
0.053501317403060966
0.053214553747238824
0.05306476495024981
0.05345745588965656
0.05237386212502315
0.05311734392307699
0.05391993047487631
0.052862838840155746
0.05352822537679458
0.0530876822231221
0.053192324898191146
0.05297977819463995
0.05331893140100874
0.05268301281284948
0.05387018908368191
0.052033687083167024
0.05375064614781877
0.05288029622170143
0.052881651321513345
0.052162612873871694
0.05325135418934224
0.052704092746353126
0.053276690194252296
0.05392497795037343
0.05385523385120905
0.05256096593620896
0.05270060955808731
0.05445005413639592
0.05218881301334477
0.053067975661178934
0.05191097617716878
0.05272228301328141
0.05168970064733003
0.052822708941675955
0.051876005960366456
0.05247070612676907
0.052468771835265215
0.05414168171773781
0.05297970870742574
0.05275020928274898
0.052239682714571245
0.05355351965226873
0.053764201775265974
0.052820839980995515
0.05243230952146405
0.052582899495973834
0.052518870992571465
0.051232662286565755
0.05223396008295822
0.05379205803910736
0.052369024204381276
0.05251520544516097
0.0517988875581068
0.05349078814651875
0.055002816443447955
0.05343295717102592
0.05319358967608423
0.051253194507808075
0.05239955946308328
0.05359771700204874
0.053106635401491076
0.051544604923037696
0.052331394672364695
0.051877030162359006
0.053492096079935436
0.05328620781256177
0.052649537479737774
0.053213357023196295
0.05294303384289378
0.052529422431689454
0.052789817624216084
0.05213820346580178
0.05284115046742954
0.05263641184865264
0.05335204231960233
0.05319994735327782
0.053159915210926556
0.051956543895357754
0.05369661334771081
0.05208148293058912
0.053569179313853965
0.05395283828693209
0.05333308398076042
0.05286316021192761
0.05424599196339841
0.052069154613491264
0.05457336880135699
0.0532898541441682
0.05249988380455761
0.05210883909603581
0.0529764025395707
0.052750258375453996
0.05329763586996705
0.05426603773412353
0.053150292947975686
0.053158693694058456
0.05272363092080923
0.05328019793887506
0.052199447658495046
0.05309843338363862
0.052983420850068796
0.05231762539187912
0.05296518929208105
0.05258888751814084
0.05425173663752503
0.052782675416892744
0.05273602541092259
0.05351657511528174
0.05127639550300955
0.053453199683644925
0.05341572041652398
0.05276285749641829
0.05279855472690542
0.05258518591108441
0.05270286148879677
0.05323936168133514
0.05277020900939533
0.05261284859443549
0.05334162664257747
0.05339945521336631
0.05287821211095434
0.05217527689273993
0.05405983044329332
0.05208544441302365
0.052253771676987526
0.05234449656381912
0.052299601176855504
0.05287920221417153
0.051835722326359246
0.05315235249872785
0.05264579362483346
0.0535173629396013
0.05271380929116276
0.05355784717539791
0.05266306013982103
0.05145079055910173
0.053598341799443006
0.05309054618192022
0.053583625733153895
0.05379471939158975
0.05259487190596701
0.05187858111276
0.05295132192441088
0.05248693792964332
0.05272511781367939
0.05331606943400402
0.05228097645522212
0.052928910012269625
0.052497856406262144
0.05255284516715619
0.05182076369965216
0.05293351124964829
0.052995553334767465
0.05193238542233303
0.053256277280524955
0.053851306800424936
0.054219499508690205
0.052463264035395696
0.053572817882013624
0.0528391608131642
0.05324281646790041
0.051718164582780446
0.052726740803336725
0.052188842124451185
0.05300250983964361
0.05306290622684173
0.052469958951405715
0.052791072863328736
0.053734354663902195
0.05207305198382528
0.05237292989659181
0.051192623726819875
0.05208336874602537
0.0524231379149569
0.05367320382356411
0.05232335217988293
0.05352027301523776
0.05369580289698206
0.051871911804482806
0.05234407015450415
0.052648822022092645
0.05368731959970319
0.05261993179738056
0.05245751874463167
0.05306473808559531
0.05170362081116764
0.0525521577692416
0.05276552154464298
0.05354639605684497
0.05326921271989704
0.05374602352640068
0.05327568541724759
0.05189182894901023
0.0532622861865093
0.05270089646182896
0.05258963971209596
0.05286922750019585
0.053956328898493666
0.054420758302512695
0.05351335679733893
0.05337659227188851
0.053154318398810574
0.0526500423966354
0.053903941672615474
0.052625446744059445
0.05277176522940863
0.052941876121622045
0.05270404725706612
0.05329644756966445
0.052640055220763315
0.052542832047038246
0.051872497899239534
0.05304969652570435
0.052034953274414875
0.053284734714907245
0.052599047534386045
0.05325820538746484
0.053434150455359486
0.05270807765919017
0.05302485734500806
0.05257864740815421
0.05253837209420453
0.053526323888945626
0.05260526736674365
0.05233160048737773
0.05167626699403627
0.05351435082593525
0.05246119801449822
0.052421935921302065
0.052341819880894036
0.0540825836287695
0.053072143617100664
0.05286838187385001
0.05251060103182681
0.053317491296184016
0.05287080542802869
0.0527088785001979
0.05305615670658881
0.053789687694006716
0.05380117100503412
0.05260256639121508
0.05267516655840154
0.053444648614458856
0.05281333644052211
0.05193844920722768
0.05211347716067394
0.05316847233370936
0.05249123119938304
0.05220674511110701
0.05336984923451382
0.052547269136994146
0.05272213559510419
0.05108063708212285
0.05308774912737135
0.05346673822350567
0.05306743695291516
0.051646847368829185
0.052952811296563596
0.05300273769717023
0.05311533277017588
0.05358539903500059
0.052667129721157835
0.05355958596737764
0.05220189445572032
0.05333301304744964
0.05254761900687299
0.0518192025811004
0.05326751146640163
0.0526395105625852
0.052220713392671314
0.05271684160652512
0.0514334180552396
0.05246285450630239
0.052159514798404416
0.05289917161280755
0.052154921080727945
0.051793356502457755
0.05226776267227251
0.052332818324430264
0.05447054881915392
0.0524735014878388
0.05274469541473081
0.05264963816080126
0.05279704401436902
0.053999659001419786
0.05262335134102614
0.05170911128698208
0.05279833275562851
0.052290558191089076
0.053225427745928755
0.053608889636961976
0.05312000143749174
0.052739695656782715
0.05271699294280552
0.052566924978236784
0.05252638244564878
0.05301351298294321
0.05207747357235348
0.052899890921253245
0.0533556786886038
0.0520646039640269
0.053743797428978723
0.05312107446297887
0.05331703570300306
0.05299634421317023
0.052075911547945
0.05287247054184263
0.05204997462169558
0.05173703655782447
0.05237822077833698
0.052699420648423256
0.053521842823101906
0.052595504030250595
0.05379740429452795
0.05264820883166976
0.052667375768578495
0.052701816288390546
0.05314178467779129
0.053480008098631515
0.05315870384583832
0.05251472768759413
0.05267506442942249
0.052793086873862194
0.0526388539619802
0.05208884338935604
0.052846421182039194
0.05209267772261228
0.052407726585443015
0.05285039409682213
0.05348452175348939
0.05309193072025664
0.05225666040314536
0.0544831817423983
0.0529685760193388
0.05201998693519272
0.05293499533945578
0.05282104957404954
0.05244281965860864
0.05371428216858476
0.052583750659323414
0.053211231946988846
0.05227996395842638
0.0524743228652369
0.05217094498038932
0.053194025309494464
0.053414540490848594
0.05271879985957639
0.05298570309423667
0.05224863942385127
0.0524166239938495
0.05264795394214161
0.05286082233214984
0.053326594264945015
0.052139445913780946
0.05265906304157397
0.0531553443561279
0.051427732472802745
0.05348357900038536
0.05275399377569556
0.05203135238480172
0.051956302018879796
0.053761414948894526
0.05278573294344824
0.05275262230497901
0.05128348050675413
0.05372195809286495
0.05223632097477093
0.052264213662056136
0.0523774749635777
0.05204436588792305
0.053219847548461985
0.05277299756744469
0.05176292412033945
0.05268172405703808
0.05252571533492301
0.05201957826830039
0.052430705773076625
0.0528387345639203
0.05320033801399404
0.05304542426893022
0.05298283892807376
0.05192212650035799
0.05246410500694765
0.05182145866456267
0.05238835033742362
0.051866259485905175
0.05256999921039096
0.05280530232448655
0.05289728722891596
0.053956780990120023
0.05173543776254519
0.05321568290491996
0.05272455250451458
0.05308772611351742
0.05293454893217131
0.05235586864546349
0.053181378991212114
0.051927636262917076
0.052283572800661204
0.05210172914121358
0.053071996502694674
0.0520137227140367
0.05225107401201967
0.05322504151263274
0.05186724018676614
0.052982691433498985
0.0536913425403327
0.05389454512987868
0.05226695469536935
0.05284434353961842
0.05281286907302274
0.0532398294617451
0.05387507066552644
0.051971231232528226
0.053057760847877944
0.05195131174878043
0.05267288900722633
0.05304837229414261
0.0525794447548833
0.053274880259778
0.05246229727345053
0.052210830226613325
0.054221457703533815
0.051237685192973004
0.052131470563836046
0.05268435910875269
0.0517111625031248
0.05318891064962372
0.05160874933244486
0.05191271724652324
0.053116674647753825
0.05252426536389976
0.05332448708213633
0.053634413201507414
0.05218003698064422
0.052095276421823655
0.051894693742724485
0.05224051992081513
0.051515242839741404
0.05328038599327556
0.05233810817117046
0.05250517318563652
0.05250458180853457
0.051482406866853125
0.05283808207786933
0.05321927513614355
0.052876979074426345
0.052038793088286184
0.05270038140952238
0.051204172070356435
0.05286405948754691
0.053450116827661986
0.05336328067278373
0.052575251345842844
0.05245179833036673
0.05196652490849374
0.052873347491185996
0.05057326893802383
0.05224459871897125
0.05290754476845905
0.053859243455008254
0.0523706429048616
0.05256332551653031
0.052747103583897115
0.05207101673295256
0.05229987310303841
0.05229913414041221
0.052764720347113325
0.052390499507964705
0.05293075205190689
0.05306421223212965
0.05238376566376246
0.05288335125987942
0.053070345038577216
0.05118459449658985
0.05292442713107448
0.05420567320288683
0.05354510301731352
0.05296535229354049
0.0529886476797401
0.05261529086601513
0.053394027636386454
0.05352745295567729
0.05261665092257317
0.05263965395533887
0.053258831718267174
0.053376060706796125
0.05257846128733945
0.05215492456773063
0.05198994773309096
0.05194643847789848
0.05276245024288073
0.05245506706341985
0.052621464479670976
0.05253699017521285
0.05258969960596005
0.05246978229115484
0.051899186151786125
0.05262515258800704
0.052754161069969996
0.05321039796217519
0.051380206936300965
0.051954527145426255
0.051184544745410676
0.05243951675402059
0.053027277053843136
0.05291768013012188
0.052391080776942545
0.0525335049151181
0.05308308041458076
0.05296829784674628
0.05219219901118777
0.052979124231569585
0.052402705852728104
0.053384372007712955
0.052123297140497016
0.053411648183100624
0.05313845410637441
0.05434234238782665
0.052626214861447806
0.052134335677692434
0.05359343023519614
0.0519627799076261
0.05291251522976381
0.05220831929727865
0.051590720233434695
0.05158448972906626
0.05291403831324715
0.05252590345662611
0.05299646746607323
0.05337736756155209
0.05239223924763792
0.05222763262463559
0.052009505283422186
0.052734123601112515
0.05304078884728369
0.053702922685261
0.05160019704817387
0.05358541762143432
0.05200591934772092
0.05325131555036933
0.052212451126251835
0.05287841645076696
0.0521067475892778
0.05304131507182319
0.05281578965332301
0.053340672615377116
0.052307756945083383
0.05162726478010882
0.05225758606866293
0.053665731220462476
0.05353847306105308
0.05326849213633977
0.05256107126479037
0.052883950040268246
0.05135429416623083
0.0536841348548478
0.05260411013478006
0.0530202832287614
0.05280203782058379
0.05186215251887916
0.052174696185829816
0.05138724174867093
0.05261775398685131
0.05146803583375004
0.05212731083520339
0.052171669087329064
0.05233512737322599
0.05276205736117845
0.05284078634576872
0.052223185148250195
0.052132483764580684
0.05223857209421112
0.05272165481983393
0.05265717988368124
0.052430734251174727
0.05237650998788013
0.05193719684939424
0.05253934720167308
0.05272749884352379
0.05207121560124506
0.05259914586167724
0.05239840307876875
0.0518602120300784
0.05262607505574124
0.05203403704581433
0.05292419118268299
0.05259765366463398
0.053648981695005205
0.05302617447159719
0.052060845442611026
0.051615414493426215
0.0528387897520588
0.05228193949369597
0.053133212531975005
0.053251613269821974
0.05212137213857204
0.05297853825322818
0.05242464858747553
0.05210771134807146
0.05278306065883953
0.053000701152996044
0.05329652124964923
0.0536366108317452
0.05177218461722077
0.05217427241586847
0.052528103660733905
0.051664945431184606
0.05290655558928847
0.05196746490037185
0.05271636019642756
0.05200808866720763
0.052651186953880824
0.05299145349090395
0.052379820561327506
0.0533612384715525
0.053713503080871305
0.05255188211594941
0.051902402972700656
0.05354468659243139
0.051567641810834175
0.051745692264375975
0.051433065005767276
0.052604768783567124
0.05233757737914857
0.052647507953224704
0.05247015982786252
0.05433629150502384
0.051636652649904136
0.053004283838163246
0.051560605637860135
0.05270544992890791
0.05141157493380888
0.052234468572351034
0.053047521543703624
0.0520273671427276
0.05188941213054932
0.053286420998119866
0.0523947953915922
0.05261833106123959
0.05316136266083049
0.05295506160837249
0.052344551690111984
0.0517444704346417
0.053796633628735435
0.052140422181764734
0.05307591833843617
0.05152138214361912
0.0538301000433421
0.05267902910418343
0.05074609021721699
0.05148810686841898
0.053146199861657806
0.05289352286672511
0.052891562630975386
0.05206081788674055
0.05130605010162981
0.05243185170184006
0.05194109789226786
0.05195892301344429
0.051907959021264105
0.051931152625911636
0.052609745054724044
0.05232233900096617
0.052427686967348563
0.05186607115865627
0.0532921289341175
0.05336127662121726
0.052769386555155506
0.05228982588232611
0.052604038657591445
0.05204928353487048
0.05273414704242896
0.052540246504577226
0.052835259895800846
0.052006594529302674
0.05202645345343626
0.05229131203668658
0.05288051100251323
0.05152691702460288
0.052857064902127604
0.05245129687682493
0.05235602972061315
0.05186815148408641
0.05254624633198546
0.052592728397939936
0.051672213317942806
0.05374625358854246
0.05279360130225541
0.05321934363564651
0.054013989352824865
0.05243992509531381
0.052237277983294916
0.05351880641501339
0.05182532769322279
0.05322613605130755
0.05198820490113576
0.05249515757896006
0.05290030011019553
0.05120100979547715
0.051177323186493595
