0.05172619764744013
0.051290445911945426
0.05286621197592467
0.05308593128393113
0.05373993285684264
0.052531093524521566
0.05188341992106871
0.052378271786437836
0.05281785244733328
0.05287619102637109
0.052476234503046726
0.05255201755971939
0.0517986880367971
0.05266745284097851
0.051890260920117726
0.05313395703160495
0.05228963751505944
0.05289007643295918
0.052442995216551935
0.05247298310678161
0.052237800153307035
0.05348560471429664
0.0527175250244909
0.053951623651300906
0.053095016244697035
0.054126579489093274
0.05264994608660345
0.052577135274987086
0.05207496337425255
0.053528806631220505
0.05277646061767882
0.052621763230490615
0.05259803197441215
0.05198399687287747
0.05337886808774783
0.053453458574949764
0.052519215907523176
0.05188497938979708
0.053249583124852506
0.051775302508758614
0.05415452316447045
0.05219532747651101
0.054503609559105826
0.05255293416666973
0.05252693558941246
0.05291875453440298
0.05116620898297697
0.05304831826288137
0.05367844056854665
0.05412574749607302
0.053979791397068766
0.053225078127070446
0.052224126186047215
0.052071491114475066
0.05172522793873213
0.05265994199180568
0.05296615005499916
0.05222506253448955
0.05251927111385157
0.05352401490381453
0.05446754809054255
0.05189452357990376
0.05388551900796301
0.05255415863575763
0.0531573018997733
0.05291280438177637
0.0527995046468277
0.05357462894971832
0.052845609174255515
0.05380261865502689
0.05293895144131966
0.053258270794685814
0.05215542129553796
0.05153910602166434
0.05204392549239856
0.051979299145386904
0.05347701067512389
0.05210771828205907
0.05249515206378419
0.05240812357442337
0.05167943102605932
0.052005848885528394
0.05276783376393723
0.053423568946527666
0.05365637119393796
0.05347632798839186
0.05278912069115904
0.05222640479223628
0.05218194887493155
0.053297782860681764
0.053185805430985056
0.05305032555406797
0.05272776700803661
0.05330372264688776
0.053026443492854014
0.05228713476935809
0.05322362141305348
0.05268316981346288
0.05282982726021146
0.05263924011524068
0.05205840819508012
0.05141628913588647
0.05179151869197085
0.05341352222058049
0.053685510567447636
0.05322901115505374
0.05245994638062257
0.05254255890395143
0.05251860084354121
0.05316599579418835
0.053370046238342184
0.05210062259538972
0.05250139388954267
0.0513217444113252
0.05270507067871222
0.051726474363022135
0.052042900257220026
0.05428405375823786
0.052601272422180045
0.052850714719170355
0.05150050619886315
0.05321922909934074
0.05279055285427603
0.053212533488476765
0.05269001181659405
0.05330020580731798
0.05234615129666054
0.053650879261113005
0.05264228943451599
0.05257469571006368
0.05191790725803003
0.05151035702510853
0.051539586904254975
0.05187539803409891
0.05154151075112168
0.052348687711855746
0.05301405158024863
0.05204012970898475
0.05155994318374724
0.0523257943605131
0.05246712493317318
0.05352623442558979
0.052550381513356115
0.053097787025762955
0.053291209414965124
0.05197866104208515
0.05400605188515328
0.052515771973048686
0.052512196358293295
0.052817102790868375
0.05188896089021
0.05214640306257934
0.053921426746455836
0.05197846292867325
0.05213889061269583
0.05376617165529751
0.05388167444834835
0.053291230793547584
0.05363979743196978
0.05333459780194971
0.052831793946097605
0.05208767156727845
0.05296382892265683
0.052784249988690135
0.05264700578482007
0.052468407642663806
0.05337911853166588
0.05341199561917165
0.05348705700271239
0.05271589731637505
0.05191782775364118
0.052846249876893125
0.05295722683331405
0.053346907034210744
0.05262689544542809
0.053588453147312975
0.05179320480237948
0.05272012295972672
0.05279326308846066
0.05165093314826663
0.05295495066457079
0.053448902481250116
0.05361168500712665
0.05391819157193822
0.052249133002987946
0.05286371227703057
0.053280913687558495
0.05213464453299821
0.05258623881491076
0.05266096226114314
0.05289058324706275
0.052846046164631844
0.05310849188390421
0.05252492856925528
0.05239292364967696
0.05243734782015963
0.05354546349735756
0.052811095582001144
0.05250086730302428
0.05171855395383318
0.051583092117652996
0.053907982117380016
0.05217684845592885
0.05232242560850864
0.05261965582394623
0.05402446261541627
0.05260288266981661
0.051552914057538146
0.053042104864289286
0.052281380600106786
0.05286433956280234
0.051955581697257
0.05295154011037084
0.052676729266750044
0.05367706230208569
0.05257059142059006
0.05341826220683288
0.05218665525171673
0.05344787246758642
0.05209533725428628
0.05377567517643911
0.05323135283651936
0.05213476807693951
0.052597234687709715
0.05291940639654058
0.05355512131245632
0.05238244280189974
0.05266822859812237
0.05164859532487753
0.052271426111474284
0.05308013037756609
0.05292312454912462
0.05199093645751418
0.05189702896132076
0.05243064213391335
0.05432367524372239
0.052060165522561874
0.05138290960894665
0.05267780324720661
0.05250809282733826
0.05211774718191009
0.05313220414427633
0.05313223612392903
0.05241195755297667
0.05259485638816841
0.05193179825437255
0.05247592723935668
0.053016028339698096
0.05292247582656273
0.053277153112503584
0.053794685467437375
0.05269681570098328
0.05239809699014586
0.05367137059329252
0.05263144799937436
0.053025448440166656
0.05268991304001247
0.05281939420274284
0.05290047071321169
0.05212680794829794
0.05280865845270455
0.05248667141495389
0.0518463265398168
0.051331406546523795
0.05210056588839507
0.05378229454800021
0.052484393354461645
0.051670176469997386
0.05172299055448093
0.052594322556615225
0.05318116878879664
0.052503812263239524
0.05255942569237959
0.053295359530238784
0.05312534173936001
0.05353960569300398
0.052178469642967684
0.05097655711324478
0.05281643477610487
0.053580667301503127
0.053044467960717157
0.052269622316089226
0.052007101474373485
0.051529308226236026
0.052340006399390404
0.05219253864197526
0.05251289598891162
0.0531900769819913
0.052170786202623276
0.0525840075169981
0.053269970310793724
0.05251156553822511
0.05235030966287013
0.05157840698302607
0.052032965159014566
0.05220725187791686
0.053133899104068405
0.05258714726915059
0.053150642444961704
0.052299399925686885
0.05288079751881014
0.053229453216772527
0.05348921778204385
0.051740247354246094
0.05178123025325476
0.05213284433739318
0.05283253508423513
0.05265621894977812
0.05185322892975819
0.05293907965096878
0.05292350565105153
0.0527127668774483
0.051639498213262414
0.05093051806943549
0.053068983846969786
0.05280128025515296
0.05268999200052349
0.05255075670720544
0.05258613395017164
0.05380836514632392
0.052217004409612855
0.05318063348750002
0.05450826504966244
0.053442426537003485
0.05137301620197832
0.05224693714262685
0.05273177107665106
0.05282010313021601
0.05300626831558475
0.05287879916613747
0.05373131796659436
0.051590627457699156
0.05245383202054654
0.05290828686520399
0.05208175109146396
0.05156772526061104
0.05281507382460404
0.05233581268839771
0.052927816153896856
0.05341895914716588
0.052400368153030286
0.05187114208638377
0.052995089601608925
0.05190528374441783
0.05283648279146291
0.05112615108009777
0.05175193163267977
0.052739264003321296
0.05182990551293187
0.0532227627481916
0.052086717672864324
0.05288794818807219
0.05155233228470024
0.05317707905123825
0.05304246070772933
0.05157498061635124
0.05281496142197284
0.05171334828810359
0.051685955901120906
0.05379215693210426
0.05279156616052205
0.05255352025596949
0.053638765373762
0.052189258156431606
0.0530437930883636
0.05183197486803692
0.052066195848965435
0.05224092817479686
0.05135790263557283
0.05333868074376369
0.05284968459454831
0.053857543352933135
0.053353420764324255
0.05343298141451669
0.05360334029137448
0.052878344593409565
0.05274251398805063
0.05292342460779764
0.05288637682861008
0.052524751277815085
0.0519756776484428
0.052850768212010735
0.052851619040666264
0.051895775952289114
0.052030596083568526
0.05203305144459591
0.05268330409126065
0.05211701794178225
0.05337083836639067
0.05247877011606761
0.05288448307146609
0.052254087593610166
0.05281424135500856
0.051897347320846166
0.05302710010801093
0.051723357293667505
0.052312181005618186
0.05111095321444736
0.052496061187412124
0.05291742099871044
0.053525110364716966
0.05272269680972386
0.0530086937105807
0.052362143993377686
0.053068936309500714
0.05124766251537949
0.053006140758952824
0.052574451263353694
0.05225560769395088
0.052657939291748335
0.053333135081629734
0.052083066204431816
0.05199948153858713
0.05151826456494746
0.053975327751686564
0.05270042154916155
0.05234369087520463
0.0532767847616924
0.05245762808408472
0.05231427456237725
0.05196715497004334
0.05203116261145624
0.051948621943665785
0.051609192736577825
0.05198279456635646
0.05223899545853783
0.052473082612777944
0.05221561556390952
0.05237274583123508
0.05334677096107043
0.05283226601932256
0.05216659909092414
0.05218809222969867
0.05296500200711307
0.05257807793896063
0.05229106976548792
0.052821117747953394
0.053001946969743585
0.051214293964221724
0.05177349634504935
0.05245522963014082
0.053110315622689086
0.053308993261453
0.052401689512407756
0.05264956591054215
0.05289488700509537
0.052193536514096195
0.05302619613757997
0.05221380122929986
0.05239540394177311
0.05275997093303886
0.05354720165087201
0.0516450129707664
0.05201922673950321
0.05215403836155019
0.05279797910588968
0.05234984321941738
0.05196069746489229
0.05267347592234728
0.05221789225288376
0.05197449577281077
0.05292048443516251
0.05254058948958118
0.05317854338863981
0.05247101760687656
0.053719521671155235
0.05195260400432744
0.05362898150997353
0.052942028420147835
0.0532537443577894
0.05253028793231351
0.05266108449905005
0.05267845197704446
0.05175987518123293
0.05235307431576075
0.05155789384662057
0.05202081104289391
0.051659604330779985
0.05267292788812483
0.05332687411464576
0.0528758816417394
0.052349738660268486
0.05216308028866479
0.05148568381082441
0.05360338456557656
0.05153082980723411
0.052527629281030386
0.05304794302173832
0.05263662977449712
0.05198671110338182
0.052356793097715126
0.052525904689900926
0.05336929097575194
0.05264499762597552
0.0529119834973244
0.05213454179283872
0.05176001909421757
0.05216344373548054
0.05266714664139727
0.052642280355939874
0.053289658746507484
0.051049686797341565
0.05261598805009271
0.051986805237902445
0.052807063791988185
0.05248675668917713
0.05174756539781811
0.051892695752030704
0.052840913438558346
0.05264781411096919
0.05214259608874272
0.05126636735985812
0.05313177834796079
0.053133087643800536
0.05350159235968022
0.052862622678730986
0.05284816799030523
0.05176042185303231
0.05345120670608594
0.052610168411774794
0.05318759423062147
0.051860644891348784
0.052490633199340664
0.05384496780970949
0.05363652926098439
0.051826625127432635
0.05238903640565695
0.052945077941330965
0.05232035316839756
0.05300310985330725
0.05258092817712168
0.05225605590931082
0.05236845503532095
0.052069695831960416
0.052213256669347174
0.052145849525913945
0.05318452476421953
0.05317361398920184
0.05316653478621447
0.052977687168095144
0.05137968052622455
0.05222914282239799
0.05230332272367377
0.05174017020544852
0.05270427355753782
0.05284376476993202
0.05346156608175079
0.05239740552678995
0.05253894312954799
0.052107140589214396
0.05271446722508699
0.052608937256081845
0.052549846510373754
0.05199917831669154
0.05250635589254671
0.05249011037813034
0.05227305751941458
0.05179284270343487
0.052795996778513654
0.0510134322776139
0.0528477732277679
0.05220891355202184
0.05198904843018681
0.05233543928625295
0.05399437153573672
0.052806735830017715
0.05191123074837378
0.052647226133558434
0.052394532673133654
0.05203060787789582
0.05251250621950021
0.0515220064753521
0.051964048703666776
0.05297403805889189
0.052606803585149464
0.05202614925838134
0.05202263697901799
0.05118186266736302
0.05206480402739544
0.05194653598846344
0.05280841546118609
0.052815684179222444
0.052209580506314524
0.05280292219686089
0.05288175304121978
0.05292625977745047
0.05247914054780267
0.05143178812068072
0.0523985931667994
0.05232126804730797
0.05241378591199464
0.05123284141154727
0.05203788869584969
0.05163408269982028
0.052023451804416254
0.0521482389231096
0.05300645763418288
0.05294103470805567
0.05334108730130538
0.05296712601011677
0.0528622273086512
0.053063115366967395
0.05274369427206693
0.052606798548367806
0.05315679305749654
0.05174927357074921
0.05184621796615829
0.05182303719811898
0.05203044062000117
0.053422062384925084
0.05246502870795666
0.05354988475119171
0.05290437270377879
0.05271930846902251
0.05373201999464072
0.05221194891964842
0.052152683509120834
0.05304315989087627
0.05334554453656892
0.052170012446367764
0.052858193763313466
0.05216626626133802
0.051754503587289946
0.05130279560944473
0.05233292154298397
0.05175640418747207
0.052630360078183
0.05243717598023068
0.052608222838898655
0.05249677725805668
0.052715317828187835
0.05238336895490647
0.05272411489931983
0.05207654245532467
0.052261668901337544
0.05169157041746075
0.052938208185878466
0.05181192368399934
0.05270517706958344
0.05127723080840951
0.0520116584320931
0.05272379114830983
0.05331909504275245
0.05338561768257932
0.05228355715917132
0.05315579411217186
0.05309035139543994
0.05340676429477753
0.05247373733800487
0.05199329502283945
0.052644910570961656
0.051386022170845536
0.05230615321670484
0.052526799438055605
0.051484009867635905
0.05201516566557984
0.051906214726841426
0.05204364629571501
0.05316760661844455
0.05326566165967961
0.053533401605818653
0.05257299166260054
0.05235332176198426
0.05271438574891363
0.05164169389900053
0.05170492220349843
0.05210803321642743
0.05261615571725997
0.05268188630361692
0.052160570723572164
0.05289546989479277
0.05234479101090983
0.05091953908413416
0.052337149461891386
0.05223948184720939
0.051478010218488635
0.052072390066314256
0.05181645497759746
0.05290905580841354
0.052844612266198965
0.05201209292317799
0.05303300202831451
0.052497310940452735
0.052544072255841456
0.051714378269025474
0.05242565907246899
0.05313449776440393
0.0525353714965604
0.052491858827124815
0.05299071937042754
0.05198681293404661
0.052599158576413174
0.05289097737659176
0.05185540292040969
0.052611586686907685
0.051591030844065244
0.05147083320116508
0.05176367467720411
0.05136711072191247
0.051509572334907716
0.05193608790250437
0.05331743924944021
0.05220847720556776
0.05219488515467674
0.051457114992444986
0.05294817337744462
0.05331030646266299
0.05225340580363991
0.05238108546109288
0.05223407447738282
0.05224855865162681
0.053110482720512664
0.05241027232477791
0.05160963498201454
0.05198222043145506
0.05205239606402756
0.051550070085795596
0.05203715829520661
0.05179146315276739
0.05383414249990892
0.05308748828792886
0.05305917388977832
0.053219310038912226
0.051890220791392494
0.051984934509164304
0.052740335748239886
0.05281095353348064
0.05243911464276607
0.053398451553221093
0.05184296111110598
0.05311311383229622
0.05226449874317041
0.05262997453792195
0.05185705666190188
0.05274553409071814
0.05068062632381043
0.05147233655952732
0.052806111043537385
0.05229048596629582
0.05146615055127768
0.05240660971139732
0.05264525844540913
0.05350430490943836
0.051810417557135224
0.052153122687741416
0.05185426084972278
0.054098141998110805
0.052005037214257754
0.052737399739271495
0.05256215383815288
0.052315997578261886
0.052581732838007156
0.05227005448068667
0.051980194430143456
0.05228624158917228
0.053435076732057496
0.05273324507288635
0.052416114040170214
0.05259159680645098
0.05205005771131255
0.05366630936623551
0.05109693749182043
0.051805812670863816
0.052404006471988396
0.05295621054392541
0.05242861757869832
0.051591543036920484
0.05156886647455394
0.052047061812118045
0.052171885550706065
0.05155277200174169
0.05234748202019546
0.052379781562194694
0.05128562651225366
0.05215925635275198
0.05118117686652113
0.05199749456369318
0.05257680711474677
0.051892536217565066
0.05198865888269211
0.05182552573751309
0.0521630341609125
0.053139818090130575
0.052215877765775076
0.052465765716988244
0.052719733177582384
0.052703343444591155
0.05198897118134482
0.05220529585858458
0.05183606171340216
0.053025600960609154
0.05294386531204509
0.05169002066759276
0.05366220929136034
0.053148875278566265
0.05119547595131735
0.052519781653245445
0.0523585570481373
0.05228007507503207
0.05312768925068667
0.05314640609867638
0.0522467869996035
0.0528404270989995
0.051627608792841784
0.05118485731873079
0.05225937829891336
0.05218024313398928
0.05160056696149695
0.05301434798093396
0.05224697471749096
0.05269598209633841
0.0517749945356627
0.05318261869433627
0.05280361615950824
0.051974363304907456
0.053356447566329734
0.0516400475626142
0.052503145208902424
0.05158886077151692
0.05150538018460793
0.05292241160896083
0.05190123289867188
0.0525849007844954
0.05153934165537066
0.05151626376573404
0.052567292035746505
0.050926528483614675
0.05237458661576966
0.05356268502691819
0.05327638494054554
0.05184157830262848
0.051596444560345844
0.05129522763854766
0.05205829987426114
0.05214977053583425
0.05223762693822209
0.05234895203648193
0.05119046478102973
0.05295095292967744
0.05305314501856628
0.052827115627223975
0.0511598036828218
0.05201428928558016
0.05254627420799807
0.0516842931501742
0.0540555130901339
0.05238808590002009
0.05355375243379967
0.05215186935129168
0.052855850643027225
0.05157257155951811
0.05285990894299175
0.05217975088271487
0.05141105495386
0.052403628922547796
0.05280039593890251
0.05283544155827258
0.05276644159494026
0.05247139166931447
0.05239965400505753
0.053019920973383705
0.052523616894177394
0.05194399689207785
0.05245797824682086
0.05288940141326748
0.05377674239571206
0.05183894957554003
0.051836584592820145
0.052947547530493466
0.051231306772024254
0.05233250320270599
0.051793480683045345
0.052803896063778666
0.05203873754362576
0.052496947175313835
0.052413485889701406
0.05370965868860367
0.051999389923366834
0.053447136018803576
0.053309438064388814
0.05174654795337119
0.052244803575376864
0.05192542529766797
0.05270947135431925
0.05258656243495352
0.05247107286231767
0.052229168150006444
0.05233890700401389
0.051106052416798775
0.05162642151481123
0.05209516957984306
0.051770418212981895
0.053074655903401435
0.05180426336482924
0.05232638569395931
0.05146135636277904
0.05165384182691923
0.05230686139293539
0.052656892554296064
0.05197486441829824
0.05222769710235298
0.051771121707133716
0.05216551789271762
0.05240766789574991
0.05105462905339664
0.0520378373330459
0.05272216560115339
0.05402345887523552
0.052709008365127374
0.05348219192455872
0.05233860451880901
0.05184684754749469
0.05254060599509103
0.05307381835882552
0.0522082498009695
0.052201670747308526
0.052626479578975704
0.05319799163771677
0.05180406715589925
0.051475034866598435
0.05227162481787673
0.053003978513515904
0.05149388227982854
0.051626756621772074
0.05296986670327897
0.051900766129620024
0.053123541598324664
0.05099831481493311
0.0512858726997365
0.051442286785459146
0.05250084482031525
0.05196745660396118
0.051478918046996114
0.0512997930891288
0.051787362001050496
0.05279022604372585
0.0520439101037482
0.052356441199663095
0.05267022150110279
0.051969614631161676
0.051982689246869995
0.05284697287243034
0.05202182766333863
0.05204786843569309
0.04976732654358784
0.05287966026662616
0.05211239085474517
0.05175941551897267
0.05281424425083969
0.052329681157061714
0.05226163124098093
0.05246109814288502
0.051961543527795584
0.05202549725800054
0.0520056316490809
0.05385595416009892
0.05223013968861778
0.05196548722778971
0.052514362178044394
0.0522146192524815
0.053719181632914115
0.05183351938103442
0.05218762863660231
0.05176470893638907
0.052832593113635085
0.05307744115452806
0.05143567908817204
0.05211794784918311
0.051560510430135764
0.05279304056239198
0.05280425265664235
0.05166899116557033
0.051329822426851024
0.05310490565352666
0.05223688919795677
0.0533227883206564
0.05228341503061529
0.05106086935302301
0.053449936689503375
0.05295526032205089
0.05228998913662508
0.052028031466761604
0.053228631613819744
0.05206639363495924
0.05235270748016774
0.053060201771586435
0.05200860046898015
0.052061834938285756
0.051992744443850825
0.05219348435457505
0.05165685866086278
0.05267849974188721
0.0523457073722966
0.05200839991448447
0.0526452387439349
0.05161805188981816
0.052078800084927934
0.05170479559819796
0.05254319460982515
0.05254343626074842
0.052309660850369255
0.052575643621821655
0.052283524732047226
0.05222380095619883
0.05175972591860045
0.05259857708006166
0.05140511676654569
0.05203102445739205
0.05238152762649406
0.05232095953761018
0.051185758791689295
0.05236435675578832
0.052644059349404415
0.0523759458137647
0.052307038495200686
0.051415710397122893
0.05137530381216493
0.05106089493892796
0.052920600601282786
0.051638368368003285
0.052554287223756546
0.05256273070881434
0.052876058103720425
0.05302220158773707
0.05267114001617301
0.051331639177078614
0.050852696869696956
0.052044033272977686
0.051842117060004966
0.05110335015160672
0.052312524550870876
0.05232350955157017
0.05245028406534402
0.05132478432278731
0.05217591556538537
0.05318987008467957
0.05155107521204627
0.05314712490144302
0.052923430914233904
0.052853958110063104
0.0527894082115381
0.052570750211089035
0.0522360590439348
0.05128199037972081
0.05194105952796235
0.05213318239111686
0.05252601336724183
0.05195885168177483
0.052794251874729525
0.05323846455212333
0.052849158681056
0.052254367255955
0.052307321016996866
0.05232768201130966
0.05189241227162711
0.05256495773755887
0.053768765235872706
0.05153003800842271
0.05107088493059564
0.0514150686103676
0.05247506173873262
0.05147996564664936
0.05208360646975052
0.05223861961167131
0.052119510794000234
0.05198396625019086
0.05303637092947611
0.05340503299521515
0.05183336641493952
0.05227771299541928
0.05150697528551973
0.05200310323925805
0.053286248725271435
0.052847827048026375
0.05271265547526127
0.053481973462112364
0.050999893581320066
0.051602411664134706
0.053153527733229566
0.05157437124034914
0.05221357602022181
0.05350287725923408
0.05195205994641583
0.05237735352602613
0.051664760623680195
0.05171930742471886
0.05192890378202719
0.052129832498394535
0.05170759760221699
0.051074187003905536
0.052457412024523364
0.05213308394377236
0.05225252214768261
0.05246813596932043
0.05197354268966592
0.052706202364788624
0.05216230926453136
0.0527213276400289
0.05175005230375973
0.05164605115351151
0.05247081894049188
0.05223049571759475
0.05279380959291302
0.0520348632690002
0.05150559564935975
0.05316240653883142
0.053124545551327174
0.052004568207848934
0.05154140729973733
0.05161928950656147
0.05056604447963764
0.05217054439162894
0.05214054482894426
0.052797537502556224
0.05127459119648847
0.052025248305653804
0.05248459269751038
0.05213691259996267
0.052128857696516206
0.05167661977247917
0.050915968413391965
0.0520558919688483
0.05226686485184473
0.051976583683426725
0.0526625059228536
0.051173233272493235
0.05220729466054763
0.05131993685790803
0.05186533193955256
0.05230090077202476
0.051760618278422044
0.05193592086652643
0.0526723083203251
0.051713690263568424
0.052409324915061006
0.05162756473873742
0.052631766182457795
0.05183160665183095
0.052353248374856776
0.052994405346908025
0.05142586718284292
0.05211844494806428
0.05214182663803513
0.05156439455822692
0.05215337098161399
0.052141494776151376
0.05120194994560734
0.05249076610562042
0.05170514658675529
0.052753183015738614
0.05330871642945567
0.052820717473878176
0.051024491258431226
0.05253711252044013
0.05204500016589009
0.05136730716549209
0.05082853921703645
0.051864299672160996
0.05153569789581525
0.05305689820852422
0.052669453603812144
0.05255459171166876
0.05131824902855442
0.05184523809111852
0.052747363075468456
0.051887097493818146
0.05310133914645121
0.05241529421618907
0.050967288532774546
0.05221015535425977
0.05177753454518097
0.05142154550776468
0.05308946972581907
0.05254827484895941
0.052100766200965154
0.05216802498944162
0.05234565581667994
0.05295590980495035
0.05098605094644881
0.05207155449897982
0.051909219477238366
0.05335848546747002
0.05069020696646476
0.05230875937377277
0.05293344947494916
0.052657272233773256
0.053036969860841054
0.05234677637054119
0.05168082121417683
0.05240825415785366
0.05175492357739131
0.05253375880420208
0.05185235895260121
0.05201863437469001
0.05172382336422743
0.05304395276471041
0.052866236539557576
0.052508149716231856
0.05190538347233087
0.0532753996012616
0.05090049573482247
0.05159037422890833
0.05308741955923324
0.052045475162231014
0.052079291017435025
0.0515660887795093
0.052046458311451715
0.0522428303520428
0.0518387530119071
0.05190500514800078
0.05218064022301405
0.05207652494937065
0.0513679286086699
0.05162188543181401
0.05124801127021783
0.05192457019620633
0.05224410997470841
0.05148184325116745
0.05377154857342248
0.05369742422590207
0.052675453704068786
0.0524891748373193
0.051083274571283255
0.05274003894010093
0.05146801306909765
0.05140994941575627
0.051533450083297794
0.05243477097792493
0.051983341876621125
0.052222792653992656
0.052770465077628614
0.052661091158370255
0.052426666272367584
0.053551991855783854
0.051411121974524576
0.05215065956872422
0.052744021644684835
0.05161797537584789
0.05287858215160668
0.052475376513029914
0.05251143200075603
0.05175815979418985
0.052878316624628496
0.05046035534724069
0.05225963295742986
0.05220451104287349
0.052392796425920096
0.05212220150315261
0.05127931825882115
0.05174531091142853
0.051803418498820974
0.05211497854543268
0.05137616301544767
0.051301709203471546
0.051861621603165986
0.05108700873097405
0.05252247397402243
0.051984891655592946
0.052937105278033414
0.051674284684850136
0.0519426565606409
0.051506744222933776
0.05084392265234783
0.051148028162060655
0.052386180896064616
0.05236190022333176
0.051534696636736044
0.052254846748837736
0.05197392152149405
0.05191394039320585
0.05297053094909643
0.05248829654374276
0.05328013857069891
0.051669519549250253
0.05232733279990498
0.05242841193648928
0.052900172986483085
0.05151666567871871
0.05175434804004908
0.052620783648308134
0.05276896281611698
0.05237379665413755
0.05159439988710801
0.0523663925632718
0.052793419219597126
0.051613780147818034
0.052181447368639056
0.051595381319202716
0.051780289513772004
0.05234437695798988
0.051432211377687054
0.05126582483899256
0.051290383429659414
0.051655518927873345
0.05234239976743993
0.051380254299147055
0.051439995626424206
0.05326241857801506
0.05211664582384401
0.051467514187606866
0.05233615720135276
0.051081567611618084
0.05170964119315613
0.05157318858982762
0.0523538951001683
0.05229605002205062
0.052090504017542116
0.05221524058651994
0.05329232520489313
0.05187750196819252
0.05232703515321191
0.053277619887012406
0.05253868789077387
0.05299263063716353
0.05105670801640372
0.05152731586531445
0.05134584526422259
0.053025146400614176
0.05170018388525932
0.05197669201697863
0.05141064771487436
0.05288045714951295
0.05250593523487623
0.05268669009092264
0.0523980946309166
0.051618193478134344
0.05248993205350416
0.052932060538296355
0.05172297168428486
0.05076610688411165
0.052335419015435036
0.051617193517813575
0.05211535407579504
0.05243674676239607
0.050681918541158666
0.05254507964855293
0.05223422000381106
0.05142797090775275
0.05235301125503611
0.051608011290227296
0.05111961846341728
0.0520509538891929
0.05194100966582482
0.05254745177080622
0.05308095845612115
0.051862091015209444
0.05093011030839989
0.0518057899280393
0.052822184701653896
0.05092685036834155
0.052829758378720726
0.05110658211924601
0.051166190387448296
0.051542028071708046
0.05062079460003588
0.05087180884220288
0.051736843308390235
0.05388693375061848
0.051820230026351055
0.052825546721578576
0.05134323971469712
0.050450251286747516
0.052779073595957016
0.05232968113341485
0.05280094281079073
0.0513198332664615
0.0515601438783051
0.05239008174976334
0.05122874438529834
0.05236510377653758
0.05250112099747639
0.05105608307167131
0.05245254039436986
0.05149317172799783
0.05228079283187981
0.052181122156980564
0.05080626353264961
0.05209119084611302
0.05243532116037386
0.05220616677070211
0.05308568869077135
0.05151485188252991
0.05141632614322589
0.05268603824697493
0.051236417408290436
0.05225344998689252
0.052955082423068234
0.052462417721471866
0.053370540223113494
0.05178603694002959
0.0512830205825594
0.05211675028476748
0.05170981135961483
0.051932650687376736
0.05154726716136793
0.05127492981046089
0.052010298995810444
0.05205919543732307
0.05149747031464358
0.052296474194008624
0.05286158871422231
0.051456701181450626
0.05171344291193236
0.05341196871268039
0.052586194935429376
0.052264547852246324
0.05284389219377772
0.05145274805181543
0.05195873772390769
0.052666764522655285
0.05180841149194748
0.05199119757890003
0.05168063711789728
0.05322161262847658
0.05187972664498375
0.05249478321275092
0.05293764993803052
0.052396608400158584
0.052904035726896836
0.05101921336063242
0.051333690080355154
0.051921894586484996
0.051322872164746514
0.05136749055782275
0.051863753631550935
0.051905784603150096
0.052290420619101496
0.05270476580335526
0.05265726495235867
0.051917270984631614
0.05057064972970693
0.05209159465084667
0.05137948975789186
0.05278395344430464
0.05111057400790742
0.051407363009275286
0.050507554011346656
0.053445934661795036
0.05137854833446909
0.051711811174754985
0.0508432980204816
0.05360834107159462
0.05169108744485129
0.05221527317735308
0.05285921462927945
0.05075445643888088
0.05139606766169891
0.05170124163669243
0.05144424185345997
0.05223791645221354
0.051820825472532306
0.051072707057755906
0.051656441879458725
0.052835798254818656
0.052684505038996576
0.0522036447237042
0.05203076226644043
0.05229025845437718
0.053451995097930194
0.050313680185354315
0.05204368501654244
0.05274418737280939
0.051913185641751625
0.052454342105193064
0.05186774309549946
0.05255482111715537
0.052176841541950125
0.05234145896793052
0.05114852920269186
0.05104518971165817
0.05095481781063427
0.05191229736919922
0.051940199238742935
0.05190415317338193
0.05294117967969214
0.05255262220816803
0.05015500786794291
0.051251475684694014
0.05178924622669001
0.052617562487284886
0.051554919005866395
0.051194224866776494
0.05180648542409472
0.05171054752645432
0.05153668629463937
0.05205845680757193
0.05101689832554257
0.05254681035512476
0.05159432140135323
0.05199772615924303
0.05121584785592859
0.05150813794352871
0.0525549784906616
0.05233927106928604
0.05073524581712263
0.05252410713364952
0.05197463691729354
0.05153531378527987
0.051025561942878994
0.051707720438571414
0.05244806036716909
0.05316009738817229
0.051079448208838585
0.05225278289253765
0.051312905647137086
0.05269076258628047
0.051136927871993976
0.0525456782324909
0.05251904708529764
0.05046135341399349
0.05163896699923498
0.05146590615004243
0.05146301593413227
0.05238447461670148
0.05169778169511119
0.0505968973338895
0.05189127781341085
0.05218488118771347
0.051131726419043844
0.05151853143615881
0.05190857487832545
0.05209190881396353
0.0521746387858002
0.05149486345180776
0.05194194403702568
0.051866182820958784
0.05123318400728749
0.05301413557208434
0.05110079321275407
0.05184512034065847
0.0521962680559227
0.05148494522109104
0.0520455545229197
0.052380621465999866
0.051448110989440465
0.05248839811065409
0.05224908084710478
0.05271331042058591
0.05265629751738743
0.0521440333177452
0.05231119360723824
0.05122845652294927
0.0508345797934453
0.05194142388427281
0.051378463473156444
0.051664523911313154
0.05144557949461159
0.0522610558582528
0.05217648095822369
0.05173178587028815
0.05157966850674711
0.05181776874997013
0.05122376262079342
0.052861094034597045
0.05208141064213123
0.051565292713348754
0.051116216664013336
0.05189056728340802
0.052732105999893975
0.05184681260470825
0.05268103789239831
0.0515660204073356
0.05266588811900874
0.05079894276241248
0.0520833810496697
0.05182641992541903
0.05230419581494061
0.051573145343354554
0.0524896471088141
0.051803218253553496
0.050883702337159775
0.05146654956843122
0.05241433343690005
0.05214994232119352
0.05117255002915044
0.05217497076409927
0.05093537416905747
0.05017512156700832
0.05351221714045096
0.052003010427142726
0.05142167044687085
0.05096158091328107
0.053200424001261126
0.05204418161702051
0.05177444492073846
0.050694002900854684
0.052600552733565564
0.05167464060650673
0.051100741447953624
0.05211755584423372
0.05272469445662864
0.051411417005510884
0.05032198030312429
0.05135360067470174
0.05253663812254672
0.052419516743611894
0.05107758947633556
0.05315212500499911
0.051049334651906975
0.052119175628831726
0.05284162339739851
0.05176065789783024
0.05080650765739847
0.05188704976535519
0.053466267283511115
0.05227941305929562
0.05107530816530925
0.05149084047116048
0.05121171438986494
0.052167891974022496
0.0513890300408093
0.05091788258505403
0.052054991112527205
0.05027402266023273
0.05267036212171661
0.05067681770742638
0.05132125050477043
0.05144434840440226
0.05133187639876269
0.05097524802113185
0.052109456539255916
0.05140628568005923
0.05175585149845574
0.051618254679851816
0.051808920503390254
0.051429940285743214
0.051593655507531366
0.053026576331831166
0.0521064695167297
0.05104299480080954
0.050818212068406865
0.05180405639111996
0.05220665932029078
0.05238131471196539
0.051711235881157336
0.050930401204823283
0.05160082469592453
0.05268577028255095
0.05261275445991487
0.051480689751770115
0.050992403681448195
0.051941342313511996
0.05199281557543145
0.05095509225066053
0.05178296835219953
0.05273946066336066
0.0520507517248916
0.05149736854582443
0.05211967208015267
0.05185183155481354
0.05190975260484265
0.05199697227362776
0.05132680835959036
0.05140524866146734
0.0516070544726972
0.05178829795477213
0.05265521596993494
0.052807530606514774
0.05137271106832486
0.05165669796951988
0.05167326002265327
0.05217323567740095
0.05249065348471049
0.0525103413292527
0.0506054111647245
0.0510791530705319
0.052689691348859924
0.05145991601057176
0.05215722982211446
0.05137298373665544
0.05173237327471725
0.05217497634475876
0.05100288397625263
0.05192297705616511
0.05233032785145042
0.05103442420477222
0.05138655007613124
0.0518610924063978
0.0528433464896807
0.05110541370049759
0.05165076482990116
0.052260461439800565
0.051730972929362906
0.051743492993409745
0.05263416830348433
0.05185783738488681
0.051864504554032465
0.05276197511557257
0.05312783878798655
0.05175491360387241
0.052089009381234064
0.051423906355921645
0.051835979995303205
0.05227200851913949
0.05136663212033454
0.051168692891224055
0.05194548854342429
0.05230262073746417
0.05171910743047192
0.051901054135669256
0.050704425302683376
0.052275715077485074
0.051651817664605915
0.053361217736892286
0.05166924680088414
0.05138694667220989
0.05094541154358012
0.0526681214596465
0.053087633474206086
0.0518345324544498
0.05137123636995966
0.051609069221740356
0.052622158769736416
0.051137633203325095
0.0515686096096033
0.05193561105625122
0.050947039266247884
0.05074846501520369
0.05201538030996744
0.052642787784861866
0.05140320310238167
0.05146979521305184
0.05218697347481793
0.052000199100803
0.052224199931515614
0.051540428798034554
0.05213592977816006
0.05137597732755239
0.052784748850172036
0.0508487589431752
0.05153306657848589
0.05169273810861341
0.051141098640073324
0.05145057596928382
0.05233099975521327
0.05111998675602081
0.0518040576716885
0.05099537931710074
0.0508841898990795
0.051793822703984915
0.051201265456256806
0.051259122486953856
0.051178321711631725
0.051550294092521654
0.05278204774003825
0.05303742327851069
0.05158642256355961
0.051450697230393416
0.0511369458581612
0.05178226852513035
0.05149955693195807
0.05143815394330886
0.051126040330927935
0.051636300109748845
0.0521683785609639
0.0524673518648342
0.05252506308352167
0.052261296716096695
0.051715445619265665
0.05179743682856497
0.051841303318724385
0.05146939572296105
0.052862555188767146
0.05170149379046052
0.052108535572187975
0.05162649263183994
0.05215342961491842
0.05104583626962267
0.051394169338891516
0.05247099838379654
0.051426752281258814
0.05161698496704048
0.051497932110578404
0.051315239774339716
0.05189588428038405
0.05196284154772002
0.05146932053139608
0.05209955474128947
0.050891343236799
0.05193945367864217
0.051048849847575184
0.05140215712526697
0.0511488039901451
0.0519622398642241
0.05226391489850357
0.05268928719306132
0.05256345906491333
0.05283991507894825
0.05200401674665045
0.05210345128762128
0.052126210190181155
0.05134178048137983
0.05106489768877509
0.05118964037865226
0.05155397324779187
0.052564661755241104
0.05207060212705983
0.0507737324332993
0.051048548601102084
0.052087232488702284
0.05131451839952206
0.05225186872121412
0.05218639911799983
0.05242639556490758
0.051658671354744
0.05029427067893266
0.052322131106848246
0.05140324683270592
0.05081234838507953
0.05152255164102826
0.052665191195046646
0.052133763132587774
0.05119270851719193
0.05030527860435541
0.05206588556575298
0.052425964628127986
0.052147821903417935
0.05139804817372351
0.05052699030966323
0.05145446768437978
0.051778330871457
0.05221688002166047
0.05185100092603534
0.05165231185492303
0.051216133400885155
0.052106910801740014
0.05256862087662739
0.05121792134195857
0.05152548032128834
0.05249158204605919
0.050708596374533954
0.051037024621109595
0.05069921395624988
0.051927600978160626
0.051094322467179154
0.05126579174429935
0.05205873120939941
0.05196048058496672
0.05099144288760726
0.0526202847231616
0.05214720505682635
0.05187233630567789
0.05105913362058345
0.05135749029068393
0.05109349382837536
0.05161599174061848
0.051480075851941365
0.05045704378608207
0.05324733125962666
0.051058900040516164
0.05185325682759867
0.05278887561507872
0.052052645634830697
0.0518807202224707
0.05203635031648446
0.05177043310322915
0.052016152896612766
0.05069691198696091
0.05160917732064263
0.05221338430419564
0.05106610850270954
0.052698427531140624
0.05145036001704284
0.052020975925188395
0.051725947718296084
0.05202306471437623
0.05190463659528177
0.051569533065048745
0.051411207794444636
0.05187502089574991
0.052535513445036486
0.05169624115296756
0.05225781897934212
0.05186303288064664
0.051970622551380075
0.05146495814733498
0.05167346038615506
0.05185294125658402
0.05254098677505681
0.051589284756119014
0.05112863190151984
0.05053116328053875
0.05193461691123957
0.05110664202584303
0.05200334968139941
0.05184106258820975
0.05162799147547048
0.05199915701268765
0.052078781447562505
0.050792264641131624
0.05233791231876239
0.05146244211391604
0.05130136235857208
0.05297932171743014
0.05142083986720536
0.051454586297040805
0.05163530047320819
0.051888250944102765
0.05162295741502021
0.05140192124599707
0.051339469118829584
0.0514792933845456
0.051554727397160605
0.05223463107540738
0.051412124714261154
0.05155550901690731
0.05184351100069762
0.051261330580018694
0.051655045494044316
0.05021519518959394
0.0517321560982964
0.051030942386205425
0.05102827463997528
0.05107338618290669
0.051649661238116096
0.051229863845946966
0.05143696524828556
0.051773793407846824
0.05148239998379722
0.05126289302279474
0.05233043119733338
0.05078157747993828
0.05182015830723685
0.051475413451044005
0.05275194598834787
0.05143254917129525
0.051768257517323946
0.05200104008690687
0.05234328205733618
0.051594810302049154
0.05105275770802109
0.05210172384431644
0.051472519653543714
0.05163950375390414
0.050878887001090334
0.050996448313526344
0.050672580569880665
0.05241669928182091
0.051983763252792414
0.05118513831803284
0.05150925381894922
0.05223973043393926
0.051507023395970464
0.053210300582577474
0.05097732759168139
0.051392035578828654
0.05224930890653923
0.051540106507673045
0.0520429146126844
0.051923393628385384
0.050657560139370617
0.05198523592298443
0.051755957458226476
0.05081142281051143
0.050717556126983254
0.05240572440743563
0.0515396598893858
0.053229675268084975
0.051149337508832105
0.05266973790821794
0.05102495498067583
0.05182228506055253
0.0513676161008334
0.051820376718751504
0.052320094353490276
0.0507647808008187
0.05197961656631378
0.05240331497407169
0.05205275181651814
0.05215245635372412
0.052155794875943684
0.051757098133748514
0.05209659371575981
0.052019748107341
0.05253261179677793
0.052352420965689817
0.052170225035297335
0.05211927231903246
0.052442910406170995
0.051847884758899454
0.051272332941152854
0.051954336358903674
0.05260321075729735
0.05197031310854072
0.05068393384863157
0.05198187502901419
0.051360740881136735
0.05038917054662306
0.050964548285264755
0.051474676683938014
0.05126313477558142
0.05177668779833766
0.05160677109779499
0.05261275395969278
0.05082819528252003
0.051651084797413205
0.05019099762648693
0.050917814805870876
0.05246049257584673
0.05118181220314
