0.05177485906642687
0.051833383906341624
0.050848747367126634
0.05212406472492148
0.051268124814669136
0.051352169442907325
0.051050354097242234
0.05149322976467374
0.05172487125491898
0.05102268639166141
0.05108575516533165
0.05187917166222178
0.05159781334805302
0.05198918161113397
0.05141628087767458
0.051097805162498844
0.05040668638503121
0.05225359446922084
0.05071818300348241
0.05130727072901209
0.050229543763634865
0.05149267277374747
0.05314435212130775
0.051056954467640026
0.0512330315195868
0.05075501052488107
0.0507391357623419
0.05090813150309259
0.05136539275190444
0.05172129602578934
0.051812847779729054
0.05065404391643824
0.051559241335780825
0.05162132828081667
0.05126669956734986
0.050338081615336705
0.05128080322538153
0.050054121855282574
0.05153354884350847
0.05163603394976235
0.05059339753279346
0.05232362683091196
0.05088968668314919
0.051808615475238184
0.051727074296650244
0.05083470055978978
0.050227898282173555
0.05212823002693767
0.05203608252304548
0.0510089597919432
0.05246144276497944
0.051782974018351524
0.05110739578049106
0.052198743858753005
0.051351646092371084
0.05124984579197189
0.051256736096547684
0.05039793919604563
0.050973700719623594
0.051077239608275704
0.05106079808501818
0.05004009550248156
0.051470640713887406
0.051217444148278446
0.051639991155752796
0.05194952694546373
0.05134706379067211
0.05190998093348753
0.05072912732248369
0.050784545248461654
0.05212434294116974
0.050513180352936615
0.051293463049660204
0.05018194282456534
0.05073667425494932
0.050302714113058755
0.051042559316556435
0.05179173408760107
0.05126076018132153
0.05230603983363835
0.050262320753972745
0.050805632847186644
0.05131863206406706
0.05156501884266618
0.051209899389505154
0.05208933320500364
0.051072871376163675
0.05156637069376302
0.05021588297859125
0.05068187370488886
0.050668410267462605
0.05166296940842585
0.05251052639687259
0.052634115252658376
0.051192331997299334
0.05109749130861019
0.051644585186295444
0.05060637503993348
0.050210524181238725
0.05135429722213303
0.05290824228904967
0.05038637672623736
0.05146481890187715
0.051176664492231794
0.050675483307713876
0.05289376972177706
0.051702742215638864
0.05225092141336063
0.05053461580246221
0.05128735633297765
0.05084409056871664
0.051771535067018704
0.05058443131019885
0.05052384559166967
0.05071148900060507
0.05081869051537069
0.050979935163923074
0.050610016583959805
0.05070079608776723
0.051194426627262146
0.05070389754473581
0.05096152437181445
0.05202907790589961
0.05162177948113822
0.05169013411250489
0.05090527807260514
0.052035818860531435
0.050824584572183085
0.050926450716360705
0.05034596276709635
0.05178036843062728
0.05082992734060099
0.04969283822356374
0.052394148833627696
0.05241473645764927
0.05154807522922056
0.052006410902322386
0.05081359406358388
0.051755931963270996
0.051333676932699746
0.05072483461117372
0.05047462415132031
0.05176003301858145
0.05207202225392393
0.05124352162783907
0.051490228945112904
0.05131291469479038
0.050856661266152514
0.052357003891302156
0.051447952311718836
0.051000936140553677
0.05097443368686072
0.050624310122657334
0.0510707632820413
0.05043577125798038
0.05127877382437873
0.051855073257684126
0.052505157562336535
0.049675626196403755
0.05071469863833045
0.050505655044617015
0.05048958993211272
0.0519498318190017
0.05138175486354157
0.05045512754441006
0.05153779500142264
0.051693730982151465
0.0509956452260667
0.05046294879321067
0.05104974011192098
0.05133134574862197
0.052162648526064004
0.051647536503878655
0.051618035626233905
0.05215455035613559
0.050880565870102146
0.05104299438971793
0.050482042714065756
0.05080235036984959
0.05128947885714297
0.0510560634356807
0.05187640795338666
0.05102908816115814
0.05110880403299234
0.05189778218846186
0.04982457586447708
0.05237431464593101
0.05120927428470168
0.05101309499696072
0.05056662493188924
0.05205687371380918
0.05107602691168722
0.051887026560507366
0.05105497041950002
0.050888890804344555
0.05105147053291148
0.05250405380138545
0.05139605713702622
0.05082195619070262
0.05155384874888114
0.05220776348323852
0.0512190499175631
0.05072670548179303
0.05138500325665518
0.050848082290031016
0.05183072191539395
0.051923682280175854
0.04994244735826214
0.052013899652592954
0.05144732074222702
0.05171359817359189
0.050653933505600435
0.05067548145416367
0.05152720060686988
0.05009213782614097
0.05081055741175078
0.05088955129758688
0.051041992384853074
0.05215099356792052
0.050833326700740145
0.05147750687865482
0.051411090662440984
0.05128974669787567
0.05097115261560248
0.05088258020623471
0.052102959185504005
0.051915639682192705
0.051506889665688504
0.05170966455261805
0.05065076677055913
0.05026773235294968
0.0503434425299929
0.05045616538882314
0.05120567621088412
0.05211180486367084
0.05124643507588189
0.05074461319782131
0.05151324628786824
0.051722932475968264
0.051736339108174434
0.05138951643675682
0.05281427869158506
0.05071071810561989
0.05100837805730407
0.05071939200388442
0.049704930343068554
0.05054143102643138
0.05135726122716733
0.05169949286755582
0.051226296189270215
0.05071549798049091
0.05175068645257852
0.05060570575733436
0.050853046705015004
0.051010373017561506
0.051699054454729776
0.05168681702161848
0.05107554507776513
0.051267457578433095
0.050467007593397284
0.051427930795398424
0.051078691703878576
0.05179468769165396
0.05176652927912073
0.05175697294725978
0.05159030690083455
0.052282372507761465
0.051144596212907345
0.05236450704614981
0.05132310830776987
0.05096247089386452
0.05079713623126736
0.05127525390707888
0.05157035192132753
0.05138945458929811
0.051578629840150825
0.05034891286959464
0.051837492057529744
0.05070440677081933
0.050023337060338235
0.05095337210877915
0.05119968004873954
0.051602034120151075
0.051313218364157365
0.051524496886486304
0.05028297548415139
0.051526094543078216
0.050673572075538686
0.0509940684241883
0.05117328096275742
0.050981526694158674
0.050572283020301256
0.05157366028834076
0.050384120160742896
0.05093781402683817
0.05106147382502968
0.05165682216647838
0.0516539960517548
0.051672743256858666
0.05092181364489079
0.051115723417751724
0.05173964368077577
0.05025278327775595
0.05189543772030447
0.05079024921178643
0.051067419874016196
0.05171887166216038
0.051072589409159264
0.05179393723483372
0.050542233750093146
0.05102722519404779
0.05198436287173536
0.05084306217759149
0.05193270659765403
0.0515525693208474
0.050792231269952026
0.05111813869916659
0.051245621232737903
0.051284792069054674
0.05193677790884976
0.05100942631725047
0.051196427828472224
0.05077544443338411
0.05108604286579066
0.05132230868548504
0.051628893643282936
0.05046779762596998
0.05165775099521852
0.050802814826965914
0.05153137594425061
0.05039346742523776
0.05138696030371648
0.051672906356543535
0.050225784314534394
0.049754598821891705
0.05078259963920573
0.05124652004087693
0.05118189006134344
0.05170512555014284
0.05048930184057099
0.05080971094685083
0.051881075372875785
0.05102033985895105
0.05154803619734594
0.05185230219467485
0.05162976754945703
0.051234815360658104
0.05158670080345473
0.05073988760341308
0.05186795280133083
0.050650620220039855
0.05201515044973348
0.0510554240008787
0.05082133589894511
0.05180505743010144
0.05163131863446324
0.05096814735952648
0.04982618463509425
0.05048191271453106
0.05150530719402013
0.05127339142563869
0.05195217576329014
0.05221079398143047
0.05105770548652799
0.051013194579354604
0.051297845271619735
0.051096951223371434
0.05110184152908914
0.04959412773496297
0.05112032651413756
0.0511069411149947
0.05148352981086646
0.051470621132466476
0.05141468905094371
0.0503506368258968
0.051787369169687736
0.05097947293143079
0.050248853984157904
0.05087766842916608
0.05080141648249992
0.05173504592676181
0.0509182384248561
0.05168825052169268
0.05173242865203065
0.05035582016353146
0.050846743699366925
0.05114889553988178
0.05152527513564564
0.051743300464295316
0.051768412227829685
0.0504694237770309
0.0513745216994721
0.0515058055298141
0.05121105151556549
0.05023734273163427
0.05034606528533914
0.05102250634263328
0.05074323591179564
0.05234393104001356
0.0520275005565054
0.05174743825227779
0.05190420566214016
0.05082474736809672
0.05155777983054577
0.05105927025215351
0.051147647289326414
0.051266255488371826
0.049885085065398016
0.05145608473867469
0.05121857631638704
0.05190349188706023
0.051586297602625564
0.05121262498323631
0.05167832813822315
0.050973663361219224
0.051808576832627296
0.051689588277440635
0.052233328691727365
0.0505375574939535
0.05132271771981323
0.05154760975528916
0.050439247554095346
0.050353027656456106
0.051145060155249666
0.05120106222057075
0.05095394188356295
0.05187766283961537
0.05054597565140284
0.051525173639674904
0.05028638204385061
0.05130913675202464
0.050736015633447096
0.050700388206678326
0.05105948564414575
0.05026693843137764
0.05033524523241795
0.05140276707788871
0.051680205102456966
0.050959116544618155
0.05127833425831341
0.05101685654517496
0.05117665983016195
0.05103576498913753
0.05037001386699558
0.05104578847567609
0.05058382114293636
0.05086254268826451
0.05254595751648594
0.05024616068112664
0.05196645411524514
0.04979188236029586
0.05037817938136868
0.05105718747290666
0.0511758247812395
0.05232816755233216
0.05246552907192381
0.05135663051623851
0.05063392217743967
0.051093416615913156
0.05036069876950933
0.05009359154064441
0.05072333914722549
0.05092674062689184
0.04928064808336785
0.050475383695811615
0.050135259958551615
0.05132932170999993
0.05187252047653601
0.050838102726629586
0.051077689031444606
0.05154482400575944
0.05230536628369009
0.04984280007738562
0.050787134361598874
0.051234575039416086
0.05150535680149915
0.05073521133090253
0.05085752914419572
0.05209816106616927
0.05115275607386138
0.051392603481872356
0.05162347467194195
0.050950988650583895
0.05011546475543582
0.051955359063867945
0.052053427571081556
0.050902465782201034
0.05033910921338247
0.05071550981483597
0.051647081374539994
0.05122327469143784
0.05198137849038176
0.05145565905695548
0.05061024615133647
0.050751739770930726
0.05064866930842982
0.05159882573025243
0.05242835182980343
0.05263700364594115
0.050990720204936224
0.052463155809164164
0.05149222916588769
0.050240651706189965
0.05066640438599279
0.05184826771437656
0.05090679852764879
0.050291312363697216
0.05178177756170044
0.05043691058563127
0.0521228543802863
0.052707942839333555
0.05102149753838603
0.05049082026562246
0.051223552152805496
0.049630402447292
0.05024385772776441
0.05098382505457266
0.05032918568213063
0.05230486022446712
0.051157187945136684
0.0516510282359377
0.05030881108723406
0.051384447173404624
0.05004452491994016
0.05083391222251521
0.05110767382393533
0.05088981569497264
0.050775640451320214
0.05108346650740714
0.05066552704010974
0.05232470373994147
0.050858239257649984
0.05134657342387072
0.050660005092140636
0.05173201151592366
0.05182947530738602
0.050410674692102475
0.05140706425481767
0.05105565217854746
0.05018937980821647
0.05204973995387263
0.051453244162985357
0.051711740698010544
0.05022559143253602
0.04960689512336103
0.04951561239431612
0.05118673068136559
0.05023404420535371
0.05190148242218129
0.05186503047843871
0.05066509244352346
0.05133783124074398
0.05199907590576913
0.051636091149703134
0.050681051092396956
0.05072880222178355
0.05205667378322687
0.05018655426647456
0.05103833434077387
0.05112022112189152
0.049759513514800346
0.05212305813256535
0.05043785158886749
0.05199274704500567
0.0510887396067119
0.050992862805287587
0.05184815704342327
0.05177345469019201
0.05116211915265012
0.049928801965506864
0.051120259438903304
0.050063793607478146
0.0505668701207469
0.051778767385258107
0.05065654680583975
0.05065781185112428
0.051522214296710445
0.05177211970658391
0.050931643725562026
0.052037600087714964
0.05152545517012186
0.05061178302639746
0.05189178779255599
0.051070421053736936
0.05165320259766304
0.050504124876169953
0.05134323114180006
0.05142412914210581
0.05003685085102916
0.05087756440661906
0.050479129304221715
0.051303520713190665
0.05221109935155255
0.050949367379871546
0.050893785471998854
0.05067488447093638
0.05094199777704489
0.051769527099168045
0.050516414807134424
0.05176369620676269
0.051545544038162916
0.04973153721766721
0.051828322209985345
0.05010468423097336
0.05148615123471245
0.049711288420439814
0.051262404243971105
0.05220681653190695
0.05133206947357394
0.05110137063093134
0.05112048951014003
0.05110075232369127
0.05025398958423466
0.050078428437700495
0.05104137981288659
0.05119965141057037
0.05058292513967899
0.050960785234565265
0.05124399308078864
0.05174561525018362
0.051167807649108
0.05223885224950209
0.05129973196926585
0.04978384431160521
0.050817395214835415
0.05142173672174977
0.05199554481805535
0.05132957905334479
0.051042108241745154
0.05063610243450967
0.04987083177184104
0.05045136099215597
0.051340602189156925
0.051523891404940514
0.05126046481200319
0.05088275713387702
0.05003710335404321
0.05098238607570238
0.049833818409751984
0.050579928551087505
0.05009340155629616
0.051518303154807654
0.050782090289430926
0.051308710768353194
0.05123067182103114
0.05140688264327764
0.050581570798385656
0.05154247598693473
0.05146124679049535
0.050247338873305125
0.051866295043510036
0.05128860698278004
0.04937992453596962
0.05186964557651663
0.04972635119702318
0.05085333551869553
0.051052103535766946
0.05079286291038443
0.05192717438876571
0.05144362401733815
0.05098939093659283
0.05110882502049208
0.050273043250854244
0.05198484077482135
0.050308546822634526
0.05157890508235141
0.05101140492843115
0.05159489324069
0.05158324875810649
0.05087119628842629
0.05069367180112749
0.051696947744858335
0.04999051935192256
0.05132247459187056
0.051044892099525896
0.05123348261076899
0.05048291124330717
0.05047671948887
0.05119502712113899
0.05160241474186478
0.05193035316369787
0.05001961550078704
0.05127287430696015
0.051467258261254756
0.04983225677824521
0.05049220918590436
0.05146848247022717
0.051110205371514894
0.05145558406729833
0.05031104574300116
0.0519529471257556
0.05180509191995952
0.05094114451276255
0.05117209480522433
0.05148665526212426
0.05150305547795142
0.05134373997316288
0.0511917655076104
0.05049959002280957
0.05105911554528575
0.05153287751090829
0.050457658604500466
0.05059478369730641
0.050392561201078934
0.05076603737688856
0.05111927867983468
0.0512555376135424
0.05148962317798578
0.05070674701164535
0.05147821763421234
0.05130045852274634
0.051238349167761044
0.05100226663307694
0.051112062194079044
0.05055445317339036
0.050339386480118264
0.05225951767170045
0.05157734001841163
0.05213590145649505
0.05069935739993525
0.051186741917263134
0.05010825378849404
0.05046182005025912
0.05143828975269571
0.05157631112888339
0.05167092406372831
0.05067379670435912
0.051240487960967585
0.051362403164603165
0.05128365287237102
0.05037745831759821
0.05124387347314041
0.04945705509635445
0.05107843275436608
0.05193098668314633
0.05104422299882572
0.05125726535516151
0.05030776066996623
0.05143185312226706
0.050943282103617094
0.05098850693866552
0.05072136091985158
0.051513398211682215
0.05212772914637753
0.049919059330932214
0.05055708945292281
0.05135042317851912
0.05036690088127216
0.05022015071881469
0.050929977360283374
0.051274891764478525
0.05168840409896802
0.0496091363747837
0.05029081645261613
0.050282766607779195
0.051270378311528475
0.05105245920458401
0.05152695070319169
0.05082389935705578
0.05154748150380328
0.050031197708449326
0.05061111380928196
0.050338162094703875
0.05067612198945426
0.05199423355588806
0.050855397481427644
0.049635639510597684
0.051631841461130534
0.051388573223448475
0.05061024708265904
0.051530593847928685
0.05174820783031464
0.05078359022263612
0.05151269470115949
0.049924238948733546
0.051172812876757234
0.052476833378023
0.05115650568586716
0.051363418220716994
0.05190333560494764
0.05193978446368419
0.05061638958068215
0.05036746119367308
0.050234378375535016
0.05085186865835567
0.049752615741454065
0.050936262123286724
0.051299275155543
0.05181579112831969
0.05105740510953183
0.04928853950514167
0.05078673456409888
0.05035792194030364
0.050692556134890765
0.051291003605001606
0.05021709379616368
0.05090149661373289
0.05205010372264951
0.051448166215777746
0.049267488306213636
0.05138177156004531
0.05049228444840992
0.05115927054794156
0.05080379414539493
0.05093742204371665
0.050397260254612775
0.051444444825392566
0.05075758412203868
0.050430097200660384
0.05073705152972252
0.051339941879632534
0.050803588484996
0.05110337262703979
0.051275993089802796
0.050668940395553363
0.050505913170127315
0.05128383659393876
0.05142112757312134
0.05114421129292168
0.05085368202708196
0.05146713224348787
0.051908865505538415
0.0522601056509302
0.05121342350685154
0.050436092735253624
0.05120081908717111
0.05053917702389299
0.05078856805994292
0.05117507577051583
0.051246940116470796
0.05103640144443489
0.05157454967229569
0.05008280469519377
0.05106562745277188
0.05051423732220428
0.052192571936757304
0.050720440414806944
0.05168709005374694
0.052427646724027
0.05053264855087036
0.05034909424466605
0.05152670389543346
0.0501867398925242
0.05036961217956559
0.05079787636168476
0.05042878161839326
0.051790500268907635
0.049896350705239456
0.05051157752131985
0.05054603144162684
0.05094279877448571
0.05005580927900155
0.050669769261730835
0.05237910359210218
0.05156661308683397
0.05130927582285949
0.05086391770419141
0.051641695890793926
0.05090032655061805
0.04947299228115298
0.04959299757865665
0.05118673271863372
0.050793285601685056
0.0510801721829921
0.05089419139039819
0.05082650182157522
0.050906853004562436
0.05077124674426159
0.05122134296652803
0.05124582498319796
0.04985846092131396
0.04951821658323752
0.050790457557013724
0.05035164200671716
0.05042100520586246
0.050679634641710436
0.05099306718875596
0.05110184139266494
0.05065507610015629
0.05010346893323003
0.049232301196752815
0.0502073650022794
0.050850630565037136
0.050483689077736926
0.0509439950928936
0.05042229552054778
0.05135865809279494
0.049932098077988485
0.05181600206924486
0.05246259791965713
0.05240876596144517
0.05049021341437765
0.0508239925820817
0.0509587402575562
0.05233984420556226
0.05004268177799531
0.051219324703197344
0.05050987482900382
0.05119749805635365
0.052035679495020304
0.05019296225873404
0.05142746200544934
0.05147355738517945
0.05015833265497349
0.05147890914486197
0.051508924558220315
0.05162050584294775
0.0500872467418958
0.05083447815741238
0.05145787260153156
0.05039150183802121
0.05048964378875098
0.050713392805846524
0.05055806006384955
0.05008334887497767
0.050656962257562554
0.050616269354577526
0.05082096547630499
0.051368591468417435
0.05034712449742074
0.051236393563158344
0.05110793773565092
0.0508016015355679
0.05181521306258219
0.05069350899066194
0.052475672389846295
0.05134524073037028
0.05120083120527852
0.05076509511854965
0.049459613604994956
0.05152617773092061
0.051746087045103195
0.05090000287054863
0.04983506893586309
0.050935476709128125
0.0508076223104581
0.050223924685269594
0.050551291031297296
0.050723635338727036
0.051000702782403096
0.0507137972072087
0.050926143914693967
0.04997372790603549
0.05160308612539666
0.05061161215417087
0.050343309245363344
0.05097376614503446
0.05033552475651959
0.05082225142905372
0.04968818931047281
0.051410826248684316
0.05132893431618868
0.05128807212167885
0.05144342161293025
0.05182438194970018
0.050440049404642195
0.05183960495014617
0.04987336881458759
0.050567738673635176
0.04949483334894467
0.050306698542044614
0.05158507348460262
0.050764753943440155
0.05170667760648939
0.05115549191395985
0.05093817474516982
0.05042492237771512
0.05126336277317023
0.05129283218593628
0.050802056126485695
0.05114153673275723
0.04958011252711003
0.05080735169212858
0.04998635839729104
0.051317781924808514
0.05056396475083602
0.05033590122911846
0.051630570627821726
0.052057126553336275
0.051054916555585805
0.05064778827727423
0.051259306421343354
0.05053366450192698
0.05026778171668411
0.05110731206696073
0.05121555038022052
0.05099710115973721
0.05088433893615729
0.05042188380866719
0.05072176185967692
0.051182146669816575
0.050873002415755764
0.05131971936316404
0.05127285716844199
0.05127000117317948
0.051621657723444514
0.050845061743530096
0.050174597281511524
0.04992639120973763
0.05022165204172779
0.05079637423477834
0.051130330612068065
0.050530689253719174
0.0511314245795802
0.052036931781913154
0.05211212100402918
0.051744765778494184
0.05001207612986036
0.05194371519246488
0.05189157495260588
0.05086579154158244
0.05033692096549203
0.051016955796512775
0.05118165042040346
0.049437145155025064
0.051230267898063175
0.050851039250119356
0.05019467822239676
0.05096829310969042
0.04963718704857456
0.050289178725506645
0.050726001185466885
0.05084698793143616
0.05070789892306493
0.050577545016494696
0.05034504318064137
0.05024218856851803
0.05097829307669599
0.05044890133467561
0.05059177202201681
0.051448985357637866
0.04988124355804757
0.051135856710970984
0.05056902549222286
0.05035612955362012
0.049862307683724794
0.0506686291173537
0.05136254182798439
0.05082785937884182
0.05202191869466333
0.04936614577854925
0.05133277887216536
0.050913548169774
0.05009315239658463
0.05050127548383898
0.05028998172201682
0.05100801422486256
0.05091274145524949
0.050665603139350424
0.0518871916228818
0.050510525008576224
0.0516182860283152
0.05015058337448863
0.05116304103285074
0.051321669676326565
0.04976509100924886
0.05075071306237078
0.049758604865928646
0.050916408908960875
0.05009097201946133
0.050568215314342524
0.051352611950278515
0.05133122464394546
0.05028407916142896
0.049894916841367376
0.04959959692132543
0.051453425741783576
0.05088310229621129
0.05102761804482725
0.050420660296367714
0.05166059765906539
0.050831178263251786
0.051769771986073465
0.05026543772146397
0.04982429306983249
0.05059953392628813
0.05211497225354833
0.05069361390633276
0.0517656727861322
0.05124214205534372
0.05203420769430522
0.050317936280407594
0.051356771338760154
0.04931286140708835
0.05108823653245054
0.050032968165396596
0.051909751920902636
0.05051641728641698
0.051591009221738204
0.05088476775745221
0.05042776399568538
0.05110385993793898
0.05001325762896158
0.05061459480566555
0.05062058057410468
0.051143083999704686
0.050469864885599236
0.05200590585991449
0.04987957389130315
0.050936897796418634
0.050541443129986874
0.05120109663403127
0.05128877129754983
0.05046841698640492
0.04933740826709254
0.0506011073521222
0.05075949556339765
0.0506477556846221
0.05083287048182683
0.05134130973056017
0.05117993279600341
0.05090219757767045
0.0506183720935951
0.05171008816250833
0.050718614151264774
0.0499809400880622
0.04998790730314795
0.04940366864320822
0.05095939725651988
0.05120681478183542
0.05136328388653055
0.05142514438193757
0.05019960761637776
0.050027621269691736
0.05082759443757823
0.05178319196420489
0.050244272581039695
0.05020754118413606
0.05021333546574169
0.051368623886446585
0.05046048563235672
0.051478207684340305
0.05004481445757847
0.05062758385793131
0.0501876795606222
0.051451992550937575
0.050890348094981164
0.04938929978561646
0.05018270539221703
0.05113788872404257
0.050033799139782786
0.050477571321607684
0.05110868716110417
0.05004964745239704
0.05143056093220366
0.05070475306456501
0.04987872291349049
0.050142140536991064
0.051000510593439685
0.0508652854769025
0.05152904566602956
0.05128450912343396
0.051384474429141846
0.05219023058816674
0.049759468418415054
0.051982128599775024
0.051890574732169625
0.051857023159755045
0.049614743280471885
0.05064081496857398
0.05223294291499769
0.050840563906604075
0.05016542759585718
0.051024267871980555
0.05011099744842795
0.05095179499949154
0.049788823367634905
0.05015968555744621
0.05095323761452164
0.050666599492615205
0.05068876519726473
0.051188103043386946
0.049691581281877006
0.05073856200760929
0.050334632407611934
0.05130958414338238
0.05085854247226962
0.05107326562210801
0.051252058168756776
0.050274190101845306
0.05066982377684326
0.05005719428845623
0.0521231001803244
0.050751167987982626
0.051172855175536824
0.04986280268894916
0.050556552479974926
0.05039118927743402
0.05104890302209242
0.050058715663908515
0.05193165999662597
0.04950425776587508
0.05020860964395979
0.052082155452808365
0.05008818633905321
0.04981977883835498
0.05120092894503614
0.05094824986917956
0.050570982519275276
0.05101429524074774
0.051182378996600164
0.04977555572440906
0.05054072556049505
0.05172119456983637
0.050324505788012175
0.05090068649769819
0.05025156110241369
0.05106220427842345
0.05004679793637479
0.05123406924212759
0.04984416477782361
0.05116617609564855
0.05073763893051364
0.0512834873788961
0.052228547328923014
0.04970655506622279
0.05082248531834921
0.05079800837665971
0.050610588767085574
0.05037333971995395
0.049831697295303456
0.0510014246465289
0.05116933247882116
0.05084241866097727
0.049871630344568985
0.05018203794679721
0.0501154595585831
0.051374931579630356
0.05031968020557542
0.049905051115274546
0.05086416197627841
0.05156507015090028
0.049712300511600915
0.050587184357937076
0.05026034597722173
0.051021865558141144
0.05071004772617016
0.05043641943120747
0.05022101784743427
0.051227342151833
0.05031413158394571
0.05148757296228723
0.05068651309920824
0.050308996378589654
0.050563816246722126
0.050569183516927296
0.05037879562587477
0.05051894565804105
0.0506529570739076
0.051043207613474806
0.05027411018454586
0.05079680116432428
0.05124482475548575
0.049723600306606386
0.05112486630605417
0.05020381153008202
0.04974662927997997
0.051057616397883976
0.05156670134419983
0.0509801223543036
0.05089932177179435
0.05055548749987793
0.05084647485273308
0.050910292060507345
0.051369050932407845
0.049966208536716294
0.05087011142677511
0.05105417889535602
0.049254830581048736
0.05089679024058569
0.050790021206921665
0.05042439122007636
0.051223543950982275
0.050211373360070866
0.051691337541342364
0.05052452978634392
0.05005344222263375
0.05045032352245471
0.05043835802280228
0.05046625587056042
0.050999768216570374
0.04971309867869422
0.05022147938143462
0.05053319211219787
0.050852354055678006
0.050242286759385024
0.05084988908674859
0.051339051738978014
0.05033491222275188
0.051797640591757954
0.052062387878322625
0.05100000772654312
0.05031772469737916
0.05086188796667557
0.05010062518340419
0.05105530360742705
0.051146424220860354
0.050950846934938454
0.05097486835802556
0.05061906146147521
0.050583965889018145
0.05102210762015602
0.050077175266778795
0.050895725398731884
0.05096309838700108
0.05156449301466637
0.051753057497990085
0.05088578835966473
0.05098000261205016
0.04954730996723811
0.05042781297197507
0.04983092261682032
0.05170233869284857
0.04987947356676159
0.04982269696483854
0.049858189466249314
0.05059105595682922
0.0505365197223
0.05055149107283796
0.049172011407790706
0.05127159454423236
0.04963255922848475
0.04976373647696164
0.049713124742993386
0.05120436149445595
0.05026300901045033
0.05148485945937864
0.05136129413403978
0.05113753391560749
0.05118245735684468
0.050657067253268906
0.051008029928198084
0.050413516410117154
0.05105283551529283
0.05065389347873861
0.050838158085753093
0.05093973563089094
0.05073890473249776
0.05004890798954875
0.04976242637530959
0.05124842124314455
0.051601203571408405
0.05117622065517935
0.05013183787013986
0.05032136427871592
0.05102580477432639
0.05064633178153599
0.05113056431946461
0.051546238453738624
0.05071398452128051
0.051257920191346784
0.04978833448330988
0.04989821821800433
0.05112874561200442
0.050480933035942144
0.050419836699802545
0.050528918947748025
0.050989990415473585
0.05027640024127322
0.050058672262821347
0.050110398940887535
0.051800469829686335
0.04961820864082256
0.05087480042675452
0.051094482509142836
0.05094857268341002
0.050337557528109755
0.050826579787099035
0.05037205245207588
0.05062091768377286
0.050474125131586334
0.04964526367257349
0.04962038018129533
0.051234263946753344
0.051613371239000116
0.05150947427682695
0.05125703162048012
0.050299843918764964
0.05004763381839439
0.05088965131835721
0.05037842272577109
0.05034078362950822
0.050856016743637156
0.05009122198134719
0.05132808115740772
0.05051578892744146
0.05051916189404437
0.050473094586777734
0.051369127206271514
0.050769851352015394
0.05016949122546066
0.05061878211381554
0.05024613231398689
0.05033416688456782
0.051419432002148824
0.0496913606657472
0.051144921551895095
0.05049459311521787
0.05035925653282902
0.05012120318679081
0.05052621265349444
0.050377610878058476
0.051019608947171946
0.049362397479853826
0.05011647746323433
0.05127741110663919
0.050282588019399554
0.050671374179728446
0.05048976359103108
0.05010656223385013
0.05099032165526296
0.050626867479877546
0.04973099505150458
0.05103290183433273
0.05022608717990806
0.051319083975613466
0.04948024873920076
0.05078399491867458
0.0495450533926487
0.0504526046988758
0.050108154966437723
0.050676424803896225
0.05057253905579273
0.05159476264270779
0.050751037615555106
0.049949226924582035
0.05111520343780285
0.05098191197430424
0.05127514045489079
0.05101816641763435
0.049844186103655375
0.050108624553104164
0.05059955435717711
0.050554810904941405
0.05041176056329277
0.05029745338470093
0.05066529583200463
0.05090697169180203
0.05052479909682006
0.0513105577447277
0.05099301509835641
0.05028699984904961
0.0509918505740643
0.05059843084200111
0.049959479310928145
0.05088534098103992
0.05010208063140453
0.05008678867307026
0.05191508459392935
0.05020863355275651
0.050950743303474155
0.05097692066374293
0.05121208442869829
0.0509182933565171
0.05136001563187165
0.04951186478865566
0.05039467426649935
0.05068708994440385
0.05062123213065206
0.051300525352417026
0.050187495806312654
0.05097883365851885
0.0513434223303193
0.05131261341193749
0.050581033388880314
0.050292925250687404
0.049101038224762306
0.05052288167644292
0.050841710586610134
0.05036887066853524
0.05056309049541596
0.0504289093441912
0.050923181373946136
0.0500363352457498
0.05049819760279206
0.050514277072579716
0.0500241496029048
0.05028660630705417
0.04990732087571814
0.04965109028853476
0.051099319565764745
0.050933233243995346
0.050019821215755655
0.0505123048715177
0.05078817260800861
0.050702740241831634
0.051234768143331166
0.05111676912747498
0.05110161119409895
0.05074155718102702
0.04956917980234721
0.0509569054338499
0.05064609022701916
0.05018253071830259
0.05098945552344958
0.05180887489223096
0.049523185422003735
0.05011160720277985
0.050314764401264256
0.05094389924852294
0.048984068798745284
0.05124507358050323
0.05063183188576659
0.050717601165160886
0.05069629492390959
0.05081395751039963
0.05034022287509288
0.050613044662895845
0.050415769897881546
0.04945451057392347
0.04919549826809089
0.050782660915501765
0.05127297838771483
0.05024814283933665
0.05030791512035648
0.05057416560885031
0.049503759530125535
0.05055263981921598
0.05078398632213066
0.05224255612847628
0.05057833219507302
0.049435136275860714
0.05133810934239591
0.05119601472688373
0.049250848842348205
0.05103189547480724
0.050039394502164214
0.050117339353164425
0.050066089464962715
0.05106427644204814
0.04989660150749842
0.051194734765886096
0.049622068405369646
0.04950189446208242
0.050329275565673015
0.050762315182510065
0.049293006904918
0.04977298497033189
0.051519328208087245
0.05054441165339085
0.04934050725205452
0.05086517541712965
0.05152783635639935
0.050473862582293805
0.0515392490378872
0.04974014919389447
0.05043853982897417
0.05052929141493223
0.050641603036638116
0.05089401210352662
0.05007161594585341
0.05064480756664125
0.050855569934356026
0.05179757917539973
0.05060082467753091
0.050581674553541234
0.049535315034518135
0.05144284604284621
0.05036364949773997
0.050725071771012153
0.05127564126269135
0.050078359301551245
0.05099981396233488
0.05050485885476519
0.05105956558873004
0.05154877108907385
0.050649046928811
0.05046477828727802
0.0516549478561501
0.05113396379601909
0.05009423445153516
0.051228999845989165
0.05051641981481225
0.04926608953792311
0.05015149294194998
0.0501003374101856
0.05080542480391159
0.050726391720672837
0.05142459251874243
0.05046531836705981
0.049782120797317475
0.050204526605739375
0.05011992341314908
0.05085634262468375
0.05121538460298325
0.05037196074954409
0.050339534449449275
0.05124042835996079
0.050093955815100344
0.050494814466219395
0.04959162940212991
0.05136757189575292
0.050666533285038895
0.05017737978232617
0.05083025715612166
0.05009912291643559
0.051165863311325666
0.050521965935331536
0.0513784109698463
0.05052690013690153
0.05126896885849419
0.05099411388255248
0.05018007389480772
0.050555924064610736
0.050634930632440955
0.051476507976985886
0.05148526350967586
0.05026663319586078
0.05154882612259826
0.05136726267301128
0.05071453669916082
0.04972089344300912
0.04961044624178612
0.05047990177445172
0.05104527082039567
0.05160832240289892
0.049765526560804574
0.049524968288096716
0.0498284283621615
0.049884453850609134
0.050701430835033534
0.05063588059783797
0.050330860020039836
0.05057325817870151
0.05067941701418022
0.05159528701369709
0.05054745950110373
0.05195635995187331
0.05061343388479145
0.050121368642066955
0.04985028714509099
0.05078010754004936
0.05118332864367403
0.050719046470476314
0.0510623250502249
0.05141524628743355
0.051535896316636354
0.04975906087747717
0.051547099010349484
0.04932129234111926
0.04983168228318391
0.050837895685617696
0.05111645976467116
0.05137494873088144
0.05109199752405402
0.05036747040321643
0.051589958824479254
0.04999038413188828
0.05049855859397212
0.050619650462977006
0.050391377129926695
0.05082995603152085
0.05013426264486043
0.05046437028431683
0.05119076095070341
0.049950190836170805
0.049459127885711496
0.05046893512553652
0.05051591973460745
0.051319496233190876
0.04977251685522788
0.05018365348587395
0.04926216720377852
0.05053723935270682
0.051431522213533754
0.04960836130157986
0.0504649224003515
0.050749149444527575
0.05063730460824445
0.050058576784067554
0.04950451573495229
0.05076790859857283
0.050593582300280104
0.05002193764812546
0.050003384130832274
0.0501602721051313
0.049037213442716165
0.050370615579595324
0.051188605322749936
0.04910459047823679
0.05073086247648462
0.05083144393029215
0.050898496932859416
0.05060423991744756
0.04976505875674775
0.050492514743382344
0.05056932049956231
0.04984588732258999
0.05063204818725353
0.05119098233990371
0.05006378927100741
0.04972746932617156
0.05152379285209463
0.04951053930381022
0.050200131452584174
0.050424859267877764
0.05012072992576577
0.05096612512897991
0.04949802915143664
0.050499837947427295
0.05092587826766248
0.05011886783177033
0.05094706926138315
0.0499975706825353
0.04996705861958617
0.04999957966538204
0.04991204298494267
0.05085577290628862
0.051853735874829
0.05041001616882568
0.05026125392578251
0.050353756992990384
0.04965973394791945
0.050906445629152586
0.04991427117784042
0.0519548193205992
0.05153287029861531
0.05081703417999961
0.0489903460311325
0.05006962462721276
0.05117062884164625
0.050599894597326056
0.04975548720358347
0.05088341969894827
0.05217000507764169
0.051146366608008975
0.05082012612729159
0.050935067263708333
0.050073161593900295
0.051173134763303096
0.0506335293794109
0.05072592501164763
0.05060963285359321
0.05093694221250189
0.05014191605914675
0.050455955759389326
0.05043404233401816
0.048858570376978605
0.05007906128776085
0.050772774064171244
0.05045941780554131
0.05121221779518237
0.04994089821957459
0.05034218239234178
0.050959023319592234
0.05097898964959313
0.05066637291565712
0.04865551817238156
0.050641604264455964
0.04954028366228158
0.05004919015118503
0.05153700809023576
0.050098999754482065
0.050079870961781126
0.050199068182337214
0.05037703160269302
0.049921396835998166
0.050342639317022986
0.05109156021899253
0.050199631456052884
0.05161270230382797
0.05064989516904461
0.0508564451138227
0.05148958511927049
0.05086324818330468
0.04958043872829876
0.050558369630380184
0.049956995779211866
0.05015172115054156
0.04972934758552583
0.05040412350354018
0.05063437104035984
0.05072547676900285
0.05059103096391482
0.051612995797768235
0.05008465710307064
0.05120228434316232
0.05070730993975303
0.05097845477575902
0.05020516497825156
0.050715045024844585
0.04962513123064127
0.05091575373080559
0.049764133256758214
0.049903849365364294
0.050712379395918106
0.051136030442648917
0.050041386546581634
0.05020123901886109
0.051449974371280405
0.04989701708473149
0.05110831074307498
0.0497012666091905
0.051127347631336306
0.05095248746329162
0.04953332269542443
0.049005767514245235
0.0500241904574068
0.05026208478375338
0.04943145963625284
0.05068215113351471
0.04993183301667159
0.05040037923390628
0.051451579691274674
0.04973206980685063
0.05034480053836887
0.05113409685509396
0.05083643395482795
0.05041162226734741
0.051369754952247604
0.05092633227650367
0.05096854276416707
0.05011072000161221
0.04903976280365896
0.05035314484484843
0.05011521545566211
0.05080128654844884
0.05134311214715126
0.05040682058461243
0.05082982759086008
0.05016004639765015
0.049929792619877844
0.05139217705618648
0.05046281961767818
0.051168389416488935
0.0509132843453699
0.05068952794317738
0.050853720891609555
0.05016925732343225
0.05146753155895567
0.05104739407397574
0.05011400538569433
0.050476997432269854
0.050580521930896793
0.05073697229818208
0.05110975308889465
0.05112879514854285
0.050329592004345614
0.05027997145225527
0.05012977171645616
0.050943045567692025
0.04973525665809575
0.051147080173905124
0.05097030643992184
0.0499208781930065
0.05016413013800047
0.050074338216290926
0.05071707425304339
0.05057211914936488
0.050889204003397026
0.049606410047999816
0.050596679573573056
0.04945916172437137
0.05011618518074101
0.050515173770691035
0.049932251502468716
0.05112430773260712
0.04981530773147824
0.0502954408111691
0.05014514654794766
0.04982768034824403
0.05006396151838999
0.05112742170058482
0.05069323347561294
0.05086652489626431
0.05045360984149738
0.05137550040126371
0.050250300924744806
0.05028807582857553
0.05088081333269656
0.050222155663504964
0.049740924945581355
0.0515472233582841
0.051930552237536176
0.05037225582600513
0.050385174556140555
0.04899097546149278
0.05010376480095147
0.05026890359840763
0.05000797255343059
0.05016664079084876
0.050695547926807194
0.05157938618140179
0.04885527550322877
0.050280595329240896
0.0514611267572036
0.04946300177834928
0.05097897144332819
0.05086458237201441
0.049548391085409094
0.0500367345957784
0.049848630143969785
0.049734008167433785
0.051200184105255175
0.049324594934660126
0.049921069485208136
0.04918284499035508
0.05092568358850258
0.0495135893143015
0.050384861384372925
0.04964423181263555
0.050473826593588456
0.05048022357914306
0.05064987415789801
0.05150446967672906
0.051277841774208355
0.05063866311502352
0.050655084207392065
0.0511470611236291
0.05115889757689729
0.05000651596674288
0.05140120525175007
0.04990087324222259
0.05003831041176454
0.04972347720104153
0.049715443537934334
0.04963571864027472
0.050986857122552465
0.04959358834094019
0.05126281211778405
0.04985444020712748
0.04967688185934094
0.05110813490500732
0.05102069976783241
0.049382823573978385
0.051428510474579525
0.050121269709052285
0.05064894897441263
0.05109091328631621
0.05103324630363204
0.05104990346808336
0.05109289883694146
0.051302852220032946
0.050962413175511756
0.04996191244390502
0.049530545014931704
0.05041098754736595
0.05050576680332597
0.05073738808641792
0.05085387027065735
0.049805627641035244
0.049842300517411786
0.05007998792461876
0.04913583207235206
0.04998711990447191
0.051183276966185076
0.05084471052396111
0.050631821066417615
0.05016351609810954
0.05007703643605055
0.05031275127112167
0.050313911773628206
0.050205228726554196
0.04977380233685835
0.05010537963244133
0.050203192620756454
0.049870162967636134
0.05042426264117239
0.05046400934406847
0.050460751399441506
0.04881996862059168
0.04969511092167522
0.04978878573820111
0.04986469859795761
0.05243026101743453
0.05069420031941263
0.05153384555524099
0.04938649149153207
0.051220607083450886
0.04913668205153954
0.0508453778547846
0.050711443487671204
0.05062361310592678
0.04929157188053068
0.05060547948778549
0.051305469176440965
0.05142143689590739
0.05050465887507016
0.05033350230041833
0.05044782697586925
0.049942217341595097
0.050129927578382194
0.051057692400718224
0.050442779776858515
0.04997444334185275
0.049680836471452494
0.05054950210978859
0.04956654419765982
0.049009801927240915
0.05059040904052381
0.04975938081042841
0.05071046002012736
0.05152452684524178
0.05077405796691892
0.0499621555700287
0.04894650231653941
0.050515414421170135
0.05076662250212394
0.05039404755370924
0.050259034667760716
