8.167121408507228
8.039899725932628
8.097333901096135
8.201844977214932
8.01315087871626
8.270464754663408
8.390096680261195
8.108574758749455
8.016748886555433
8.249125900212675
8.34344333736226
8.110301804728806
8.390149830374867
8.287391695659608
8.181443828623742
8.191877898294479
8.408487580250949
8.006822541821748
8.06182345887646
8.188716186210513
8.404551141895354
8.414823425002396
8.344489939510822
8.350927967578173
8.579063781537116
8.081087229307741
8.508538489229977
8.451972272712737
8.493042086716741
8.448223253712058
8.287253418937325
8.258771067485213
8.736825972329825
8.30335793318227
8.626263769343495
8.480191200505942
8.468154105823487
8.598056876566261
8.474319241940975
8.765071847941726
8.505450406577438
8.511217503342777
8.435467273928225
8.311642747372389
8.456291037146002
8.475746559910476
8.466897682286799
8.601342536043376
8.517210711725056
8.7602306175977
8.69169997330755
8.675375040620565
8.516788192559034
8.671709444839507
8.64593756152317
8.322807734366506
8.300451802555472
8.300825200974941
8.651858555153012
8.855996864847839
8.412578171119094
8.524402751587331
8.277461299672723
8.587639652192593
8.348903076257557
8.445858614519238
8.38226364320144
8.631700139027089
8.60537826595828
8.70252770325169
8.473954412154853
8.656960892025381
8.422752810642123
8.45959586603567
8.405733694322407
8.445126777980477
8.409862776752561
8.447533387225121
8.696775617543608
8.524721638299525
8.473971797619015
8.45271499780938
8.546109441202134
8.505732114426792
8.544233550317585
8.604615142103285
8.53495313692838
8.457398774567991
8.544905790593475
8.454061342868954
8.405007810331881
8.667702121194452
8.910750743933022
8.752391476649791
8.729329395573586
8.57487317174673
8.803030557464808
8.589436749462038
8.7649773969315
8.773600926622748
8.555722396820784
8.555985797196627
8.72975317016244
8.577310042455792
8.949130987282842
8.715711989440024
8.518698283471167
8.530834616161883
8.663605683017522
9.051070122979581
8.738765850663185
8.750740545801818
8.90034734737128
8.635079833678901
8.334279755596071
8.571963869035244
8.675174645613879
8.787384259980172
8.716670521069318
8.745140709914267
8.475320537108928
8.753919350914657
8.60508099431172
8.315810882020742
8.609691134653986
8.57622137060389
8.642551431898028
8.967714678030461
8.816137623041868
8.655432778876275
8.967462754808366
8.55209369212389
8.652397993952036
8.82892645848915
8.449441066477448
8.816410676576197
8.557548276614398
8.822087253909558
8.711773990187794
8.76958017097786
8.611011473461986
8.880186590366066
8.444376393221319
8.991501212120056
8.558172337710857
8.82291379198432
8.792138348799199
8.657081916928291
8.972436112351716
9.05450251698494
8.707147620152682
9.045839254744351
8.924784417729825
8.699136655777693
8.82685767346993
8.712741907220334
8.538727930281311
8.67676780745387
8.857838904019445
8.84409899590537
9.074058082420379
8.43241914222017
8.713087268639356
8.856707381550223
8.85852741356939
8.404738737270236
8.756892351433635
8.737788744736463
8.677387651521713
8.912977807223797
8.821698003448546
9.004722857382149
8.566000838764012
8.593899443978444
8.733428395353258
8.563093638978899
8.71033665491268
8.85767074720934
8.693268131930381
8.86079180939123
8.645313988439739
8.963375924620777
8.891955631319433
9.11912086000666
9.004809136968106
8.707974596414715
8.854991780593991
9.083544564899057
8.766763824503869
8.954850067384541
9.136852074414492
8.816293930169195
8.677577908150852
8.878693362697959
9.220834447070956
9.543625770602375
9.166505685076118
9.288072446361184
9.187489834148437
9.08591034822166
9.205862153787166
9.096048650331795
9.062007148284465
9.272135759238154
8.936017086263746
9.090710195712745
9.176202815491706
9.165666866581887
8.790814299602062
9.3000961644575
9.051973583176732
9.367914008442312
9.230953843332827
9.27062976686284
9.002442681696266
8.990522651467472
8.90578089049086
9.240939626004547
9.144235364627093
8.791513464879245
8.84329017996788
9.003369744401425
9.108457318507135
8.903430922422558
9.177666252478957
8.629963322542608
9.086242736317217
8.923831882420927
8.583149442449212
8.688204466830939
8.581810765434057
8.695922666694969
9.072216415777802
8.747282362077385
8.753920635208488
8.773666450753808
8.809465837664902
8.694365750532597
8.646838530432433
9.133270506747067
9.057130804751068
8.517923465929925
9.186210797633976
8.343600581400096
8.672397705260664
8.508885458111763
8.822418285999447
8.46998642431572
8.352929270360619
8.74677219381556
8.732538474723697
8.72288426849991
8.455674913711846
8.519844533409923
8.812049032654613
8.66625930229202
8.410396211314946
8.347788493148983
8.485317677725106
8.552446987945586
8.457191991619766
8.35326622147113
8.659656220115721
8.620512366760522
8.420709668193012
8.32392122456804
8.904395753983408
8.68536595092155
8.506009798496962
8.470482341013849
8.903518100269139
8.370021792128682
8.540537402965128
8.522464879322797
8.52526290435344
8.34020307380706
8.195484068477526
8.070226260926574
8.369762893300503
8.873883578926325
8.031080961693078
8.401672510895878
8.100651777349412
8.505582011304796
8.731108603999019
8.32877361215651
8.714189844205976
8.789499714039266
8.218020195141435
8.804177864221856
8.10274125309661
8.164261332713068
8.632718707900494
8.594299431424588
8.358064022148028
8.24113067262806
8.53111182176508
8.18981260433793
8.324032585136592
8.29223996354267
8.516463934443891
8.382241158280522
8.409553535748273
8.233662225538865
8.523290185257792
8.295056130271405
8.378479109611362
8.667123394086957
8.529478936456144
8.450806765351444
8.356861534994096
7.962244587717578
8.307183912489563
8.25549953430891
8.466563519090414
8.7923091808334
8.338264589197934
8.34258397249505
8.208693549502641
8.064203805988654
8.14273215085268
8.437554649077356
8.313956461846828
8.250141418073326
8.202804561937228
8.509555876720697
8.252169400453568
8.454307875130326
8.237457717768848
8.177590239560232
8.864274128805846
8.253143018810079
8.61463528405875
8.251531910384074
8.402135168667883
7.805868580471724
8.221647102152929
8.344977390719578
7.886401413939893
8.24810269381851
7.978753205854446
8.107286290731281
8.10444665281102
8.422687159851193
7.861667668679729
8.502016675891355
8.36949172290042
8.157383961603045
8.223912886343896
8.593289292417467
8.442473755218089
8.661825408693403
8.496371102053672
8.790928401285782
9.085116736823693
8.105476913275197
8.639188413508236
8.103300069458783
8.2301060766913
8.651133885374293
8.412913196021691
8.783998393453658
8.421647615265101
8.756198959890753
8.458413935964927
8.188881331821904
8.346530324779451
8.283829524181783
8.29846213827841
8.198182909283787
8.63853352307342
8.368998940102756
8.18596907844767
8.373174607055262
8.632059758063406
8.557642583269626
8.679866967024282
8.087506744079292
8.920304917031899
8.91317503573373
8.474406574387103
8.671664816327393
8.971161101013422
8.635739448480308
8.552923031151295
8.760037282016128
8.662344950251281
8.82650255295448
8.687773971352726
8.731400234159082
8.477106244303286
8.227883825311437
8.07550564990379
8.070674414979294
8.438553680665791
8.40839668433182
8.1641005075071
7.987883504014462
8.313125764019787
8.613238897407427
8.252341443672776
8.150504299905151
7.72724718041718
7.981348308036104
8.159968132153153
8.037783828098327
7.921414485666901
8.141047926153988
7.778405679157004
7.661686868639663
8.238332791719586
7.8404756027739495
8.382853417657316
8.469042640412226
8.036606615874916
7.913461669581011
8.14849184290506
8.235271119046956
8.425959890941158
7.886488430434838
8.218548830598593
8.251394452527165
7.739742100471631
8.224644547794014
8.433544089319184
8.520918334601447
8.105060054222122
7.976436300436035
7.781655019149184
8.339697572402656
7.996144243283197
8.64182314532809
7.934903815854341
8.251829941524193
8.09242950216867
8.06684213061817
8.576806527096778
8.450666529824957
7.704504156718031
8.452317806426436
8.188512095948681
8.55226249853149
8.434382995590568
7.930121907731518
8.750410535838455
7.877707039704546
7.948736383812502
8.551255584228784
7.989798991475254
7.918076744070277
7.80185930384323
8.127418397227302
8.164260488236323
7.958199537824839
8.176682200515643
7.797180096618831
8.14466759050265
7.793854564195499
7.588997003156692
8.143629292258993
8.324876797152683
8.22092346008867
7.637602964416146
7.635946423513815
7.55542695405893
7.846477120183408
8.178912009811029
8.192146610701457
8.420924819773063
8.380333388922736
8.09172438038513
8.453905545640737
8.012023789808154
8.110006733098999
8.024268645327538
8.470000034430996
8.162544612307101
8.109311174601316
8.067555418703705
8.22362926369533
8.167348554125056
8.702310163062066
8.32358578662388
7.550773583352566
7.991723637096584
7.636263832682744
8.284769139485434
7.975800734013319
7.833339856704697
8.104013116564602
8.292268121149391
7.824278091778979
8.006015066755936
7.9326025964692235
8.036321914289147
8.173141566338018
8.221552992006764
8.024017587536946
7.8383459886536
7.85935485502705
7.379446615464985
7.3545481762848794
7.814285590546206
7.988858011784032
7.511234233388677
7.8495256043970585
7.758654125733301
7.899722466478124
7.939310160698369
7.830359125044197
7.884047814877704
8.013532650656998
8.077789812814444
7.914479462895542
8.037307908991352
7.878547239117324
7.701813296880573
8.352634899318218
8.24599646939896
8.117982679745182
7.9269461238291115
8.32297239662148
7.939128684578463
8.345779653638601
8.107485694577917
8.291909415274858
7.798857804387808
7.928570989752188
8.526755978120491
7.747767169028521
7.6771067953668535
8.058793865609914
7.947064073989168
7.939778154250234
8.026904943631962
8.409360775491223
8.202385587850586
8.153994268970564
8.042913462268189
8.16000953153707
8.076483622193336
8.114167818101123
7.477598426165059
7.885800578631461
8.037891639629379
8.082119497004896
8.17868706327863
7.743456738768145
7.786763126961887
7.957781669450924
8.072007346665487
8.234197578160092
8.22640306246467
7.988461522618309
7.56394855142571
7.85447817761451
7.954546205699444
7.731455365894362
7.887903194176033
7.755007719155401
7.8403900905977935
7.895836574025452
8.43904985440895
7.634209982817993
7.852296159602702
8.152922329958528
7.6359396756161
7.601237322669476
7.717826608102769
7.725248305592686
7.7696028428617865
7.936519534094259
7.956063600955531
7.614782437914982
7.892741366056725
7.740224408218637
7.361350271152332
7.658131204079837
7.689542765729129
7.518481932580471
7.373768717981875
7.422472297679633
7.567975634010509
7.759061004966497
7.861042991280556
7.547223303932697
7.439885986037552
7.732590201776475
7.776702389586717
7.655434139072895
7.545919710537419
7.330666527384892
7.664158437168226
7.522000559139997
7.964368743356317
7.654533279128373
7.655477350810543
8.19153551873751
7.780105803627521
8.104236332466826
7.845199012663215
8.032844169531018
7.596679718932137
8.177974538877606
8.549717301037163
7.784608316142112
7.563596189254895
7.742665698053315
7.557178605347872
8.07440307457
8.02033735695295
8.345602032030001
8.225561510771513
7.979622686747462
7.977615580195561
7.960409535560757
7.824580803979188
8.948348306585103
8.080545362317935
7.890258111758158
7.676354986615479
8.048427152447402
8.044901306042448
7.984823109349236
7.9894717435818166
7.920135654741898
7.486191859003156
7.850855326279998
7.793816193705425
8.146648452384397
7.810289002489299
8.03530112025328
7.850139159942046
8.170387781457976
7.304949227487668
7.5431426404975355
7.680420744465664
7.451058346079662
7.760132551891729
7.804243399295956
7.92614737059921
7.373593217693269
7.68628423823975
8.03007135889493
7.573830892564729
7.364204434445128
7.850873432820663
7.982381061883643
8.094457176048309
8.181236383272335
8.003717438783497
8.148009766126052
8.267347132787108
8.075432773213834
8.491247338242829
8.863085430115461
8.48491702019237
7.8964079392608255
8.234028432285413
8.012126616667956
8.077897283714265
7.8210553815588355
8.541824362706393
8.205387313850224
8.325375782558694
8.042590069118887
8.695132777094841
8.330553804524243
8.08419230976142
8.000716661801562
8.008082871790975
8.376487449277192
8.38078536465764
8.167770264437422
8.108072118833661
8.72445192700252
8.36070178146474
8.522035337984562
8.048751984257251
8.284961245488375
8.40517864213325
8.037989010335878
8.194027401972562
8.398202367359772
8.00671210582368
7.961437298450619
8.315145651809871
8.58908026991412
8.535401272354648
8.374735010555014
7.841496498323977
8.431685752701014
8.15398443536833
7.709459165809676
7.995715988334268
8.008787371916696
8.38543466059491
8.649675124324858
8.227562023326755
8.203313321107998
7.9342997905332595
8.010548858437687
8.17013641144149
8.343150353990495
7.815121860709041
8.278803036548197
8.196957126958296
8.22250377619639
7.935730636352673
8.409053481649607
8.377584130037576
7.7565255898516625
8.092497133184224
8.451899761799723
8.072917001321912
8.114066549111158
8.264833191176876
7.682567196432501
7.55275272578001
8.019341614795849
7.986152116209269
8.167352776741609
8.39683082443662
8.269883872475475
7.534041428705677
7.864096703007817
7.678616167744622
7.953568026656285
8.057394871488214
7.877747549675405
7.756835492094979
7.474006637465209
7.87375397211872
7.680695698596537
8.076755233341828
8.01827934733592
7.8326183231547475
7.8015997156035155
7.697619852842763
8.143866147380322
8.020007860381156
8.138896459480748
7.844549560919404
8.004663412459195
7.949557309038937
7.821946113370359
7.727833530399948
7.686198511859402
7.650028868112713
7.583054959075525
8.19798786053434
7.223266721237451
8.128756486577913
7.5531433906871825
8.01705023040995
7.653255313634872
7.772693810751662
7.4669130586553365
8.13194845779799
7.639391826232895
7.709734265925363
7.677287882659584
7.702915393514559
8.017438171198592
7.707368699833751
7.555854348000139
7.610388434957713
7.437577963806689
7.411206687102094
7.560316156130284
8.231581463711336
7.817088786046952
8.186871025944129
7.749464464839548
7.923463259357959
7.940666024573147
8.096065607387573
7.2759778019972146
7.434504945995286
6.81777547695674
7.730798793490976
7.754339829320088
7.761696288594976
7.529427538160235
7.316371512133628
7.687218017643318
8.017037420533597
7.381742055295035
7.594044824596494
7.871995677705854
7.6163954408839345
7.347916552564129
7.448666880605742
8.160531198838726
7.811072751646861
7.659007641952485
8.005112475482747
6.944114353042096
7.47157631884329
8.355210988083854
7.829983627889305
7.8902614447288215
7.759411544539034
7.572599262930453
7.923039960442111
7.62042748555541
7.921374030411243
8.074605871224776
7.794181511970237
7.781845518620685
8.133927984861657
8.310222781728953
7.606947248568758
8.404193302150816
7.953667666064575
7.5667701724451035
8.434149763314053
8.102561772568151
7.93876799242571
8.488551976159215
8.746807807823643
8.074439937248826
8.145794930169359
7.70279231807217
8.174514445010573
7.919917199760675
8.444565384881571
7.823362518567592
8.046453610761091
8.869507785420865
8.347046453971416
7.5954499989748
8.402121582766995
8.383469958323985
7.975791877368465
7.815295314183459
8.170488345669582
7.605941545916721
8.415883688256145
8.06435896945186
7.968402178259566
7.508532401872799
8.125347492285073
8.135967983165756
7.659020840656012
7.952270706184208
8.102955553447828
7.926065189763904
7.501556972740218
7.6790173733606935
7.854206879157573
7.31247345963493
8.149051099084318
7.701236320193857
7.642914564581588
7.763449953868985
7.145823673577979
7.734730281867087
7.788553985301405
7.988442976493388
7.584872924722731
7.014728280482814
8.023667739704251
7.965697422623634
7.82239487208426
7.95177988265641
8.002435170346871
8.514779587974772
7.894000764936209
8.27070168661885
7.8880049956496805
7.466240351088345
8.347728333435953
8.27258276566863
7.744795293547213
7.878553875721991
7.628877304494381
7.425583121133968
7.732729668030515
8.25898710382171
7.803572193020955
7.600247279042378
7.453269698191434
7.835572516312823
7.906297697685659
7.5247622730676085
8.241656786529347
7.468103277031332
7.912043166346848
7.457512443186715
7.64594125142321
7.586481723003089
7.718712682835758
7.986874919384718
8.250736387679353
7.646060859085992
7.981494411826134
7.771264765644446
7.868543370394036
7.370459046913311
7.824864577734843
7.566249770345166
7.622739388374612
7.496093456400558
7.718009924981743
7.88016298180446
7.326637499267235
7.562463113805279
7.729712350759655
7.442033455474302
7.715603193966672
7.745061490219086
7.632068295497447
7.764148318441585
7.184734435984865
7.463951476849616
7.37978416425176
7.0336613189429045
8.167928258189932
7.34106384543702
8.074846867006272
8.625695755705237
8.097862555878237
9.17632115399465
7.906241818098351
8.47699496196583
8.505100772017613
8.437709614168853
8.734823379432783
8.518126407871023
9.481018068967387
8.871860620798543
8.503556688316166
9.132765211397782
9.031834337394685
8.758618844440207
8.615585525752977
8.836093541933224
8.625870948424563
7.979763466864824
8.430405257735401
8.295111577259377
7.7368086816277355
8.032200753688812
8.103792870417237
8.675210033077747
8.50565149472095
8.140419524163008
8.519158256938681
8.038891727803275
7.596592907328159
8.519924261374399
7.880536681506783
8.088511179666966
8.414300597272813
8.550208654021844
7.632868842920288
8.104694861918688
8.095794697292149
8.327348719118163
7.865687919314951
7.592871708562598
7.694301210111007
7.7865863288752735
7.795974429231137
7.706564656924456
7.45201660040766
7.4727791680488735
7.647734398720786
7.5670796406921
7.85195562732406
7.4691100008785725
7.542924424866214
7.627072531264275
7.511371745029464
8.06099056894891
7.734511435497552
7.8907331652008
8.29044014075771
7.650828047422692
7.69267204310745
7.838196978671476
7.5471911313943565
8.185472433688119
7.698159046471119
7.766738987527788
8.322839132277295
8.00083746179007
7.998403906822205
7.878147484734654
8.123937696684152
8.095003106631339
8.221203465480357
7.785189935937524
8.379863030044362
8.046538278926164
8.314382832264528
7.913651718758047
8.359680155292153
7.784526291070506
7.68659922410734
7.393696611979976
7.372974680038169
7.638468383112922
7.325631936080754
7.813116081990302
7.309102142229676
7.803833025041968
7.586656998144463
7.3903485224582255
7.50915486831218
7.588113540085033
8.113184243673459
7.523109192261472
7.846825161483139
7.8805653939489275
7.784128461731598
7.675996138015762
7.543947730911896
7.605595863191411
7.9198716261889786
7.20451156119816
8.247944653732702
8.2047444449272
7.735798865091056
7.732098426437005
7.522941475035623
7.933153311256319
7.768107363488525
8.272628385107964
7.934096446959302
7.818790309829637
7.344737015431747
8.133394623408094
7.534126075915992
8.040874915430322
7.649709280114621
7.846735917031765
7.8247977355495095
7.996597348246723
8.279739893041551
8.160063351970166
8.486256171250716
8.468517689965665
7.645700614899397
8.353941875742748
8.113526946865022
8.354652560781687
8.134968595346436
7.741446333006024
7.806610076222569
7.945980062242597
8.196297712624073
8.772684185998514
7.774356037611142
7.853401210857555
8.397434048587456
7.77398066339083
7.756732480134815
7.848962164251134
8.052173173986375
7.95070277294144
8.468143763719127
7.636662737233564
8.07060916442424
7.711046954616904
7.643975980114192
8.00336966686882
8.089874519733712
7.607545281760395
7.76428628154099
8.177751137176529
7.9428609274327755
8.30196912609972
7.854556603357196
8.325963161420077
7.748738837661222
8.039202144136652
8.408435311401263
7.863284700084478
7.977465537143871
7.942507275380194
7.50218304968439
7.532298780046403
7.8598087842110544
7.994137044996023
7.912030408158898
7.706355950562283
7.585908527486026
7.318156885448843
8.321185580221936
7.653670580126345
8.116988975554705
7.887056334177032
7.941031555645168
7.4561350017320365
7.575206630863249
8.113382405601442
7.4169799441006035
7.883589236298576
7.830932454206049
7.8139825409743935
7.39910528389737
7.826571573968977
7.437644865596667
8.052667334210128
7.323104260256514
7.130026851780713
8.470498079899698
7.188490492524579
7.769207740668207
7.516849504550919
7.376000838121399
7.587283739820123
7.708780148299411
7.416420980356634
7.887839349452406
7.910215278854594
7.758139983052388
8.090400812216103
7.667318350402638
7.676103059900925
7.767034541582689
7.350138609297574
7.578484521713108
7.58984938589856
7.605114415520802
7.267552138539031
7.844354667235166
7.372158844489604
8.216853904537857
8.375198600115255
8.003656262531877
7.707804534351453
7.749587035970762
7.420409692218527
7.564707784214988
7.7584510911256075
7.4485121357720345
7.462291260482743
7.580590011551976
7.79877269314602
7.590312479995191
7.631925624096766
7.301557128783315
7.323651938000694
7.965870044659823
7.943171906750649
7.285197895253077
7.184541474329308
7.307867756811902
7.885478598298505
8.215841937810183
7.86962411692366
7.76774313650094
7.792880765162408
8.459400299238041
8.665874665835872
8.547906359424815
8.496647612424567
9.034317289711908
8.295901942066848
8.77222487446852
8.548895825864747
8.62624803557992
8.790575805353
9.105876674642786
8.374189305119216
8.180240145418793
8.492486448260024
8.625609772279859
8.977291573770344
8.127898209961131
9.636218474945053
7.985303183551878
8.676288438495249
8.718906281283125
8.920451699988917
8.091704177903011
8.917204136960208
8.043541471008211
8.669667730340734
7.569688993971795
8.209491190733388
7.674825293943286
8.112874330021441
7.217215195996687
7.962626719614491
7.49626409355551
7.800356945255771
7.048760204575956
7.54151951870881
7.310573433991522
7.252630315721035
7.4754326024558395
6.998443289194256
7.125388683285564
7.036548310657963
7.481253255158663
7.095063010696322
7.788380935555324
7.616274301195517
7.0908355843275785
7.573444055393338
7.502695174189284
8.382638727780432
8.09740062453784
8.504045640584081
8.698953305603936
8.731690739979967
8.685486831935123
8.193744251737371
8.727424171986058
8.379533801460639
8.13621121365577
7.850236329482868
7.8292790818959475
8.31651700171642
7.978125175926834
7.594244280364364
7.756493455497548
7.632945088203996
8.225682120304555
7.336998476646841
7.8737727699335665
8.025218473281711
7.834620336303487
8.605155903613195
7.441094328183681
7.474455862538889
7.754452669294551
8.228571253130212
8.381145499879494
7.87454735673964
8.083525941940024
8.049025059212
7.8543301173485816
8.001806344138458
8.106158992275596
7.493942263536155
8.562141569564119
7.910310513339937
7.785020143724978
7.909222124610096
7.873823819449171
8.255735855782405
7.693291461793706
7.503218983998522
7.926422839052975
7.305098877754062
7.815462541999295
8.006135121220723
7.3756514843553305
8.108775719534606
7.78075149608776
7.117596983909607
7.546869929181412
7.016514603514224
7.451944871572778
7.815397776663303
7.573044738732278
7.916049357969314
7.798161609796807
7.186289066681638
7.336106458911672
7.36947161052376
8.064174584113061
7.121772030834109
7.412976019550115
7.743578229332343
8.170275003183633
7.263585318811238
7.510116370627657
7.661523426882923
7.346968672471121
7.908783739199862
7.559420410776511
7.002668166765943
8.24260662868619
7.889985370915383
7.228821825003251
7.9506426504813135
7.833603837294504
6.660513373557478
6.706229945644736
7.53873563464731
7.47353460569866
7.452843400184065
7.484505401691422
7.744272795272991
7.4916958045214415
7.7692782857920974
6.687728061107919
7.519591113785282
7.392401475459337
7.262561472132802
7.466308480827138
7.604539680760354
7.750317122321576
7.739134506089613
7.690526029095054
7.405457672197372
7.73094412824139
8.116974755423144
7.457272136816755
7.664044569712132
7.436852738726884
7.7187491620425135
7.644070458132774
7.554347256897017
7.380031709559262
7.770906134741381
7.804644317133352
8.075637332862243
7.6513630009721965
7.733946029795334
7.78619413333945
7.700541340513155
7.684224755270407
7.738937771180645
7.784428099170327
7.677108182804659
8.269784243544564
7.442372093908489
7.814278963021934
7.9540279565844685
7.245394906727597
7.444463402265683
8.1865287006367
7.523416832322255
7.757564536295831
7.90141984121874
7.738494164776057
7.500168387079611
7.71115816407837
7.098898512078449
7.578564097173512
7.920762381283566
7.323855647351593
7.698374280240387
7.78197719110176
8.017435983754694
7.665912616765127
7.137999497586861
7.554346035700291
7.550837106537074
7.880745163187385
7.710540974512696
7.61222164821811
8.096804150845855
7.458274017786607
7.815413163276389
7.185862757265568
7.284264059970155
7.696086717769504
7.746879952959716
7.531471948837861
7.595640157116577
7.62605134723708
7.380500063067302
7.346370255574584
7.447907354217023
7.341110365930945
7.4978290824219584
7.271478970069438
7.416398206492886
7.3807382886298
8.116801206255332
7.5468714504968375
7.4536496822256595
7.209659040207043
7.896359613863751
7.263685060432181
7.447621388826519
7.27146924380213
7.753339110640809
7.684144424740225
7.520601636962965
7.631343245040625
7.237259750487283
7.6130644518416375
7.685650733066723
7.220780473202467
8.23071750998497
7.499241465004161
7.6758591858670115
7.386059433221817
7.879086880711839
8.294964774278924
7.875629377551377
8.183057621819898
7.700162441236898
7.876050008926541
7.0946986842900515
7.750566305592656
8.178774100728333
8.422786264913157
8.22839776519686
7.679101729765534
8.099629669683054
7.491999605903402
7.806368743767962
7.991242294432595
7.932370059425011
8.163272147765383
8.241298137931153
8.319474546937272
7.958818633342162
8.170283548766747
7.949410292087123
7.9160766529385
7.697753070387989
7.9370243130251765
7.670026999199763
8.619297315133736
7.993550450075418
8.780380925862119
7.745899743400514
7.713669948512688
8.193320074584335
7.932484541554004
7.050847181817517
8.308036039816216
7.5051175898406655
8.654540477320552
7.749236498493701
7.6578537644818425
8.095637039514259
7.575414075748995
7.565503408201039
7.902845620177686
7.5603954726830125
7.596891842316836
7.8353462314698845
7.226470990804955
7.479273174889386
7.479675602633506
8.05468243919313
8.158615486696362
7.145309467567131
7.113876660121605
7.142368636326864
7.396403779974207
7.711844463599846
7.493103353772312
7.607987767783925
7.0592715290840715
7.8699652657378465
7.319459055550396
7.392577710561454
7.176680115517229
7.177043006522581
7.731097728945315
6.953373264055699
6.804989981930703
7.132854901719838
6.88026690739207
7.8934478184673935
7.445076996693388
7.719075823901221
7.513373586349189
7.047688188496977
7.76355393556878
7.6287111304700375
7.235492781503126
7.345586282899603
7.417905738111585
7.375311830313876
6.9517854461446404
7.33321587392129
7.315983448410407
9.108678226359189
8.03854482085444
8.24853413249366
7.8650998952798545
7.736035580048338
8.225171234225854
8.220112978247926
7.7660764791071415
7.797508253483102
8.87213075812906
8.003677436616272
8.363295703893527
8.697771057952195
8.701778501970693
9.154429208021611
9.064453415106982
8.32589338044636
8.413478067377582
7.625011781929061
8.165009544463828
7.473646067781374
7.618122026324272
7.741617782507092
8.29991454910487
8.681666552787647
8.34930642740801
8.089022820116952
7.873280319850892
8.040019089821726
8.165398305514827
8.533553175162524
7.193772856146097
7.900369903072715
7.750651937210932
7.871018048841506
7.4418182470835745
7.790097561199218
7.723918196512386
8.103173800511286
8.209852149244398
7.80008097155951
7.7859631206374615
7.292425688588992
7.417818201938644
7.846990793012083
8.034490128746256
7.343164100078866
8.36093899118714
7.43544120551087
7.2696314917411655
7.495943563990295
7.2679938084911555
7.64983232691884
7.422428363934159
7.4778189298231155
6.807681892300025
6.660858226008713
7.2244823288638145
7.0952088832855225
6.9897575145587325
7.091911212773994
6.6590278232470155
6.668459579814225
6.729174609296024
7.232670860830694
6.917220740811899
7.167453627567738
7.431663052877411
7.277448892360553
7.175336099462584
6.754068813519552
7.106237130938098
7.4045426363591105
7.306644783355296
7.641902664210647
7.214080721605569
7.407801480498165
6.390433359891176
7.441863198764622
7.0858512641862035
7.23309308453463
6.782251242548227
7.208604693878442
6.791125482879579
6.9793013939633965
7.351616309955716
7.1658491843845695
7.478266284801066
7.171597292879596
6.675529452506453
6.724134759744629
7.7882586400955915
7.1564047646243125
7.307877491461113
6.819668266689405
6.833839719183743
6.586828360101208
6.668281841324642
6.259989304235205
7.059863864444196
7.589545766124502
6.659134081332013
7.942603249102831
7.443537100451067
7.346001413185149
7.192655110033229
7.060388505924493
6.052161699626595
7.015736628789455
7.0079349398147315
7.237411690643057
7.094519690377638
7.296950324904174
8.00098954490386
7.356261339737102
7.18335787137039
6.99936504708603
6.837374275550246
6.57340144040063
7.00269369315356
6.93752615316771
6.730088179931045
6.7804290156345814
7.507474074373022
6.5546757047995925
7.061527525540441
7.02641189051792
7.1974117865320295
6.951758365379646
6.543251255061477
6.894772874889895
7.579011835390702
7.031168927438557
7.342219629790634
7.657029734225944
6.919913675170392
7.201124834129587
6.467628090176731
6.944114038022235
7.308132334379479
6.903616118477657
7.049675001995638
7.525814239634201
6.9296955624595284
6.856121021090075
7.159787449752912
7.335089711705223
7.167938884580508
6.901521340711042
6.937303621787578
7.320258286083117
6.867857262259349
7.456949869869277
6.953340396983549
7.377442311029881
7.217206893488765
7.048142244108021
7.268364460906014
7.882605064893141
7.869819235056639
7.652713590301573
7.964598337421194
7.647242444800213
7.28277486958541
6.868553175590932
6.986175266560167
6.6765848773065954
7.00015725614503
7.244837721809745
6.8862959132529795
7.458550750743598
6.789387140888721
7.241238508140668
7.660956746665761
7.828398580197245
7.469810354057699
7.101898161461577
7.137439957121387
6.879364727297798
7.337922369828448
7.5336849263403565
7.2341361057478935
7.879464135505259
7.263224704423919
7.287306827725843
7.380793989170343
7.515425270423293
7.9670019063632935
7.912243652623147
7.850291977636516
7.628941976930946
7.952990663005039
7.6878365443553776
7.699141419725493
8.00888463575393
7.274205614347011
7.735350908245891
6.751939077163115
7.0965807544998825
7.606563347624615
6.490659510483965
6.992205276153982
6.958319465164095
7.548498697811738
8.103050681762397
7.308740082662553
7.490814876044169
7.023253528866917
7.179391792276874
7.093977853190154
7.693092957139015
7.508002743590623
7.604510084493086
7.018484062515199
7.7712570037692785
7.351945240516216
7.230646159499884
7.47384846676141
7.501504491083324
7.763591503724456
7.249918057350442
7.673267513280734
7.2764188174624
6.9130190222058445
6.917527593905106
7.0263806690927595
7.834387789713219
6.977564366301522
7.402927609859034
7.688299359288067
7.620270530693233
7.582465443992987
7.710253565572202
7.260779605945572
7.718489753548056
6.84485526708886
7.654371487442404
7.510005309944972
7.551380855264142
7.661504596704617
7.218375605298206
6.991334075341001
7.3103985514026135
6.783260163385421
7.1493091124575585
7.259875764604658
7.24628227786161
7.455719435354695
7.151271296432242
7.195274851517752
6.541500810766593
6.957402154570445
7.06074404087849
7.030573862139136
7.473075727932155
7.015529742697254
6.7242484372109175
7.095501939533278
7.079206798924133
6.954662481090054
7.018788439454511
7.118847084464505
7.168568720808253
7.306358589557931
6.348354519112036
7.269541328074411
7.072128430008888
6.787617580033839
7.032255249796435
7.540809396188706
8.026094564702362
7.64558790740557
7.680076619144529
7.360548733966425
7.727292372146621
7.91755788680166
8.017575803212821
7.670511300908402
7.390440301038325
7.486246929969639
7.900134059600532
7.30942936334759
7.314259845064953
6.607889437349513
7.437976940069348
8.04849512455985
7.078773848479614
6.907916103955358
6.624046451412141
7.995662367902696
7.77127397665754
7.603829783620313
7.184831748716533
6.978887106757611
7.253934693289921
6.972456869203597
7.115249601891264
7.4608543703798205
7.436210233019665
7.3099249647930264
6.756240596063435
6.752885882509872
6.554763696389273
7.496877302415669
6.970739800017327
7.162416800390929
6.921442235354334
6.691449725069106
6.616379903629422
7.281827054684982
7.38214962487109
7.221950007835403
6.560901792952791
7.05621248180978
6.382086196215823
7.5193384166341275
6.404319813242182
6.75008609588258
7.383381329011172
7.22249418660067
7.007085036253557
6.952739882515743
6.76990279275924
6.584169026929885
6.830560512142256
7.1524216833058745
7.154982947045937
7.031595108564943
7.060310321394354
6.479947252664715
7.421019537607208
6.636819577543065
6.577742786612362
7.0471037132665515
7.775110799819231
7.1242326407227665
7.781732329633087
7.958879929967225
7.4813369400799274
7.626467324793339
7.253804123960435
8.643406616523862
8.172841301420704
7.390054926509038
8.080234200228006
7.937685592798516
7.71745916781947
8.117820115759969
7.979809598764405
8.479474818566814
8.540950193069875
7.811324843438342
8.07627682457678
7.5190425384789705
8.893984251189977
7.262972614727914
8.73084803018719
9.132617882918566
8.007913675857708
7.8161948814522475
7.478840671945363
7.477725373581052
7.575336935231462
8.349841128103435
7.283607702702284
7.168713262304664
7.527052390389144
7.529011660022661
7.269499747315422
7.691777958767489
7.468976121628657
7.40892528812401
6.957088571274653
7.1186092416755855
6.924829185707495
7.0935516932513565
7.16166997840628
7.222256332170218
7.184708341257647
7.452653378481045
7.485992672620341
7.617416224442422
7.179293175693601
7.238486529095098
7.982845347840339
6.932346910471097
7.332080784020945
6.751584727084264
7.32200204860419
7.374077614862472
7.008430073270574
7.034001555060968
7.116650101495907
7.546742375474423
6.919621784007177
6.936604785500094
7.536386414198205
6.608286869013682
7.044008495984599
7.186660184059292
6.817815797403455
7.399657167727128
7.4621914371382445
7.255444203270599
6.075889666797593
6.679036112036556
6.621204702416435
6.372923790710047
7.409558198647574
6.937717181630433
6.634003514423966
6.30797582026571
6.973376813111827
6.665615663165227
6.71274611656554
6.816983168013394
6.749134758720174
7.339550468837842
6.524047235026956
6.325379590969533
6.320179922040552
7.287389577832073
6.376463349210098
6.603977883467451
6.933072112035006
6.588678557192907
6.425035629654303
5.692447745706886
6.458396839443594
6.892257463186979
6.554651744430885
6.891917025670409
6.5102501339279115
6.750138004310429
6.233149828156456
6.581102668540552
6.1297539584338665
6.5815619342029095
7.038210319587961
6.83787823561579
5.957871169317514
7.037855959730223
7.16730892425403
6.277480409247801
5.808424335671589
6.327163848327473
6.379312320845202
6.252573213772848
6.581899338169023
6.332682988606393
6.288410864304751
6.431070699822158
6.621686390368268
6.868912967853248
6.549045421881601
6.841675418196246
6.482748217415065
7.029922931687906
6.679716321174055
6.396436844486743
6.078096803277731
6.1993177849799395
6.933513074647635
6.7327267930377275
6.289162603439763
6.34205598058179
6.614012682111934
6.515876214019954
5.89290555822663
6.36854716273956
6.388861908577383
6.838473308598623
6.523551274789497
6.368893219856545
6.551702282158658
7.082288451027125
6.504137021489441
6.794833792839199
6.873569551855326
6.328047038288787
7.131931914715096
7.307028080103919
6.108857815852389
6.658791755093262
6.301593407406472
6.087968738283962
6.294944919645786
6.852776454761624
6.197009629569948
6.4454223504289985
6.805866179056466
6.009565382730216
6.112888354342431
6.090125243994407
6.716454436769709
6.47508699609898
6.511991982581094
5.87728602043353
6.083817481761798
7.043486349051818
6.023921536980197
6.361557493684813
5.787441657972522
6.242836541496217
7.486282114638016
6.95625593024306
6.592202924424782
6.325599829433486
6.534944179933518
6.818350708344951
6.155836007557809
7.5465745171532035
6.394319587852806
6.648460190976039
5.8878408637829125
6.624374951934442
7.2747285990044475
5.929804507177323
7.2703734582755715
6.488499549450353
6.938644948182628
6.651003593113273
6.509988584788516
6.718482032651082
7.429945650044829
6.716517282882705
6.244539575418457
6.350797344231978
7.356419626157731
