8.387002929579467
8.254548837896436
8.336150380317122
8.317439923994243
8.300621831323951
8.443650914356112
8.592116345651448
8.678303414490074
8.281105008907616
8.441957793664187
8.507877855561674
8.5487519223243
8.355987050104886
8.414336153771728
8.403565540909767
8.270214535761625
8.242701808921993
8.027821599971503
8.174847392365336
8.02476165164262
7.597751318011433
7.4389897980727255
7.469702178612351
7.75903953332454
7.698222546838224
7.733346128836274
7.977468092925847
8.44311496661976
8.526770077180117
8.143531970214099
8.010332657955587
7.581818625796586
7.643937329761684
7.321299199480563
7.388728131074458
7.223814298398793
7.357489089481533
7.40822984604165
7.23957289988175
7.504352377727628
7.531829457730055
7.3353189351037145
7.468325176276267
7.453132085967809
7.5745307807810605
7.352491450030357
7.325089385733008
7.360049474984407
7.238669600803405
7.075659886002541
6.899000712670386
7.153945683967322
6.9183657160028815
6.810326957143843
7.142905792687088
6.822295080404729
6.826499729650095
6.750582789070904
6.623462389223278
6.968043355504051
6.500286771683022
6.522858122130856
6.870827299077064
7.013070280198008
6.72084649419412
6.791567233856767
7.532414628192782
7.389324968215078
7.778076408430934
7.688825660850853
7.912747804541141
7.796234342735261
7.484103768132627
7.596465252805501
7.426873571239412
7.255553555907682
7.4387834602966905
6.944116355851293
7.330650932621211
6.880322723183781
6.589289779774845
6.45538924774155
6.398853512248024
6.622995504643768
6.468767827609554
6.478239140007645
6.465160915628076
6.176100336480886
6.497792137088254
6.493525985395536
6.4761509341187775
6.7975123731885105
6.792311081197113
7.0139539369847625
6.776106853969395
6.7464426786173135
6.646788726327941
7.217457369668409
7.140942227561027
6.922475976869464
6.998588384129107
6.890027666697279
6.598847026703879
6.632851228583604
6.67505530687049
7.005364583572373
6.744333232054487
6.820914369774982
6.746675424044952
6.832000814378262
6.528360783820972
6.562215838348493
6.695713031338528
7.336181693477556
7.094505284912884
7.062770138029009
7.157170887570828
7.074340391438454
6.791431912919506
6.880929659353569
6.915825740899891
7.465470556402579
6.869079327210784
7.153485863702372
6.856736722402275
6.7497220588847995
6.816929039545357
7.216618711827323
6.865593259688467
6.694391009863466
7.021623172331601
7.235836124746129
6.911944483639672
7.274851728463545
7.816149364458397
7.637317441869527
7.92965983459726
7.505693912273273
7.850037818076089
7.317063588416204
7.483324148226529
7.530130682513118
7.010227429680526
7.220629890682176
7.36609515408054
6.966457478003576
7.165339877130464
6.903049179818481
7.0264287502504885
7.295912311179563
7.339534438448027
7.0597319605294615
7.458889128407463
7.417116165626794
7.49140471057035
7.3590088684577495
6.9071861379779875
6.803857974009588
6.976181431906298
6.817622341448441
7.004416876938194
8.178859302541241
7.1012877728790045
7.347098437370732
7.418945989571512
6.9043690748512745
7.310934197856113
7.741942593595013
7.53603259823285
7.373356159310788
7.3180579277686775
7.6249161313753575
7.432262002490461
7.980743434280157
7.455428201239556
7.317913584411144
7.090983061119914
6.8646688060835
7.270937921246514
6.836663117399439
6.869870961178094
7.209317761007696
6.991591196274385
6.6091640770900995
6.801533065037802
6.352215228835121
6.744310348294675
6.863733115838841
6.511233185650781
6.818080818746239
6.626773238182068
6.929540322627872
6.765627337619662
6.833493386162445
6.68747343448922
6.675195254618302
6.818505534203723
6.437608786160126
6.8294653098564595
6.732792935334146
6.353750339476392
6.561060890555382
6.060416743392125
6.269123409409076
6.54404445993714
6.345657401718199
6.913531445432454
6.685977272922173
6.66330875759013
6.4617893430404365
6.599841425893828
6.304424377391115
6.312479077605531
6.492876725969836
6.343543669441715
7.073227263055742
7.148431406822056
6.8612102209590375
6.906088460702449
6.027775256894529
6.5782975980546325
6.211386019829661
6.6898917553480715
7.151378565467894
8.237504393793643
6.8802375751547515
7.084233303554356
6.61543947388418
6.737462356220931
7.0969860116019845
7.133682021405548
6.9224782234523445
6.925038487883285
6.57655891100876
6.799828479997814
7.178272537887096
7.005744251888245
6.743082916596904
6.487449301406741
6.730358882341534
6.502120345132425
6.636092531029135
6.503665677970275
6.109914720058441
6.265179546782747
6.548825181787834
6.457729367539287
6.3051385341677815
6.596113723004237
6.728003738448024
6.841313847573474
6.512720225378871
6.46905653574504
6.340013048611581
6.836000766605139
6.837737571215257
6.96514067100361
7.033090449869633
7.551503393333405
7.105965678114444
7.0651760215405375
7.095063348300755
7.230203974060714
7.370264080353081
7.262963331537321
7.317381907021627
7.159137310925871
7.167192678200081
7.362261242000386
7.467534848954529
7.788783122785389
7.313159819459543
7.112080711871386
7.225463880691677
6.884803170105442
7.327208912931383
7.876885398291051
8.440100583946332
7.446923212148249
8.17557113384828
7.771536382380873
7.61739568808116
7.504904561210424
6.955653457436711
7.5894286872353405
7.529431189643219
7.231964712496847
7.510245600016788
7.961088526062667
7.068910287460312
7.816633963957429
7.659695795038715
7.470348171424121
7.909664441365749
9.891537179937586
10.024163645226508
11.138629271183163
11.534210945479572
9.815275821369141
9.776662524789572
9.155231272336096
8.874265173915774
8.589961925521493
7.837005608482286
7.6429404460359365
8.665637001628056
7.713717323495075
7.538250975543633
7.7218275517225266
8.028578341007233
7.997772606322542
7.526485950220376
7.3804837132338434
7.907894758507609
7.762572371866554
7.7730010852683336
7.555614062584937
7.613369171041995
7.069477454293519
7.68351643672213
7.638084510574117
8.437480816384777
8.335431028855965
7.714147225255147
7.292032689554617
6.88800145778805
7.097971667768434
6.846386432880536
7.248097830684856
6.932589527219534
7.064052030211315
6.223852135939524
6.743919936940074
7.9998316743876785
7.8512105231639
7.382609971333295
7.516682517947629
7.823581841075793
7.511809062445536
7.108064565109089
6.767251828452572
7.1067469250410795
6.707993413088843
7.2352296023163944
7.006813826272264
6.739299040054902
6.795346415834501
6.8353788640815765
6.859241561265662
6.7841582368128
6.7755045897793025
6.640680083073676
6.649514824384823
7.038007467053831
8.087212031474337
8.538967163767666
8.141156333964318
7.403036521980539
7.111555479699746
6.930045421235263
7.821229206863791
6.980140693252906
7.5251786292064935
7.560116222128272
7.489709477871656
7.790854221442714
6.842869522050023
7.097884149523452
7.42898397706449
7.830084234243259
7.2315153542440385
7.284452287945896
7.344498695107177
7.248773978790268
7.324600145686418
7.573758860118687
7.1991504766047
6.959840659052134
6.9467753113713115
7.073657606961206
7.2042748322710395
6.808248965535313
7.0938136875629425
7.592986227478832
7.153720193309709
6.861183282919228
7.444332686252892
7.693909650202841
7.770455290796235
7.51961237215437
6.917540891095996
7.482353147119284
7.6516865324229
7.480372244492173
7.05390036595054
7.22210987098515
7.254842609167099
7.05520925950259
7.345529198879376
6.809968700632453
6.787333342479542
7.90407423209399
6.791444922564551
6.549392835935578
7.375768666388467
7.261317975120619
7.214900976978242
7.413562576519325
7.473479128209874
7.5651963509153575
7.416001848410815
7.958608360495418
7.368816677248105
7.173263202654198
6.919176856288686
7.36406555515714
8.360664838459343
8.387751203496009
8.960266270907596
7.803452226566151
7.4724302985705435
7.415843395283446
8.860120649915189
7.980748063419014
7.70335193653591
7.479256220161915
8.325164725538343
7.7366182007826865
7.4695165497250855
7.620933517813683
7.6079994172323495
7.457047219853848
7.343311613891274
7.1758881020359695
7.517407243838534
7.697214248357341
7.372274615801871
7.374698102707043
7.469432980986312
7.338208878180012
7.72058378951624
7.764915528241545
7.488192242337391
7.111793754855171
7.624667835654691
7.508416615892202
8.205844324314967
7.36588465445675
6.5435061731841415
7.131964671891183
6.492644065758213
6.656913216691464
7.327370946761221
6.842922454234213
7.343901890562847
6.532719608861953
6.337659008335322
6.718961404403672
6.659391222288832
6.594195199664682
7.185319961048663
6.669088774593547
7.334785675164312
6.852673314278945
7.33829623600468
7.175208267290145
6.584516544826329
7.060136473970488
7.442268452374265
8.156155789270997
7.223456047009677
6.750805666437373
6.803438056726009
7.578021106310189
7.644224049290642
8.054026959231123
7.754133715992793
8.172972986241803
8.059738857205957
7.9998843292705715
7.877556606661528
7.726137589663267
8.399075493449345
7.6266095011960715
7.134375997353345
7.456224273191765
7.990057724295184
7.896780166076496
7.429450623458251
8.548137485980988
12.548071939498186
12.078876027837396
13.223212032346055
11.275907576084137
12.836631331592798
11.633710533380508
11.11514915060252
9.999750460963696
9.424138616770506
9.177298614522442
9.494897678727284
9.28502504946664
9.236319966614246
8.340602751355618
8.424270688788965
8.319819916971028
8.400985378073528
7.9369050757959485
7.674620725447312
7.885818967362866
8.362001376925036
7.774083723779768
8.576793988933787
8.127657330594957
8.550318972207606
8.257005096878856
8.251112974481657
8.518614097498357
8.819101615110412
8.949540415080264
9.924809483345598
9.646132731810212
8.775216699345037
9.058525719679892
9.09061304340139
8.493644003523514
8.554338400019333
8.155526895076036
8.133415538119152
8.398317595012486
8.413077652687207
7.8789086528122425
8.044883849099278
9.218204255448654
8.157417280133814
8.367762336274609
7.877315578516573
8.374372001737356
7.314700544578955
7.455683973850682
8.131836377317086
8.175013752421364
7.651280049467459
8.071772510651499
8.806469604372978
7.556800843914971
7.672595816431567
7.49414706742391
8.564966913545504
9.026013693073764
8.571788807399571
8.910135596757755
8.284840151900426
7.891640441026539
8.336389689706266
8.00676547898911
8.172868515131995
8.142410688102245
7.787299399729818
8.065723367035389
8.214055673452094
8.172185086645186
8.075887117302045
8.055292249191552
7.473859382793307
7.669148455839604
7.30647624656558
7.434464941499755
8.54348489944823
7.502368659945205
7.863465086789802
8.010946249589324
8.253372519509867
7.6028991437051445
7.895585058722645
7.737720970064402
7.96268866606988
7.502813227009028
7.6092519571539015
7.640688845189288
8.582246183883399
9.825256641255692
9.901548405410722
9.960925028659403
9.001483169849962
9.223432037280872
7.797420494258404
8.085797351086512
7.619493786711246
7.538278457010165
7.691089880419895
8.196866514859721
7.713919965084642
8.303591143107042
9.185596392955631
7.991619626292959
7.565323393326253
7.987459739437327
7.82619283371605
7.112019259016961
8.050329346442595
8.593441266799346
7.754069755319506
7.591735874069855
7.7554860829841346
7.877106417901814
6.756714781746268
7.50790446694009
7.518821327248588
8.799495147075504
7.445634390460327
7.436077977530658
8.137176150921732
8.292791166109964
8.96476834337227
9.341047107242048
7.596061717253178
8.907165347831324
8.475941299693659
8.1127265766263
8.38046005088836
8.525997855700552
8.36045295954682
7.5840955472085625
7.898722076788545
7.653861931525171
7.069625681499019
6.871853027492762
7.223364764358848
7.18579427106306
7.772445885464549
7.521248388802633
8.264840571442619
8.352081364952028
7.604854496428743
8.019603554857895
7.459980996325612
7.652964840410277
8.367851777700707
7.000613203737885
8.08568013086915
7.847333377460018
8.56240888312459
8.673710451228544
7.844322556629777
8.381357457721606
7.8995391896460205
7.557076012948528
7.976261279312894
7.710130395134911
7.876901367679238
8.146105678286403
7.696334596956149
7.153290540678427
6.641224646940827
7.317681539105251
6.958950593136251
7.509956998983398
7.331588546279818
6.781720963306725
7.7067934579681605
7.444422204745933
7.113001739839092
7.543983096256852
6.856016419595107
7.324327630223706
6.818622420541942
6.596112412866205
6.615709594683722
6.969661958282813
6.893030323321
7.541935183806345
7.605419829487801
7.500188002362847
7.459130901377648
7.325196204474196
7.158828960964456
7.503586605889723
6.968656018609181
6.941664368379861
7.759589390596375
6.834338549058884
6.855931889032945
7.036172058666125
7.116505704820156
7.467278450028971
7.41305431467481
6.725285491440445
6.136418995214626
6.846258144360036
7.182134897215292
7.146481234813109
6.651115034241229
7.427952989470214
7.1180928139947355
7.36282992688939
6.968846593983471
7.229971556225792
7.514837775146589
7.025027145398781
7.63461201149039
7.7622361776884645
7.930482685100287
7.528623620513827
7.754103654064238
8.047779330052435
8.103371386416256
7.657316642114893
7.322349669644609
7.2887678288389
7.168816070072353
7.466189348138869
7.057292936835438
6.987743062665686
7.296090319985524
6.8184710156638175
7.175947036361322
7.095830550882965
6.919696704950184
7.905127734411508
7.691566355293617
7.563585764262825
7.6084652070421726
7.128206121502444
7.158812466543168
7.200846814084798
6.915780578972772
7.331351944245398
7.217163641704246
6.875811148667708
7.456266766646877
7.091165577992797
6.892257608473301
6.877519870176911
7.297913784626871
6.8359577388037
6.917614274425432
7.036100421566516
7.261243224376813
6.826782778138295
7.05199652002193
6.537540632067248
6.7526384049560875
7.599740350153297
7.306834557792172
6.628165730508044
6.849563589785248
7.0006884736940265
7.179231025511399
7.092220458202064
6.912417094921693
7.050905184587464
7.03757624165155
7.471518715145066
7.159677899442613
6.751080573769286
6.705209050094709
7.285802877275273
6.8271458961535245
6.946962562389672
6.875183677766472
7.334268456790596
7.001757675316185
7.735002344241366
7.268157243030146
6.997843837132677
6.960594317410141
6.979228573618457
7.203597775660455
6.745724495965987
6.671035163337365
6.830814348068088
7.812153403880075
7.115500906249508
7.43040688149631
7.398933813674375
6.77728725830093
6.884061412187293
6.708155763335526
8.042895048391074
6.957139819627628
8.29293263447471
7.889099801424891
7.593178503913805
7.208760381443426
7.227265012217686
7.9130011482629925
8.546196690062061
8.205805170116946
8.229832424316555
7.7006888021714985
7.473169244593009
7.569300371222198
7.738967988872901
7.23546031373553
6.983831936959177
7.685213565360755
6.825948452344164
6.736556419637054
7.290787092642859
6.67888765479438
6.5772705636918545
6.768058427143842
7.573052917374298
7.146228457568213
7.190970213385299
7.058585361111909
7.2843077764846385
7.86015656311065
7.471259800950065
7.081392471445724
7.231461143353954
7.339404241647571
7.124593232292682
7.662602675613016
7.387476766016334
7.849783558398485
7.46657113940455
7.47303779493086
6.982037534238771
7.188486308092251
7.348086934769526
7.053789748810232
6.95278812549077
6.815936451079324
6.310251869028434
6.251044061034918
7.0379414851777256
7.289477402810007
6.854498421307653
7.107618123060092
6.955261034192517
8.108465279918164
7.1025601828005165
7.421592893311754
6.9272203193977475
7.19263282394968
7.484932967694476
6.78440392203629
7.203786111669615
7.1545959347859025
7.631496914895251
7.012751155300066
7.5612567737698555
7.548793540569022
7.271907323505729
7.745513757923618
7.465005425736308
6.944302361924201
6.974525935249403
7.017644793726504
7.686283426824957
7.7924920476507396
7.81179666519165
7.901113061467186
8.101235624635592
7.716648890869692
7.693301321007311
7.61241526925005
7.815339980646968
8.379108007531613
8.261725801508874
8.343774434411898
8.422309059882537
8.83253741520457
8.89992532855831
8.334480500081554
8.020721373381093
7.426661199424416
7.404088926501572
7.288331045536324
7.3782759548630565
7.907967131584883
7.149926240788773
7.068049486493692
7.17296972987242
7.387865739874542
8.429105952382088
7.570355637697503
7.313056096201763
7.268165323417634
6.712570164585486
7.183630322571844
7.631238650064915
7.221437614178285
7.539673560764641
7.071772908093408
6.710666562430561
7.617224384099245
7.452632025349885
6.652528358157724
7.73807784775272
7.491728539112955
7.092969095567241
7.255598998861387
6.734321092022583
6.820564341498539
6.706066806567833
7.107918362133205
7.505813302705064
7.344936572946608
7.356182378716767
6.768210322363302
7.552786241983995
6.7984821503050625
7.67904399940744
6.621091574430466
7.159243542235345
6.549765317700803
6.859400508692488
6.540969456546009
7.398885251488537
7.169210501248017
7.933997330954298
7.101534562651068
7.522727487841621
6.839413255918771
7.300789618631825
6.937751192366704
7.655157985864207
6.810931460233405
6.992356525966898
6.872305527795106
7.579364100471139
7.954444827511907
7.259192590136081
6.988427937030792
6.5172930841799825
7.844551868271083
7.905205285642296
6.756073023425415
6.89707194827497
8.065566931152716
7.961876334622502
7.942960305837914
7.56980269192718
7.665171759435907
7.54233452421613
7.699237727792934
8.208521057385951
9.517725996440277
8.83333322359249
8.763172861887142
8.58842109888792
8.823364761658013
8.018580724485219
7.340826169354841
7.106741928728297
7.724909567506984
7.383164981845766
6.633273273939267
6.9435995512176305
6.707943421555683
7.010544141521677
7.805832714308053
7.7744328391272575
7.250951427267864
7.706126374658197
7.688386333640665
8.11637227749452
7.599798782728612
7.2943636539857835
7.981445546029136
6.872185520362109
7.820090252207592
7.333938159747049
7.225233725970611
7.43290916015394
6.580009415280074
7.3677464292850345
7.0507284321356565
7.916244346648455
7.106574925361201
7.114203375065699
6.366967241745442
6.736303886398673
7.10764953494072
6.426949754590169
7.223670117324218
7.317459416342899
6.838406884809956
6.916914261877537
6.233772090869024
7.5273229700978845
6.6965244696475565
8.488991101970896
7.804882193217054
7.800043139373884
7.637879590503871
7.9043405638076365
7.243012517457828
7.522752105258405
7.721036677947268
6.783146849134937
7.303614666685462
6.974810366285965
6.815558901522309
7.504171719076112
6.517727984115481
6.910926859593019
7.144539592321962
6.794079918880016
6.636227999581024
7.103767006425187
6.941570233087987
7.061335034202784
6.8709618949797004
7.656993349082768
7.07772499253042
6.924974904162809
7.002500118222088
6.897706162882969
7.444692606804892
6.8415316140744835
6.7302857709582895
7.225664604688063
7.033000010764226
7.449000207707286
6.986863491591066
7.01979116932489
7.098729209275916
6.950003513833508
7.425014944281429
6.790808379184455
7.942795235896483
7.354682087432593
7.356497617671266
7.581705887569115
7.468301540240645
7.673817044124007
8.522093863692135
6.927200916688889
7.110586705850437
6.972813181811944
6.750866636633873
7.714193894295022
7.0193467538338155
8.290453833760694
8.192079301690683
8.035273366374895
7.721031557768583
7.182256259024143
7.371549881761894
7.087325020460412
7.334000357426703
6.841246877564117
6.797738157911226
6.579769087256864
6.5824033934623
6.8080217784736305
6.924442033981904
7.470148129854351
7.605730372946709
7.570834633428603
6.781308661680669
7.184605950722471
7.03107710997574
7.393591402797028
7.31995810684748
6.246786193922162
7.15860253572464
6.493530990788713
6.6542359727900475
7.7942889735568315
7.980932591948658
7.001226069638506
7.48174817324616
6.934383451472968
6.966114554554224
6.733483560848981
6.484971213387325
7.271808634279296
7.473199114901945
7.745917031541467
7.665892994729802
7.306543392362073
7.893367709591985
7.553458576556295
7.291171895340085
6.684352434705943
7.190042558358982
7.099117006408051
7.262217317475006
6.725035728421062
7.577489811228588
7.5882211327552795
7.859660163288936
6.942925204290077
7.5799293871968985
7.8840238456614316
6.898271020967513
7.2026686610188335
7.562631241045892
7.013250917661935
7.130071614403278
7.462582646170631
7.9748659420292825
7.027705178130418
7.167550677666441
6.699456513859332
7.729122425662354
7.36499899905175
7.12672131229192
7.318233472993597
8.013148940401152
8.138879239559174
7.751292007043958
7.629345041932538
7.537790193920955
7.298135554185137
7.580086522968486
7.88118508271873
8.378880145493895
8.166985516669229
7.90919465594925
7.788605708628893
6.53657645592466
6.981832585763186
6.725734889740124
7.834447752451524
7.750003583263606
7.987563150003552
7.089535997249186
6.521853789221495
6.51016402291134
6.844438297441229
6.157819538377225
6.861521993065253
6.4640749513637275
6.322416595183313
6.4235601362306625
6.32902730978094
6.721312765264884
7.02105689723976
7.3249911370221525
6.3582024606876075
6.559614321915433
7.021538358181715
6.868365058209747
6.778535148361698
6.4950029358733445
6.9614894047845155
6.5732548895757645
6.889012259431183
6.466239019064233
6.44791470724158
6.63120977836661
6.349519985727966
6.827672242419794
7.347580040572211
7.52140469965525
6.311330610886216
6.518843792844564
6.067168638575822
6.719265452353284
6.796911034733057
6.185555798234418
6.911417060997337
6.334754999727011
7.119965346297249
6.3307175217196345
6.327704605879262
6.676668488187715
6.180085453204811
6.838856466580182
6.313168632565066
7.298229295760393
7.482383047929034
7.240267411805689
6.763853342039511
7.134260414401069
7.509035911876708
7.1046584758441895
6.607432749122381
6.1204155932646245
6.6362159149721265
6.467756151221693
6.705562986899167
6.551712040323764
7.629939459264278
6.112782855750993
7.151751531753689
6.785961892921478
7.266452104551718
6.061185751110315
6.287885987665504
6.010889694094658
6.639206145657226
6.2733238495420665
6.274302975740284
6.381294811377302
7.250114159658551
6.465693972073495
5.629265125840902
6.269433218520135
6.345019910950214
7.125047694658861
6.4900745917111635
7.035368720535189
6.938416765769944
7.457551176194102
6.924091788940132
7.272083405870944
7.296938187209889
6.526881060097367
8.138397000962868
6.654955199221149
7.112226309487596
7.166440169792622
6.088232825277373
6.541906947037205
7.346768582705408
6.73865766916424
7.023769985651597
5.650791281368583
6.393219728488475
6.523596290498972
6.646302705863491
5.884075872600079
7.292939440580085
6.617450491990894
6.7259070561267436
7.276375708403066
7.562402440467849
5.878286390332505
7.514622007496655
6.626748234499246
6.215063169365749
7.2942584520205855
6.273191851563752
6.454446960939094
6.813978593563661
7.396216867491603
6.2921119052916765
6.37589915888384
6.845680916914716
5.274753199890256
6.47399920783937
5.695246831513941
5.418828809866682
5.607316253008321
6.225857260869816
5.894028149079531
6.1810015556402504
6.157311575021595
6.77293032896705
5.894975375616923
5.977359197102487
5.734745328314602
6.317597401095554
6.70552689069882
7.0005189559888095
7.448303906945512
7.371065770974383
8.495467707514763
7.337061129976064
8.45985721773468
7.757104441756383
6.654399779625237
7.648602730827406
7.612465057289228
6.457552930340171
6.3104087605606765
6.264398245839402
6.923886116594076
7.050260896561667
6.431866914965212
6.560850829118863
5.29119854606688
6.3496483117341995
7.243943959707394
5.512955927057192
7.177624181844294
6.732981850858778
5.857142921537161
7.862190937856212
6.828520235139877
7.158173452364281
5.572353645693511
6.941765753552318
6.924921685596928
5.608848608098924
6.513365027029067
6.39167966786772
6.648225732380524
6.796386637259275
6.272640933748335
6.950047191232443
6.952794468961656
6.3133351902943105
6.785625830991194
6.367119855014607
6.567523031961173
6.933347845682874
6.2395196601282805
6.906658177962527
6.761603068094701
7.22853187774308
7.144996561808512
6.571202899795026
5.411394770490006
6.368812954053283
5.674197352025658
6.122060169000179
6.700858826749027
7.367814801866189
6.2072396266739815
6.334653422702104
7.126716912258416
6.61062929732725
5.974290937883779
6.463459346676245
6.297940248856321
6.0199713131878525
5.516496557509527
5.567899623885751
5.188768020598218
5.468439700780436
5.328787288162857
6.113969545811415
6.211811638204381
5.572744564618915
5.848010942805558
5.631621852982789
5.876270392211154
6.486048055579886
6.0066235032863915
6.24259517993778
5.8614191606175154
5.6830885242670774
5.571940931258723
5.613699620123953
5.493308246601373
6.433097943663597
6.500255723716691
6.4866821735631675
6.612750723958015
6.444670541211963
6.829379403963685
5.131560637848452
6.269183590542525
6.236855920869857
6.903859674232081
5.876307760132477
6.010877082357183
5.952711534453556
5.782883768435568
5.75990106863901
6.76832067547366
5.684436392504722
6.451196930371225
6.654806392500177
6.532318512443453
5.918824197491631
5.821651451289654
6.4027344160713255
5.623295782832429
5.026327259838581
6.4070403936784714
7.339710667496547
6.199131076224148
6.054935358231887
6.940953264245763
5.926960401935503
6.252278938656673
6.624448794638738
5.832281009759754
5.907210133736953
7.355362033471465
6.149817211087793
6.895472620381042
6.461223327321932
6.233620280399919
5.451910741860047
6.505184095352888
5.841114166891202
6.465497421799228
6.752186567755416
6.437606453429908
6.589129622327164
6.477053695823997
6.197284029098228
7.691085468279198
7.136714118067175
6.812626184429973
6.725363044766709
6.01798573625274
5.936103683197871
6.090228502405807
6.368058796972036
5.9322720458731055
6.295133284525946
5.993646403076127
6.216273583238944
6.568116634851322
5.976489051012322
6.599221664713696
6.195972742978483
5.788950167130679
6.424727186560631
6.237728707958013
5.879322224995121
5.85114888031967
5.473267559194937
5.856405102647841
6.658291284227744
5.920972706051543
6.950762523571029
6.308062521042302
7.2123004496097565
6.297527638264
6.290144751081243
6.534872042713687
6.175832260865718
7.074411446228623
6.4662999249994755
7.386216033017263
6.716661446960643
6.568862212589011
6.380654484033585
6.406602947972715
5.991407048655674
6.840660550631583
6.634821377461776
6.055402194848284
6.580507236998528
6.953840326750651
6.416811421513557
6.004305319860578
6.259011168032885
6.046319916844368
5.768803451908752
5.8915956686250865
6.41832289728336
6.4161491841077805
5.767518689157441
6.887253371300176
6.245525016915053
6.055814674124122
6.28038326324895
6.291046378202736
6.4743141636718065
7.058839407982305
6.817472667666152
7.318182719871402
7.101180786266923
6.242613724665716
7.461668660864234
6.304502504877746
7.16279071313329
6.936562371905893
7.417269237572327
7.236327724531293
7.954319507814944
7.391324501018971
8.689766716677696
7.138001234270632
7.803171967854723
7.554651522310451
7.37526333425194
7.234543817350641
6.642203581985086
6.374308541882783
7.229107091203332
6.105208521941677
6.228628418175504
7.101006397744641
6.707767049083486
6.674287506379187
7.248034348944202
6.899302802281454
6.531807308783755
7.273892905563116
7.2840391411446035
8.577848299406469
7.9904425092972815
6.9840750503353775
8.171693894080818
6.198686260962859
6.362763289595023
6.7285177174489945
6.440178412012756
6.411968044703826
6.7734829529654235
6.892882816493511
6.699351268354803
6.668475354555994
6.428283454151824
6.280793548561633
7.351650065276772
7.7133349070791155
7.00120871886611
6.531436744146049
6.260612086392939
6.19704145216383
6.869846728397533
6.738909781677648
6.642361325677484
6.230219136923552
6.55503279925324
5.695315323537216
6.475287052569911
6.833188155898824
6.926697576418519
5.130348296836019
6.114551762584597
6.085557214450091
5.23246342712082
6.184154257643968
5.321901035844348
6.141832990339026
4.965791235212237
5.9161872626282275
6.093996478710324
5.520590509520844
5.701537751825526
6.1324718543328345
5.058882211102173
5.459584312513471
5.136741244699806
5.473507952876389
5.479375547263771
5.480848224600777
5.139058390399441
5.329204905545339
5.555544718168676
5.6216699671931565
5.376346122007817
5.962133136112243
5.506621758453548
6.402618025196716
4.924320570426062
6.898259577341378
6.295085879275575
6.071917194407433
6.363297342322767
5.723739601671696
5.931984551250935
5.419101724633947
5.474784826859832
5.723962571937591
5.153923081466928
5.441224083304405
5.21153820049949
6.614256098400801
5.22045529121533
5.127208326244727
5.419969820650294
5.172881326638162
6.14190610172227
6.405073460424319
5.932490322506055
7.579333911649883
5.41090215742588
5.9144733948633075
6.304313635919243
6.3310475286562
6.608368459623307
5.268214761978015
5.485304643167183
6.158009777544066
5.234503366518766
5.669694929383695
6.191279312130064
6.246615170268342
6.282946956343949
5.661869691219181
6.927060517249629
6.237168188439682
5.33070072112605
5.5393096334300935
6.196149540832266
5.295847699744627
5.3724208830390126
5.028983018826693
5.463122294517234
6.062586897751316
6.180800002068281
5.481876940233633
4.970038142288104
5.860091877402738
6.490052995970473
4.933087162906304
6.181626767385751
5.451583736808971
5.764322162605822
4.955332932295278
4.981774424901232
5.912996419006959
5.252432093955576
5.1818973631598055
5.700381316943094
5.184503598837182
5.523982716025785
6.5467280279845
6.344103994080797
5.6672503761947155
5.3449264912633225
5.535841102944687
5.066329775378108
5.245007370365784
5.307882218854502
5.405795493395999
5.018259058706462
5.617072740802541
5.502301557920873
6.001008740859106
4.78626084770076
6.354292380157858
6.577728449599817
5.001894720830023
6.084685959620401
6.335771257174201
6.490216136910021
7.854236841201782
7.678480099886656
7.293861479498446
7.091154576279223
6.031270825536922
6.39345224481076
5.195616495329887
6.118543568765745
5.495578874368221
5.638863455504179
6.482126298360527
5.281528986641206
5.901762447319925
6.332013862207532
5.342260129284114
6.153538626618683
6.14732491155155
5.894038080703467
6.2359923960175365
7.362024581525475
7.808685612631962
6.811022270703688
5.796531472820789
7.544997164281085
7.077097825007513
5.537502794992179
7.616774373687804
7.085563338827342
5.741997913457453
6.267586144851521
6.739185124868527
6.894852159311995
6.08633190440014
6.537242988822982
5.973675347631797
6.0566746587865055
6.912949226330966
6.1933304846752435
5.749111741781235
6.044079488143325
6.190754137467593
6.636139649199322
6.696100244298577
5.499085137154907
7.388923233840615
6.746444837888703
6.720728052780032
6.041288522537798
6.793586621293798
6.578634198522195
6.479683391051367
6.05020927451551
6.5125483404845
7.656596768414602
7.909014052478597
8.002127743093297
7.449253815691918
5.809895131038502
6.020541159436107
5.498602807987481
6.478172838687897
5.95210610923823
5.713864764664322
6.460271656746045
5.69461421133019
6.5266381381079555
8.557254700688645
5.91887204546947
6.079942739102989
6.329874424962327
7.185764691093937
6.34836811455898
5.611372894374654
5.530385559890419
5.95964984013699
6.163275623694062
5.899906215257943
6.2858728466089815
6.650918317725882
5.908461091807112
6.733802560251206
5.971750832395628
6.733778784517199
6.4154392497148365
6.544107177294791
7.007350449683145
5.548436995828524
5.750085345702246
6.130222517764196
6.552142093889415
6.2266919238027185
6.013178378809243
6.343235710635781
7.928484782576561
6.803223185939714
7.335590485716239
6.611863798927516
6.490217686165124
7.002459350042045
6.330982367740944
7.261279455618933
6.920494947815314
8.262415912700817
5.102298531215638
5.09831174230203
5.747692867880687
7.009573464747518
5.94358734972775
6.5617869310081005
5.582971841562539
6.330182099947706
7.150800369679928
6.9908356762025505
6.428775381995365
5.9453575315419585
6.701247622957453
6.50280178245157
6.490329850465059
6.60303894104436
5.892655778676271
5.98787421034649
5.999754095682874
5.898619501153007
5.7803858714178205
6.655623830854893
5.974270842270926
6.531073618214577
5.618506937287748
6.718475092900917
6.136352392612025
6.189059022348374
5.795084009645507
6.506268976256251
5.76786147756502
6.429416979430243
6.11280103889294
5.184410426998511
5.713920064968988
6.031211194116622
7.209984456654638
6.329580751480535
5.569164238870144
6.552588228369132
6.964249703800306
6.858893438242376
7.211695810314268
7.219678825931624
6.571865486213937
8.036579186096787
6.051353134214878
6.721735362196341
7.05307175568305
6.6403867185581475
6.418410825077444
5.908095423132181
6.062157435808331
6.085224624956027
6.846560602774844
6.1408276504371315
8.03454696922563
7.139446313958615
7.172054590424523
7.696466474793851
6.530957115115598
6.639856638619676
5.584737449884415
5.28803961770609
6.613569795154035
6.17646426265128
5.109500695951283
5.725334923714399
5.606819479493424
6.106834060512483
5.798800305696204
7.001647752942517
5.832494834437966
5.330486930906773
5.361705053597689
5.689747685799375
6.093932639574632
6.541976873995736
5.890488907694817
6.219102486036718
6.477721941657364
5.867970237042755
6.483258628752083
6.217442729510367
7.253222012659535
6.475220496300608
7.042413858929649
7.8538129278458655
6.692022583680227
6.58200862724334
6.028956914320588
5.9985225345008075
6.992449089651927
6.121270020958036
5.506025369511917
7.409527185140178
6.615129956277087
6.753624364500865
6.119697091868147
5.924832861986943
7.123377600219101
5.780599127989262
5.932331576244906
6.331554113421589
5.824048963142559
5.475807919399813
6.382302362471819
6.400716461939737
6.506512415362522
6.343240961898118
5.75142950611189
5.4392896050121635
6.169745322782546
5.945207460550591
5.46394911268726
5.756991085596383
6.105707036564127
6.216023656539619
6.755492394091561
6.93164720479399
5.811482918681577
6.535534278023988
6.759795578429475
6.005761664826423
6.318568383576348
6.494355919538066
5.472778638359159
6.122756062541157
5.436551779042929
5.658318410394713
5.338770380010828
5.399758385960013
5.962901844643056
6.414614082081243
5.6876415447331965
5.756741748191416
6.246734890853986
6.684298096690327
7.501771911745891
6.672303016996011
6.536368552828208
7.178508734097704
6.677361176814884
6.545253219315782
7.395846598315984
6.4406343242153525
6.778357182396576
5.631133175455034
5.6619112968910486
6.550762644503266
7.1623556348495185
6.2267912433017045
6.0642870150040835
7.318471127888188
7.610349639086053
6.939090816536918
6.01097347936593
5.69541400205344
6.599043936934322
6.631395090604201
6.307403726736084
6.677551051368937
6.411065680673346
6.654097902588546
6.815755770308897
6.075960327172652
6.412580443779007
5.701362036168575
6.248523353366181
6.494652931345627
6.477592785377055
5.893713542725891
6.217725964728743
5.049461935763247
6.951848227530718
6.1022121123969555
5.262401840067469
5.832754053175449
6.0061539825983346
7.755832176888362
7.316682618809864
7.4020559748169035
7.474040159257129
6.539462241809815
6.833845192333683
7.6993333080317825
6.627336739329621
7.304564189398661
6.1046985753346235
7.191488518612459
6.98601848166436
6.273959414102137
6.388327336171642
5.904014643048868
6.764948755968362
7.464798836037517
6.600481509696692
7.34247668646276
6.619080500211567
5.881567794713192
6.07643095171079
5.857585410121828
6.13288890523836
6.910185125190765
6.0714815384708345
6.483377187978476
5.330884210765362
5.753577686147764
6.113097734050825
5.907818501582369
5.492162734270096
5.2971197394654155
5.233877417864278
5.934812668478116
5.945231048157439
5.602334684925154
5.788855199702084
5.782997649395838
6.139032424427569
5.590831389883533
6.135562675539404
5.484451739350334
6.522607027553022
5.622098215506412
5.598299850476906
6.018301023868844
5.645403487840667
6.191970238694921
5.5863078164402395
7.371365933446214
7.555076172575355
5.959742806619033
7.581994789186865
5.168084903853014
6.172686942620203
5.951686454005539
6.08293787157163
6.391966772964224
5.348165905801579
7.188363311812282
5.4173643158283085
5.429361523827538
5.430499931098893
6.573677664389834
6.3749996109399945
6.129976775031537
5.991550668608397
6.160369794117287
6.204527631169185
6.257947382284328
5.9692210021894425
6.991544113494456
7.2394927041605115
7.720163788180798
6.642662224825472
6.64315404673107
6.2724249879829586
7.178513286402449
5.7407081509009
5.649602844147012
6.439859699225053
5.829228938207962
7.010406526969746
5.6518012036103755
6.187070664251223
6.152698225807399
7.716439007781446
5.324698336422443
5.615835006115958
6.0744061060249805
6.246760910376906
6.137881374452263
7.312688087346032
6.213539085350931
6.44013703847304
6.331845356617123
5.075593633577228
6.054147762712091
5.718719778582454
6.162898155394942
6.318847011774778
5.306036612717435
6.2168297111056745
