8.28910488029942
8.52370222657919
8.304451746866107
7.97948842914775
8.417864723596722
8.256230562925339
8.43611562717706
8.373558698687702
8.299723465926945
8.380819201935083
8.349240466486663
8.07847533421591
8.392120393458754
8.068810044322163
8.521409852430224
8.358424085658044
8.337254161946476
8.257573104929179
8.312970041297376
8.495419112965465
8.434009495191276
8.289057355374098
8.501975416671485
8.418920882046223
8.45431785332039
8.36805367236957
8.34527392918244
8.378579063806683
8.477111293934286
8.28478997014463
8.713953932281584
8.494741284754127
8.630972436163574
8.333856501616538
8.547641386277974
8.42500287340954
8.39702640613541
8.459269240032881
8.468768126796931
8.481813011690974
8.504743149504066
8.477926567662507
8.408256647642702
8.591348969843239
8.568841039668769
8.664222593419254
8.50727051962167
8.665823719929904
8.586713090538979
8.491659846622497
8.736925248987973
8.607942699920386
8.567864906042814
8.542601470835507
8.771457951981574
8.564322277437896
8.658654162660241
8.61249763937667
8.578955336939543
8.574891071766615
8.498522623442113
8.923832747153938
8.571944585070014
8.59278906043619
8.586479619611055
8.424700059928
8.511743014678359
8.831052011810243
8.62025124207139
8.787058238405734
8.61098341876641
8.733917127829045
8.921830200590193
8.640283379238099
8.483019569888711
8.56940665282309
8.444906594697386
8.529763957019895
8.83320438908413
8.756840104237199
8.618107178248465
8.63425984652713
8.954381118528545
8.484998705331236
8.451352543197572
8.987519842106849
8.707339825574309
8.876956104766577
8.811466093175113
8.793106755241752
8.750971815548837
8.795402090530843
9.07748964941129
8.685184730682522
8.855164262000471
8.648013120051473
8.847923063207418
8.493429775349796
8.697659405414015
8.703435715753585
8.578983961138874
8.61318547418341
8.482899212278426
8.834134955424815
8.895658182445914
8.800671394914389
8.532632707152516
9.091564532369375
8.563100895378739
8.881275926250964
8.881636299192905
8.730160537175834
8.933583832345903
8.894916593562812
9.045256254263222
9.101864320226014
8.72320850007236
9.085390647407621
8.934714091476053
8.894862509798259
8.98339968174696
8.980907764285803
9.080840099602938
8.739358096383512
8.839785032905638
9.115234239958227
8.734420378226787
9.078296581283212
9.015631461050361
8.846060019452125
8.762569248210639
8.671640439424664
8.966851387638599
8.80669500399381
9.22805042983964
9.035520798526704
8.77718165051192
8.841824606060982
8.746264166664332
8.878134462516755
8.828653141856194
9.026099047157913
8.995382977183908
8.8892040560022
9.07095683272928
8.914963771123439
8.96007800893858
8.858020650222898
9.300312185660005
8.781689171213657
8.902421853505075
8.868263960350305
9.095492199528962
8.925725765526295
8.77905260026455
8.96025316324085
8.920234517659992
8.821913579944521
8.693570950068533
8.744453790131956
8.842795792967081
9.001691811252385
8.583706193603575
8.712516390252858
8.847879604902118
8.923423572443426
9.068391039967537
8.753833559341729
8.825700738001615
9.210111491847783
8.812839237507433
9.253534174989909
8.916770977899432
8.905114403460175
8.945561110507697
8.876847579609603
9.076541398651898
8.928175056353211
8.792548349127173
9.024572463240474
8.624432270415127
8.662332509178668
8.727311090566218
8.799551271367818
8.886215743608773
8.697562955319881
9.168203158304095
8.861447140574455
8.921732500661165
8.962531324476004
8.652414966374636
9.070020782761276
8.676157505717129
9.090433295816183
9.065192947164178
8.800842217169702
8.938740213867277
8.633173021487892
8.70631784107536
8.577413659542799
8.859733255580068
9.108348187524825
8.758340945001692
8.803974828217179
8.720439952798188
8.685972407925874
8.831715618725866
8.684138413518667
9.310797428246588
8.760321252513677
8.966237003915012
8.66844568029046
8.8135661422275
9.149566742125899
8.52903559198603
8.872936610598117
8.60191719327122
8.830096962396055
8.683498926926404
8.8803457650356
8.569240249227732
8.6090482538566
8.867623360361904
8.611153901554644
8.860957847442478
8.843202428426594
8.59175036335364
8.586697066668421
8.72500918712467
8.797346514184028
8.776231043972075
8.664389811456203
8.804895529523492
8.805634773336351
8.771713685244322
8.758656459394842
8.577299257740378
8.416538760531694
8.500999629031867
8.429978852625936
8.752604832872748
8.611914211884141
8.533709016628563
8.78324371483177
8.706368734594434
8.670453635044396
8.475391260813922
8.541454094927758
8.598311514128
8.508047317154706
8.510361802298576
9.01413216907531
8.995368453674018
8.822278041858226
8.75583992805332
8.800536130554974
9.00952955847606
8.973204034846276
8.862437946721911
8.7891607680358
8.687339747790247
8.823785041458905
8.649508766364306
8.785789158195257
8.84609220083803
8.664998375345021
8.79378457274288
8.581997144035995
8.66189338080585
9.105470678769052
8.812504007015377
9.042014156002551
8.81557382363826
8.923502643126994
8.851372869685292
8.750012734439224
8.96784342220053
9.0057567297481
8.934471749700606
9.010863712988794
8.986388690769672
8.683805637992918
8.532096648588777
8.52511575538665
8.834664767608047
8.647774626035243
8.736982725560665
8.928941598162055
8.73552249185741
8.725653794128448
8.953466209582984
8.96399463294074
8.868640071712434
8.719160873442888
8.703053834382445
8.889794531743973
8.909590441733599
8.534444950520992
8.883177456911653
8.803613550029695
8.575667875353247
8.745558456052095
8.78330350574106
8.544537356123328
8.790076863020658
8.418615205213428
8.530817576218396
8.664950278121978
8.72491660527885
8.559760220348835
8.42555817309767
8.628045987337828
8.33034147368744
9.05539439804852
8.794289780780673
8.67934559006244
8.730645546223968
8.470605560112745
8.645672251004726
8.567869879771024
8.813742756843567
8.558848571032286
8.626089250203222
8.683800237253308
8.538268512580544
8.634631300810724
8.204036434646696
8.44128008093685
8.259025815874338
8.721336061600596
8.458501256071031
8.36107140686363
8.568371593486518
8.509101387578994
8.481621925719082
8.502017401624471
8.63931267010048
8.283660461194813
8.578812819439918
8.716442991513759
8.376672486774623
8.20361581677571
8.289654378779233
8.363319784868509
8.411999513860792
8.611197202466428
8.22490317048505
8.326661164406687
8.480793545488268
8.546992877032608
8.264926171395928
8.58306979923509
8.339229212142527
8.760169707238674
8.600079589057714
8.252334151417017
8.336602025199682
8.78224330348894
8.317064499016851
8.64516949141398
8.335380364209414
8.743878389243037
8.384262955747545
8.975566009990871
8.553522984031588
8.465495168231428
8.546514047775418
8.717617135960609
8.410587958991528
8.235475616995245
8.216316122561693
8.253582125063986
8.110576456878334
8.218706287443638
8.139885253738612
8.207458454649895
8.355092683807015
8.48855357710272
8.40456102322787
8.365375861525536
8.362310474738479
8.40726998494938
8.276292282156646
8.362284314353019
8.161830554716289
8.292114437092096
8.875983492471278
8.46177894435823
7.966829324141145
8.271611346397549
8.080399009399116
8.132905920036137
8.304586885031313
8.34634263953194
8.11080444091931
8.01884655142203
8.062617938965559
8.309942826163024
8.10229809070006
8.186570533551276
8.453149193432182
8.015455602202564
8.32713290862739
8.274775515776128
8.18246225360781
8.169064106419683
8.657117081806064
8.241080278530717
8.30452961847186
8.210012709721923
8.266010421328247
8.34849246731028
8.661427924409509
8.299795759376138
8.2258398772683
8.64202794758603
8.75346125755459
8.657498812768608
8.348647580016404
8.47593525191769
8.522959805559367
8.65456061763689
8.259462974965572
8.334857264533639
8.463601895608008
8.40181257808581
8.338646010030061
7.88277877913788
8.17403889913112
8.415535394102335
8.41633778391406
8.300130927935243
8.2175044962205
8.477660256903619
8.31811313284561
8.336975582875311
8.643858558032662
8.015294557902962
7.924747139681131
8.321391406469047
8.460012666415423
8.396419319324195
8.357430051080883
8.563103691209108
8.123277307022363
8.45463043730706
8.141541231423616
8.38792540691793
8.060655726585537
8.298873512074351
8.018705636728555
8.067783961538225
8.158385087735951
8.19536678493023
8.51886290917173
8.139907815027982
8.269308999180794
8.247880089562386
7.925062892958522
8.197869271039963
8.269591624615714
7.8233008668757975
8.07918856618926
8.179050030186772
7.7656836225651205
7.947895128745586
8.315079843159765
8.034522101748735
8.103289045859128
7.994852258590981
8.22686164197512
7.843109132256359
7.941870880778879
8.222606021910906
7.5811333283782005
8.066473165061325
7.78644113894552
8.169356157304719
7.840262828394771
8.01817891607061
7.875557244289666
8.161990612745285
7.909426262369379
8.396788065787405
8.008292395621538
8.038555283099413
8.293591553578153
7.920277115190402
8.253533519338816
8.233304202090949
8.034819937776774
7.887408921029419
7.978777879849076
8.179820383433253
7.898748395033181
7.784399060532451
8.00273262662813
8.119803316425532
8.067379042506218
7.869754423620179
8.69370013428852
7.773219147697091
8.06991941248998
7.809041729196906
8.0509148016572
7.936429152730852
7.563643075525761
8.099273912142962
8.32930319244042
7.960514750564471
8.035063055809587
7.716800381196663
8.35258334223181
8.299606069922447
8.034068786073476
7.7536338940262794
8.275488312821835
7.806474644690752
8.067528614774346
8.040207446087152
8.023278959095478
8.32305353274569
8.131796393543482
7.8403064352460206
7.846528276335448
7.929428109433502
7.739626637659967
8.006326350616291
8.021263602655381
7.840988700743765
8.461956116370857
7.875353627838194
8.077425858005881
8.197377932723612
7.911882026586682
8.033914684318006
8.321960940491408
8.183763553621247
7.993898946791887
7.95968465320766
8.31984880194068
7.928596168290824
8.23019340634346
7.73414410231635
7.9735501245595515
7.960006463807076
7.661680629942566
7.874516984447837
7.631602628622204
7.559787523932755
7.848727627657354
7.624755917117
7.640297902747989
8.011174948886037
7.776923725614324
7.92665224801749
7.870565798832104
7.670981344534084
7.970483120996505
7.980288053164259
7.866221279138699
7.688711846247315
7.632760568987578
7.77556378650479
7.822913751937449
7.791454438818619
8.034364776220173
8.282120208488777
8.307991800364107
8.05234184814617
7.915825220057741
8.008542510215193
7.528538190294057
7.730363049078733
7.881831704173237
8.076162754092366
7.850617039483041
7.7283545068930835
8.167251428589225
8.169712070375681
7.469500374980271
7.8383231984917074
7.848693287698552
7.918113638879731
7.935662229312584
7.849501227494329
7.4261328261345625
7.7104410491883755
7.473965776851401
7.769934298470616
8.263474320061505
7.921582221984863
7.626158124301583
7.803653921699151
8.095519797643647
7.53185548260808
7.774387909565121
8.037167685572058
7.7585554155521095
7.645995356841013
7.595417512115091
7.6765686250291765
7.942131191957742
7.807067479006946
7.768827622756362
7.745083290152252
7.591484434437007
7.931928425561637
7.889293478569016
7.80777841177769
7.971412084298208
7.886054372182116
8.142770543694496
7.954692568862811
7.5663802966009825
7.8925885474309325
7.6323073441162705
7.714247866766527
8.06295460741967
7.647797602694482
8.023430044297129
7.597692090086639
7.860657586483285
8.035094513557851
7.660243259742856
7.832297563087195
7.679380739340559
7.649997186148539
7.847128507681191
7.6485496365930885
7.536316723329946
7.593520897906274
7.565501073608175
7.824311743257567
8.180370835121721
7.479736217763275
7.814207704970613
7.831038639880717
7.7178141246549785
7.523938638623804
7.437974369851872
7.555644544772804
7.88925372576341
7.61615207279101
7.857009003171697
8.012932101497427
7.899126593023539
7.737374190008268
7.684117284603417
7.683420668588951
7.53138113161549
7.620518310228363
7.975795291829854
7.523622683482245
7.788348242174834
7.584128877148032
7.71879329928197
7.690886945230886
7.937850689748302
7.642540985485539
7.834895441075787
7.604997181100771
7.658174359705299
7.7605963533278555
7.554766722489148
7.9897962412796915
7.481590850977227
7.628970704274252
7.454471907112747
7.521512873703614
7.3582937775645405
7.566620564321056
7.400787043618038
7.583033131202683
7.590695369057357
7.2973788236267865
7.542001067427918
7.810537081211805
7.578495710156858
7.811323497211561
7.454153609229252
7.55941569362767
7.492909719003364
7.70085220807232
7.188429420115426
7.5553682297468185
7.479129800805822
7.473598931916058
7.830777518916875
7.770195932127535
7.469746088143438
7.538510546321049
7.231924364343286
7.575114021077752
7.426739542977884
7.604329723631963
7.194230059394613
7.34152520284988
7.812386042205617
7.656631361227483
7.635687974048778
7.516004720237106
7.5933236461132765
7.706505977082998
7.383709541987628
7.425889854319394
7.4954574522562325
7.737454963847995
7.798782187979668
7.664696495747194
7.513142876094207
7.575686228694394
7.597486761165783
7.800114036537707
7.4125049146823585
7.755124383838847
7.3914969998877496
7.8000783522147685
7.643514905823395
7.512538885930553
7.3870741131249815
7.461715516867116
7.491343636764213
7.52640319801867
7.232651111204177
7.571142220403999
7.850381120108068
7.389535836875439
7.437178021064028
7.007729607168585
7.742089691804722
7.187112271785736
7.641172279370949
7.61252078297548
6.985280419234186
7.98106023366563
7.538003617664799
7.494321450358257
7.626667550997809
7.5212256838567555
7.715817162999883
7.707117504673079
7.428764965152368
7.5482527245767415
7.275262234965339
7.392046224791557
7.774575269315392
7.858697360847145
7.3740675817243755
7.467333606211469
7.310665578814223
7.798507749801502
7.632879057666287
7.454285801853985
7.32109434180893
7.775437821634114
7.285814540227875
7.545616731978953
7.564254184020683
7.41247241361998
7.518222742015496
7.907975312555209
7.4267118773423135
7.262213837821037
7.539207431022078
7.639342414215207
7.639497729018331
7.666975872591138
7.487126607913524
7.4347655940800905
7.706297937082127
7.571768368594348
7.509141888935119
7.619889145484194
7.6702041369862854
7.484500573249534
7.6307295663282275
7.844880271470174
7.362723929109052
7.884205773007125
7.391363993752748
7.608977289637551
7.644381178310141
7.6750657020602375
7.531145730754361
7.254330806666985
7.307831296464428
7.241451607784256
7.389541985932738
7.345752120250836
7.29744590446353
7.192566607845947
7.786366981919855
7.543803702807054
7.411424306919798
7.539938202826306
7.581787571776658
7.476082908688113
7.612180625787005
7.606317943893373
7.230397495208308
7.537530321627855
7.5022166289854795
7.236336911795661
7.524954047286883
7.54540900606662
7.682635721284896
7.555894683115184
7.294367679627612
7.174958583433181
7.227212446043268
7.317007072735578
7.31173186423257
7.462938971817493
7.449513307539746
7.791261007543653
7.540238621644676
7.536398189840838
7.788770547369495
7.393915053922683
7.4932719063945115
7.2741429472807795
7.323742215754464
7.143323727417737
7.605061738751829
6.96347887464799
7.34240555181168
7.373016655212268
6.888708252692595
7.54582408326678
7.536191377323121
7.263012106530368
7.44204540993087
7.540250386111438
7.487491848645732
7.3373067860957235
7.609016902046278
7.146752031520009
7.224159748293459
7.5479725047480315
7.5974562470801175
7.573048053076491
7.649125538766384
7.761457198299468
7.138115247013047
7.430486052762717
7.512912110891193
7.329404688673094
7.199553936952725
7.253904632292688
7.219750375021249
7.330043603666127
7.116616752697155
7.3295875389594585
7.492581985192373
7.5494024741929024
7.557940982514992
7.2685437384061515
7.263994806911796
7.691699034767225
7.936924179084599
7.5690220184624195
7.370962269138545
7.353643327252939
7.261959032621235
7.658267803490162
7.781254729954526
7.225930418819189
7.296269753947854
7.335180179448798
7.7506798503454775
7.535830280743539
7.7348236152902246
7.375384682789445
7.338457027450204
7.4820577369537205
7.464410100365058
7.295440784888342
7.678559957304969
7.110764067620039
7.20073949941434
7.519153653644025
7.724090725183487
7.429911584826186
7.869474750710651
7.320599072379991
7.707006201846525
7.30969629669562
7.486504647182301
7.703748199157417
7.514236877905205
7.6145270683337
7.670381216332316
7.894342080224305
7.525692170718685
7.787558669922873
7.8158510979264975
7.909227530937642
7.1229210055898875
7.351461187237874
7.700365525204688
7.338728017406538
7.593562161317095
7.449951317161322
7.488813093397766
7.166445107432082
7.409139927243814
7.177561442833394
7.356956028612331
7.336297954898328
7.211713976692408
7.461569399340078
7.171964849345386
7.122494159499183
7.296596548054367
7.318230920471251
7.1315183902624995
7.459966408554465
7.511535644065589
7.170377363217995
6.970922866137698
7.150713437004015
7.448582302778959
7.400240098126233
7.318943408783525
7.619648355059326
7.475100219948217
7.510575755732134
7.416791424853727
7.550458446377888
7.331247701775283
7.657209314638749
7.348449541255832
7.508332381257787
7.728664439637214
7.559125655097887
7.775363251334056
7.2357122173998505
7.039611789165065
7.18660446559079
7.243851403007284
7.074386309133843
7.497212034882978
7.520877169445157
7.734603138873354
7.243831433588639
7.0124409925192595
7.460431860061362
7.654718210687861
7.616173141868785
7.819064400391653
7.2964953407645226
7.228212504647672
7.262012192746624
7.731773736421019
7.591582097578794
7.165291702141985
7.780343729769811
7.249198419973254
7.739809641847387
7.529145933222026
7.493303900351748
7.477285414934158
7.362485434161499
7.318479475099593
7.601974315941334
7.473001110134646
7.182273907819763
7.740348372375593
7.455109500559047
7.446474187308922
7.499770988943055
7.593055713921785
7.4529454708099365
7.526978710666299
7.256927395239472
6.809131325921044
7.264682192588225
7.404182511381805
7.515910370275378
7.304010379128158
7.263345297425985
7.268172267824411
7.193969836458564
7.10133795440197
7.387734535383061
7.379108341643587
7.393052681116387
7.2257313975133
7.1046668130438775
7.501946447882801
6.984693695558235
7.214874776313081
7.376478056423366
7.019536672625691
7.275674761738628
7.602145803859457
7.820088612381369
7.302712806267664
7.105947942472994
7.280811647651717
7.43230869458057
7.29158317646943
7.0925303138792515
7.096975476015359
7.018777629593387
7.2278186867479235
7.1132302060723305
7.1661699956748635
7.19125663721934
6.8476472741458565
7.279949691845104
7.074716246686876
7.317804131889716
7.744726572418585
6.944909723242745
7.462124165613204
7.310206521535292
7.108061208156869
7.1549811670556664
7.298823019256815
7.420034430222586
7.483040321851149
7.340922071132809
7.350548229180276
7.4066341107245535
7.269060906721279
7.2099208370782435
7.147486062021926
7.239995394600555
7.310688394587487
6.969838214339688
7.436330132884905
7.538074930431321
7.212584184249863
7.131884274305776
7.389389824355021
7.48557695467025
7.108403792371973
7.1283796690404415
7.176276465412229
6.89059944706969
7.045363722834736
7.102727117948234
7.198280320735648
7.2868433652911335
7.377442883793265
7.005727808689699
7.2182094333693385
7.711979447863996
6.9524815725162625
7.285081666195765
7.463330849073827
7.042242223396897
7.711834620684385
7.34787975391373
7.403573875781149
7.3246096258517355
7.2069461399223655
7.288480821065605
7.352333478629589
7.475210088538006
7.837347253458574
6.837625838583335
7.326275408035144
7.160666785668582
7.12921754270792
7.149307383224368
6.9384183012880385
7.323034975910559
6.985823437804356
6.99162761378102
6.8278114625718445
7.005230427021161
6.991678687511012
6.836258024675772
6.842799491249025
7.180696957744658
7.388936769915745
7.50897533306852
7.01654140651226
7.048356388695538
6.983679665252566
7.062561584170908
7.705710592679679
7.413368369219825
7.221874478971586
6.832172381924465
6.9411080370191485
7.152415073243901
7.046574482694268
6.992550413357094
7.4794690404087305
7.309863957110792
7.105319369118661
7.131052852142602
7.359073950443417
7.437791638774797
7.546812903601676
7.578509951708838
7.68306394899264
7.697348129702732
7.477410221006721
6.945568246766925
7.343756906921044
7.276991934515536
7.21424706466496
7.339762347750366
7.059342605061829
7.370214671827853
7.177290072198957
7.540235218824819
7.489842556649819
6.946397134335712
7.331239722203463
7.173450480680913
7.43175890808925
7.3490603163372725
7.287559513933957
7.644899484002963
7.518200512975454
7.209554278058931
7.19800059357658
6.970650588395074
7.241964785614982
7.255655716173351
6.930821616668254
7.057293587597087
7.182383514242247
7.035877134185284
7.125168506288901
7.290467038052157
7.342661387519911
6.862554730847478
6.880561078665778
7.255469626979902
7.177250528242439
7.375283992150798
7.098618671530858
7.6106840062420815
6.798120331251994
6.916757721919566
7.017565667163581
7.175528563326225
7.135342746973038
7.145477394107729
7.108689713757485
7.038713440531865
7.371698374161497
6.914501984836534
7.378977274056524
7.158284017350525
7.360919627128169
7.200370093341917
7.0634881826117635
7.667337559629232
7.30073743709363
7.0653121885843575
6.971971736289561
6.921110450755805
7.085042705060914
7.180097266566008
7.3424611748196185
6.899576951051131
7.064267989248037
7.209856555564329
7.126597085734829
6.731324839172885
7.122345261508599
7.220694926800206
6.774967227363959
6.673571428284049
7.496333152987063
7.043267973465845
7.183131417492405
7.418805768713355
7.045279261423275
6.948107057251036
7.429441893240437
7.314656142843887
7.4388044299557805
7.298249324550852
7.4637400028295815
7.267456932691857
7.401682085590437
7.651275267824531
7.218470101244748
7.235182952834293
7.020841630874202
7.642971344292164
7.303810423007235
7.466724183643237
7.035187119152397
7.277088415576145
7.597058160463348
7.105518762022257
7.0312601590994745
7.421893683727831
7.188048968790099
7.142479839734733
7.100563091458753
7.560963819967583
7.263604869134724
7.075510915834457
7.3228728889953345
7.080619068117812
7.204121646704152
7.04333657072857
7.371608872199431
7.207405436551198
7.403601370519027
6.977207091869786
7.398098894394934
7.075229884823784
7.058802447048947
7.6525032666977495
7.141229771077633
7.349678888451308
7.26701449858956
7.455036568688229
7.337034724885598
7.169756428338587
7.1987202789168805
7.393315073568374
6.8423471404239535
7.408784562256187
7.18645720439963
7.201608667615801
6.87593100219965
7.104805702576414
6.921359187690541
7.302015957888216
7.285465465858579
7.709661891683936
7.1158392410725355
7.138054941082373
7.040295338025317
7.183079858310521
6.841708982596174
6.686345277354121
6.697327713249251
6.946005741367117
7.1409055520780385
6.82582071213983
6.931427329778671
6.97588709089905
7.031976324506104
7.026594829745591
6.993295356398448
7.150921892840415
6.906613157130778
7.134672222426161
7.460996133740991
6.875972498906776
7.265258091501892
6.675966918701306
6.647360907867551
6.913319495273754
7.352867390494794
6.991024908144027
6.853869181359187
7.1491260677576065
7.231692697620019
6.782360264100134
6.881332032149658
7.099039787659422
7.063275003107265
7.103864912409335
6.936335502425209
6.7030172711238265
7.330118730431423
6.93107928824611
7.069701055297628
7.0461647803895175
7.15121578774415
6.978178546531126
6.9921908201649785
7.132726348703727
7.0173412575386465
6.730413322336972
7.283499690238386
7.228053315542638
7.229034700896591
6.811570738442242
7.007124081254005
6.913837204221636
7.195063605904579
7.213140385225415
6.95172896492295
7.249768293229863
6.79280425561592
7.244065420469269
7.057054496137425
6.976278430549428
7.109763531247154
7.00423539779149
6.741648631636053
6.897140682907775
7.089963254518807
7.133831500774249
7.08428842574358
6.953990938141942
7.003262042067945
7.279254263732582
7.093266393058002
7.0899985413998365
6.810760200023651
7.2603913163766265
6.636137309251353
6.644701473182067
6.853087738156319
7.1455309896264225
7.121931880246848
7.0593696613796055
7.192670804448426
7.369098058436066
6.933254482457414
7.0596595192328095
7.07329879864119
7.447055893251672
6.993593611521646
6.673122119624168
6.922815974801779
6.928221850190312
7.001312357606366
7.012408776208758
7.589567724149674
7.029111302923411
6.83389359083958
6.903504190500826
7.333456767257303
7.337922463193536
6.835228943033144
7.247058432316408
6.644014362478629
7.066050079418346
7.304048872785643
6.8347975632641464
7.226563374046236
7.250816217856482
6.884757412597537
7.183049679035321
6.938486997038126
6.905071319779381
6.657469125697389
7.063400815473869
7.301305982051417
6.564689619932324
6.9620319430250674
7.007513523800299
6.862279710359871
6.805004456313327
7.274491399060935
6.928531288169324
6.769893636228517
6.751003696816042
6.941095758695155
6.602625048952177
6.994131012586877
6.732125873910263
6.977127752033994
6.843433769186959
6.768408733420074
7.079891846282408
6.710111167049035
6.796699000522494
6.90242357342504
6.740352157736197
6.772135672857985
7.145811195485294
7.170055739115924
7.0360666792839766
6.898835992906243
6.959006083663553
6.9514349340461195
7.1293637787457556
6.644354545045644
6.881909985560924
7.027400587685406
7.007971696322784
6.639317003078759
7.207695601508021
7.161188997793943
6.681104492396116
6.865384652977809
6.940713980235159
6.912386161508039
6.545046376530081
7.230439240112901
6.8569373353384435
6.8854711565654725
7.2072667186148465
7.004411696456373
6.922907323343679
6.750420213676989
6.932473258115351
6.836204045219347
7.079656707122922
7.2714334623888135
6.724399504484609
7.166746269213036
7.105228691827506
7.116541311144829
6.911931167123839
7.076023619156331
6.973790954565629
6.840411388548091
6.90031709917821
7.229773465543985
6.784431249368936
6.868576017906889
7.214711920591071
7.2914369073696434
6.6560501956846565
7.154686252819374
7.1619669436477125
7.12116530444473
6.985613684635609
7.183781533502042
7.041591599816456
7.184594537364319
7.020817798562348
7.375083134509623
7.2524057214614
6.992579411016777
7.09680893807672
7.025154729606584
6.76072797155939
7.351659413194284
7.05264003155753
6.729078845586628
7.360350428149104
6.839378881035373
6.925473777577281
7.166271663270891
6.993895493913442
7.042653852608055
7.072209178004414
7.093966454034671
7.125656941439956
6.746175227686763
6.547729222569615
7.18156950850971
6.887235930887982
7.07830811990425
6.975760521134362
6.6591616661753505
7.089963502017781
7.169564654352143
7.162443074164912
7.1593640360515565
6.965892490930855
7.06438736920245
6.867256366414949
7.044795319670811
6.984112151432782
6.918566194362938
6.82671198877506
7.0853029591962695
6.991101289866492
6.774492361349985
7.155734105734155
6.803430519998074
7.247237181756645
6.873526296345517
6.583494940074161
6.953702159924433
6.417217050446197
6.837040412705392
6.796945131849498
6.8730688178911805
6.957311068661511
6.732434887671843
7.073450690833852
7.0649294978939
7.028923317557201
6.7953606706578285
6.932496901135892
6.987022146349773
7.157790360040963
6.678376398282126
7.035295164911076
7.053832492325455
6.70393419614993
6.723255104152486
6.4890184451360255
6.683752472279593
6.624817727832124
6.756587366806343
6.70702182687819
7.068987808190286
7.083987584803253
7.072701059281826
7.1954742341768
6.969585514161736
6.963769620284438
6.790079032303765
7.312239486724138
6.494058853480965
6.591259210836142
7.4576477548107505
6.708061907906085
7.128187269670889
7.081426008371636
7.383345209993422
7.4676087982952595
6.871230603894219
6.718633647309616
6.727813953068107
6.992056006332859
6.699517826084048
6.932427864056081
7.319780865684152
7.278590873582289
6.434729774715379
6.88741983496584
7.207676205551252
6.781924805836752
7.143787817331031
6.975104969693348
7.411869677947834
6.782259122701362
6.596680450253189
7.050973342731595
7.460496457759291
7.517057991353795
6.863238376332447
6.757981475209817
6.987861602101475
6.715322772739455
7.03101146616973
7.480699474457651
7.293043294921517
7.0632654533255845
6.690392800606787
6.749875781824812
7.13426656764932
7.276701944181696
6.841005804948509
7.547855868237093
7.055460416479036
7.4311553803272545
6.695838323095813
6.929465274326503
6.803063037572429
6.270963609218597
6.97031052573584
6.644378903089091
6.77353865141049
7.0297731251921505
6.899966575903818
7.175556704867631
6.8951322780922055
6.983009937452152
7.2221708570141345
7.118551281280816
6.8241076895501465
7.016652449034154
6.9714587847702205
7.261860637459904
6.902685057604685
6.597999405115843
7.038693729555234
7.391325716394931
6.791896033566445
6.8198343145195395
7.158840822987258
6.761755198473111
6.661124111851677
7.190033276099712
6.883198757888749
6.724464146886021
6.962270526913926
6.88893308211118
7.1395126667339355
6.7319069830700755
6.9220958452206105
7.130122206406668
6.954860462574288
6.7392933869268745
6.72274343110621
6.971007773885503
6.9635419570840895
6.964542001485825
6.949129619635642
7.049476513406262
7.6215530927293
7.063061733264476
7.031190913403407
7.283435543300584
6.8779739427845925
6.96211539581418
7.251425522379577
6.940971787786111
6.639761470258236
6.73364112759009
6.984105414245278
6.907165150390938
6.932806242955849
6.660295749548823
6.882226540939882
6.904519459232688
6.64620074396953
7.208066911436617
7.543883092701435
7.174487716984004
6.89013893250376
7.071729101007804
7.296232289867476
6.891432926990092
7.275105258682743
6.995726932771504
6.993847395759076
6.966663593659177
6.845377849182114
6.7785474041011184
6.83166139991954
7.189448807388544
7.043817948084325
7.028576054610312
7.402150100795552
7.261647426523268
6.90611402480863
7.363941898103803
6.755530718015507
7.0887444987893105
6.845678930869326
7.130769846728072
6.882216616300866
6.929654908599332
6.877350952476263
6.901663977885619
7.133548513054848
6.882172006648034
6.679611237021163
6.73344597266987
7.247040565125644
7.298108745831996
7.0003941636532545
7.051892178831622
7.121188241057098
7.045909853186458
6.859872272238135
6.958705025259405
7.077925713500008
7.178834285121411
6.784194097388536
6.645470697665587
6.647666243836284
6.683551385998726
6.835630079032853
7.1476688424590975
6.6889379972126335
6.959804515121505
6.820284239016473
7.066001384053379
7.126387087628245
6.64840292185545
6.740989045938477
6.536840154789388
7.399909676518291
6.946830837521702
6.758629871532321
7.084944149013609
6.889113417593762
7.168161418288946
7.214523786213249
6.89234826923348
6.368534687906504
6.828718992648646
6.6426491506863385
7.105534911388531
7.3855005784425884
7.100866332883015
7.00208336324431
7.231408943654969
6.989017628598958
6.914795292774215
7.1336170537397265
6.589628254761919
6.88405402097851
6.687823831802234
6.903525430709124
6.8185912689659745
7.096073066117242
6.892895611934364
6.400045589543879
6.911696865689009
6.864965225569904
6.665647591697052
6.703444717917591
6.758942390559241
6.66245305351913
7.021904818713665
6.746970299631357
7.0786617691628635
6.669888416072354
6.428381115896627
6.839299019193277
6.974312705220655
6.417383220279589
6.719656036235392
7.062990302452818
6.602910179179162
7.361297299154103
6.795750712277368
6.7143338127061725
7.075946497963741
6.814954382367432
6.683007375802845
7.243218316463754
6.805557988584042
6.539370659273118
6.508541956078261
6.907154768705368
6.841550371376798
7.065297775436193
6.953653431031853
6.590041239047423
7.0167717763688415
6.756854264996946
7.056483810534701
7.05370515328832
6.928495517233387
6.725321368779987
6.687598117860034
6.874496249482036
7.223673242609948
7.112298386869952
6.4933488997630775
7.367849404923618
6.901806122390553
7.112946875859052
6.878693291684613
6.9228618026245385
6.930212179897353
6.545070996508002
7.064889014232904
7.0246750065125525
6.891009736573324
7.122575687477365
7.04204816557467
7.039612796390429
6.675615375395864
7.273914059391245
7.1775269594509155
6.973770976997912
6.777878807391971
7.61386068421416
6.873391350265592
6.9541609096340835
6.668907930841669
6.719189667142928
7.224135372089222
6.927461163373664
6.933238330064341
7.0958052896894515
6.687681754352525
6.560966660501435
6.824466201709583
6.869619442382827
6.964797421824187
6.5418059004005045
6.814182163449004
7.036597426049411
6.665978392818943
7.171517977491021
6.926373889436945
7.023660634411499
6.597141073085368
7.002820420078933
6.828308797907084
6.557586342329159
6.745920082787052
7.0173569798935205
7.164632758125663
6.966695268405601
6.932989461813122
6.8266604009550065
6.870915743289515
6.376091315178201
6.943461871705949
6.771840804256499
6.861399703426287
6.873484514653683
7.025996422860771
6.454471499659121
6.690685556735843
6.820031084120274
6.981527757830918
7.027220246847719
6.648871500743553
6.866162425838411
6.674781420268118
6.626965607050806
6.601093240780756
6.574463427299634
6.721446397714317
6.271881532389671
6.638567078858614
6.373876728350297
6.933634107001126
6.9666058325674385
6.584594193147495
6.650611028075218
6.817369578639045
7.123016999103129
6.810635223286226
6.201736786868423
6.8290389478206635
6.74229816836305
6.547400242416188
6.901071425061673
7.038626284804195
6.957932459190488
6.763037683675066
6.516072696540505
6.807115733623505
6.593967789784074
6.974378863349557
6.8412411969620734
6.735748131060973
6.563822928350419
7.172123348340392
6.556126023409888
6.755301683908328
7.070652321446687
6.899801847524941
6.68144638533704
6.536384517792612
6.44130489625968
6.680657242890447
7.099704645574093
6.9240218189079314
6.551780136069283
6.59188273595646
7.113981914008036
6.822144012898207
6.727513581048697
6.5918665011413395
7.042848406592384
7.163386332569644
6.842514386633411
6.9554464048705995
6.9811832443811
6.777242779964581
7.262386396760121
7.351141930092126
7.304270517081022
7.182863401947543
7.157787299947813
7.038143058074638
6.643049678998068
7.158836531918496
7.121823708759621
6.9123824967537075
7.048643411369994
6.803795247571543
6.803136192029342
6.696700118016452
6.775346362963319
7.444281259551644
6.847052253317088
6.854241678258404
6.683436979074031
7.069313422311097
7.10141291981563
6.832855521468446
7.113795337034389
7.0627501187846065
7.572511018021032
6.97543024783954
7.102326912805438
7.384745429968461
7.455703019164503
7.263403611490503
6.796535038622096
6.863051377702504
6.609493471682072
6.919035960920155
6.919032906880602
6.915722852107137
7.073820102261379
7.024763462366536
6.613852715818211
7.376359859248623
6.693358281627297
6.899419002700597
7.196602564770728
6.907036606455222
6.9200498384889215
7.754408845677972
6.9785947795026
7.131213113665581
6.816981356590986
7.24332890403457
7.1478806810919195
6.73397236969322
6.42014271649532
6.77815941371955
6.675279477611184
6.820428429404274
6.896127019543201
6.996555517194793
7.1120196855627
7.030987727455795
6.940321324393153
6.806153944693506
7.186519357841462
6.648594866041094
7.066515208687633
6.765102982055396
6.851490258006379
6.846212991047651
6.592606803169474
7.070919877383858
7.392739297123626
6.989393193973228
7.249303974211216
6.758265872951597
7.007484841858968
7.000959936063737
6.989349034847692
6.777417183388025
7.4041024062316865
6.941801134496927
7.397231658454984
7.281667018309236
6.904627584619448
6.747470505069941
6.989592353347689
7.075668222270906
7.108794667059556
7.237498475704342
7.171446854714304
6.901751335710287
7.102999089984223
7.23121094238013
6.565529993735254
6.977234089514241
7.42695977515541
6.584368655923754
6.96891376376152
6.926640161778778
7.1815374221187085
6.942014512605965
6.97169597260654
6.743696603924036
7.387783818878233
6.856903163949028
7.540522656869143
7.0101678625214845
6.863670388935134
6.820878080558032
6.896041757892817
6.377301776548848
7.047661492135376
6.826027445727959
7.520514466799796
6.8946224632672966
7.146886324277148
6.674269042909145
6.933073672000319
6.710324230371043
7.032441622111946
6.910351937171072
7.134500490734354
6.672089863102883
7.25902404403314
6.7986129517666996
6.891052003949881
7.208816126687452
7.212364236591384
7.349479043390602
6.671941616106778
7.439708608435467
7.2617020341567695
7.084356778534129
7.025998325785622
7.773982477374375
7.02678851922974
6.98771232413128
7.12830102420412
6.857977314386517
7.309858344960958
6.883889627410099
6.943637944292277
7.003401465713978
6.965057229390368
6.883722238242626
6.6543101272545755
6.473044586367905
6.635943398112431
6.906787270912901
6.632050501881167
6.676373481517658
7.22591966111213
6.795919999713078
7.226527467602864
7.218170074280351
