8.109059895388782
8.500976318027824
8.437658644281328
8.320317934732884
8.323940031696111
8.262832570355386
8.476717833196744
8.395857083145529
8.30030927201733
8.68085594382137
8.60102545004338
8.133647155947983
8.20919368090108
8.188417233992368
8.371279283892363
8.399163502734154
8.309669560752809
8.27339709782973
8.25084690283984
8.401195529848337
8.276125398464501
8.531105546746403
8.4192716171965
8.519052751827985
8.449781113304198
8.55853602848947
8.66777339251712
8.284412937238812
8.519932680763304
8.557092353701591
8.661814586259425
8.251522371079773
8.699196486733854
8.375330280978233
8.490068826358765
8.396681900601834
8.542353143915534
8.584730438422412
8.629630839917809
8.456316293682903
8.49988268315792
8.493926483206451
8.364010022487491
8.652194317430258
8.374297060072422
8.459973724093288
8.496455152984709
8.579846388660371
8.269431322347373
8.321091309655458
8.679810117464513
8.419340355787426
8.800389374606311
8.439352049026638
8.357450224924833
8.742525761015713
8.681104478891939
8.482356496155262
8.538941385224462
8.819954654201865
8.453931375872344
8.571794877294451
8.5567447678186
8.316158185712993
8.560482282191515
8.546823426615447
8.502160699106753
8.56306777941063
8.64886603364721
8.752286149654537
8.815581656759605
8.445450658909976
8.69576255697757
8.695120424497873
8.475591857917607
8.567298250738531
8.249522294849157
8.443121530581266
8.469973087776452
8.441333802882582
8.599038191139698
8.512733806390315
8.75578545872122
8.388901308178902
8.596430274192244
8.306088460143656
8.470131478272378
8.540604197885841
9.142011337913573
8.745699253864586
8.668055540882051
8.81944830948487
8.938122506719083
8.86145102698356
8.526388550177217
8.754597026854753
8.815355456667021
8.675468198489398
8.660316263791174
8.809257267974317
8.850987336598337
8.662499952595681
8.78786267247051
8.806045687291771
8.695688031148165
8.771868329495192
9.015163249336183
8.89213514328003
9.14980593835935
8.820980986114591
9.049911079462618
8.795771705918014
8.920729202684015
8.714511550031602
9.001451171934605
8.883555159438401
9.116853084880859
9.261846587993205
8.843998594675213
8.981399813201278
9.006281693000346
9.015033047180623
9.316239851992577
8.503135227132589
8.50791992759332
8.92197164380923
8.892652810551226
9.01567578362301
8.71289893006906
9.156948308460414
8.8175302115269
8.858185967896134
8.742197991814464
8.869327992666513
8.779150941642001
8.64477891754359
8.765019932296127
8.80992077384144
8.830914476886392
8.735206078272313
9.017828690353781
8.953260730020702
8.904440984595567
8.754217884037644
8.9340571728535
9.030500174034387
9.229494854807854
9.073723594658077
8.683070090599358
9.004090175963938
8.859604619443417
9.094370688311756
8.791914419503883
9.085307272616774
8.632417405955493
9.169992243871093
8.421813171356916
8.857049744110554
8.850545641966164
8.78701664460823
8.69376472570002
8.686851512175053
8.631411611102521
8.740278024692088
8.8337985239923
8.774301630910486
8.716223620809615
8.700949877500534
8.884572068229318
8.579899810254574
9.179634832777083
8.589122794102877
8.877811785321683
8.183472810313106
8.674023950006813
8.833439631387591
8.553822817280889
8.796055226586759
8.730179985519499
8.959380041342229
9.005691380240023
8.563686182256788
8.642217488959432
9.016986055765301
8.746762763243169
9.150145247578621
8.697308680508286
8.764117702376097
8.676688945386559
8.906604085117579
8.659435138572007
8.864914449397475
8.707571011502296
8.813411549665034
8.851939475163817
8.942888742312789
8.836184764280915
9.014640637207776
9.15237660286948
8.934274414554238
9.009071760810912
9.06984599865973
8.84443462220952
8.689610440749675
8.718037413898855
8.687990027014166
9.02860238077119
8.892866618465632
9.162763474974781
8.895732237026095
8.755148647818714
8.498115872498602
8.660954493563622
8.699891586787999
8.77581786038354
8.971484698355198
8.975223978515714
8.65509619191289
8.325120087713003
8.671911315992475
8.932925531640649
8.412511670030653
8.91753110382706
8.581409979145974
8.981573725584894
8.81948137236759
8.915056439116597
8.779133023228496
8.907501874957234
8.735005236696452
8.934051242657006
8.763812443707138
8.617759246379137
8.589383860118687
8.567058593500406
8.840903806500137
8.70568154240027
8.52493177773431
8.515092796180397
8.471022354904562
8.795340668875724
8.539400476962328
8.814358414150774
8.550518304109573
8.553610876668245
8.841904247645289
8.478060537483543
8.08912407560274
8.714690911117941
8.506202913355082
8.560469756368548
8.627255329862237
8.687483578920364
8.188206620514393
8.513692227192223
8.234860782045871
8.36628461489454
8.453634300734848
8.648084526881576
8.667438944336027
8.60027905041352
8.483014796860516
8.33995836507529
8.689517452381551
8.870012216735631
8.393312307540327
8.50309544056654
8.372205873019993
8.341476754751056
8.266618391964585
8.08504621963948
8.361836683470756
8.065836349502206
8.663026886526495
8.502076203003526
8.108315194025636
8.41376529308036
8.610616304911673
8.368949595838785
8.269795523490757
8.148252317216247
8.240787976887077
8.523832450155169
8.08425529836677
8.445543450769037
8.308185616973788
8.284938008524477
8.039347127778456
8.181531962472945
8.174597825855017
8.285755822435021
8.19954805308953
8.511147550307214
8.471408370882273
8.383278047898784
8.323666172567755
8.373546914197505
8.701405921019614
8.204325532540679
8.347674389369786
8.312179232016206
8.132073524640873
8.198314274661243
8.291128743905574
7.679048955440521
8.004501490853727
7.7748288991861045
8.067154365591705
8.609016129281372
7.990229637827724
8.191867282846943
8.097721273312345
8.20456654112786
7.975076182745397
8.083063833415508
8.4527666606009
8.480772278271616
8.311268012272194
8.054779663681984
8.341908886097372
8.27239214349538
7.966373415896669
8.224901759065688
8.263393099186942
8.329937176313251
8.492539336904883
8.237377650802955
8.02526418492198
8.105984051246196
8.193933479022235
8.000393730821088
8.435078282142058
7.928477430250496
8.294922201894224
8.22171312943101
8.011813043849543
8.299469602061436
8.10786155750975
8.121121513890103
8.169953233096749
8.048193453112617
8.15651330165565
8.331599463708699
8.019310459960252
8.167391278548166
8.05120858317241
8.024861151818186
8.235839052125812
7.819007482845336
7.948487410787493
8.129184580873698
8.158192031551152
7.852110709296539
8.1525748684071
8.514394377823919
8.047619765624404
8.065323161194101
7.810193451587111
7.774525438435376
7.891117439605296
7.810389831895009
7.954454018035904
7.940686708549038
8.25664593349211
8.33076960616745
8.241866810712963
8.113444946007803
8.301621900405735
8.30835716589354
8.392586051952094
8.413688531145453
7.875208825338632
8.283003350254148
8.539292720379308
8.517747621284798
8.143741762032732
8.016456232406199
8.488184343557805
8.211354595143348
8.200951277744025
8.515342784579843
8.205853340681642
7.756200863979757
8.351540216943249
8.51563780172728
8.07150848256424
8.24866818729788
7.884007163578644
8.164406031835824
8.094820445869118
7.894065655069426
8.574634122895077
8.230222064303234
8.310717064887285
8.134054468711838
7.970102122286335
8.598925191443413
7.822592415614054
7.930991779780015
8.429168654372916
8.038811626145616
8.041308641666546
8.104719021357596
8.29235705989413
8.1170882913284
8.252213508822024
8.124452621210366
8.589088157285005
8.280028635635972
8.563938519917428
8.056206910405308
8.108602022286505
8.436244900338352
8.401941835181788
8.6042649471201
8.321079985937104
8.119357037823647
8.261105161858723
8.474375161807984
7.840162182226777
8.157905502710491
8.002306220820174
7.877180072711781
7.699597692349926
7.898469237610698
8.347706219181418
8.13054017489776
8.031988396309316
7.942482071695849
7.929471678799018
8.279623621609062
8.120411578565836
8.361871771048754
8.56895145890303
8.118862497154623
8.239069849951193
8.174076134804636
8.549174934159964
8.272907136939466
8.291919978801161
8.065039845416322
8.200577708426863
8.362781821750104
8.374709603609517
8.321000620955601
8.229362384416163
8.147643118863925
7.882063893368468
8.708024440100417
8.340622974326834
8.433688858058304
7.979586945846677
8.116100384388119
8.210963817778975
8.23452970245853
7.929116248618811
7.940344114322215
7.777201737044379
7.870429287664592
8.170016280841082
7.675728937378153
8.18936919607222
7.949264941038564
7.9043883245904
7.635200420860201
7.763507247436792
8.16885457909666
8.106939841294661
8.168781463289633
7.713658882305026
8.19405028456822
7.680430559208617
7.441833243472502
7.55279997526668
7.422798621002585
8.121722148731351
8.098985832417384
7.977790526347235
8.485797928413376
7.632833041716367
8.188492583110929
7.569174408214167
8.336274003842846
8.118802491109818
8.51358897285536
7.76456540171057
8.321381491143256
7.835873243631795
7.973741890164092
8.401309880195186
8.046215578913689
8.454656035406515
8.108555185841396
8.05240937601775
8.431857835035771
8.500912193907425
7.8749639668967575
8.56615390186198
8.091405623359606
8.2001196090132
8.391626577125862
7.786252748221159
8.105901454109699
8.627852380508557
8.061688280897215
8.201746586710215
8.217868521343917
7.921891162870452
7.944815129740164
7.903275494929403
7.929949399549514
8.122574874199927
8.457155269570649
8.339507080614567
7.868544166907668
7.986110411584377
8.029132771771401
7.989571288926527
8.06882118829526
8.131279029184952
7.912093386054039
8.476346735376865
8.039438599487767
8.09117969754152
7.891924019902945
8.064019459066913
8.294921090826392
8.680323119973764
7.877128690015525
8.062724963296205
8.076357902493328
8.237814803607762
8.703520094277337
8.082729354966432
8.448543031467125
7.928656814619899
8.016276864334941
8.236889394000173
7.9856509764213115
8.206140857888386
8.160949597135186
8.086574466200545
8.024502921383828
8.433510217117146
8.17037469195202
8.526819714112207
8.166247448185459
8.540445463266224
8.023418180877343
8.44834438408725
7.689777978695929
8.36555820913054
8.31923635583371
8.429275973234326
8.320806115632877
8.292358841979876
8.729131371714175
8.441892522154376
8.20048783137463
8.118970523355529
8.188525043660775
7.86540289898403
8.06593429017812
8.284878492588177
7.817719414597377
8.469428338576108
8.312366992002353
7.772209107410163
8.097658484941348
7.693080082070082
8.679639548063278
8.551133795874193
8.460862551815808
8.258908787509426
7.973281500162557
8.478508420055732
7.913045054068789
8.20679270918481
7.807796875946224
8.535524318460375
7.846006938023493
7.562525655375794
8.501632085070014
7.97634428460151
7.979457640787587
8.592602409888059
8.077295741066337
7.768062436720356
7.9160063962917775
8.140659427735955
8.181425544433296
8.022720169275999
7.80977674247697
8.60655313800089
7.943512287689373
8.188819413306192
7.696315243840218
8.337795495521277
7.861463328357786
8.134825000306591
7.737245185766369
8.092170386109501
8.009282401297241
7.724724970757961
7.9665540440473706
8.18028888409026
7.935651928884909
8.051017048070207
8.103656491497532
8.446913759456947
8.082414192380384
7.974571711849421
8.045313169481233
7.979651620145887
7.774478466948494
8.095481720753014
8.143565258244053
8.233961877413094
8.118232724489644
8.053253080695868
7.891273282235488
8.16811913298443
8.17681539314799
8.460691513493657
8.13849280984141
8.551335178082809
8.369345898972824
7.987406491069123
8.527192468056455
7.9340028231963515
8.085112331202254
7.591423361562192
7.455381106352434
7.655427766731009
8.037618696223944
8.172807549592108
8.008624014211819
7.721305157756433
7.939728128956631
7.916465347399935
7.903294554678723
7.689361151307821
7.90344509575516
7.732302537187934
8.149182845838368
7.597847202792764
7.62742226710543
7.821787269320339
7.740176857914776
7.855705994181335
8.033411776414141
8.176168132107705
7.560718358960003
7.964871126227081
8.015186965698376
8.193152258871123
8.1341435352806
8.049603331135586
7.997589995386079
7.949509049067274
7.850068344268948
7.968682196224108
8.179916583700106
7.668505755253136
7.509097553789616
8.111372248269618
7.715282181510702
8.49619811726734
8.075515588745475
7.534736820263788
8.013760006986558
7.852472210302949
7.690838580951095
7.663198828930035
8.055771501734853
7.9613165555056185
7.502863960107788
8.08131213998422
7.471749085467309
7.922637338284403
7.543743092566729
7.413775224704295
7.860561019508168
7.973758748732507
7.552017057547346
7.683023739606142
7.417752129258588
7.967513236450031
7.933413111139089
7.651303674792871
7.772277558920905
7.348201012471691
7.683856091927737
7.668026165803894
7.903480330249295
7.3185079887043685
7.609072771389037
7.9370925955008715
7.307507548714057
7.305079687386751
7.163356094388291
7.201382661703974
7.405650519533083
7.089657503645867
7.376688420074061
7.466444233665243
7.638730532024056
7.684234170475975
7.689963220153004
7.133874888997525
7.336959299631417
7.449934397591278
7.763914537150413
7.43963922187686
8.230650963960215
7.750010384945199
8.482951526297256
8.409569832263514
7.4081130446866155
8.146012998418882
7.961375990649685
7.901473639998585
7.885588648961857
8.05006195208989
7.832920674234629
7.999845259124413
7.696567222941667
8.035600832896307
8.022450861288235
7.9910031370818615
7.656977086095139
7.6674984528217465
7.856643701903522
7.931422645924613
7.872788631822914
7.724772319663316
7.381673534633592
7.463386721210554
7.731576723046601
7.331609797896817
7.6142431776970625
7.592534454073757
7.384376177098602
7.556765872519463
7.191211369121447
7.80666741495952
7.848965742159635
8.30400922964327
7.6145216058939695
7.459407474612817
7.94854122842662
7.791783870430663
7.204489944502711
7.994057089788839
7.795902099693194
7.588853410212323
8.004503265256062
7.3762065172195435
7.550657078856602
8.176483062561601
8.270801625214517
7.68266607192345
8.04243315057829
8.407023733248934
7.845437858020887
8.2859214048367
8.333549111150205
8.630993010243401
7.668236766010523
8.184047878254205
7.632096600253135
8.02903861226514
7.694137209095061
7.846831747563556
7.529736078111455
8.219225593376905
7.500083498423919
8.002950370777398
7.701793326996267
7.606811876874417
7.382205710513517
7.899967411067337
7.212812997866422
7.566447546705604
7.497541513061151
7.379012474324554
7.092045199824497
7.321879803203046
7.313003001967445
7.501325096935034
8.024031575303525
7.676004331791773
6.990937456255779
7.817142840940505
7.234607561258599
7.374237889191136
7.77053775312379
7.33193171909079
7.874965397873893
7.14814124442637
7.635806350503117
7.32792984507978
7.256586330244318
7.094064227538183
7.120717677520588
7.050036690663546
7.332138858735561
7.378281616838649
7.625581335974857
7.769955647876486
7.421586007811129
7.222103781532496
7.427840046118945
7.539559677941725
7.384707065066323
7.084992634365335
7.933503161650151
7.389778319047764
7.53663269802928
7.21474928339012
7.587054627016187
7.6306330694351345
7.458528673276305
7.052202329039574
7.2763349008746445
7.6079879142344
7.640949553577229
7.363182562403381
7.626433505909517
7.5233459221199155
7.539625220000744
7.476205373182893
7.421355673111975
7.6069997099693865
7.108953660354018
7.725862057413906
7.54718905617483
7.2025741308461875
7.63500686828047
7.553749590413645
7.55367469554767
7.216269291937351
7.521280626533553
7.558102029608563
7.511993889464065
7.683316406793892
7.421044935937971
7.726137468824163
7.928836347535253
7.260040281806141
7.69265409745276
7.145844616228715
7.930801344104111
7.57033888855949
7.327249366790056
7.035516955656931
7.109484686981887
7.5116457471158355
7.22485812054947
7.102893633535132
7.142315522767603
7.515465147327632
7.053815028863028
7.670332390116528
7.099286645883694
7.093182994052768
7.586258940864354
7.285118452273309
7.091260747984052
7.139630285091698
7.405238175066188
7.527305810479447
7.459449665388092
7.106399036478251
7.175407043425366
7.118758072843775
7.107421749737114
6.852746925549582
7.442953096469864
6.975072804838419
7.056344060692936
7.4371970561333
7.972470402251929
7.058387856930494
7.5131255278829485
7.5958158110734075
7.2353361821733415
6.97287727240473
6.767071230337024
7.487568417331204
7.2793451505713165
7.525717762298882
7.915866878814995
7.083130895160139
7.33719466207549
7.632709159981459
7.3682000380940735
6.8929418756160885
7.364324128720909
7.232805656036362
7.356470396509394
7.084705399116501
7.710614483337849
6.942413724027574
7.226363757159561
7.12688969890587
7.46330287726596
7.725865479791537
7.257072117412463
7.297686463454738
7.444596958113834
7.477362310048193
7.81982986535877
7.9370406803209335
7.2428698933217674
7.229885965352878
7.369671885157004
7.4612333150580525
7.072799285408109
7.319496450945735
8.25060858251527
7.639051406178623
7.643727145390585
8.291528868023306
7.856518896529451
7.852583623724058
7.587573797442019
7.7531620361842215
8.080039880471304
8.226459194207564
8.107678597094491
8.019292627926916
8.446009701350704
8.080672749085352
7.679008659906685
8.10752503061667
7.787824928993359
8.190973956836388
7.922351248329505
7.800024622352794
7.974635018734261
8.079220161307603
7.742556853219867
7.997401167405769
7.8319324012845755
8.282947229221463
8.371967727085575
7.896474385634065
7.7261902678292245
7.693574986187741
8.065483094891533
8.502608293900266
7.712457787012681
7.6451364669483155
8.18149924930185
7.442546621197835
7.581064529018477
7.779407694935799
7.657060994533822
8.105666783405468
8.278215471189469
7.961427970556542
7.926433117827401
7.7246942825149745
8.003803626867011
7.622534932335839
8.024566579377279
7.352617713389918
8.012763936305419
7.486424338305369
7.709078008541837
7.718509660800919
7.719973874278367
7.6563521502539515
8.02624427061528
7.418869683519006
7.671374978497624
7.550469351466745
7.521142456447706
7.348820629296824
7.75577310542576
7.424568256828934
7.593487583333626
7.090954220388085
7.323072152677923
6.917309938697144
7.334981304127723
7.419740467099473
7.0483338695485145
7.811954450560734
7.411226098192856
7.49937506346032
7.290064426371828
6.798265231074765
7.783461205661297
7.48462397698313
7.627064920030534
7.564405459212139
7.447476289467886
8.100337731884792
7.504989255452529
7.344520202372223
7.314617206342518
7.397414703853428
7.0298416938167065
8.002229167846963
7.035263258032501
7.18303306074813
7.498583842534572
7.565250963671133
7.6115815008524805
7.316915802424774
7.8823004274163395
8.017675688955933
7.918352178530768
8.219746007118374
8.292034244863316
8.338139901403338
7.945378347299993
7.737578464671969
8.388926754007116
8.181895616697147
8.137190584558994
7.629496320383623
7.596666631987318
7.925648066913709
7.466523117851466
7.780317621305585
7.716457773000002
7.564175535226241
8.059699925594032
7.468234805390239
7.56044774944894
7.3680171554442495
7.377275387523696
7.503725207410753
8.29068081616424
8.120887458091602
7.649547458393499
8.46667941333726
7.7288979140575975
8.060094631277025
7.7298538205213845
8.315023424569517
7.702052745968103
7.635059179970995
7.535449069691822
7.923962904373184
7.51858828519471
7.598001616774127
7.619252597680315
7.553433493478224
7.335576800396666
7.111191526055336
7.8339984158519655
7.445946257095784
7.448099584085867
6.9150367197580636
7.803165047429502
7.421890574973077
7.718609287636355
6.935506406938657
7.211210907436907
7.58750611054711
7.633270919090137
7.316884328844026
7.33505441993475
7.503195021068677
7.753352546831593
6.854440527502447
7.7266977722756565
7.675461606122553
7.678112062159926
6.957769385306165
7.570311142830178
6.635120837483555
7.521435430971906
6.792057707207277
7.088095312239602
7.219786334782839
6.912429212592542
7.213393734069541
7.596500167390332
7.718411127338186
6.820543515263125
7.4079526867717505
7.551133897388354
7.685788849601522
7.154608158860356
7.867396311135963
7.486415802501142
7.384524343302473
7.600240751402453
7.549095066962764
7.144323135726154
7.580708848545328
7.656314693391323
7.5046896485146135
7.653001883998513
7.390943238977343
7.802135903621092
7.825030923588201
7.241145808948204
7.846568113891408
7.7893081998918205
7.5409601158462465
7.487059186445549
7.325715196086094
7.541054817615077
7.801813330268487
7.753868784289807
7.670574587769806
7.267978939693421
7.497304812306538
7.324789272155613
7.281539543764666
7.483800037531182
7.550908945733681
7.566585243213922
7.9333201250992715
7.550504789920524
8.198627988575026
7.763482620706782
7.999292017193511
7.65308664762415
7.552358768880367
7.148873331490904
7.10235217330046
8.081123552285135
7.655856112483889
7.037159955594689
7.3855497820768505
7.123456081841141
7.370804998558015
7.299611150985584
7.469482056098059
7.294813337968662
7.483111802721396
7.159598522586748
7.16717161401175
7.137189088622108
7.253408058313653
7.348835818469524
7.405629106098786
7.525689874542877
6.975231874734163
7.38383566099219
7.486276157665998
7.210715433815494
7.597186882747337
7.752426997991279
7.505866385763511
8.222673880401999
7.992654539179057
7.764709050534293
7.691981659270823
7.794694815063849
7.152694563381374
7.354483172763139
8.044372150907293
7.963123160414398
7.402761992067099
7.563680439488962
8.070879814215004
7.38083365582861
7.4114457769319415
7.992710032733157
7.728124111425132
7.923428142908961
7.576478625880554
7.790156912989914
7.620293010724708
7.874827002640814
7.974104332039133
8.828254872467369
8.121525911381468
7.896436876384541
7.782711654668674
7.168673721374944
7.405734793515876
7.461739465361461
7.890709097729996
7.996437174966559
7.828274253522977
7.985628538532183
7.269578484119847
7.3520535917486995
7.816756875952706
7.893850591499358
7.848285377258435
7.677206083200872
7.1609503091312945
7.296520338859409
7.513089581392705
7.342171679716557
7.559914876706898
7.462964543839917
7.5797315433155745
7.668076329631731
7.624414516147226
7.655062716687098
7.531089364783838
7.312824280001223
7.089672425761819
6.486238656332716
7.51359463436529
7.513845625799149
7.163461912656203
7.1586664048954844
7.758033957798034
7.453867542091757
7.441044226987287
8.075269866967574
7.843205702956766
7.256459871307015
7.572902356274426
7.426661780802533
7.505268353736028
6.977241930086166
7.146021049935371
6.99658711347729
7.049289647024125
7.629341197665781
7.351239568786696
7.086445545312017
7.046016636304557
7.364178352756426
7.227798435371369
7.120260935742408
7.419762873090804
6.895852305227891
8.587572549004108
8.199644470820203
8.353215290000662
8.039801524719223
8.64275502669625
8.701768981525674
8.576833533821627
9.112237389665097
9.004929979564622
8.96367164957337
9.360177000751719
8.471677297027782
9.903795583639294
10.084175115218386
8.524446158669889
9.102051126537845
8.957132655661553
9.0215593224857
9.428637605626136
8.744559665210545
8.964160432573408
8.60802538646385
8.989657460944727
8.098201064625755
8.720472595887259
8.894508383935317
8.99176805256866
7.948745888657868
7.711647643242031
7.973068227758631
8.124733602628112
7.7712733030784875
7.294094728771597
7.59849396860227
8.061092977877706
8.04276316985488
7.4889559673611075
8.591548491735011
8.210418908391148
7.715162170585245
7.883920567110181
8.260747913271189
8.57599004614167
7.716764927376062
7.735841613495722
7.704374342691153
8.3350084007252
8.25206182198599
7.492713482817635
7.492925344035029
8.081802850821987
6.860770935425535
7.538969258777797
7.9966248366981745
8.390180171234533
8.66739397495985
8.761187226511538
8.352020100224763
9.093585821334273
9.220292251557112
8.586201310390607
8.784723598510027
8.319419749313965
8.399978074477986
7.586392151424661
7.659870757954195
7.999959199223667
8.233423263765872
8.636383891804144
8.058854553150013
7.788171227090061
8.288511278340593
7.850626104045659
7.713424940593541
7.959225664148107
7.942811232525855
7.739182619377971
7.2951870679389685
8.708963573444635
8.053966490086168
8.104703730205074
8.050366315292194
8.724820971721783
7.9890486968215555
7.6149113602004945
8.046865716343746
8.077160337707028
8.3425923071336
7.18597604543902
8.530741102294996
7.511871246388182
7.166113725164905
7.712471144506708
7.5763138248585165
7.498884237837046
7.578309572068974
7.458320775534958
7.267237019026652
7.508090312359855
7.354470442980528
7.931788955349475
7.1560725041199476
7.676622087135911
7.71303366497159
7.3542478864546865
8.00836932216771
7.04707010067068
7.763361690333113
7.693393856752664
7.876330599188805
7.6017327315639704
7.832185683771968
7.920229532523081
8.059555566404015
7.92591298231855
8.881180736934766
7.997803359292448
8.132956175599247
9.040934468153864
10.138849776238203
9.054975678678602
8.498096218099818
10.162747158203274
9.897707090014592
10.217383275041357
9.86974218254909
8.846788396360353
8.451567034935579
8.115582974394783
8.418515226105228
8.623397364048287
8.446533443406224
8.047998759662732
8.030799011001363
8.025402391562238
7.630224919645116
7.8359325581695884
7.994251282885671
7.776833350537345
7.711199074750766
8.069093031808734
8.085504721151665
8.111788102891296
7.6132831026334316
6.96652157837525
8.015767140546814
7.523505160352215
7.553730106679723
7.836303608957678
7.7231874817516655
7.932471202220768
7.779102535452694
7.525420527206734
7.486888006329536
7.477233844110742
7.754218683578074
7.736968220444396
7.791211900534108
7.948996185325086
7.991700484417379
8.763703272677958
8.375666733598337
7.786548903910443
8.318373382091522
7.96592870936729
7.805364076280966
8.240274445386603
8.317707318114117
8.311558494111523
7.740157559514046
8.369098082417622
8.247506364015862
7.899801454972476
7.450554023962468
7.9555593186523765
7.753253642003983
8.228514637798071
7.769275640370324
8.019467406906188
7.970086701912805
6.92715482506901
7.454870427493006
8.148976999800652
7.473237752448767
7.515816273866221
7.8534100647084415
7.407747178804129
8.051610978785902
7.590304512530565
7.221641126554459
7.546687992056832
6.944716462865472
7.4076585283037275
6.540857617743313
7.913201171439141
7.101692375028506
7.5954543254338205
7.141669069416821
7.542564925272018
7.339945040876046
7.612384029664099
7.7514774210285395
7.013928558211774
7.830801740055904
7.149438397958875
7.900190579239279
7.522967172320932
7.90161675051786
7.521686952328309
8.336463346611708
6.900355655932799
8.056330762105063
7.5041604994330555
7.424145305296406
7.502889297204092
7.517123510828242
7.187871479196474
7.5035323621705174
8.571267392486334
7.884471688885242
7.527640112908557
8.204319552285597
7.094847762724385
8.10774273169227
8.070016697281972
7.995005564764142
8.393016754416749
7.4953489964827895
8.5931465360336
7.496882566483691
7.684317919658497
8.612930489238352
8.72301419521682
8.429803752573207
8.211749370675534
7.805362408980727
7.9048378565348685
8.293373227352276
7.883851237362251
8.000149400206283
7.638987128157169
7.614749278407544
8.176487071439624
7.4622245139908046
7.592540431302041
7.931355903157964
7.2191527124959975
7.132621939526871
7.987162318080664
7.58590781618841
8.040078295394778
7.995463690487668
7.40760968090035
7.760495367227122
7.212936949683353
7.427385116927326
7.259837444638833
7.544457820942625
6.854593288386241
7.8405091788154095
7.721591744571924
8.08411519578658
7.827872114023194
8.080983799882233
7.7168573956005275
7.931311624823138
8.267143250443041
7.423891331069171
7.9577166175004095
7.025619565974921
7.46432179142721
7.278156718472019
7.7143630515784025
7.552059608278796
7.214204852236435
7.463111294200644
8.724867541575804
7.4782385437283665
7.3273782804608345
7.998952084919438
7.959561150055379
8.42010124376975
8.731435939203948
7.902590143494308
8.246456178138033
7.696196365635842
7.878963758703321
8.794617011211812
7.961033943807706
7.742745649302378
7.791506583569571
8.518915865337476
8.385506447637454
7.781932616373524
7.639466002350673
8.637726652435958
7.5590993338264525
8.551732130115852
8.59644064400345
8.137046498712152
7.101783419493586
8.334238175069913
8.775807823520154
7.474591305945069
7.661214096238837
7.894899395527318
8.036719317082316
8.00025618285872
8.034306186484173
7.294177875854075
7.661524624563754
7.6125016594305634
7.740544528933242
8.593084539286792
7.129175935406238
7.449065890861675
7.7306527744513005
8.212709247134626
7.523102635284886
7.082458472577855
7.654244008241221
7.837855736957863
7.5242889653891325
7.832248256541789
7.588134480640292
7.455481130629778
7.845117069780827
7.288881360553205
7.570093448739499
7.842859836528078
8.045228168135509
8.096480981446803
7.671998807229102
7.414989028358832
7.452138103079051
8.02929785917513
7.207769630942494
7.201249466044828
7.168184321606532
7.33570732595399
7.9783546924591064
7.655642781639472
7.482408909825608
7.006824960233644
7.842035625129938
6.940116762649268
8.06574071245268
8.322943028295413
7.946794157382101
8.23364889388904
7.429580373223871
8.044236917980015
7.7991023124195635
8.604995309608057
8.56920850253664
8.305242277216166
7.962694477522746
7.808788473717868
8.357362000271678
7.374866843223572
7.500665597151965
7.469933094922453
7.577190963551402
7.666703279828653
7.541959830792621
7.321193555369973
6.92479480500333
7.499219940509647
6.579138888977468
7.024218661244959
6.972750833723694
6.924720815848559
7.889918200671673
6.846580761484802
7.152751262998208
6.851706587942317
7.757147444412112
7.557202110532671
7.30197657761164
8.481017745565623
7.724815456895158
8.718320090090856
7.767112404573709
7.729404995217919
7.866247504251078
8.003407238749787
7.589723115088418
8.308012481313199
7.524212677963078
7.45529258903116
7.432878602063283
7.629105932312086
7.601060030749068
7.032473048660904
7.58569527301006
7.323850234504789
7.0587174815591425
7.806321502896026
7.4846694390289485
7.6644316841848195
6.591598402708769
7.45534327509813
6.816070069326088
7.162826852174476
7.60906880046241
7.97855630540289
7.044021240901202
7.33467929973267
7.891376065788791
7.9182351236231625
7.505892601329833
7.217376888496801
7.520557920914143
7.364846347132698
8.198687945026904
7.752306394511834
8.004035950172693
7.348203090718016
8.36790092755109
8.099696470424533
7.833277440397069
8.042690377449617
8.464054098818451
8.233390470966697
7.833788918564096
7.966072739800438
8.777006334392354
7.432767857564613
8.241716685937718
8.524810049450025
7.404017677763477
8.48092072410509
7.369322628714144
7.600321421399713
7.815686925314367
7.9277313076891005
7.1040628280024976
7.337167116813362
7.2146405598614365
7.594006846193224
7.3066993514075875
7.382852714974433
7.154931226745248
7.28949078801088
7.15726086194627
6.9852195372805
7.350716689601541
7.4623941143509
7.166923305951059
7.569241439457983
6.932704992592335
7.957629110664129
7.6429875693283975
7.399096223060042
7.119679464027286
7.561301361536607
6.997759616235271
7.103008018108085
7.026875311741605
7.850904196500778
7.329481785651296
7.326233659870923
7.418505481444299
6.703751903958619
7.854073728900403
7.712885522749275
7.750335714779794
7.223542794585228
7.558341440279037
7.4305213573388755
7.935292586451396
7.435255372431129
7.539687683340162
7.257862431695685
7.266235010465607
7.241904047084972
7.464974021073431
7.247057086555287
7.748059916775674
7.075540768913925
7.723980396520346
7.5280695841647685
7.249712992692366
7.155830422416329
7.065987160196528
7.70365313347429
7.268441237742081
7.491300488356501
8.031324674841017
7.353724382119253
6.816623833961785
7.249447287525982
7.245532621629536
7.426480867899954
7.3397564282640815
7.168251741910353
7.191753159742802
7.097460077609867
7.223190086195245
7.206849717302248
7.704179584980011
7.196608657250181
7.013924717670307
7.538675952237099
7.513634980889037
7.641225716564804
7.198459188453853
7.173212173162028
7.209532015956938
7.814378393348306
6.664618648821488
7.6091668617445976
7.233749530976638
7.163628324400634
7.858618817990646
7.192872317507863
7.55452109919861
7.3033374371007085
7.209163471590728
7.131494728149846
7.189804629189894
7.248859824379906
7.623937328811735
7.519191131461412
7.165673972805962
7.244668413186446
8.112202336080372
7.025798594579101
7.099878511857241
7.003516372758895
7.531892264727503
7.532106225611642
7.304686056217179
6.882025290746242
6.693603485822678
7.859170714393258
7.281097224215046
7.388702792581171
7.4467931350227445
7.446685139555484
7.367152912775055
7.378818179713562
7.424629871034995
7.4447595935780555
8.324807318858802
7.487940232036635
7.704048297600821
7.322259271284565
7.879036313854158
7.315853836480528
7.8477404930163175
7.6901783384382725
7.631370598450303
8.220071023097262
7.391107732895762
8.386972810141742
7.453258937224746
7.944867785554379
8.183143875794485
7.467545659514144
7.460302187362686
7.655355776660144
7.135323988040909
7.400393040152267
7.9797972133383155
7.3058642281685024
7.221086489968002
7.740225850371644
7.90612618625164
7.577475102385506
7.946242124307901
7.878243839368224
7.9843699398916215
8.893924807431176
8.168880247278139
8.23610102199018
8.379283348564059
8.357966634444892
8.843322339700535
10.323717653285712
8.659938993863761
8.320572559023276
7.865955376299098
7.840236474992707
7.761915736133233
7.535602596355602
7.643074931111187
7.772346502635628
7.421615506289527
8.067423442844301
7.882884549675509
7.341063526459038
7.4037414086051285
7.659669589949772
7.37893443275243
7.652847528690472
7.996465399628505
7.069819625699893
7.545932054985315
6.998036977136508
8.033812905428931
7.073711472097784
6.736623493023217
7.141703444998711
7.540846449555829
7.157510979566723
7.157143353484571
7.549526375019923
7.341318473452702
7.249515821225941
7.229653308866546
7.398699804442003
6.668647992890328
7.4291132115758955
8.014647387666628
7.184624439571053
7.299938446143642
7.167301426641643
6.980538060888648
7.317823993740603
7.000223146518692
7.118145354092121
7.528785523725674
7.820749500533566
7.372195526724681
7.297513742232695
7.652287061791867
7.8005278368946165
8.068671754561365
7.781847626436502
7.092786901630461
7.4928248131182045
7.126215789932758
7.103555276058614
7.490564368665218
7.065070063341409
7.13096119556576
7.2204415067099035
6.724828991107643
8.265868979971856
6.432358613237739
7.44828603323549
6.73799650138244
7.265652559697628
7.110505086136982
6.9251716991420835
7.168525007087737
7.032032112590969
7.868423551786691
7.319356449181214
7.320434819441289
7.549610832473263
7.325005210004747
7.461873522028327
7.817446832545102
7.808001742931083
8.219624197110534
7.825717353960499
7.2652724725194275
7.387591819977388
7.240730968536809
8.206526676891372
7.66947113443166
7.4377051058690995
7.864528093021363
7.758527216734365
7.778950015548617
7.231071438407525
7.6325637442059815
6.902805423364043
7.729952366556972
6.648468109546229
7.317465748637915
7.0178761929273605
6.951538878493011
7.460691458079964
7.139437431003898
7.539119859691709
7.069732174277306
6.842212200863287
6.941854863427579
7.350079124094918
8.023006033385172
7.205701379338279
8.24759135209024
7.378948773723096
7.334538377588615
7.960555038647726
7.410072083352134
7.4130356886889786
8.082000536844134
7.512276881141588
8.450716758612543
7.573803105624393
7.560233106836677
8.576572431484237
7.575174654601142
7.7345020095817745
6.998570912284777
7.6383608458563685
7.220100787002593
7.588100329041481
7.113592854468152
7.618077993392944
8.827327804174274
7.972352209035307
7.868964413879439
7.9194340168032795
8.058624377008528
7.32401001593098
7.961450485745445
8.061409136513248
7.79288304480724
7.699366599088535
7.435667848447338
8.0222055723425
8.3838964716997
7.68690128903836
7.8315089722163975
7.203117725905031
7.907054085750133
7.48152925260365
7.635832620318979
7.398062153719366
7.116442436352372
8.080403943313286
7.761797114275396
8.367779074469581
7.986227703513578
8.007373378612101
7.937109152786434
8.046500640222803
8.142827656352893
7.859736737096682
7.783034233376384
8.31935903034173
7.856386331142858
7.00937414332293
7.8539339867420495
7.4845341560430825
7.809073247015476
7.683799520600587
7.1152282452676445
7.375304626300931
7.432353459298611
8.015999952796847
7.639310232130811
7.159121184377
7.356606749817729
6.749226574786007
7.646911080228165
7.391098378226161
7.762500572716817
7.7932933832053095
7.335269280942157
7.282067100284621
7.086278218775988
7.3064605363179
6.7482914249412715
7.097322473302484
7.6853455347009
7.817870183847845
7.177827022969723
7.280099369119853
7.442671364406124
7.376934364205226
7.089273343794048
7.594158399384469
7.034967029932886
