8.280529731884599
8.162055200897157
8.269038976170123
8.337361705955118
8.299182048533112
8.09235252533108
8.32930268254131
8.236544573213905
8.26602028356865
8.248079489450902
8.360409001354128
8.346306287217885
8.221537556964904
8.406401051208377
8.356058849021792
8.136568874586374
8.251306749880314
8.320328138768673
8.263911947607994
8.345271338243037
8.346317276824266
8.380101731047034
8.395635157823563
8.294358584098518
8.480103500187397
8.504583918955177
8.298733939416707
8.47897193999961
8.407781797461212
8.429842733312398
8.393551968038082
8.69276332994923
8.840233094990253
8.572064619977027
8.353421327192336
8.832215750589967
8.270667411386967
8.426617828197777
8.647980330046266
8.615409705787897
8.661876160651445
8.631091783288866
8.573663068935275
8.703107405919582
8.784015567973256
8.809581281151623
8.634240504354239
8.596040405798703
8.679952359758317
8.991314264945686
8.845061879139394
8.450733148492873
8.852593826595694
8.619116590823978
8.906434544362128
8.800234141293913
8.797568494454026
8.921085292939097
8.705616828985512
8.6705357930623
8.867732014507055
8.805174387525767
8.800914870109409
8.953929473180324
8.938067070674151
8.70520218834281
8.636027474887669
8.798234917223454
8.794933539349586
8.759775274433196
8.880848238710314
8.878429587930441
8.976648152805865
9.110681347548962
8.855973896104842
8.768548936583102
8.920766559429467
8.741605863906443
8.974873966071755
9.131178501062095
8.654719459824264
8.805303598288447
9.112971648108214
8.797548326663673
8.84013931825757
8.989419812802225
9.018838771153241
8.835298738442361
8.821672467980534
8.887904299423099
9.06907223444432
8.893234763294458
8.73319966159761
8.64571364922449
8.930800548754632
8.908044325187802
8.84299712954089
9.019141517579556
8.850431196857244
8.893818094395101
8.736901589203626
8.842281174380332
8.75708177080378
9.004438983276486
9.021871974226087
8.846088245511055
8.735102676320821
9.297332838177681
8.785592649597675
9.045150954276323
9.208232740871608
8.972551310434937
9.052754204720259
8.962029282003641
8.981883957982063
8.888278386555612
8.938879719469696
8.964185213670135
8.793195433914661
8.99705471796915
9.09517782414332
9.08324252255261
9.084996015299112
8.917957919184119
9.019686447456479
9.052389127667993
9.04160049231723
9.04274352407083
8.798256007488817
8.86642813961953
9.042306856252253
8.96800814429298
8.909230959136039
8.86240554228425
8.969214858021587
9.472137488424778
8.749764568638057
9.05289570055902
9.085342840757221
9.065989597700536
9.07603483973071
9.315864051692188
8.844818323850632
9.147904672659934
9.275569457095116
8.952227245550603
9.063503821846098
9.143574276007712
9.418660287279636
9.085217508953065
9.476940107531846
9.1605315329507
9.366742242593318
8.951643052976578
8.925479026511312
8.940097599290311
8.914329217746854
8.988233112264425
8.88215259462595
8.609777658246458
8.880826486740261
8.884264643769711
9.00537217501551
8.883320010267198
9.315307683777064
9.10657376376912
8.897620119154453
8.800273265689611
9.092763389926404
8.999685863498598
9.232861768454313
8.96890463354066
8.730219842866063
8.879641931504011
9.076462092343718
9.04429677920416
9.021372493356466
9.156511542387307
8.93101148167625
8.836529308464378
8.972013670019805
8.85265893721953
8.90105168428272
8.84988037776202
8.806556386407465
9.002427316270769
8.93183179711923
9.150179686490446
8.74338732007891
8.714433944318444
9.010464722756296
9.192302997224033
9.094790031202137
9.029941448941827
9.119391256943345
9.122841510456055
8.880443097557873
8.769960687495768
8.7747548869811
8.794278802815825
8.742797766812146
8.882171273697168
8.979556182865053
8.876018532086164
8.881313849240541
8.666746206115931
9.096731336787343
9.088844302110374
8.571661641355604
8.81090094987303
8.968738962896168
9.25867526885122
8.758688589558005
8.84445109590888
8.9743737061508
8.898263494949788
8.933841697871685
9.060803027823567
8.730074103921652
8.941037934739143
9.319052931386977
9.342069978825748
9.225960507057607
9.1365343821235
9.23412634129636
9.285096996463835
9.210138504393399
9.118141518440098
9.17478338861838
9.135609907098114
9.048940958455205
9.220223719719797
8.973868859931827
9.004350300878286
9.18152027623728
8.807484685443342
8.930028287693858
8.742626412305981
8.84457961237058
9.123660716228187
9.021574575919658
9.22729287110269
8.913744756020606
9.178663737140596
9.33949448633939
9.237005082890391
9.032540174666792
9.015404742676765
9.117157337721437
9.291140206623822
9.089344886131585
9.29867570893839
9.292794086039066
9.339232413098216
9.242435929365456
9.757390994112939
9.194046564400196
9.11536132125184
9.518415279686451
9.550314374268055
9.439740903209895
9.355143775232136
9.247861005365849
9.222466284409165
9.650839798618108
9.260990857612342
9.117765062022954
9.321794320829213
9.222210376989096
9.635079653467983
8.875487477518618
9.49495845194906
9.434538510628045
9.045104957185686
8.931326480116695
8.971063735429198
9.259272602386773
9.182835196144879
9.378226811997592
9.152066288515925
9.187055085320026
9.057506088167429
9.058701313100755
8.950065426994115
9.132224056404084
9.067215193528682
9.022493875585496
8.913307153619826
9.047120796050876
8.87197471735999
8.583746143616736
8.79935193946585
9.075293458998203
9.252326297573745
8.856478698085994
8.793364197481424
9.045197479892522
8.630578201729804
8.659724249970168
8.466409149114043
8.943626685533673
8.840978460852057
8.5878974981606
8.853719878476113
8.737297880928963
8.453285825438797
8.754313369747251
8.611457403283566
8.642255917191505
8.667123952880502
8.625748617108911
9.11368534853682
8.70644871564582
8.719113625120372
8.79852255480364
8.428249779623002
8.590061278548092
8.423777977470309
8.734416191466153
8.479207683354616
8.473082726122811
8.208944711834192
8.520513457711786
8.427379713859409
8.54051335947588
8.68311005923897
8.428317114245147
8.443841295316815
8.684949640650302
8.623995670350268
7.994497524108738
8.211607363075018
8.783258375711739
8.572322208434343
8.418828793801367
8.526070774998516
8.460002320352942
8.194453105330467
8.712516566738486
8.501559300348163
8.536187404766679
8.312532701063901
8.482784650288522
8.5039660804905
8.612338874023408
8.455634159967303
8.778801161330193
8.376116166356951
8.301399749005213
8.529142955318093
8.657924057450145
8.387108937371522
8.889781941194087
8.312018365133554
8.628266951534897
8.555736405774951
8.727324080653489
8.566357208881527
8.331165011972189
8.312330601271242
8.220268638338894
8.473476933315396
8.10491511086002
8.46167377824895
8.314477049279958
8.463409077376127
8.440445285057649
8.81429581483826
8.793123099021614
8.041040210518986
8.462215810548514
8.104390118969604
8.46344846743159
8.39880424272269
8.721516373567283
8.512667998904362
8.871201840229332
8.799228833289817
8.37354139611125
8.253697958774865
8.719391140155494
8.622674861457199
8.354760046582669
8.888234403450042
8.779643417568877
8.547558361198753
8.505680734291673
8.449711495544761
8.613544373307377
8.938833914231509
8.774879131000489
8.96366140851751
8.889342619571835
9.151667714118958
8.890192328486592
8.884565549204126
8.930657747201622
8.351429097820073
8.475046834675595
8.592510294169188
8.645177486352623
8.81874599144794
8.435654136352241
8.330564393661916
8.732983332592994
9.029836839064956
8.971902193967253
9.02916167397052
9.108210779726505
9.112698893994093
9.003684839699417
9.00174739700742
9.05771255446598
8.591126413550228
9.274955263361335
9.056984571740031
8.988489509560168
8.390171722276136
8.522648779908195
8.702903484459966
8.445272167911753
8.388746399898082
8.865239836275578
8.036440744064748
8.613201743923128
8.298271237174049
8.78413380892016
8.600895156618208
8.978701999643818
8.780695363413543
8.647723495960236
8.339845705078915
8.699414514005184
8.577223266474903
8.529905000701547
9.167030588258058
8.827736208681017
8.844225593842566
8.821287611499429
8.910862007178366
8.858019690494984
8.731288773706183
8.687786082271487
8.640545847592875
8.993173907743767
8.700954476837069
8.628002289682627
8.852078730240464
8.78052529366687
8.649284568615258
8.63200476183556
8.855943005532026
8.477407468482852
8.666423350339755
8.723837620113045
8.751040571834892
8.54591012862511
8.64091295725666
8.611848572269082
8.61521371314302
8.397905813064426
8.236893551656976
8.35226808884181
8.507637774338946
7.888039701851085
8.264955366728827
8.055166150676087
8.329286531778052
8.353617585031316
8.216636852361262
8.25374053302221
8.397445745300502
8.076093729352579
8.117263682652265
8.523651014547795
8.575900168390945
8.72984226164408
8.780261056497693
8.21277785091661
8.590784220723435
8.437876265496016
8.638756211381406
8.505408288910985
8.323656580643728
8.360908259637654
8.154389217263088
8.310854167910293
7.952864101855084
8.335572398733348
8.52131934138015
8.569013182772323
8.456195770064369
8.810002884129062
8.304626857396215
8.33317529084161
8.220581433735788
8.314280257560313
8.317341413116083
8.60856956616044
8.605074944673106
8.467967942124233
8.39617085386999
8.26107513718307
8.439559610327706
8.361304588615894
8.615147765725851
8.460675541311502
8.178211063146591
8.194930290337652
8.052875873167068
8.137181817321107
7.9673390875104815
8.333433912368491
8.256059559062123
7.917544945375994
8.3438392537646
8.241056547965854
8.635378615697846
8.193591946503147
8.357912111328915
7.9873808436095715
7.869202478788793
8.393096196465194
8.32039476139471
7.916646943660453
7.804139720741659
8.229666280793026
8.022527816938236
7.92852673237212
8.796027204021811
7.7684469586238265
8.246468677651137
8.029980313498527
8.170176266692579
8.211928985314444
7.736918839858845
8.138738675042987
8.206077802926302
8.103781919227913
8.017193259904161
8.120247649261728
8.108917571837083
7.877130438340828
7.901501478627324
8.445692718261853
7.5171105673071
8.032866253517568
8.188984870677814
8.029399316059425
8.66997565771453
8.273217069217935
8.134080755757168
7.91427269927226
7.914594890549779
7.7254799113143235
8.035713048418984
7.870182968210429
7.619426743360236
8.47825585771352
8.239233317319304
8.37400779640302
8.32482137111947
8.242374398745596
8.402638022787869
8.185029844520614
8.897282000165433
7.800429464550689
7.88889891654253
8.399620091542602
8.367940641008317
8.050471005262807
7.96490134508349
8.362842257134616
7.897034795023501
8.13216148968786
7.792465117294341
8.34707992640324
7.92150938580744
8.233797666151077
7.515675628324971
8.331974016036838
8.15720459795557
8.207352714147419
8.197513228515163
8.27897747978568
8.118551820050925
8.323081126669422
7.7825436550192535
7.877123660873622
8.098195165162906
8.128351655090228
7.702087709214538
7.928751738276333
8.172258835518733
8.422221512766555
8.189062353456393
8.027205198071897
8.044144860235974
7.856850324198604
8.00564274797216
8.208799906307831
8.250195403583348
7.773650045040995
7.997354632942006
7.964400451863185
8.150115992641076
8.446405684342608
7.867696379078552
7.930317246355116
7.949569738935679
7.844751610886306
7.8666504917200655
7.649971953127533
8.232913277111948
8.207736138952896
8.595064971363172
8.157752841943875
7.750017964513972
8.435215114848688
8.246917797951028
8.025809320621192
7.903900273144245
8.174191491911188
7.981288202106953
8.410275522619486
8.315856163622811
8.772292184410617
7.9685338395647705
7.851249734638259
8.147886531893164
8.254811421735212
7.959402206353843
7.950706394389272
8.04557707393542
7.503641550196335
8.110190277686343
7.95129284216091
7.973792055388913
7.939064426813275
8.289468122413382
8.103854317218065
8.283370489487424
8.337329623522237
8.727638992946595
8.172657291870564
7.936899381689727
8.175820270553231
8.469013933790848
8.467116709798574
8.448698496446013
8.423300109803677
8.523101626662537
8.537020054413006
8.310439309803769
8.519357929006219
8.183550402754918
8.726935743819922
8.241841012611985
7.970755542395636
8.17057737428695
8.374874321743846
8.167576756095514
8.159608731744811
7.792955824639648
7.6342118927277625
7.8650206287857145
7.490163498325273
7.999131456250325
7.4567196341231465
8.154726963490248
7.938416192075238
7.888925386359915
8.02816271991469
8.23713332042098
8.202164269052446
8.358437022427097
7.948786614695564
8.06704937084578
8.073834848823026
7.791716551408172
8.228526981547475
7.606056391727179
8.01065567578189
7.55821870570071
7.561974290525541
7.683131228666753
7.584832461550832
8.004685855237767
7.771760003408417
7.86421457817778
7.88436863431707
7.685791907599196
7.856678336625919
7.920964610995725
7.8757366731297225
7.6588268601335585
7.981375621864572
8.462854204932228
7.561506319325417
7.877598156221211
7.492543090833351
7.70993539178744
7.453776519279927
7.830788273829967
7.299106367630884
7.567370510194451
8.209560551214963
8.099731143098325
8.230123138288036
8.21007688390091
7.803653488401324
8.325331643223763
7.572894460521638
7.981467742007226
7.712116442853585
8.262419222155586
8.452033407986164
7.971581334481016
8.24377940245904
8.058542063226923
7.85839861119166
7.997613346436992
7.585426158504561
7.844336005626246
8.038469501305372
8.406663482775912
7.9700208944268525
8.110766689060256
8.402848851401359
8.12611008551903
7.894160563359037
7.701596072176471
7.756512812804431
8.048867433331907
8.030243093147874
8.050458916462958
7.640789929777384
7.598198680905625
7.480266761267558
7.77643111301586
7.693510225741193
7.7098251595161855
7.750332247465849
7.979136405047029
8.036666434491053
7.941302377264947
7.86323965433985
7.9244029216933995
8.008935472927988
7.933036474743858
7.980342922732234
8.13534816680476
8.241598234744743
7.994975230656564
8.188219009432942
8.647561435820535
8.028924327343702
8.297543306136504
7.609563953476027
7.88347285753116
8.105209761532024
8.035575988469645
8.228769535664469
7.8584770581219345
8.076422153273597
7.868603006238118
7.902950822375715
7.930572055513039
7.735322595573962
7.747151041170582
7.67619730392471
7.4284522528760135
7.98297210293822
7.503854729468003
7.428181346040219
7.634611562360078
7.8809958496131
8.178856727899984
8.00153585919179
8.086290303850546
8.834183808183298
8.979663021862507
8.600848149508238
8.013320450205356
8.384374450193718
8.248330561444163
8.606541113462299
8.023457483854145
8.245043099159375
7.696077175904065
8.234918236033991
8.441076171351597
8.210460556671023
9.350390432169661
8.096599384676665
8.012248523067683
7.754851927980781
7.979771649232134
8.293300261255354
8.251157551072538
8.025809082435444
7.96860757493414
8.241819853661582
8.427376482402906
7.9794612436089665
7.990963845746592
8.108523736475036
8.287253706017509
7.905302873346955
8.165598359890282
7.802632614970207
7.764606565004215
8.471949759405106
8.04199538892135
7.773047023685649
7.587655886309221
8.477185689844191
7.999930419260636
8.190300649730489
7.970188083127141
7.876911597093567
7.713172651594505
7.9209579669404775
8.125450489111245
7.794694785028696
7.81815569405444
8.157959815580398
7.7352883093990386
7.5887481342069805
7.993408078560606
7.7764672006014735
7.642811825033277
7.60203126585111
7.784513062098995
7.793218842474744
7.4202163950540125
7.322866084519774
7.8354077155236155
7.526999888941646
7.0590604562312365
7.753227089298889
7.441695557208732
7.419834960019216
7.638726671459153
7.3030417915433645
7.387616557534784
7.582601537927985
7.189921305049211
7.249930801568553
7.336789962137118
7.022532496601343
7.3736144283320755
7.13744406006299
7.166801503393799
7.731900253100321
7.664712986676022
7.643520192243159
7.710250324336812
7.662258598487824
7.475571337388828
7.829437259351835
7.246805320493877
7.284323649480939
7.571313367690891
7.140617484925315
7.6109768154565245
7.1219150016549975
7.521522214403376
7.28193235443905
7.149872468551621
7.536307093221694
7.674234498525038
7.239873270737007
7.201467550825328
7.188139044446871
7.482209516456351
7.162181427702308
7.525951379910111
8.175546679412946
7.709660782944411
7.766593596199527
7.927470783703029
7.728056350490078
7.684244270669296
7.368287629215047
7.40882586943917
7.254589018877596
7.553993976674974
7.567931315395981
7.391040569636971
7.8340317907277495
7.531101723900065
7.560891261557117
7.700210525654256
7.684648514492437
7.653273293748498
7.156300949631259
7.713292065775022
7.462809543358162
7.3782307773362845
7.332436041673645
7.720327952411026
7.510910312877968
6.745255493791774
7.25212482502684
7.646955009549856
7.425440259277821
7.446906499797478
7.481291463598609
7.339129363186657
7.149166686227545
7.45529170637019
7.458183141192421
7.3823772666510195
6.946659751236439
8.066001783125103
7.824481631629169
7.812052566790953
7.280001032399014
7.486976220970973
7.482114209095016
7.418242585612461
7.360058088554069
7.304632847197354
7.308861333644018
6.82024832488969
7.069420982617885
7.134630440734327
7.361276875948533
7.455045142676681
7.328808933030814
7.305000342661515
7.6019311072304845
8.154121331637725
8.032326902495697
7.606548932846636
8.09889686619863
7.882504092063755
7.7392429751344025
8.005208462942392
8.398568241391331
7.793233843753114
7.980385584523901
7.710718991467729
8.005761780310422
7.808381904382259
7.871793869882822
7.9449136953335255
7.996425424469635
7.6256934641860425
7.80744470981881
7.959682788001373
8.20669817714952
8.090348261175677
8.270223023602739
7.6356921785045415
7.698690598132089
7.5574378001037985
8.25018776790239
7.7393591303844005
7.71172511158511
7.594555004732683
7.510598628316075
8.095376923913136
7.9952522069215775
7.675883017946035
7.618766820058227
7.942796863615513
7.8920391402207315
7.809352562762797
7.244084988487884
7.599984995089471
7.75913765700534
7.513898167526349
7.6247280654497445
7.71078552538529
7.677237480413169
7.629066815599799
7.693166107637808
7.493769574444741
7.6764330198057
7.53791172336787
7.750164667610079
7.743863119510934
7.42628408386372
7.6128421316388994
8.092489006463438
7.923203786369413
7.763072844594717
7.823390299454331
7.600527892820537
7.383472365327179
7.552124405279756
7.676151433028281
7.330681951716542
7.797210747841746
7.752848445670679
8.179581023054197
7.8526802596170455
7.484216052573174
7.505359687376767
7.35736185265705
7.681084625888616
7.824414781993255
7.896865060552955
7.896138858050108
8.376157174818218
7.289267187938094
7.146191054722294
7.326116398442537
7.868910605786368
8.194327662000433
7.6952107266988605
7.848967041587457
7.5312868498731405
7.396549115888774
8.031669554766268
7.261540308594704
7.541455087019131
7.566304291365668
6.975602054735646
7.249650679063052
7.779429528629407
7.9530330784618855
7.559512942330912
7.431008034851402
7.669431348796934
7.7341299063991755
7.139824975281954
7.395241461228579
7.2723818346858025
7.581440127687529
8.080596995307133
7.385259812930599
7.932200659764931
7.8283891580067575
7.6067119259387255
7.528106188867241
8.451511088991538
7.888937933836132
8.157701254123822
7.955670483177528
8.536704644560814
7.94445088529028
8.050552234053612
8.199545878451318
8.078845218755305
8.087337931385264
8.674226720118895
8.934685845160857
7.514080736320466
7.541767876595259
8.08502918179147
8.46711280895397
8.344583066180348
7.312028472777456
7.488782028434798
7.627985691418871
7.653823130996898
7.094327138038352
7.375641803955659
6.826158320065588
7.392963307211176
7.46922715799883
7.409520086599514
7.481211500708014
8.019774831831455
7.111484062392265
7.404177981428802
7.374658583663404
7.424620389007032
7.359557498712093
7.155418230686337
7.109852628549561
7.500172627856955
7.564790227916092
7.486893599620089
7.546826099511236
7.374994313344359
7.67444076272659
7.498603326966986
7.495878004701808
7.694834420224652
7.6672512595541775
7.965002082288265
7.6627355890814215
7.739246852928773
7.640204680152237
7.582002857234329
8.298137082252651
7.9361770721152425
7.909077506279573
7.975294376024976
7.619657450122759
7.763458700617775
7.8906270617153496
8.351245597936213
7.87652279320173
7.873784122057259
7.82392166974023
8.158460108330473
7.911962625337765
8.149272385053337
8.727314469171688
8.189805252477527
7.860836879583076
7.280065459664911
8.183994442922994
8.23352218652144
8.106916091637686
8.018543456681073
7.939400441478938
7.296878698514774
7.4958184172865
8.107967448886484
7.8172841318883
7.2332431704271585
7.784288555150852
7.26460161106661
7.326273326296359
7.478543823817745
6.9633137283381075
6.784798889653757
7.33212757925503
7.650691774440929
7.4000934469513595
7.228241906268522
7.138795768143609
7.096147975185886
6.916711223544553
7.009245940251276
7.064022732665762
6.8963722109328955
7.524018968688324
7.249795357463881
7.196374807972461
7.998062159866095
7.161597734084353
7.61522345081903
6.729267720133066
7.918055011657998
7.162214612588286
7.892881443956867
7.212515379535034
7.59836623002775
7.476125096669421
8.109635537257418
8.140928213484585
8.346372697735205
7.248614879325032
7.251775112934411
8.056705433409661
7.720243353396654
7.752653267700225
7.813804397825152
7.489749338943511
7.741469287313521
7.546126240864396
7.70086133456789
7.6127552394755185
7.639505301602185
7.2044923501089215
7.130081221461296
7.1661270572803915
7.011777815641835
7.5566815820056945
7.083412755746394
7.223431547172368
7.281573477666825
7.156119828578085
7.489996744319797
7.309550656704232
6.851967165246606
7.137397210346535
6.829146682517603
7.856933819828555
6.952548229834065
7.119907130254433
7.258075224934146
7.397534358082339
7.362130754860118
6.946281462209299
6.772800381295383
7.156319479923695
7.067934087011963
7.442206013947725
6.775897391606122
6.8597327237948775
6.925876147346571
6.922379112336785
7.352986908983439
7.258347381139174
7.158272636588663
6.824811724247411
6.759453793754801
7.098080014577135
7.029517472721636
7.439409089041874
7.02597417216748
6.8384963744319975
6.767335527576506
7.464284571586177
6.700665743788704
7.430689884582534
6.874175928067416
7.237644408131018
7.351795174414292
7.201337778475136
7.055589437484741
7.2766030305065215
7.285372757120058
7.31694860290736
8.011513672536239
7.62571467878297
7.401513162301853
7.236232301685959
7.895260171731934
7.690356669481844
7.82498172391206
7.246745537267998
7.1727690838743
7.482924887444824
7.736244773725048
7.559666708577424
7.104038080899045
7.532630356028676
7.77239819499664
7.293132037622854
7.563768851105124
7.309171016328037
7.209139405284077
7.176960991462693
6.87982217152603
7.105151408817619
7.421941426349804
7.0808178898878396
6.861473206430674
6.929907014360651
7.5401193897705525
7.25557617819868
7.6850913017988205
7.299546650610864
7.09390770806931
7.729420367628336
6.829945814330131
7.011998402187601
7.675495460629463
7.17588795768097
6.904569328064099
7.728876132052392
7.696249347412959
7.550043799681589
7.503007548162714
7.8040591885801405
8.423367866780609
7.917709899367765
7.418641410768032
8.03475143853575
7.7205995614640415
7.885498681338504
7.852904305094853
7.895650752121583
7.902120142709464
7.767232654383406
7.9862067573703825
7.656186817912385
7.826015954604372
7.783227222505957
7.567677092272788
8.001211636001244
8.439262164989486
7.33125913515687
7.596556207863614
7.3200974790379405
7.392400994896889
7.557147204177454
7.341813952662051
7.5470645821187645
7.2575114474166185
7.18155970191583
6.504291569814086
7.334532420849428
6.694743226049468
7.253500409889966
7.042076135287061
6.969720288179815
7.306822543032467
7.2598249185830355
7.013074928894639
7.929349216632545
7.278581651858985
6.9615479616913944
7.023444762220606
7.649138722103089
7.094459647545591
7.2007931096013635
6.428051891736686
7.750984514830634
6.915292948484421
7.474238846683875
7.235279083717614
6.951783942058682
6.8918952194508165
6.72233383031562
7.320434693014249
7.242004205938429
6.892658942146227
6.770013914909214
7.475854343967512
7.614718874916434
7.085090667009354
7.6710968723054975
7.317854848923162
7.527249075938016
7.527134616626427
8.087842099135742
7.281867518089712
7.372427218593657
7.331287824781612
7.406132644275203
7.784019083017483
7.702386820456013
7.256162195699289
8.203434710623696
7.774465298978612
7.685032641515136
8.092391095124185
7.472721069818363
7.402298109838739
7.701514101587236
7.4174847605172545
7.740113720530644
7.310211192118004
7.758870019577444
7.03371825045906
7.057143981568515
6.887042826972902
7.151367921382189
7.051110602682456
7.5592493826989084
7.6849952833727
7.570278257597238
7.414184161927551
7.792212405009195
6.632626709062606
7.665607917821035
7.707682507811114
6.9935358092188835
7.067666536197066
7.468405190389603
7.428283113287762
7.61266625369899
7.265179708600044
7.304156729253009
8.00253523956053
7.3657896080985665
7.415819119894877
7.386076353257522
7.6352838759776205
7.225523480447009
7.810892467619851
7.647031009662896
7.2325174228753895
6.986073135631159
7.567474329378456
7.3719974756240845
7.345104861306027
7.573193450924009
7.7342737938743085
7.816923385253176
7.783392360666767
7.917864301009104
7.397596078226343
7.105413976125419
7.472195032751188
7.047233077464625
7.843488838989288
6.983135449467227
6.72471243259497
7.2378582181409
7.293078326387331
6.953835133928806
7.101468434790149
6.910136966267601
6.984355150256306
7.174473692430183
7.559875393519178
7.2422088868916035
8.117749009281397
7.085150217171758
7.57528305076994
7.601421229308471
7.505432535428554
7.02597803180106
7.318695312831551
7.1252603775355965
7.8623130596242845
7.117769560078159
7.4885484201367944
6.928115390008315
6.61788034485653
7.44879560242407
7.222183767007664
7.446245447266847
6.4729547230526805
6.950912745902315
7.194706410169601
7.86501248087734
6.89196319738403
7.322389355394989
7.236497704172507
7.39227395108901
6.776401980314404
6.950530626345426
7.334970561787486
7.175110103329644
7.19714059215039
6.65852092509158
7.840555375209078
7.489918518345803
7.997922580456361
7.309405121486634
7.113697454566136
7.13632235606201
7.201194614870474
7.195383535930887
7.404542263830081
6.8324511419050395
7.179142392938957
7.367148629389703
7.547285501146689
7.360090187750757
7.352856014855206
7.112261736532673
7.172145780175924
6.919052926125005
7.340362399118021
7.341492908773944
7.3088270695880055
7.557090082438663
6.902138974051923
7.427774746436626
6.932837054831907
7.934847918571904
7.22637969115749
7.1422077647875994
7.762186226435006
7.136763400631025
7.3739799270406365
6.900695658754557
7.240121441427618
7.277184490580112
7.52247559139505
7.257165935821831
7.180709016975015
7.034243832807988
6.970009230077267
7.884328733198345
7.874330915277824
6.993631329154596
7.177682769484818
7.484790004789829
6.353687808383256
7.53566569252871
6.7024536286480725
7.463820739416406
6.679752130061388
6.442298943409696
7.301883943378925
6.7584934865590185
7.377457230119035
7.01381192705594
7.1050629185047
7.382207553600892
6.460502271540463
7.090589239727706
6.64411681657657
7.25076104933396
6.785196597920731
6.623796226456761
6.781617117114365
7.054894144413993
6.6654052652884275
6.407857238780707
6.646258987253532
6.397893381072208
6.3817291141022
6.9592763227410614
6.494194993749261
7.221789048053324
6.538721662946045
7.042809401173145
6.628461923683062
6.787435032660142
7.093161995289847
7.716361787170172
7.444679515203461
7.01485650986433
7.25512606673874
7.416636017616838
7.00321304355748
7.605488793924451
7.498446089914069
7.524076722329482
6.83915485534817
7.026052478700876
7.979790765559301
7.3456612813752145
7.216565069742501
6.730489337584004
7.2516176390927285
7.499747308436781
7.685768910450861
6.727687557693571
7.471678719157353
7.155916584422812
7.2066612837370485
7.287385290488601
6.872425294015557
7.25135479005985
7.397760203573853
7.017151898471639
7.506203519413248
7.254203404765576
6.858292568940669
7.071711715543643
7.599157355027273
7.635350541211665
7.138330961577594
7.363342347322032
7.729638718534261
7.183704764815047
7.054071032674983
6.689939485862851
7.1615192028693855
6.937088321894407
7.275989803485572
6.97823985805735
8.031481792917475
7.325474055483937
7.1968525622505695
6.905584366060793
7.4749187217094
7.898445262573659
7.72923853690736
7.01033105282113
7.180452380795032
6.678263419540599
8.100531177129596
7.03165850113146
7.378088326193392
7.417070089140907
7.111932317959145
7.1061591289471835
6.736200446961448
7.577729623299092
7.439588811248541
6.982060783542693
7.075425547314808
7.242046634899452
7.039684850489721
6.806338786613196
7.6422920355107635
6.473098346963525
7.258504762081429
7.419940947787836
7.032590271439403
6.8479661957826465
6.574262747075409
8.059395195916295
6.762691698037088
6.942292576888576
7.8470803536474705
6.946301263524219
6.551592630101368
7.67664023861289
6.388223370537162
7.316339690471068
7.965210292022675
6.840716754086316
7.021799150854349
6.9782497773412615
6.926869658520445
7.375498976558447
7.490459851454943
6.995114147197455
6.890092964284122
8.159316228935495
7.656984860310331
7.767858089413494
7.272166196489707
7.18607528321445
8.35686292173341
7.615536679048091
7.862019958905876
7.824232978047803
7.459723819978535
7.08371582115069
7.664089613361284
7.771620959043503
7.955762583063915
7.3983572269789875
7.540046090725809
6.949930228292942
6.557508545462042
6.796711126808077
8.088837618939579
7.818671898217872
7.522791926050559
7.542262519011274
6.577590479748324
7.127050183713436
7.28200703044422
6.685835668118671
6.752020620275289
7.234861699864268
6.8522563157603145
6.7369219129905105
7.45076276967302
7.6396686339285225
7.192703768843785
7.415120234712958
6.9021198155824095
7.092895024688914
7.581967199686915
7.1283413206692785
7.582648454466835
7.565819368464872
7.7264228814747185
7.773458096198738
7.0718767226208
7.122124414891005
7.4466216317377985
7.143628912046552
7.626737115904689
6.844661616720259
7.400030676042661
7.517579577397555
7.705030558630824
7.576302923262119
6.924450461752713
7.10898598539643
7.687738383188844
8.404421551385894
7.087913535302505
7.859903249423951
7.124716533580795
6.761569042224437
7.270586979575455
7.585735069820657
7.174351929686964
7.747687111608684
7.575933579355478
7.161602960666642
7.367274941876531
7.869027768494561
7.7291325989644974
7.576647463487461
7.037815235089511
7.506937586935237
7.274591566063464
7.616730365669355
7.358454011613503
7.839353122282773
7.7348131311591715
7.262707497924566
7.455046001821756
7.562362091848627
7.399573830422014
7.046357439132407
7.960310498951003
8.271608339156955
7.660626011667773
7.202402455965057
7.562465120339766
6.603557661175728
7.289426484843716
7.431364111369476
7.9895334164611995
7.872246050275862
7.3940605986863375
7.402796913636848
7.287187785375863
7.358703992329538
7.04323994088918
8.206624263199046
7.728202079422772
7.5346634711604565
7.376690042205155
6.840332858031616
7.388835461810231
7.080984747502953
7.425311883445829
7.640252470970154
7.030765254748985
8.015636034542695
7.192811958724633
8.464475385844707
7.131143314298242
7.857321024173871
7.530659336829558
7.3409487816970795
6.596392442472279
7.255873364862055
7.821562867611647
6.821871881140396
6.796627332922071
7.847323013236746
7.784365671919659
7.882153901737183
6.871544153429568
7.396530705504119
7.1383581957779825
7.051352968206629
7.3409880108665675
7.1429024618119
7.6943182442337275
7.356911045266315
7.5851341027300805
7.0294642467051744
7.187605939339846
7.936042819172144
7.152935505611822
6.94501604186371
7.3467557625845075
7.215955324936658
7.174064400838688
6.956443136325106
7.064973195781931
7.235610620351508
6.991136815864593
7.231608899543062
6.614357501035556
7.531732191098854
6.926413167268038
6.366760260192677
7.63309734268114
7.2720535467378795
6.909534967970103
7.119026537518948
7.024063940625638
7.131179809803143
6.917269114637747
7.064663909608498
6.437555631157011
6.684258153196424
6.989299514563754
7.20728326193057
7.043412630213425
7.229739404981956
7.533812363166362
7.1249820936936885
7.404307466931641
7.165315999882296
7.498288237024099
6.91421419987455
7.759975383756682
6.765496453735977
6.9998994851484895
7.305179018527269
6.9086812804453075
6.852443020790815
7.01459107385017
7.326338794780895
7.1990325674414635
7.061307552969083
7.185750287026167
6.919439085060731
7.16298361425288
7.03501548548229
6.915696918265894
6.745810363208875
7.212811020668596
7.076144305989146
7.6325752777047455
7.025478698080406
6.575779521139339
6.757704241666943
7.236251794034615
6.969308376312256
7.570858576567844
6.821249567205086
6.935940608382225
7.241244185948744
7.537850645137951
6.916664065327495
6.513349678134546
7.227722608484328
7.208367158891633
6.6531379169318825
7.1190783670172095
7.252383974613622
7.035970292752609
7.718491848092526
6.486255067633465
7.437309211818501
6.814403414493427
6.899596426868811
7.706463332986459
7.129041801439598
6.776495872065425
6.745552908163518
7.455714352661744
7.2949033309705555
7.713090700097382
7.115587643813342
7.297766234027222
7.104432584019378
6.585891947848722
7.087523048277944
7.419542477466166
7.588487603934482
7.210036884061992
7.391398800071329
7.04763620509766
6.942317139124498
6.650899853557348
7.448870659573004
6.852644770173356
6.636788665316999
7.60294664115645
6.773039361694828
7.224291844293475
7.195608087815344
6.5753030341584235
7.0164067088626325
6.844285966362804
6.6856002220883965
7.0288131115958095
6.773920644307509
7.398280633380637
6.815591042861342
7.303147445898503
7.05112941772677
7.586515746777877
7.5122321371454746
6.5763315164949745
7.544846859993413
7.17741310573183
7.27582913893275
6.934971581446007
7.490987149765715
6.881843000184745
7.769609504844993
6.777499483665451
6.979591695126146
7.004613426281139
7.278099334100261
7.689338632160798
7.111076118191704
8.277384421322495
7.591576500562951
7.6266476437449455
7.494433453539386
6.886788691626862
7.477547588059679
7.589736200636253
7.734136535320431
7.44122001924552
7.466429180232808
7.659756995271891
7.542257695924491
7.102298621088266
7.782138539245352
7.728435903089121
7.677072251448408
7.1871276763267815
7.2944464311003685
7.540621381485835
7.430975458119065
6.926898467121646
7.431464771507308
7.237642082385719
7.250128242420033
7.680780342547223
7.880616622278467
7.360974756302312
7.890444242395461
7.474175174953416
7.369000566657633
7.195465588010848
7.379308151081204
7.055419005919248
6.709901607595384
7.330074083758518
6.73979337955825
7.43610845785588
7.6684824579861015
7.265478316228837
6.63982953527011
6.918107741512358
7.67010518303141
7.7533551864326
6.699171980144456
7.793680108385161
7.390801721950993
6.452921163057908
7.102059555938467
7.002512004692107
6.880778044462204
7.501801316859201
7.963598630391061
8.113159813452512
7.416373257292435
6.920448384946212
7.633528002770618
7.3292191829532385
7.17019455647096
7.00053273816593
7.443991624051705
7.69163928530179
6.517330073285848
7.95585183869116
7.488675668369979
7.380201316671446
7.376027359394357
7.867870991816744
7.0757772964425385
7.462653856957331
8.255037414608523
8.151216220343485
7.973153117811307
7.348670931532979
8.110486426856369
7.069694041274488
7.693526449147612
7.396564990514889
7.624875477980822
7.277189586544409
7.054579423973337
7.4338451696094126
7.523165054619312
7.52546693617478
7.203311667311937
7.623571618227288
7.750329965958372
6.585764966672286
6.992044524289668
7.641264158999547
7.232146976748481
6.961861803429201
7.447722302051261
7.081124644028023
7.59524573199451
6.927857299335301
7.078601212706417
7.585199421970174
7.447981278179213
7.7320892619900405
8.370294238673523
8.003465092508122
7.3737542955204844
7.880936103872955
7.919329551747069
7.783618177752942
7.480479328427464
7.808751596370712
7.45544721162878
7.542826400371268
7.582310400903225
6.686157587682828
7.400172663386911
6.727792115416378
6.867378541268408
7.5440148923080415
6.767475109314546
7.315530298510566
7.1423927755095065
7.104347242740914
6.803023549495265
6.764386335620657
7.135865753516555
7.175880974857137
6.99812127603218
6.755152359139174
6.536275231279433
7.492371468804777
7.32127414830029
6.202948326943442
6.488983630435541
7.122782715829089
6.579603127902374
6.765064299572259
7.326108907815069
6.357702077366412
6.75371467648074
6.911788877332583
6.486174242570996
6.805182606447488
7.004557353910059
7.292962532024831
6.6509464480914176
6.717522507533431
6.564112011576071
6.2110949421767145
6.708305594976991
6.465021307813004
6.469733596313745
7.409433701774105
7.195058296434581
