3.717732824385166
3.089412532746792
2.731420025229454
2.6022224500775337
2.7728707790374756
2.135853633284569
2.1804162859916687
3.356562167406082
2.0005087479948997
2.56339955329895
2.5704011768102646
2.8377645760774612
4.1198069006204605
4.138784885406494
5.07689993083477
7.034891217947006
7.002078264951706
7.901066988706589
9.295408427715302
9.923857063055038
8.444892972707748
6.588306277990341
5.213130101561546
4.491791740059853
3.3413993939757347
3.0057031586766243
1.8829764425754547
1.7045408487319946
2.6160721480846405
1.4963414520025253
2.7195722609758377
4.554342344403267
6.7861198335886
9.626434713602066
13.497461348772049
16.141747176647186
18.43507617712021
20.49717915058136
20.362420976161957
24.48951268196106
24.271505534648895
25.257559955120087
25.397185504436493
24.944200336933136
26.048230409622192
25.774056375026703
25.182750284671783
26.692994713783264
26.05916404724121
25.920739710330963
24.994546115398407
25.423564076423645
25.77404886484146
25.29148381948471
25.591803193092346
26.676507890224457
25.813238084316254
26.214924812316895
25.488157868385315
26.169898688793182
25.834024012088776
25.66913503408432
25.67788726091385
25.08398538827896
25.130790650844574
24.394440174102783
23.071238219738007
21.466577112674713
17.645946323871613
13.865763247013092
10.635925859212875
7.633502513170242
6.560816377401352
6.270252376794815
6.2220950573682785
5.976393058896065
6.591002181172371
6.014786049723625
6.469475582242012
6.215996488928795
7.037004351615906
6.503976732492447
6.573382213711739
6.460544914007187
6.32996965944767
5.9404990673065186
5.8204266875982285
5.8707321882247925
5.276174634695053
4.984120950102806
5.603313907980919
4.693846493959427
6.290345996618271
5.83422377705574
5.092050760984421
5.153092101216316
6.100943222641945
5.878535255789757
5.175473362207413
6.267192840576172
6.637904927134514
6.807536840438843
7.69782617688179
7.756462723016739
8.769149750471115
9.024438977241516
9.3524871468544
10.322894394397736
10.964558064937592
10.90522176027298
12.190771162509918
12.721367537975311
13.125449866056442
14.826329588890076
14.62321925163269
14.744630455970764
15.484284043312073
16.147189736366272
16.935378193855286
16.988535344600677
18.232029378414154
18.44691962003708
18.75150591135025
18.919288456439972
19.390197277069092
19.35113263130188
19.75969022512436
20.693284451961517
20.47369134426117
20.535597920417786
20.976962566375732
21.542152762413025
21.029960870742798
21.74554866552353
22.392963886260986
21.928665041923523
22.993448853492737
23.72729641199112
22.2260160446167
23.768389344215393
23.86605340242386
23.86249530315399
22.36345875263214
21.217983961105347
18.650483667850494
15.832164704799652
11.907011836767197
9.007403492927551
6.989616975188255
9.285263329744339
13.464482456445694
15.780603110790253
18.58710938692093
20.067650258541107
20.73759561777115
23.60281991958618
23.72432416677475
23.732531368732452
24.06769835948944
24.406179666519165
25.819695353507996
24.92356365919113
25.662030577659607
25.52054512500763
26.269411861896515
26.27380472421646
25.667804777622223
24.28045278787613
24.92769819498062
24.68788892030716
24.271355748176575
22.72339755296707
19.831658840179443
18.09147346019745
13.438368946313858
10.76676595211029
11.041846573352814
9.296344667673111
9.18309599161148
8.471232444047928
7.799095809459686
7.350540459156036
6.915932580828667
7.122151851654053
6.58011956512928
6.743011474609375
6.9885207414627075
6.880695462226868
6.5065945237874985
5.383335933089256
5.761553168296814
6.419521018862724
6.6285775154829025
6.670046925544739
5.961815685033798
5.588408097624779
5.726673871278763
5.941716358065605
6.1225253492593765
5.480605840682983
5.256084933876991
5.720088019967079
5.501223862171173
5.309401288628578
5.0978043377399445
4.686894655227661
5.031878933310509
4.37747360765934
4.66642327606678
4.721197485923767
5.063677594065666
4.232948958873749
4.870816230773926
4.4199585765600204
4.840242102742195
4.695472940802574
5.840119779109955
7.670117169618607
7.991230815649033
10.422198474407196
11.576519757509232
14.190939754247665
14.034306645393372
16.320020496845245
17.88848316669464
19.025850355625153
19.417659997940063
20.337974846363068
21.35972708463669
22.2984436750412
22.612615644931793
21.78926658630371
23.560301065444946
23.590176045894623
23.790019989013672
24.451585829257965
23.948442041873932
24.86582463979721
24.78766667842865
25.019499719142914
24.577504694461823
25.31359225511551
25.292118966579437
25.2690446972847
24.822212874889374
24.965016782283783
25.50092601776123
25.038571894168854
25.22537910938263
25.13621634244919
25.38797491788864
25.975820124149323
24.41195058822632
25.706069469451904
25.06698828935623
24.901023983955383
24.925675928592682
25.940721690654755
26.031212866306305
25.56446135044098
25.43954473733902
24.550858914852142
25.72590136528015
25.28987228870392
25.898080348968506
25.7450390458107
25.335191547870636
25.707189440727234
24.98494517803192
26.02267050743103
26.00625604391098
25.8644877076149
25.679951786994934
25.2923321723938
25.959261119365692
25.492474377155304
25.880722403526306
25.040053069591522
25.94498634338379
25.722249627113342
25.38418734073639
25.274043917655945
25.03321236371994
25.332497656345367
25.597293198108673
25.424516558647156
25.767554759979248
25.44927477836609
25.98435389995575
24.72406041622162
25.55085778236389
24.556079745292664
24.815902531147003
24.23615163564682
24.147068738937378
23.607144057750702
21.30283957719803
20.808146715164185
16.760864198207855
14.09067690372467
14.281321823596954
19.05151718854904
20.57515460252762
22.60810887813568
22.611996591091156
24.618398010730743
24.686414897441864
25.702132284641266
25.27804744243622
25.45380139350891
25.441805243492126
25.228503704071045
27.0681471824646
25.82727563381195
26.540315806865692
26.238516211509705
27.039874374866486
26.166810989379883
26.266405642032623
25.324708104133606
26.99246746301651
26.83070731163025
26.787790596485138
25.960617005825043
25.91561883687973
26.932933449745178
25.97481656074524
26.143976151943207
26.13855218887329
26.759725391864777
25.992790937423706
26.038800537586212
26.904769837856293
25.86472988128662
25.932769775390625
25.871806263923645
26.291903018951416
26.60453099012375
26.006998479366302
25.92757612466812
26.510457694530487
26.023654341697693
27.331886768341064
26.09348475933075
25.919451892375946
26.047537446022034
26.433871030807495
26.089836955070496
25.118885576725006
26.736608684062958
26.516070246696472
26.354822874069214
25.96211278438568
26.958594262599945
26.155232965946198
25.152802765369415
23.20247983932495
20.29591339826584
16.959899961948395
18.0599667429924
20.154244422912598
22.275097370147705
24.67884886264801
24.63129723072052
25.951059877872467
26.136272132396698
25.03296536207199
25.084073543548584
26.05655986070633
25.494887828826904
25.355112969875336
25.12377142906189
25.47349226474762
25.13468486070633
25.702613174915314
25.43872207403183
26.61314421892166
24.934503734111786
25.206047773361206
25.47315686941147
24.586589455604553
23.597161293029785
23.3449923992157
22.809377789497375
20.833025336265564
18.53259938955307
14.199863702058792
9.607391238212585
11.508151322603226
15.177680909633636
17.856397330760956
22.131553173065186
22.244401276111603
23.7113978266716
24.649495542049408
23.98451453447342
22.879005551338196
21.553159654140472
21.287089467048645
20.466966092586517
17.866469144821167
16.45795428752899
14.44846796989441
11.231934279203415
10.099075704813004
10.187949895858765
9.491573750972748
9.311981320381165
11.183170288801193
12.254320442676544
11.958630204200745
11.337133824825287
11.553129076957703
10.330731481313705
10.77092495560646
10.52542296051979
10.95395416021347
10.289213746786118
10.130595207214355
9.561406075954437
9.94903776049614
9.081350147724152
8.379509389400482
10.017259776592255
12.620674908161163
15.809354901313782
20.789623200893402
20.357482612133026
23.95747798681259
23.658600986003876
25.598800241947174
25.392759323120117
26.39781779050827
24.939879059791565
25.884168565273285
25.367711901664734
26.0646755695343
25.713589787483215
25.679924190044403
26.096702933311462
26.142938196659088
26.177790939807892
25.142299354076385
25.529369115829468
25.846500873565674
23.834738790988922
22.909555852413177
18.42257434129715
15.896639943122864
17.791105091571808
21.028408885002136
22.767083406448364
23.946163713932037
23.766584873199463
25.820776164531708
24.448607623577118
24.987408459186554
25.016212344169617
25.59648686647415
25.36948925256729
25.306201457977295
24.915229856967926
25.77134668827057
24.99363797903061
25.74052184820175
24.396621823310852
24.41425520181656
24.562222957611084
25.232000470161438
23.82229709625244
23.139858424663544
23.975107192993164
22.181749522686005
20.489355325698853
18.423371732234955
14.309483170509338
10.586744636297226
9.749286383390427
11.8206687271595
14.845705687999725
15.884053885936737
18.073286592960358
17.643041372299194
19.184470057487488
20.79514640569687
21.59589773416519
22.382474422454834
23.01058703660965
23.406424462795258
22.474756181240082
23.157801508903503
24.056942999362946
24.419237196445465
24.35200136899948
24.995622217655182
25.30211901664734
24.633025348186493
25.339264571666718
24.701293766498566
25.790849149227142
24.964906990528107
25.111505210399628
25.330746054649353
25.252125680446625
25.363516330718994
25.34417486190796
24.93523997068405
26.064356565475464
26.370739221572876
25.99852055311203
26.055546939373016
24.635474145412445
25.53753435611725
26.37235289812088
25.72139447927475
26.020197093486786
25.66996943950653
25.643462121486664
26.38655722141266
25.86826467514038
25.9091534614563
26.271109461784363
26.490018784999847
26.21706610918045
25.61573427915573
25.092337429523468
26.170549869537354
25.59651207923889
25.316339135169983
26.112640619277954
26.206864833831787
26.622430503368378
26.391917645931244
26.796264469623566
25.967519640922546
25.683764398097992
26.30187749862671
24.97633284330368
26.244663059711456
26.31417351961136
25.35519379377365
25.75011056661606
26.10805869102478
26.27387273311615
25.792540431022644
25.277013778686523
24.15206640958786
24.676710069179535
23.832157850265503
22.45762002468109
20.953180968761444
17.897155225276947
14.602007925510406
13.301869690418243
13.343189150094986
15.353600978851318
16.74491834640503
17.545507550239563
16.72032141685486
17.094507217407227
16.760766565799713
15.375208973884583
15.197062194347382
15.538171708583832
15.202559769153595
15.647998869419098
16.59735268354416
16.63622087240219
18.45417296886444
18.587325990200043
20.13436985015869
19.863276541233063
17.74320614337921
17.913796186447144
17.766510605812073
16.67650866508484
16.408690333366394
16.310234665870667
15.422745764255524
15.050782978534698
15.959640204906464
15.2998685836792
15.843749821186066
17.78641802072525
17.77128255367279
17.445713460445404
17.879102647304535
17.730032980442047
16.92283421754837
14.605116724967957
12.627005249261856
12.763562738895416
10.621904283761978
12.234745353460312
10.033133149147034
10.119330406188965
9.252189218997955
8.679039239883423
8.528825044631958
9.473861932754517
8.639866203069687
8.870452374219894
9.241808772087097
9.594222217798233
9.507634788751602
10.375689178705215
12.49112719297409
13.367653250694275
13.721113234758377
15.68735671043396
17.57824295759201
18.244214355945587
16.193872094154358
15.427654147148132
14.141840517520905
12.602427065372467
10.599241703748703
9.224408239126205
8.33358296751976
9.929193675518036
10.64586129784584
12.834356427192688
15.02328759431839
17.43296217918396
20.11090862751007
21.92064219713211
23.163773834705353
23.56239664554596
24.537812650203705
24.607351779937744
24.146045684814453
22.419096648693085
21.141936540603638
18.034818291664124
16.516125679016113
13.450917065143585
11.597974061965942
11.390762954950333
10.05062785744667
11.773419350385666
11.42169377207756
12.079406917095184
13.996986329555511
13.973861634731293
14.467994570732117
14.626421213150024
16.53513813018799
16.785765409469604
19.029683828353882
19.673908591270447
20.42955631017685
22.417502403259277
21.7200767993927
22.5442653298378
22.354741036891937
23.64976316690445
23.120479822158813
24.061863124370575
23.8823464512825
23.397859156131744
24.65750354528427
24.776488542556763
24.426416397094727
23.9302938580513
24.34733098745346
25.208634078502655
25.310900509357452
25.447373688220978
25.85389667749405
25.05323702096939
24.670296788215637
25.76294356584549
25.1832937002182
25.68975865840912
24.80728018283844
25.06859803199768
25.755769968032837
24.666448056697845
24.794510781764984
26.135679483413696
26.290611743927002
25.329972326755524
24.955120265483856
26.021506428718567
24.916847467422485
25.670575439929962
27.11046874523163
25.89785099029541
25.576393127441406
25.969335675239563
26.7769273519516
26.299900889396667
25.93216997385025
25.73143231868744
25.72441303730011
25.741565465927124
25.6757253408432
25.97370755672455
25.446263194084167
25.621499121189117
26.237886250019073
25.311009228229523
26.067693054676056
25.376737475395203
25.833078503608704
26.116889655590057
25.81733012199402
26.04232782125473
25.905245900154114
25.692440807819366
25.032161831855774
23.722096741199493
22.164469599723816
19.863309383392334
18.158264696598053
17.953966856002808
18.91757446527481
20.112512469291687
22.043586373329163
24.056354463100433
24.57252597808838
24.702992022037506
24.903924226760864
26.25135511159897
24.981682419776917
25.135466158390045
26.1667377948761
25.94207388162613
25.67648857831955
26.131302416324615
25.773574113845825
26.348407983779907
26.142641305923462
25.946145951747894
25.451884150505066
25.583393573760986
25.42679274082184
26.15232491493225
26.704654574394226
26.066437482833862
25.208776712417603
26.952147364616394
25.918871641159058
24.78519105911255
25.255376875400543
24.98225039243698
25.557283103466034
25.514119267463684
25.11552995443344
25.86748832464218
24.51257473230362
24.605034470558167
24.161009311676025
24.471236050128937
24.171230018138885
23.790306746959686
23.957471787929535
24.522909700870514
23.18438947200775
23.521635472774506
22.256936371326447
23.366443514823914
22.442405819892883
22.35081660747528
22.29570758342743
21.239158928394318
20.721635699272156
20.527215003967285
21.198026716709137
19.587563812732697
20.183517038822174
19.733987271785736
19.373935103416443
19.47133457660675
18.84212690591812
17.779677510261536
18.640804529190063
17.54665619134903
17.536752462387085
16.11574149131775
17.44972860813141
17.682503819465637
18.007787942886353
17.427233457565308
17.487245082855225
17.938773334026337
17.491743445396423
17.951753735542297
17.517219483852386
18.46994709968567
17.604309260845184
18.216961443424225
18.988315522670746
19.31133496761322
19.301019847393036
18.887644708156586
19.458308160305023
19.170786142349243
20.47740799188614
19.984588503837585
21.702353596687317
22.676297068595886
22.189935564994812
21.822440147399902
22.5091735124588
22.305189430713654
22.517517268657684
23.22603589296341
23.610762059688568
22.214695930480957
20.7458473443985
20.441218495368958
19.363511085510254
19.131350874900818
17.64939671754837
16.928949534893036
16.49678337574005
17.830675184726715
18.88334149122238
19.17970770597458
20.330717504024506
20.6349977850914
22.842415273189545
22.94182586669922
23.792499780654907
25.146818697452545
25.04637312889099
24.923872649669647
25.118989527225494
24.123396158218384
25.85082656145096
24.87323784828186
23.520026564598083
24.07565188407898
21.854837357997894
22.17358958721161
20.95317816734314
20.118531823158264
18.579529583454132
17.33864563703537
14.54679548740387
12.583434343338013
10.075704604387283
8.855580121278763
8.80827310681343
13.156969487667084
17.190155029296875
19.323595821857452
21.498210906982422
23.068073868751526
23.678731977939606
25.35427951812744
24.31019538640976
25.31455373764038
25.834027349948883
26.115876853466034
25.917601883411407
25.722420275211334
24.812867641448975
24.985055148601532
25.59410148859024
24.927662670612335
25.801304399967194
26.107216954231262
25.15116149187088
26.468375742435455
25.696838200092316
26.127035439014435
25.829571187496185
25.600170016288757
27.171738147735596
26.147884011268616
25.32641351222992
25.734268963336945
25.40026980638504
25.39265328645706
25.39050990343094
25.48056572675705
26.040161073207855
24.78776878118515
25.95055389404297
26.322824895381927
26.377490758895874
26.059621214866638
25.769394636154175
25.916113793849945
25.274816274642944
25.43098509311676
26.32568860054016
26.195573449134827
26.1838281750679
25.62805825471878
25.636725544929504
26.21545720100403
26.362225770950317
25.76952576637268
25.821081280708313
26.563607573509216
25.551941692829132
25.558173298835754
25.357427954673767
24.87535470724106
26.694104254245758
25.891031742095947
26.453608691692352
25.270879566669464
25.358554005622864
25.831287622451782
26.00150775909424
25.719005465507507
25.696482479572296
26.35721755027771
25.642152070999146
25.79530531167984
25.926724433898926
26.157463550567627
25.779089331626892
26.610086858272552
26.57708239555359
26.167326152324677
26.268219769001007
26.505151212215424
25.74733328819275
25.917694449424744
25.66135811805725
26.72731763124466
26.326066076755524
25.775879621505737
25.746067702770233
25.98225849866867
25.075141429901123
23.92799985408783
24.458516836166382
20.365313470363617
17.929162204265594
17.57886666059494
21.72972083091736
23.718642473220825
24.307127356529236
25.641942024230957
25.57908457517624
25.467566192150116
25.868978679180145
25.395925521850586
25.88483601808548
24.891017377376556
25.912212550640106
25.217770040035248
25.36526048183441
26.12362974882126
25.46096622943878
25.489766240119934
25.787406504154205
25.765467405319214
25.69273579120636
25.17665719985962
25.12702649831772
26.172553539276123
25.729429721832275
24.759714722633362
24.91969084739685
26.12009608745575
24.43689125776291
26.070612728595734
25.098455786705017
25.295312345027924
25.010003447532654
24.308278739452362
25.595694959163666
25.653756976127625
25.67267668247223
25.415578603744507
25.60699713230133
24.864775598049164
24.83991974592209
25.753980040550232
26.009296476840973
24.958913564682007
26.091683387756348
24.753156542778015
24.731118321418762
24.720050632953644
25.866671085357666
25.620121657848358
25.833304226398468
25.759799480438232
25.72973746061325
26.088996946811676
26.21349537372589
24.722043097019196
25.833303093910217
25.845835268497467
25.198539793491364
25.186632931232452
25.54408609867096
24.92710256576538
25.829097270965576
25.91877681016922
26.282007694244385
25.28395652770996
25.660934329032898
26.34584754705429
25.75862294435501
24.865746319293976
25.573034822940826
25.38755303621292
25.375550031661987
25.00455790758133
26.07361263036728
25.77381592988968
24.778425216674805
25.61850619316101
25.37189221382141
26.772477447986603
25.7145779132843
26.143718242645264
25.424395501613617
25.74155855178833
25.98763817548752
24.967500805854797
25.325981616973877
25.609054028987885
26.117436230182648
25.58058589696884
24.64735347032547
24.38031840324402
25.05169665813446
26.127820372581482
25.671470403671265
25.31928426027298
24.868312895298004
25.573503017425537
25.382271468639374
25.35556048154831
25.509126722812653
24.618077635765076
25.142155528068542
26.062197268009186
25.189639449119568
25.736225962638855
24.510235249996185
25.199332654476166
24.49468433856964
25.225209653377533
25.691941559314728
26.148942232131958
25.795740842819214
26.16450995206833
25.859223425388336
25.420105397701263
25.098131954669952
25.112620890140533
25.58476483821869
25.28977608680725
24.663833618164062
25.34539556503296
26.24378889799118
25.473654687404633
25.561656951904297
25.232310235500336
26.231856107711792
25.173025846481323
25.55673348903656
25.28307831287384
25.122552573680878
25.307227730751038
26.005204737186432
24.909247398376465
25.130240380764008
25.055535078048706
24.933360934257507
25.452483355998993
25.371287167072296
24.71794241666794
25.183524668216705
25.362162232398987
25.20273059606552
25.042961299419403
26.168724834918976
26.467802047729492
26.786447525024414
26.402728021144867
25.347298741340637
25.820943415164948
25.890599310398102
24.946740984916687
25.630307853221893
26.010532021522522
25.544838666915894
25.79351180791855
25.549040853977203
24.88469821214676
24.844063580036163
25.36522775888443
25.679986774921417
25.147248029708862
25.78639304637909
25.97682958841324
25.008413672447205
25.548473238945007
24.892365872859955
24.93375837802887
24.52206814289093
25.61104542016983
25.0378457903862
25.374758183956146
24.8886895775795
24.583586990833282
24.48234909772873
24.47859102487564
23.15736550092697
22.351665377616882
21.472930192947388
20.337633073329926
20.230612874031067
17.96174031496048
16.733367323875427
17.009795546531677
16.984340727329254
18.97517555952072
20.008765161037445
21.188594937324524
23.16548490524292
24.310146927833557
24.55968350172043
24.513580858707428
24.357582569122314
23.011180639266968
22.177436649799347
20.48163491487503
19.33481991291046
17.476726531982422
15.268966257572174
14.200189590454102
13.152002155780792
13.470561772584915
13.41373896598816
14.54874175786972
15.035779118537903
15.621940195560455
16.440182983875275
17.279964804649353
18.266598165035248
19.197108685970306
20.527892470359802
18.83022552728653
17.40524560213089
16.83536124229431
16.37800794839859
15.030661523342133
14.268803775310516
13.764301657676697
13.750946581363678
13.85691899061203
12.604660362005234
11.774482905864716
12.343545466661453
10.398215919733047
10.485659033060074
10.071529150009155
9.529627740383148
8.908725023269653
9.399683505296707
9.466752499341965
10.572750598192215
13.385876476764679
14.753122806549072
16.49833619594574
17.482151329517365
20.425348937511444
21.027564644813538
21.564341485500336
23.159264624118805
23.173366606235504
24.099391222000122
24.382280826568604
24.920368790626526
24.99092435836792
25.53208637237549
25.487675070762634
25.01323699951172
25.833562552928925
26.64499717950821
26.182039618492126
25.226803839206696
25.890372812747955
26.56198477745056
26.653699338436127
26.806859850883484
26.4640571475029
24.751441478729248
26.162563681602478
25.03279346227646
25.342788338661194
25.457254648208618
25.941874563694
26.952605545520782
25.671375334262848
25.68046647310257
26.597888827323914
26.38254964351654
25.337999761104584
26.348614811897278
25.922874569892883
25.460012555122375
25.691361606121063
25.22998571395874
26.94894903898239
26.133917272090912
26.229349613189697
25.92492377758026
25.238167643547058
25.998573064804077
25.748337984085083
25.60973846912384
26.151568293571472
26.32442182302475
25.7020326256752
25.779057383537292
25.851044058799744
26.64594829082489
26.429044723510742
25.630152821540833
25.845710158348083
26.270529568195343
26.229675590991974
25.60398018360138
25.77774065732956
26.569990634918213
26.752173721790314
27.237319767475128
26.387634336948395
26.456234753131866
25.773122310638428
26.491005539894104
24.887241661548615
26.231393456459045
26.74437665939331
25.384969830513
26.960302770137787
26.80221790075302
26.459164559841156
25.363170623779297
25.278194308280945
26.492385506629944
25.87556517124176
26.380487740039825
26.448781371116638
26.04989403486252
25.934274435043335
25.897818684577942
26.132081270217896
26.634437143802643
26.044171154499054
25.8341007232666
26.136729538440704
26.067597925662994
25.157556354999542
26.464223623275757
25.613487005233765
26.44391655921936
26.025555551052094
25.865524470806122
26.047984719276428
26.738538086414337
25.208955705165863
25.10745143890381
25.762409806251526
26.47562199831009
26.147129476070404
26.170353174209595
24.387996792793274
23.449182987213135
22.781176328659058
24.10770744085312
21.557770133018494
21.14136004447937
20.233771860599518
18.401279509067535
17.79506754875183
16.489309191703796
15.79030579328537
14.426022112369537
14.417524218559265
14.346966028213501
15.600727915763855
16.087212324142456
15.426339387893677
16.056733071804047
16.70212334394455
17.5341437458992
18.650709867477417
19.720873057842255
21.04769742488861
21.78346061706543
22.999855697155
23.676530063152313
23.9544335603714
24.769791543483734
24.2090984582901
25.176300883293152
23.96995598077774
24.525147795677185
25.261554181575775
25.327573478221893
25.599929690361023
25.49153822660446
26.20859283208847
26.23019164800644
25.591795682907104
24.942975223064423
24.852858066558838
24.777666985988617
25.31147652864456
25.580714523792267
25.83793044090271
26.02516484260559
25.92691570520401
26.470880329608917
26.49421787261963
25.43160516023636
25.37259089946747
25.132660746574402
26.126956582069397
26.38126540184021
26.45472103357315
25.80606257915497
26.573725044727325
25.303238928318024
24.964421689510345
26.060041189193726
25.95886218547821
26.272824466228485
24.99026256799698
24.873937368392944
25.859262585639954
25.87075811624527
25.263192892074585
24.15750801563263
21.6801518201828
19.05621212720871
17.497256636619568
16.550886690616608
17.328706979751587
18.648447036743164
22.709982752799988
23.766982793807983
23.365255117416382
24.776226937770844
23.582222938537598
23.80428647994995
23.151995718479156
23.206855714321136
21.996421933174133
21.320093989372253
21.138097524642944
19.92886573076248
19.881293296813965
19.26789093017578
17.62736016511917
17.639306247234344
17.10698628425598
16.128764629364014
16.193472504615784
15.826881408691406
15.578369975090027
15.549216210842133
14.757384896278381
13.452615559101105
12.616783231496811
13.085628002882004
14.089589178562164
16.42308908700943
17.273209273815155
19.455713748931885
21.353914618492126
21.63981145620346
23.153330266475677
23.782733976840973
23.98695796728134
24.20568358898163
22.851830065250397
23.749710500240326
23.633610129356384
21.85958880186081
21.946715772151947
20.417028546333313
20.13146424293518
18.798494517803192
18.16051495075226
15.770901441574097
14.524714231491089
13.151661783456802
9.995899021625519
9.362695813179016
8.510216921567917
8.841436564922333
8.61817580461502
9.381740540266037
10.100415736436844
10.861534625291824
10.967400848865509
12.034130990505219
13.351199179887772
14.454423785209656
14.90934270620346
16.87539976835251
17.303431391716003
18.372383296489716
18.88331425189972
19.534613847732544
20.33951884508133
20.553154289722443
20.74514901638031
22.79467660188675
22.658814132213593
22.272506177425385
22.118119299411774
22.402935028076172
22.382912576198578
23.12307220697403
23.233773589134216
23.34702491760254
24.28773993253708
23.540552377700806
23.80822491645813
24.342653572559357
23.313111066818237
23.346564829349518
22.242708563804626
21.04487043619156
19.118930101394653
15.310768067836761
13.816916346549988
12.965307474136353
15.00897753238678
18.295923233032227
20.820825517177582
21.69515597820282
21.842028975486755
22.847308695316315
20.027985513210297
17.77815991640091
14.88029807806015
14.630519688129425
13.101572662591934
11.130398035049438
11.122081011533737
10.878248780965805
9.08106192946434
8.92818084359169
8.523065358400345
7.447793483734131
7.816237241029739
7.809492856264114
8.334796220064163
8.932128190994263
8.900764137506485
8.370372623205185
8.4073166847229
8.100806206464767
7.434933602809906
8.608451783657074
10.669462978839874
13.943123012781143
17.175832748413086
19.667513251304626
21.909874439239502
22.74710500240326
23.406724393367767
24.106939613819122
24.764972865581512
24.596239805221558
25.08807945251465
25.87059199810028
26.397415101528168
25.637627601623535
24.835244953632355
25.011741399765015
25.344744861125946
25.347052574157715
25.837435960769653
26.21078860759735
25.67681121826172
26.02144730091095
25.71634441614151
25.637687265872955
25.44426202774048
24.644633293151855
24.938147604465485
25.24662083387375
25.47020798921585
24.89175856113434
25.348894357681274
25.610483825206757
25.604163467884064
25.963220417499542
25.41238760948181
24.619830071926117
25.281413853168488
25.57600027322769
25.313856780529022
25.38659781217575
25.818836092948914
25.756447672843933
25.33472388982773
25.180727779865265
25.92484015226364
24.54561960697174
25.21894210577011
25.041474163532257
26.271781146526337
25.83145236968994
25.52270883321762
25.523498594760895
25.298421502113342
25.845981895923615
25.068029284477234
25.368784368038177
25.250077784061432
25.27956259250641
25.8542999625206
25.499535024166107
26.1697119474411
25.045955538749695
26.113717257976532
24.662582278251648
25.511127710342407
25.58941125869751
25.765030801296234
25.951780140399933
25.698952615261078
25.271701157093048
24.961515247821808
24.6933411359787
25.386728703975677
25.851654589176178
25.990590631961823
25.603217482566833
25.42038494348526
25.85667508840561
25.839377284049988
25.95275866985321
25.552003502845764
26.208318769931793
25.708605885505676
25.35516732931137
25.87455576658249
26.21438068151474
24.591117084026337
25.139736831188202
25.42268806695938
25.341944575309753
25.317903518676758
24.98292452096939
24.827848076820374
25.647367000579834
25.382809221744537
25.74920356273651
24.695867717266083
25.04897803068161
25.314987242221832
25.88002222776413
25.545154750347137
25.773521065711975
25.16462790966034
25.62034583091736
25.815272510051727
25.614410161972046
25.677232921123505
25.283626675605774
25.788335382938385
25.603935718536377
25.66077595949173
25.21699547767639
25.224178194999695
25.25045895576477
25.59993153810501
26.21840763092041
25.627366602420807
25.91641056537628
25.759306609630585
25.25137025117874
24.42111313343048
25.844614803791046
25.263553261756897
24.76185292005539
25.538493990898132
26.235024392604828
25.15561556816101
25.261235058307648
24.74035131931305
25.363158524036407
24.54509061574936
25.244305312633514
25.573099553585052
25.58216166496277
25.56102693080902
25.912218987941742
25.488425612449646
25.98947775363922
25.12280911207199
25.771808981895447
26.215860903263092
25.639941811561584
26.34756875038147
25.737335860729218
25.432994306087494
25.824802935123444
25.253791213035583
25.590901136398315
25.49330246448517
26.169412791728973
26.00490951538086
25.530686855316162
24.94165152311325
25.071566581726074
25.353423714637756
26.09031915664673
25.721372663974762
24.82322371006012
24.98524111509323
24.936288714408875
26.378136456012726
25.690591275691986
25.533952236175537
24.938266932964325
25.635755836963654
25.893318951129913
25.173534333705902
25.66134935617447
25.677468061447144
25.65516471862793
26.311600983142853
25.682206571102142
25.487273514270782
25.168032228946686
25.375394642353058
24.361196279525757
25.918494880199432
25.91911906003952
25.69898647069931
25.478472113609314
24.99128007888794
25.775627434253693
25.02929151058197
24.48363733291626
25.338605999946594
24.61948937177658
25.739752769470215
24.741002142429352
25.67360371351242
25.51517617702484
25.166873455047607
24.933141469955444
25.130401968955994
26.184412956237793
25.954162061214447
25.3979452252388
25.080305337905884
25.51607358455658
25.58855777978897
25.12605357170105
25.404700577259064
23.683668315410614
23.667621910572052
22.510417819023132
20.67094874382019
18.69651287794113
17.58007323741913
18.018307089805603
19.48123461008072
19.149095475673676
19.10209548473358
17.791146993637085
18.197729766368866
17.528002083301544
16.800905883312225
17.70009195804596
17.447202026844025
17.738415122032166
16.93639361858368
16.841271460056305
17.31520938873291
17.147469580173492
17.994585752487183
16.96545398235321
16.96938955783844
16.289638102054596
16.96377682685852
17.07217639684677
17.301575362682343
17.889935433864594
16.41616427898407
16.27905809879303
17.038427472114563
17.138408303260803
16.44621366262436
16.960204005241394
17.23101645708084
17.44852888584137
17.838696837425232
17.452645182609558
16.746576070785522
17.04488754272461
16.23969703912735
16.258350014686584
14.946516394615173
15.15177309513092
14.931809842586517
15.586957156658173
16.79567062854767
18.399232864379883
20.773138999938965
21.328832268714905
23.053984940052032
24.18643093109131
24.812820374965668
25.677994430065155
25.387729227542877
25.97679430246353
25.512491941452026
25.145744144916534
25.788239300251007
25.908840596675873
25.962875187397003
26.322227895259857
25.325658679008484
25.528620839118958
25.918557465076447
26.620723068714142
25.865136444568634
26.40992158651352
25.867565512657166
26.273281514644623
26.76120913028717
26.15032309293747
25.62900286912918
25.981299996376038
27.2161905169487
26.173245310783386
24.841367483139038
25.67477911710739
25.745908439159393
26.137189030647278
26.639109909534454
26.436585426330566
26.107182264328003
26.53729736804962
25.24052995443344
26.547539055347443
25.896210372447968
26.12649405002594
26.332777738571167
26.118645787239075
26.273300528526306
26.076085925102234
26.436545729637146
26.31857943534851
26.133541524410248
26.23874169588089
25.78206741809845
25.944761157035828
25.043590009212494
25.556124210357666
25.669777631759644
25.997759580612183
27.354912221431732
25.733944475650787
25.752318680286407
25.318597435951233
24.813467025756836
23.62307435274124
20.295187950134277
18.103889524936676
16.360341727733612
19.88814949989319
22.500929832458496
24.06425231695175
25.584878087043762
25.658036649227142
26.366180539131165
25.653290688991547
25.45280772447586
26.18280154466629
25.08255112171173
24.942321121692657
25.57172030210495
25.666685163974762
25.340900719165802
25.597569584846497
25.614934027194977
25.44642734527588
25.59751844406128
25.29863041639328
25.22160279750824
25.653290808200836
25.29335904121399
24.62068885564804
25.819643259048462
25.893530189990997
25.0433948636055
25.82853353023529
25.380716860294342
25.648886501789093
25.61632466316223
24.72284823656082
25.41662907600403
24.539938926696777
25.537903606891632
25.205699026584625
25.827651381492615
25.10327696800232
25.866072952747345
25.68243831396103
25.152128756046295
25.87533789873123
25.172874331474304
25.942221879959106
25.985135316848755
24.739152312278748
25.749485969543457
25.311911523342133
25.010987877845764
25.858214259147644
25.789053082466125
25.435531795024872
25.34233295917511
24.911701381206512
25.510368704795837
25.393004894256592
25.332830369472504
25.730833292007446
25.514630675315857
25.360108494758606
26.111888587474823
24.696206510066986
24.421649873256683
24.551391541957855
24.044054865837097
23.927853286266327
22.571614146232605
21.281459093093872
18.16479390859604
17.204093098640442
18.081568956375122
20.96071344614029
23.423381090164185
25.25564467906952
25.81012636423111
26.165148377418518
25.82343763113022
26.274809420108795
25.426375329494476
25.7105313539505
26.819446802139282
25.91286027431488
25.812714755535126
26.329172730445862
26.516155660152435
25.984861373901367
26.6113498210907
26.656533181667328
25.579843759536743
26.202027022838593
26.762191355228424
24.795136749744415
26.498763263225555
26.109490633010864
26.28288584947586
25.368126809597015
26.83862680196762
27.09075278043747
26.595526039600372
26.054609775543213
26.386557459831238
26.3640239238739
25.55951362848282
26.7464000582695
25.07364696264267
25.731345236301422
25.317672312259674
23.97666037082672
21.161151707172394
18.06741154193878
16.924481868743896
18.42245489358902
19.321380853652954
18.034189641475677
17.247023820877075
16.47208458185196
17.132632732391357
16.755169451236725
17.017655849456787
16.543313145637512
16.799151182174683
16.299748361110687
16.322749257087708
17.14665275812149
16.516825258731842
15.84656047821045
16.414544999599457
15.883301198482513
15.06843900680542
14.771645963191986
13.290642470121384
13.95903491973877
12.475376725196838
13.163071036338806
14.614026010036469
15.715818405151367
18.744639694690704
19.949126482009888
21.77856832742691
22.16396450996399
23.082219302654266
24.361058354377747
24.263069450855255
25.2070010304451
25.281327068805695
26.196880400180817
25.56396371126175
25.399216651916504
26.04522931575775
25.602974236011505
26.271344900131226
25.904732882976532
25.32379549741745
25.430689990520477
26.181840777397156
25.31883716583252
26.304413557052612
26.785935938358307
25.855518877506256
26.163757145404816
26.322828948497772
26.240039110183716
26.20205783843994
26.839843571186066
26.02449643611908
25.717618465423584
25.78457361459732
26.024178445339203
25.752018570899963
25.4392312169075
26.44269895553589
26.70391494035721
26.05797266960144
26.02986252307892
25.897633135318756
26.563927590847015
26.26803207397461
26.150457203388214
26.505288898944855
26.26154363155365
25.745938181877136
25.550938546657562
25.33302068710327
25.994453012943268
25.108122527599335
25.409285724163055
25.060455799102783
26.23761510848999
27.18488174676895
24.765808641910553
26.494735658168793
25.530132710933685
26.02085965871811
26.09301006793976
26.355568289756775
25.649178326129913
26.144200146198273
25.688086092472076
25.920907974243164
25.31594467163086
25.643245458602905
26.06963837146759
25.912608444690704
25.44794887304306
25.49732083082199
26.96093213558197
25.947634279727936
26.43884825706482
25.673328399658203
26.120269000530243
25.572613418102264
27.55464380979538
25.995772421360016
26.245622158050537
25.9945906996727
26.497836887836456
25.789060413837433
26.188836812973022
25.932162165641785
26.467064678668976
26.44752687215805
26.046079695224762
25.386397659778595
25.72557508945465
25.123346090316772
