3.69664166867733
3.7668309211730957
2.9372980892658234
3.1896951869130135
2.4810187071561813
2.072562098503113
2.518641248345375
2.633731208741665
3.548761583864689
3.755459390580654
3.874171271920204
4.159865185618401
5.941104769706726
6.410610467195511
6.059866651892662
4.707938507199287
4.402711629867554
4.254437610507011
3.15181602537632
2.967602528631687
2.236314043402672
2.6723248586058617
1.5550994575023651
1.5437273792922497
2.4430975914001465
2.157530553638935
2.6485967561602592
2.734847404062748
2.4210797920823097
3.1255486384034157
3.158498890697956
3.651553064584732
4.156047374010086
4.895663008093834
5.471621096134186
6.150050058960915
5.241016298532486
5.999157130718231
7.163968876004219
7.931601017713547
7.242138743400574
9.078831493854523
9.90097188949585
10.722363919019699
11.554931461811066
12.162598639726639
12.565272033214569
13.31168806552887
14.933128505945206
14.465040743350983
14.674229860305786
16.437105536460876
16.78068119287491
17.92059224843979
18.14572125673294
18.828901410102844
20.25757259130478
19.47365891933441
20.907528698444366
21.218980491161346
19.816765189170837
21.061621844768524
21.436002016067505
23.257760047912598
22.11821812391281
23.145098090171814
23.376158118247986
23.591088593006134
22.865733921527863
23.951557636260986
23.343804597854614
24.66890150308609
24.875320255756378
24.722487926483154
24.484481751918793
23.50483864545822
21.845954954624176
18.975060999393463
15.288894414901733
11.275574505329132
7.87620735168457
8.506479889154434
9.7079336643219
11.316756337881088
13.61645495891571
16.063588798046112
17.18387669324875
18.37073588371277
19.943488478660583
19.76008492708206
22.321470856666565
21.72051250934601
22.111619770526886
23.2532559633255
22.028701663017273
23.049983143806458
23.684249937534332
25.348059952259064
25.193772792816162
24.975350558757782
24.788937509059906
25.065760552883148
24.867785453796387
25.903348565101624
24.682036519050598
25.1367290019989
24.426419496536255
25.45523428916931
25.528940796852112
26.30350488424301
25.695214569568634
24.61137890815735
26.001367211341858
26.05512398481369
25.555682003498077
25.990740716457367
26.030817329883575
25.049828469753265
25.13575428724289
26.064629912376404
26.519474267959595
25.602155685424805
24.900576770305634
25.22662842273712
24.569804430007935
24.277714908123016
23.27860015630722
22.380287408828735
19.552161931991577
15.960996389389038
17.9420924782753
21.276746153831482
24.419316172599792
25.363469004631042
26.063680469989777
26.19569170475006
25.86987215280533
25.973614931106567
25.125097274780273
25.48172104358673
24.539999067783356
23.31054300069809
20.558638870716095
17.746802747249603
13.478107035160065
9.650680512189865
8.953112244606018
10.584360420703888
12.399967402219772
15.121218204498291
15.613006114959717
16.597553551197052
18.191656529903412
19.758425116539
20.14305806159973
20.8769651055336
21.256151974201202
22.665640711784363
23.202529966831207
23.210197508335114
23.34997707605362
24.491402447223663
24.57702285051346
24.44495165348053
25.1476873755455
24.39816987514496
24.933434784412384
25.43945002555847
24.610503017902374
26.3662628531456
24.89077752828598
24.128950774669647
25.116288781166077
25.260242521762848
25.60686606168747
25.93090295791626
24.52168709039688
25.02738308906555
25.441399037837982
25.965476155281067
25.910599172115326
25.579765141010284
25.443105101585388
25.07514840364456
24.145599007606506
24.81339532136917
22.93767923116684
20.194766104221344
18.842469036579132
15.23349642753601
11.389764189720154
9.030397206544876
9.201467454433441
9.566513121128082
10.608958542346954
10.96525764465332
11.964523434638977
11.846603065729141
11.958686202764511
13.024356007575989
12.97521635890007
14.21468186378479
14.182358592748642
13.667487502098083
13.732773274183273
14.649411678314209
14.763727962970734
14.950711488723755
16.02856081724167
15.488696157932281
17.005813539028168
16.849884688854218
17.795074224472046
18.047121286392212
18.737462520599365
19.307043492794037
19.309781312942505
19.648551106452942
19.877828001976013
19.915869057178497
20.26469314098358
20.268580853939056
20.509051144123077
20.16145271062851
20.509056568145752
21.464799761772156
21.654564023017883
22.033528089523315
21.312231481075287
21.97382152080536
23.490827918052673
23.46940153837204
23.815405011177063
22.265032589435577
22.928261399269104
22.49382644891739
23.97646462917328
23.61114913225174
23.306758522987366
23.622653365135193
23.781894207000732
23.864228427410126
24.167405784130096
24.610963761806488
24.368741810321808
23.541685461997986
25.018848299980164
24.99246209859848
24.809943974018097
24.666649520397186
25.016266345977783
24.206516087055206
25.70141887664795
25.25992339849472
24.65845251083374
24.594100296497345
23.9989196062088
23.38158428668976
21.40840768814087
20.145926356315613
17.246888637542725
12.951467663049698
8.975377261638641
7.009076029062271
7.944971114397049
10.855005025863647
14.668713420629501
16.37488943338394
19.031650125980377
21.63915890455246
22.35376226902008
23.668281137943268
24.29242843389511
24.297349274158478
24.343049466609955
25.337888181209564
25.344812214374542
26.480205178260803
24.634192168712616
25.367980778217316
25.60328894853592
25.195183753967285
26.37729048728943
26.15537029504776
26.508157968521118
25.066741824150085
25.823801934719086
25.753458559513092
25.53193235397339
25.726093411445618
25.309930384159088
26.35429733991623
25.41214871406555
25.308606564998627
25.126079320907593
25.921627163887024
26.844420075416565
24.974704682826996
26.056900143623352
25.992711663246155
25.84401834011078
26.86513578891754
26.053831160068512
25.31724226474762
25.334208071231842
26.069925725460052
26.266521871089935
26.18022108078003
25.694395780563354
26.491359889507294
25.281976282596588
26.217508792877197
25.593997478485107
26.720653772354126
25.282735884189606
25.838904917240143
25.808430433273315
25.200050234794617
26.363197922706604
26.121228456497192
26.110455453395844
26.223568558692932
26.735285580158234
26.009401500225067
26.385218620300293
26.09975576400757
26.34937810897827
26.853571891784668
26.019236981868744
26.203328609466553
25.84476011991501
27.094343781471252
25.567921817302704
25.221184194087982
25.559267282485962
26.126750946044922
25.369639337062836
26.20407611131668
25.6175137758255
24.30231934785843
23.193744719028473
22.150471031665802
17.935906171798706
16.70695298910141
18.464532434940338
20.44888687133789
22.062640368938446
24.499179899692535
23.008795261383057
24.739676117897034
24.77401429414749
25.31450742483139
24.839455008506775
25.305018186569214
24.961020052433014
26.28214865922928
25.95304036140442
25.426005005836487
24.241235435009003
24.72845208644867
25.108573615550995
22.995760023593903
21.833791613578796
19.6053084731102
15.278522551059723
13.345857352018356
11.31579726934433
11.571571260690689
12.091556459665298
13.106473237276077
13.264433979988098
13.476794630289078
13.763895273208618
13.899296641349792
14.097631573677063
14.117956817150116
13.788973033428192
14.564325451850891
15.595418989658356
14.96671438217163
15.037482142448425
16.100936770439148
15.693547010421753
16.197368323802948
16.859194457530975
16.13952910900116
14.00735741853714
13.774375438690186
13.408034592866898
13.232280373573303
13.711693078279495
12.547282606363297
14.277491986751556
13.706523835659027
13.531520664691925
12.40740230679512
13.229138851165771
12.666725516319275
13.380688101053238
12.182639181613922
12.689659416675568
12.848291784524918
13.502601861953735
12.590336114168167
13.081590324640274
13.788850039243698
13.211143463850021
14.320967614650726
15.101560056209564
15.268535792827606
14.970611929893494
16.65848046541214
16.83422750234604
17.361388325691223
17.857843101024628
18.041447162628174
18.75154137611389
18.38381540775299
18.579763650894165
18.305798530578613
17.88576203584671
17.331004977226257
18.027187407016754
17.670875072479248
16.98705941438675
16.54555505514145
15.888670086860657
15.464360892772675
15.722207427024841
16.240418612957
16.10022783279419
16.745184123516083
16.733454048633575
17.87184977531433
19.070140063762665
18.915384709835052
18.088555991649628
17.134542644023895
17.57028102874756
16.566882073879242
16.6629199385643
15.623896896839142
15.814231634140015
16.559144258499146
15.448618650436401
15.438557088375092
16.150688529014587
16.252134561538696
15.17661964893341
14.138689398765564
14.32028180360794
13.472758799791336
13.144830703735352
12.115070015192032
12.819430112838745
12.617315530776978
11.592898905277252
12.037820428609848
12.841414898633957
15.578326225280762
17.966405987739563
20.704855382442474
22.12052881717682
24.198366403579712
24.51956444978714
25.14298528432846
24.831625640392303
25.9771928191185
25.08620250225067
25.43998110294342
26.151255071163177
25.79796141386032
25.19793426990509
26.342784702777863
26.61963266134262
26.392739832401276
25.518195271492004
26.32398933172226
26.162945866584778
25.82053780555725
24.803646743297577
23.870116233825684
20.936859607696533
17.114587664604187
18.319674253463745
21.920653700828552
24.034657061100006
25.406587541103363
25.178195893764496
25.622221887111664
26.53964591026306
25.75793206691742
24.25079572200775
26.077382922172546
25.880939781665802
25.12796539068222
26.092215478420258
24.64534503221512
26.41002357006073
25.387309432029724
25.725670039653778
25.200677573680878
26.739972472190857
25.44510406255722
24.914657652378082
25.62388664484024
26.03623902797699
26.103461861610413
25.50208353996277
25.625591099262238
25.830434799194336
25.794363796710968
25.53436940908432
26.385116040706635
25.05319970846176
26.87344467639923
26.488001585006714
26.31258600950241
25.60468715429306
26.27751052379608
25.771814286708832
25.361809134483337
25.47340327501297
24.936698257923126
26.030820667743683
26.79229563474655
25.38535726070404
26.018509209156036
25.40353775024414
26.090516090393066
25.152085304260254
26.485835134983063
25.677246809005737
24.31840193271637
24.55738925933838
21.076302587985992
18.854337751865387
17.487774789333344
18.299846827983856
22.448921978473663
24.49891370534897
26.13065731525421
25.770950496196747
25.697800874710083
26.039332151412964
25.667897403240204
26.46588224172592
26.62907612323761
25.76398003101349
25.860616087913513
26.07312762737274
26.385410249233246
25.7126442193985
26.14772093296051
25.6111798286438
25.270145893096924
26.219825983047485
26.426435947418213
26.1805237531662
26.381256937980652
26.107793509960175
26.507987320423126
26.242181599140167
26.234500885009766
26.18485963344574
26.228806734085083
26.042837381362915
25.678167402744293
25.808342933654785
25.920337557792664
26.209685921669006
25.863000333309174
26.364855647087097
26.04986011981964
26.13261181116104
25.94295984506607
26.964812576770782
26.105831742286682
26.805180370807648
26.186223804950714
26.536875545978546
26.417898058891296
25.81908667087555
26.61724865436554
25.769143760204315
26.232903599739075
25.596733927726746
25.84974330663681
26.1916241645813
25.169266939163208
25.354718267917633
25.966195166110992
26.905293703079224
24.777483582496643
25.781511545181274
25.370654940605164
25.706476271152496
25.841573297977448
25.83915787935257
26.427336513996124
26.47721755504608
27.144133865833282
27.02599263191223
25.68480682373047
26.24905216693878
26.016563534736633
25.695545077323914
26.449587166309357
25.982171714305878
25.787624061107635
26.508788526058197
26.027802526950836
26.07450944185257
26.10213202238083
25.972160518169403
25.56566834449768
25.98685359954834
26.420453011989594
26.515498280525208
26.00425535440445
24.739928901195526
26.062878012657166
25.503321409225464
26.031221866607666
25.994563281536102
25.159101963043213
24.633515000343323
22.309353172779083
20.420338988304138
17.127365946769714
17.780674278736115
17.63668543100357
20.221763491630554
23.15794450044632
23.190513134002686
24.077082455158234
25.21284645795822
24.556681871414185
24.671356320381165
25.869332253932953
24.993906438350677
26.34412568807602
25.377828776836395
25.544586956501007
26.229424476623535
26.004433274269104
25.54000186920166
26.081048786640167
24.802039980888367
25.886912524700165
25.020650804042816
24.643911063671112
24.109370529651642
23.452783703804016
21.55110192298889
18.425379276275635
16.81344985961914
15.693306624889374
16.197052657604218
15.223379373550415
14.85416465997696
15.222931146621704
14.37884247303009
13.136242806911469
12.066456288099289
12.23668423295021
15.016756057739258
19.093599379062653
21.055892288684845
23.717952251434326
24.26642346382141
25.0250586271286
25.02845674753189
25.912605822086334
25.503211975097656
25.637271523475647
25.137434005737305
26.750304222106934
25.53225886821747
25.989765524864197
26.058166086673737
26.366993010044098
26.4978546500206
26.948682010173798
25.853066325187683
25.802494406700134
26.41577982902527
24.721231698989868
26.424966752529144
26.820920526981354
25.677597761154175
26.529757499694824
26.490163564682007
25.35028111934662
26.135226011276245
26.497160136699677
26.11485320329666
26.224665105342865
26.001389980316162
25.419965386390686
25.67784035205841
26.324852228164673
26.436193227767944
26.7447452545166
25.913037836551666
25.481794834136963
27.03589904308319
26.268446803092957
26.124838292598724
25.42463195323944
25.65012788772583
26.299888908863068
25.760986387729645
25.97083729505539
26.43474191427231
26.256546437740326
25.91096383333206
25.630376636981964
24.996986746788025
26.19330996274948
25.559035420417786
26.161509573459625
25.37113255262375
26.123860478401184
25.3724427819252
26.93988174200058
26.087893784046173
25.970384299755096
25.836929857730865
26.728370428085327
25.716726660728455
26.68856054544449
26.30644792318344
25.918817162513733
26.038412630558014
26.2751482129097
27.10407668352127
25.67011523246765
25.48689377307892
26.395745754241943
25.460849225521088
25.879436671733856
25.730890810489655
25.403775334358215
25.090701580047607
23.778417944908142
20.215890526771545
17.399502635002136
17.36837011575699
21.38662016391754
23.643743097782135
24.045463144779205
24.992150247097015
25.55953288078308
26.398963630199432
25.346105217933655
24.353413939476013
25.460766971111298
25.467615604400635
26.545384347438812
25.87524962425232
24.620409727096558
25.978080451488495
25.374571800231934
26.129241228103638
25.640793800354004
24.798862874507904
25.35928976535797
24.57009106874466
25.748020231723785
25.195891857147217
26.012352108955383
25.769104719161987
25.07396137714386
25.638314723968506
25.54818880558014
25.11069542169571
24.813855826854706
25.37437641620636
25.391178905963898
24.918762683868408
25.653716206550598
24.68652755022049
24.25469833612442
23.49313133955002
22.20260888338089
18.89900028705597
16.085829973220825
17.34318435192108
20.35051268339157
23.58735680580139
24.623510777950287
25.466321051120758
25.14292585849762
25.81053775548935
25.320947289466858
26.224356055259705
26.158246099948883
25.59116220474243
25.64557522535324
25.382624983787537
25.51690685749054
25.45673245191574
25.59976714849472
24.351110517978668
25.648075222969055
25.265412628650665
25.4338019490242
25.804141104221344
24.960772573947906
24.431223452091217
24.85918802022934
25.694206178188324
25.704846024513245
24.80313789844513
24.844120979309082
23.57619595527649
21.598270773887634
20.26233398914337
17.42207831144333
18.13857764005661
20.804529786109924
25.438010692596436
24.730712056159973
26.434369444847107
25.719084680080414
25.855512022972107
25.38765126466751
26.336786031723022
26.99066174030304
26.27631276845932
26.511440634727478
25.883106470108032
25.867878258228302
26.089528262615204
26.452995598316193
26.435555517673492
26.595511853694916
26.50883972644806
26.64033442735672
25.890641748905182
26.364538609981537
25.420254945755005
26.394799947738647
25.110620379447937
26.201559364795685
26.094760239124298
26.621104896068573
25.879271149635315
26.150717794895172
25.914654910564423
26.892136812210083
26.825896859169006
27.02376425266266
26.080931544303894
25.782959282398224
25.524519741535187
25.59095126390457
25.805948317050934
26.256002068519592
25.80003809928894
26.921596586704254
25.998507499694824
26.454763650894165
26.663580417633057
25.59238439798355
26.325701653957367
26.200470328330994
25.210028052330017
26.202445089817047
26.16790395975113
26.09977161884308
25.737338662147522
27.28787851333618
25.86988717317581
25.968264639377594
25.79468137025833
26.370373845100403
26.225037276744843
26.11720633506775
26.445971369743347
26.886775851249695
26.98352950811386
25.786332964897156
26.65691387653351
26.371629238128662
26.17001223564148
26.047569394111633
26.498416244983673
26.67471331357956
26.34070920944214
26.097543239593506
25.995447158813477
26.7173210978508
26.673508882522583
26.367312610149384
26.255617797374725
26.190080881118774
26.019266426563263
25.991108536720276
26.534139692783356
25.87857574224472
25.34686940908432
26.795636296272278
26.78849309682846
26.690410673618317
25.439237356185913
26.898949563503265
26.004011750221252
25.94683277606964
25.893267333507538
24.73534882068634
24.047180593013763
21.196510791778564
19.59319031238556
18.105156421661377
18.208482801914215
18.852249205112457
20.75766098499298
22.340736389160156
24.496755063533783
25.277760803699493
25.906725108623505
24.98391819000244
26.020367681980133
25.870922029018402
25.28094345331192
26.25108939409256
25.08704447746277
25.214227974414825
25.847879707813263
26.18600696325302
25.22270691394806
25.083141446113586
26.26061636209488
25.356426298618317
26.291839003562927
25.747141182422638
25.339198887348175
25.54021841287613
25.81304967403412
26.453046560287476
25.951250791549683
26.616472482681274
25.732520163059235
25.62070006132126
25.0085666179657
25.831769287586212
25.000631511211395
25.555031061172485
25.99210500717163
25.793843686580658
25.251555919647217
26.060500621795654
25.179698944091797
25.53257656097412
25.45598292350769
24.947314262390137
25.564912736415863
25.746448516845703
24.312067210674286
25.31042581796646
25.978603720664978
25.790379583835602
26.369554221630096
26.29176151752472
25.11021727323532
25.259321928024292
25.24914139509201
25.707708537578583
25.48184198141098
25.527150690555573
26.107179701328278
26.05895084142685
26.282797873020172
25.271572828292847
24.60576581954956
24.936646103858948
25.205579936504364
24.127943694591522
22.492667019367218
19.807780742645264
17.46118277311325
17.705951631069183
19.937791883945465
23.282738387584686
23.71522033214569
24.64757263660431
25.84231561422348
24.74962627887726
26.038358688354492
25.1850546002388
26.40035057067871
24.44270807504654
25.911971390247345
26.20807808637619
26.04840397834778
26.04295641183853
25.304196894168854
26.75273197889328
25.994976937770844
25.73758339881897
26.554191052913666
26.48962289094925
26.519657135009766
24.30480808019638
24.924706876277924
26.35037785768509
26.198972284793854
26.237317442893982
26.016691267490387
26.209236204624176
26.067449033260345
25.511516273021698
25.946598529815674
26.24027919769287
26.122198462486267
25.791881382465363
26.166718065738678
25.260850429534912
26.071423888206482
26.33589333295822
25.40494805574417
25.495193779468536
25.857878386974335
25.92838603258133
26.124663650989532
25.999931633472443
24.83457237482071
25.716306388378143
24.515127956867218
25.002122819423676
21.928788781166077
19.71460473537445
17.98052567243576
16.94470238685608
15.131775975227356
15.531397640705109
13.967824459075928
14.902361631393433
16.34646785259247
16.540028393268585
18.629291772842407
18.06523323059082
18.321081161499023
18.727446377277374
19.73435264825821
17.629640460014343
17.23054140806198
16.38506042957306
15.022225379943848
13.904154360294342
13.061872631311417
11.42870545387268
11.325973093509674
12.022381275892258
13.46376758813858
15.30620014667511
17.04881465435028
18.664577662944794
19.722305238246918
21.986379623413086
22.577389776706696
23.810756504535675
24.004189908504486
23.830071687698364
24.676130831241608
25.703454971313477
24.761872589588165
25.658793330192566
26.030779004096985
24.524560868740082
25.959739565849304
25.6505828499794
25.537935972213745
26.75989407300949
24.915366053581238
26.577308654785156
25.27583634853363
25.165187299251556
25.14270770549774
25.14905345439911
25.639950394630432
25.97640597820282
26.100956439971924
25.35349589586258
25.74942433834076
26.583944439888
25.92677789926529
25.05870282649994
25.96271687746048
25.47195392847061
25.603408813476562
25.921919763088226
25.68054038286209
25.653822779655457
25.890153110027313
26.080747663974762
26.69004338979721
25.735107898712158
25.79237186908722
25.80456054210663
26.21432775259018
25.409141302108765
26.193021953105927
26.2846639752388
26.31608885526657
25.56966406106949
25.600427091121674
26.120432436466217
25.984324514865875
26.391899168491364
27.18956345319748
25.411561191082
25.72128665447235
25.505250215530396
25.942261397838593
26.501129865646362
25.846596479415894
26.224161088466644
25.824042439460754
26.74187558889389
25.511417150497437
25.497223794460297
25.4998140335083
25.79534649848938
25.23705142736435
25.747296035289764
25.993266940116882
26.58503419160843
25.221356451511383
25.094513833522797
25.577251613140106
25.748983502388
24.84362483024597
24.786219775676727
24.3406623005867
23.84821194410324
24.771448969841003
24.104250192642212
23.971598207950592
23.169617772102356
22.564233541488647
20.720829665660858
18.293879985809326
15.469524443149567
15.755591094493866
17.71093440055847
21.23405820131302
22.675556778907776
23.8670095205307
25.68567556142807
24.375107765197754
25.924665570259094
25.92783546447754
24.477998673915863
25.79349398612976
25.463167786598206
24.890766620635986
24.152739942073822
24.997363567352295
24.926628828048706
23.891766667366028
23.370055317878723
22.386384308338165
21.23493868112564
18.800658702850342
16.494198501110077
14.720622837543488
11.886436253786087
11.419584423303604
12.103070318698883
14.307462394237518
16.11331558227539
18.035694479942322
19.325941503047943
21.579881012439728
22.34720355272293
21.353308498859406
21.705405831336975
22.807193994522095
24.177459597587585
24.81676036119461
24.718416810035706
24.477392435073853
24.038817167282104
24.654509007930756
25.079653203487396
25.670788943767548
25.37556618452072
26.30058616399765
25.727080821990967
25.28168660402298
24.65315842628479
24.002986013889313
24.10475367307663
24.24493384361267
23.187766551971436
22.158664643764496
19.809341490268707
19.181876480579376
17.119459331035614
12.515670150518417
9.170643121004105
7.19582861661911
7.702120438218117
7.3492357432842255
8.596097081899643
8.172426015138626
8.342620998620987
9.59651330113411
9.409478813409805
10.628766000270844
12.84548032283783
14.65752598643303
16.17461496591568
17.733211398124695
19.05151331424713
20.262357771396637
20.980098247528076
21.535527408123016
22.930349349975586
23.69518345594406
22.999507009983063
24.834601402282715
25.22542631626129
24.787130653858185
25.096859991550446
24.696765184402466
24.8562570810318
25.226847171783447
25.835038423538208
25.53076708316803
24.83959209918976
24.79915499687195
26.156201899051666
25.711068272590637
25.560170352458954
25.14102977514267
25.85577017068863
25.572469472885132
25.48191910982132
24.80074566602707
24.692611813545227
25.857815980911255
25.208398401737213
25.377049326896667
25.61024922132492
25.798021376132965
25.808279514312744
25.143626749515533
25.526113271713257
25.859890162944794
25.48273903131485
25.778992533683777
25.8014577627182
24.444100499153137
25.677168607711792
25.467499673366547
25.30550330877304
25.082068741321564
25.408946692943573
25.168780505657196
25.207387447357178
24.056481063365936
25.634498178958893
25.220314025878906
25.384710729122162
25.23016119003296
25.79021841287613
25.30957716703415
25.993395686149597
24.809893548488617
25.32713109254837
23.42740970849991
23.189598739147186
22.848845839500427
20.70787137746811
19.528809905052185
18.27269756793976
16.303090691566467
17.470612168312073
17.93729990720749
20.670997083187103
22.11120218038559
23.783191561698914
24.763173162937164
25.240432500839233
25.27698653936386
25.288067519664764
25.88344144821167
25.645485162734985
25.425399661064148
26.119159877300262
26.121080458164215
25.504383862018585
25.542784094810486
25.48079913854599
22.92602664232254
21.94871473312378
19.128685116767883
16.99597316980362
16.218272387981415
15.915796935558319
17.281471729278564
19.707961320877075
21.12435233592987
22.59522944688797
23.053155422210693
24.479567885398865
24.243519008159637
24.913801193237305
26.00006103515625
24.7888240814209
25.69751387834549
26.23074346780777
25.55711078643799
26.095263183116913
26.563750445842743
24.717840492725372
24.812517285346985
25.3228542804718
26.237256228923798
25.74303662776947
25.12969881296158
25.753133296966553
25.675019443035126
26.292573153972626
26.29545134305954
26.091217517852783
26.262140929698944
26.256382048130035
26.321199238300323
25.374967873096466
26.627612471580505
26.551074862480164
25.93738543987274
25.808728992938995
25.69896137714386
26.38911062479019
25.254493296146393
25.54918599128723
25.54225093126297
25.543568015098572
26.533405542373657
26.355440139770508
26.275443971157074
25.608080327510834
25.738325774669647
26.093936324119568
26.55327159166336
25.294828236103058
25.477241694927216
26.452057003974915
25.860015273094177
25.035632967948914
25.615425169467926
25.955743074417114
26.339026153087616
25.881089329719543
26.053198754787445
25.713299870491028
25.844146072864532
25.55219155550003
25.638947129249573
26.00126028060913
25.83744704723358
25.800264954566956
25.791824758052826
25.213158786296844
25.946235477924347
24.870507538318634
25.36617362499237
26.499975204467773
25.528929829597473
26.05096697807312
24.987548768520355
25.920459985733032
26.096775710582733
25.21968138217926
25.460961878299713
25.706076085567474
26.641511261463165
26.35633909702301
25.209532856941223
25.089304208755493
26.37740647792816
25.89107382297516
25.519680082798004
25.664570212364197
25.82682853937149
26.245480000972748
26.25950050354004
25.534343898296356
25.02087926864624
25.84871745109558
25.99823158979416
25.369832754135132
26.48820525407791
26.132144033908844
26.178414463996887
25.721765279769897
25.886604607105255
25.869909286499023
26.090966641902924
25.260488748550415
26.665312886238098
25.498198986053467
25.68223524093628
26.130391776561737
25.158400654792786
26.17204451560974
26.111383378505707
25.01796567440033
26.442691028118134
25.63328182697296
25.835205852985382
26.288445472717285
26.00229811668396
24.907641649246216
26.596674740314484
25.50946295261383
26.422413051128387
25.662717521190643
26.172823548316956
25.32696408033371
25.03121817111969
26.12278324365616
25.608109295368195
25.911877274513245
26.26751834154129
25.93963885307312
26.218191862106323
25.86644721031189
26.352989435195923
26.945656478405
25.660284280776978
25.341460406780243
26.135009944438934
25.47070300579071
25.347864031791687
26.037113189697266
26.661548495292664
26.041375041007996
25.794898331165314
26.124363005161285
26.292774617671967
26.7553009390831
25.93932580947876
24.768197774887085
26.057072579860687
25.84891778230667
26.227734923362732
24.581112027168274
26.111991584300995
26.676795542240143
27.2405047416687
26.384303033351898
26.089395344257355
25.529296815395355
24.90177035331726
25.070239782333374
25.758974373340607
25.455236554145813
26.092182636260986
26.363706409931183
25.69776940345764
25.57839161157608
25.95869219303131
25.926272749900818
26.390219926834106
25.688562273979187
27.17814826965332
25.437337815761566
25.931254386901855
25.70676350593567
25.86009591817856
25.103187918663025
26.032012283802032
25.47602903842926
25.53374809026718
25.95593363046646
25.207180619239807
25.83275532722473
25.74327003955841
26.235141038894653
26.15878450870514
25.82070767879486
26.090848326683044
26.148370623588562
25.105641067028046
24.75525438785553
26.293443858623505
25.430232763290405
25.885797202587128
25.955574691295624
26.43395495414734
25.447223126888275
26.37848651409149
24.649795711040497
26.205666840076447
25.54973590373993
25.156831204891205
26.600169777870178
26.37306773662567
24.99147140979767
25.728180408477783
25.652665555477142
25.211431980133057
25.595295429229736
24.93821269273758
25.25195473432541
26.844274818897247
25.979876577854156
25.99115753173828
26.441888332366943
26.55236452817917
25.821780145168304
25.723261654376984
26.03397899866104
26.07546329498291
26.18284398317337
25.752097070217133
25.306969702243805
25.129367530345917
25.937540233135223
26.18473219871521
25.767699897289276
26.214775264263153
26.13774174451828
25.757664263248444
26.294829308986664
26.261226177215576
25.955484926700592
25.69486141204834
26.180731534957886
26.109716773033142
26.02146464586258
26.310260951519012
25.46386754512787
25.66499638557434
24.624241530895233
24.567887783050537
25.565153658390045
26.134832978248596
25.505377173423767
24.927249312400818
25.63514816761017
26.54103708267212
24.93169939517975
26.56082183122635
25.625652253627777
25.83595097064972
25.934111833572388
26.303561627864838
26.406407713890076
25.11304372549057
26.322446405887604
25.772650182247162
25.839065492153168
25.904508769512177
25.326673805713654
26.0917506814003
26.565735459327698
25.259414494037628
26.625468373298645
25.366333067417145
25.905809581279755
26.178359627723694
25.005045413970947
25.853130757808685
25.949316382408142
25.516827821731567
26.387772142887115
26.20148056745529
26.022733330726624
26.02641499042511
26.19895511865616
26.193921089172363
26.528994858264923
26.09101778268814
25.807626605033875
25.689984619617462
26.27942603826523
26.810597479343414
24.932885110378265
25.941794276237488
25.678634822368622
25.60136377811432
25.396969437599182
25.39428400993347
25.13928711414337
23.922316014766693
24.542212903499603
23.453377962112427
23.45392006635666
20.242934346199036
19.488545358181
18.775548815727234
17.62450474500656
16.91622895002365
18.543686270713806
19.715900480747223
21.857267022132874
23.68713641166687
23.973763585090637
25.295172929763794
25.557791531085968
25.304788529872894
25.71638834476471
26.697694182395935
26.039738416671753
26.334072589874268
26.064997017383575
25.821112096309662
25.95364201068878
26.142242908477783
25.450044214725494
26.07238680124283
26.142915904521942
25.46270328760147
25.949914038181305
25.197173833847046
26.12108415365219
26.37974363565445
25.68997585773468
26.09840840101242
25.77209573984146
25.342335402965546
26.117988407611847
25.35730415582657
25.710362911224365
25.50383883714676
26.811934232711792
26.296281695365906
26.375861406326294
25.639725983142853
25.59576267004013
26.377121686935425
25.30161041021347
26.394408583641052
26.328329265117645
24.620811343193054
25.99535346031189
25.751250743865967
26.29316145181656
25.665867626667023
25.988856554031372
26.646421253681183
25.448113918304443
26.06322181224823
26.159083604812622
26.108210265636444
25.92632120847702
25.513384997844696
25.675181925296783
26.143728971481323
26.309053421020508
26.08983886241913
26.18720906972885
25.92759734392166
26.597043812274933
25.78567272424698
25.241218626499176
26.079169273376465
26.840866684913635
26.285588324069977
25.792613446712494
25.941279768943787
26.031429827213287
26.11999809741974
25.395636081695557
25.519547522068024
25.73475170135498
26.482060432434082
24.821770548820496
26.345999777317047
25.915232002735138
26.194485783576965
26.75087022781372
26.383354425430298
25.505067050457
26.886903822422028
26.03412801027298
25.842405915260315
26.32391130924225
25.97437345981598
26.694396197795868
25.637013852596283
25.831648349761963
25.901353001594543
25.89871656894684
25.585595309734344
26.882552564144135
26.22468453645706
27.01949578523636
25.947872042655945
26.213540494441986
25.713201642036438
25.192705154418945
25.874361217021942
25.788978159427643
25.688817262649536
25.77652770280838
25.298967719078064
25.954974710941315
25.718765199184418
25.957122027873993
25.942345798015594
26.16662609577179
26.98166996240616
25.851011395454407
26.04451012611389
26.67011249065399
26.03436040878296
25.45571094751358
26.274247407913208
25.824840009212494
25.103207767009735
26.534348249435425
25.712251842021942
26.50739747285843
25.747557163238525
26.38193506002426
25.321351528167725
25.288840651512146
25.36325365304947
24.58818006515503
22.334285140037537
18.513882637023926
17.938120245933533
18.727466762065887
21.67592626810074
23.43766748905182
24.813637375831604
25.52308750152588
25.225343108177185
25.444070398807526
25.94956523180008
25.949088633060455
24.956092059612274
25.798493683338165
25.342293858528137
25.91500437259674
25.81016045808792
25.878997266292572
25.851178646087646
25.69736748933792
26.613357305526733
25.216339111328125
26.13729500770569
25.27804696559906
25.07835853099823
24.840019047260284
25.68680191040039
25.622985422611237
24.95705085992813
25.2994327545166
24.985874235630035
25.039537370204926
23.946590662002563
20.554982483386993
17.28338849544525
17.01619666814804
20.256118178367615
23.629094421863556
25.176978826522827
26.021074950695038
25.102466464042664
25.834962129592896
25.295255601406097
25.54189509153366
25.608217298984528
25.83375436067581
25.542766749858856
26.39940243959427
25.50133591890335
25.44934833049774
25.816281259059906
26.345692694187164
25.449518382549286
24.708569169044495
25.002007961273193
26.828552961349487
26.08992862701416
25.054972171783447
26.552009642124176
25.090653657913208
25.839925527572632
24.02011489868164
26.115711450576782
26.139858424663544
26.172223806381226
25.7486429810524
26.6506729722023
26.165087819099426
25.82577693462372
26.06211656332016
25.97144865989685
26.017006814479828
26.02957683801651
25.347584903240204
25.91383183002472
25.123475670814514
25.70845228433609
25.711771547794342
25.291667222976685
25.38940703868866
25.582421720027924
25.796833217144012
25.94724690914154
26.12135487794876
25.41751879453659
26.64807564020157
26.101146578788757
25.629019916057587
25.5423646569252
26.36138528585434
25.748390436172485
25.046247899532318
25.08143401145935
25.42093700170517
25.033653378486633
26.352469503879547
25.846124172210693
25.621418178081512
25.214120030403137
25.096947968006134
25.246065139770508
25.035722196102142
25.297994911670685
25.78400820493698
25.386932015419006
25.755791068077087
26.242729127407074
25.68272626399994
26.01724475622177
24.53737074136734
24.926187694072723
24.714753568172455
25.112257957458496
23.924854576587677
24.11070740222931
21.526200115680695
20.747647047042847
18.95566016435623
17.128219604492188
17.499495923519135
19.058351039886475
20.56288182735443
22.61931550502777
24.89836299419403
25.33263325691223
26.35789579153061
25.739579379558563
26.327447950839996
26.70306634902954
26.630302786827087
25.476881742477417
26.296230792999268
25.95534610748291
26.69261735677719
26.813421070575714
26.748809576034546
25.376075208187103
25.994521260261536
26.327272653579712
26.305965423583984
25.985484540462494
25.960293531417847
25.786172330379486
26.740323424339294
25.575105488300323
26.823945105075836
26.446496665477753
25.841379523277283
25.034299910068512
26.474872767925262
26.269782185554504
25.5032257437706
26.050584256649017
26.84666335582733
26.30394721031189
25.529601871967316
26.5840425491333
26.244226813316345
26.42570286989212
26.161103069782257
26.46419131755829
26.064690589904785
26.298578083515167
26.727328062057495
26.452982902526855
26.10243546962738
26.84960049390793
25.626311421394348
27.11230891942978
25.036167919635773
24.87484437227249
24.17448526620865
21.416429221630096
18.007553219795227
17.314666628837585
18.7030708193779
21.039202630519867
21.732937812805176
23.447280526161194
25.191940426826477
23.91413402557373
24.711770832538605
25.796135365962982
25.40334576368332
25.6105917096138
25.774096429347992
25.363097012043
25.824652433395386
25.461031019687653
25.56993919610977
25.718107223510742
25.825260519981384
25.767372369766235
25.64781951904297
25.73725438117981
25.212749361991882
25.68982821702957
25.221301674842834
25.08902758359909
25.531046748161316
25.280410528182983
25.1670138835907
26.203371107578278
25.888764441013336
25.15109258890152
25.86029988527298
25.349686801433563
25.579910337924957
25.856682777404785
25.43872207403183
25.482542157173157
25.08007323741913
24.922425389289856
25.41651427745819
25.485701203346252
25.340227246284485
25.78989088535309
25.537826597690582
24.664743661880493
25.05322813987732
26.459621131420135
24.913402199745178
25.527362883090973
25.527560889720917
25.900070905685425
25.99883621931076
24.982298016548157
26.56280553340912
25.568911910057068
24.68707698583603
26.01930147409439
25.791259586811066
25.285877764225006
24.97210055589676
25.091675639152527
25.68268519639969
25.50896054506302
25.01922482252121
25.992390871047974
25.733823835849762
24.566143929958344
26.570411443710327
26.202768206596375
25.7010036110878
25.704180240631104
25.389578104019165
26.204147458076477
25.058610916137695
25.664447486400604
24.99849897623062
24.90010577440262
24.77986991405487
25.64818102121353
25.388439178466797
25.432054698467255
25.085612952709198
25.632920265197754
25.513058185577393
24.995551109313965
25.275378227233887
25.00718891620636
26.67756575345993
25.850980401039124
25.537303507328033
25.38141119480133
25.757938623428345
25.447044789791107
24.733404636383057
25.162429749965668
24.928996682167053
25.73130774497986
24.95174068212509
