1.4651437103748322
1.963185429573059
2.4154743030667305
1.8342853300273418
2.146668054163456
1.7492947652935982
1.7227559052407742
1.5820903293788433
1.6893658079206944
1.4889664761722088
2.622489109635353
3.534126177430153
5.748505786061287
8.05716124176979
12.06935802102089
13.267944246530533
15.921285808086395
12.644896239042282
11.15199801325798
9.057773172855377
5.656389564275742
6.2044966369867325
5.142568826675415
4.397447228431702
3.8158342242240906
3.3667722791433334
2.653122454881668
3.218880459666252
2.9613146483898163
4.404917478561401
5.909840866923332
4.437447875738144
4.894833624362946
4.055215954780579
3.0877149254083633
3.1314922720193863
2.512755371630192
2.4506048038601875
2.66481252014637
1.9392374530434608
2.662778429687023
3.1590776443481445
2.60090734064579
3.1197944954037666
2.7782562598586082
2.513660542666912
3.027513310313225
2.0069704428315163
2.474735327064991
2.099109560251236
2.5855864956974983
2.8209585919976234
4.863692283630371
6.280647933483124
5.165609076619148
4.822142168879509
4.282254159450531
4.361479952931404
3.992940530180931
4.275428652763367
6.520852938294411
8.544797539710999
10.683489084243774
13.15883207321167
10.209216237068176
8.222435146570206
7.110090151429176
6.149621352553368
4.682248428463936
4.360606744885445
3.8918281495571136
2.944054216146469
2.9350354075431824
3.223257154226303
2.9472844675183296
3.0100850388407707
2.624702073633671
3.02440445125103
2.7498578652739525
2.9197219610214233
2.187648668885231
2.5954204946756363
2.1545179784297943
1.5612449161708355
1.9877320155501366
2.065435890108347
3.546424888074398
4.722302958369255
6.013945370912552
8.228532701730728
10.770627856254578
12.633312463760376
10.660935789346695
8.677204489707947
7.964859634637833
6.813726857304573
5.794858381152153
5.181581109762192
3.3477641716599464
3.058354936540127
2.7414981722831726
2.6547272950410843
2.9673793986439705
4.094623506069183
6.135647937655449
8.374652475118637
6.95662859082222
5.959900870919228
4.89007531106472
3.8730597496032715
4.7862134128808975
6.530096396803856
9.04903769493103
8.006282299757004
6.856241792440414
5.261589378118515
4.611539542675018
3.856038376688957
3.0423661321401596
3.4306391775608063
3.069817803800106
3.675512082874775
2.81319198012352
3.1077024713158607
2.482119597494602
2.0335391648113728
2.771067626774311
2.048332281410694
2.0882638692855835
2.8371156826615334
1.568208985030651
1.9772862792015076
1.9404077529907227
1.9124830961227417
1.9649991616606712
2.1259812265634537
2.071929156780243
1.5499996729195118
1.9279706701636314
1.9941492900252342
1.7401334345340729
1.87312563508749
2.8085323870182037
2.2756305634975433
2.536602981388569
2.2849850356578827
1.7242392748594284
1.6474905461072922
1.9954636171460152
1.4446596838533878
3.0294339433312416
2.5605368316173553
2.1903024092316628
1.4413459673523903
1.9698416888713837
1.5890630930662155
1.7284723743796349
2.034262038767338
1.615025918930769
2.0217685475945473
2.2090440914034843
2.673230826854706
1.8859693706035614
2.2084352523088455
3.170817866921425
3.8823436498641968
3.1541268676519394
2.919934965670109
2.3280025348067284
2.110345982015133
2.0402203500270844
2.0913000777363777
2.3604714795947075
2.1617315262556076
2.128204397857189
2.3697864711284637
1.7871955670416355
2.485696107149124
2.0539377480745316
2.1882089748978615
2.2629299834370613
2.7245094925165176
2.5085796490311623
2.7399598360061646
2.027004949748516
1.7552283704280853
1.8630616068840027
2.0150832161307335
2.11862326413393
2.5582854747772217
2.2407781556248665
2.3991967737674713
2.0797192230820656
1.4528275467455387
1.7843612506985664
2.0993137061595917
2.242210775613785
1.940801277756691
2.600736327469349
1.9475544542074203
1.6513596773147583
2.288757234811783
1.8901401609182358
1.6778089180588722
1.7107898108661175
2.652729593217373
3.4832715839147568
4.736360728740692
7.020735934376717
8.946767628192902
10.982127457857132
8.829467982053757
7.696296066045761
6.523025259375572
5.833578795194626
6.288204804062843
8.339151173830032
9.188197284936905
8.76703804731369
7.755882143974304
6.268512740731239
4.894547492265701
3.0515344738960266
3.608094036579132
3.9699579924345016
4.097093388438225
5.358093395829201
6.484723284840584
9.181982725858688
10.371887564659119
12.639803946018219
13.000839710235596
11.140256077051163
9.803424954414368
8.437318980693817
6.581885993480682
5.121546119451523
4.934826776385307
4.717019647359848
5.121312886476517
3.5184777453541756
3.139125034213066
3.6736494451761246
2.864895634353161
3.561680607497692
3.0619914680719376
4.22493788599968
3.063258610665798
2.455209292471409
3.035333350300789
2.6355469077825546
2.8175313845276833
2.643457993865013
2.675535812973976
3.54479768127203
1.7686168998479843
2.545532062649727
2.959106005728245
2.118621841073036
1.727060828357935
2.1477000266313553
2.2072769179940224
2.116457052528858
1.5397930890321732
1.9376101568341255
1.9305222481489182
1.7809235975146294
1.2359131500124931
1.5260410867631435
1.864619567990303
2.997122645378113
3.6291893124580383
6.336878180503845
8.361837327480316
6.7928062826395035
4.949317574501038
4.93582446873188
3.672439806163311
3.384839080274105
2.9765343219041824
3.020989090204239
2.3682673797011375
2.691671133041382
2.3672900646924973
1.8460936062037945
2.2914512306451797
3.163041442632675
3.3720690235495567
2.975422151386738
3.405337765812874
4.381798610091209
4.386097699403763
2.9386930391192436
2.9260516315698624
3.551039457321167
4.577190980315208
6.256967082619667
6.046625927090645
4.664173737168312
4.625206604599953
3.6538842916488647
3.8217315077781677
2.83953545242548
3.0322151705622673
4.161586090922356
2.877116322517395
3.55325585603714
3.3610465601086617
2.895314209163189
2.6048309579491615
2.384802334010601
1.859021045267582
2.22217083722353
2.0825568214058876
2.0205912813544273
2.3506247848272324
1.9028512239456177
1.9994834437966347
1.7320139929652214
1.5405583642423153
2.11149575561285
2.4324485138058662
2.709629148244858
3.146620996296406
4.620434284210205
5.616111174225807
5.506821930408478
7.398504585027695
5.938237771391869
4.599403023719788
4.902062952518463
3.782609388232231
2.3980496153235435
2.606014236807823
2.0940799191594124
2.452515609562397
2.4932171180844307
2.1918796002864838
2.8977414816617966
3.603613391518593
2.836383782327175
2.909277066588402
3.169340558350086
4.098385885357857
7.172104984521866
8.975870162248611
10.983956754207611
14.12322649359703
15.11285251379013
16.771991193294525
19.55576717853546
20.29107916355133
22.538048028945923
22.491078674793243
23.865392088890076
23.618824660778046
23.864582180976868
21.14789491891861
19.154305934906006
15.143928706645966
12.817393273115158
10.830892324447632
9.028126776218414
7.242607519030571
6.112539693713188
4.470677927136421
4.411035254597664
4.350867927074432
4.413386210799217
3.9221333861351013
3.3999486342072487
3.5652071237564087
3.2707258239388466
3.3150380849838257
3.26140259206295
2.714650958776474
3.086273320019245
2.555181637406349
2.228913575410843
2.1898467764258385
1.4193496853113174
1.825901087373495
1.923613801598549
2.3371778205037117
2.678598679602146
2.934676080942154
5.574986100196838
7.427215725183487
11.022884279489517
9.072953075170517
7.181583970785141
5.570351004600525
4.9845897406339645
4.113212451338768
4.0342752784490585
3.0644274801015854
3.1877858713269234
2.4276903495192528
2.9699434489011765
3.26938184350729
2.540142573416233
2.479671873152256
2.265925817191601
2.3848914057016373
2.3203313797712326
1.6713918633759022
2.0115643367171288
2.5961217507719994
2.9638233706355095
2.480294845998287
2.4442596659064293
2.3220275714993477
3.0679476857185364
4.24978631734848
4.6789455115795135
4.9218559712171555
3.9827259927988052
3.010977081954479
3.690760850906372
3.3545626997947693
3.048169359564781
2.730800472199917
2.8784880191087723
3.7537794560194016
5.4312069565057755
5.069379344582558
4.310043662786484
3.3295291736721992
3.6861293241381645
2.620796225965023
2.8550653606653214
2.890647381544113
3.362506575882435
2.950795166194439
2.0459333769977093
2.405657261610031
2.0281769521534443
2.79939603805542
2.3469177335500717
2.1845723316073418
2.284073494374752
2.469202235341072
1.9393744133412838
2.540646031498909
2.594005234539509
3.2873179614543915
2.2309820726513863
3.2267447486519814
1.7617401964962482
3.0120735689997673
2.1041577607393265
1.905092716217041
1.7133660390973091
1.9998307973146439
2.319391779601574
1.5768945068120956
2.5480374917387962
2.1633789464831352
2.008555419743061
1.9067223072052002
2.4426270350813866
1.78971379250288
1.5575335435569286
1.9854163452982903
3.3406332433223724
2.860409766435623
2.6926251128315926
2.7430071383714676
2.6404351890087128
2.7471755892038345
2.447878696024418
2.3133298978209496
2.4914200603961945
4.112198919057846
3.1341961845755577
3.4966327026486397
2.5127294063568115
2.1407646238803864
2.840358965098858
2.6635695546865463
2.1676297932863235
2.499064065515995
2.266546130180359
1.990223553031683
1.61455138027668
1.389368999749422
1.8508760929107666
1.8012844175100327
2.2913475036621094
1.693716160953045
2.131727658212185
3.469327673316002
5.823775678873062
7.562179744243622
6.9267657995224
6.0663430988788605
5.01241047680378
3.410738691687584
3.3570317029953003
4.489794120192528
7.1119906306266785
9.086284041404724
10.839414805173874
13.989211171865463
15.715011954307556
13.1728036403656
10.300199896097183
9.706613183021545
7.585685133934021
5.902169242501259
5.727851763367653
5.005546107888222
4.567186772823334
3.037948451936245
4.02734762430191
3.2025326043367386
2.486287534236908
2.0512946769595146
2.9139241874217987
2.2000759690999985
2.4575393348932266
1.5316614210605621
1.8202015459537506
1.7690127827227116
1.4076405800879002
1.8591204844415188
1.9171162992715836
1.550953209400177
1.5072593912482262
2.1606274619698524
3.78420440107584
4.514973491430283
3.349381484091282
2.698639288544655
3.007072776556015
2.801610603928566
2.0114164017140865
2.4579707235097885
2.430917590856552
2.677192836999893
3.0841676518321037
2.276389941573143
2.4032470658421516
2.236982300877571
1.6157244592905045
1.798317302018404
1.7598709873855114
2.1524040326476097
2.218847408890724
2.412881962954998
4.3581754714250565
5.205153539776802
8.417229413986206
10.579794853925705
8.463845431804657
7.184136524796486
6.668207362294197
4.6576074957847595
4.527157425880432
3.5518657118082047
3.3345187976956367
2.5167827382683754
2.9849253818392754
2.019045878201723
2.2456494346261024
1.5562888011336327
1.9043213948607445
1.926179401576519
2.396778665482998
2.3370415344834328
2.3570632115006447
3.577526554465294
3.58382411301136
3.1932169646024704
3.775311380624771
2.358830377459526
2.6268852055072784
2.900294318795204
2.739019349217415
2.869022212922573
2.3605847507715225
3.290832906961441
2.774751901626587
2.8763992562890053
3.172990508377552
3.171264834702015
3.2956410720944405
2.00956130027771
2.637219063937664
2.3666577115654945
2.6185512989759445
2.15051556378603
2.1019779443740845
2.2229686975479126
3.5141623839735985
5.248933047056198
4.590336844325066
3.9161291271448135
3.6089464500546455
3.4232543855905533
3.061809293925762
3.062228240072727
2.967167817056179
2.9402988106012344
1.6567609645426273
2.1257623210549355
2.1850494667887688
1.9792618341743946
1.8616287522017956
2.4269275814294815
2.2550007700920105
3.3347278013825417
2.8545228242874146
2.4809095710515976
2.143519200384617
2.521359331905842
3.389999955892563
5.481798872351646
4.802865639328957
3.9773211032152176
3.1604438945651054
3.277917690575123
2.334049701690674
2.2804929465055466
1.347731038928032
2.266454577445984
1.894075870513916
1.972909227013588
1.5873779095709324
2.750552363693714
2.308438129723072
3.213165394961834
4.402257919311523
4.803827583789825
4.71849150955677
3.7601268887519836
3.422718971967697
2.8929030150175095
2.3604363799095154
2.5491756722331047
4.214771047234535
4.470711037516594
6.219467982649803
9.525196075439453
7.909154683351517
6.661417797207832
6.18463222682476
4.864002361893654
3.332034282386303
2.5838049426674843
3.0391659811139107
2.260593093931675
3.5824218094348907
3.6121632009744644
3.6936122477054596
3.1328302174806595
3.029756121337414
2.7702780440449715
2.7242805883288383
2.375344142317772
1.6656211540102959
1.9450799748301506
2.5206522420048714
3.36608324944973
5.314407497644424
6.399645388126373
5.091632470488548
4.365104794502258
4.216884955763817
4.014904141426086
3.9763245284557343
3.6091435998678207
3.2929593101143837
2.206511616706848
2.3344563022255898
2.737388126552105
2.2044857144355774
2.1483766585588455
1.5486729741096497
2.7281449362635612
1.9960166439414024
1.6497899815440178
1.8087163977324963
1.9664279222488403
1.8000050336122513
1.8262057974934578
1.8502332754433155
1.8240496329963207
2.643700197339058
3.319093108177185
3.780816249549389
4.724831610918045
4.8114815056324005
3.8784844130277634
3.312593013048172
3.3438483849167824
3.3115028142929077
4.353195130825043
3.5395731925964355
2.5983802899718285
3.3364794477820396
3.895042136311531
7.220938056707382
6.209478542208672
5.732620760798454
4.681975036859512
4.067873522639275
3.5732974782586098
2.745942234992981
2.5391985401511192
3.7542422860860825
4.3068724274635315
6.128552123904228
9.224101781845093
11.648945063352585
14.769265919923782
16.34454655647278
14.253507792949677
12.176436841487885
8.60619255900383
8.08123716711998
5.227264821529388
5.364405527710915
4.494550555944443
4.719636961817741
3.382579803466797
3.1957155764102936
4.11162605881691
3.418178930878639
2.754026837646961
2.7640189230442047
2.631005197763443
1.6371450573205948
2.3656397983431816
1.9579142034053802
1.9634161442518234
2.7185049951076508
2.306128568947315
1.678244937211275
2.1434201523661613
2.3794872909784317
2.000655859708786
2.1541093587875366
1.8074053935706615
1.8720272853970528
1.597076166421175
1.8222637921571732
1.3045951500535011
1.9849234819412231
1.7508590668439865
1.0888583548367023
2.0784314423799515
2.5267635136842728
4.457782760262489
6.696115136146545
7.647796303033829
6.9433421194553375
5.303360804915428
5.089306131005287
4.994713753461838
3.5398006066679955
5.12024761736393
5.580100953578949
4.704927876591682
3.8603283762931824
3.5233276411890984
3.2796644046902657
3.0147509798407555
2.747617982327938
3.570602737367153
2.641064628958702
1.7974900752305984
2.0714772641658783
2.553544893860817
2.4807157665491104
4.1794460117816925
3.079967975616455
2.5537251755595207
2.4884079322218895
2.73684736341238
2.877752035856247
2.597507119178772
2.3288094475865364
2.2535904869437218
2.304163157939911
2.8264451548457146
3.03681942820549
4.70571431517601
5.858595281839371
8.633863717317581
7.727564126253128
5.392574161291122
5.814073339104652
3.9064269214868546
4.219350233674049
4.821170389652252
3.5653395503759384
3.5667805075645447
3.6427857726812363
3.8800387382507324
2.943038746714592
3.285789929330349
3.4600664526224136
3.179475001990795
3.125012546777725
2.753939814865589
3.0028485134243965
2.4414277970790863
2.5924044400453568
3.495308719575405
2.692837707698345
1.7746622934937477
2.3883705735206604
1.9038118869066238
2.603130668401718
3.045393258333206
3.0547654777765274
4.496416807174683
4.916561767458916
6.0902189165353775
5.609627932310104
5.500732913613319
3.8092005029320717
3.9802169799804688
3.0899917408823967
3.6372695565223694
2.714579351246357
2.5968738719820976
2.009072206914425
2.100083939731121
2.619481682777405
2.3040022552013397
1.8297480046749115
1.6258055567741394
1.2960035353899002
1.0655045211315155
1.9413855820894241
1.7088262438774109
1.3740208558738232
2.223413407802582
2.7774056270718575
3.067214898765087
2.4599847570061684
3.3814353942871094
2.907475933432579
2.1932405531406403
2.510133907198906
2.579358145594597
2.518382139503956
4.327043741941452
4.955866202712059
6.795598939061165
7.314481288194656
6.144429340958595
5.133113086223602
5.466114774346352
3.8945421874523163
3.820984333753586
3.8577821403741837
6.339770555496216
4.826842591166496
4.640185862779617
4.5331761687994
3.1703056022524834
3.138841338455677
3.4455086067318916
3.873792603611946
4.722237274050713
6.28126260638237
9.251532763242722
7.188850164413452
5.5966653525829315
5.898001879453659
4.713034987449646
4.144593521952629
3.8294707536697388
3.6545874923467636
4.71586486697197
5.702610433101654
8.125952184200287
6.622687935829163
4.813510149717331
4.85696043074131
4.3969849199056625
3.3067891523241997
3.660129800438881
3.7939728498458862
3.827316179871559
5.886575385928154
7.9612142741680145
8.764530926942825
7.456821143627167
6.729617118835449
5.929814398288727
5.340537518262863
3.6548015028238297
3.5276190638542175
3.1364507749676704
2.806342825293541
2.4950667917728424
3.075311191380024
2.532872848212719
2.4797772765159607
2.119919203221798
2.375882424414158
2.7396042719483376
2.1946559995412827
2.9437368735671043
3.5593105256557465
3.2906215339899063
5.276925697922707
6.974953338503838
6.743586361408234
8.705285727977753
7.220255598425865
5.4697262942790985
4.614629730582237
3.727014794945717
2.890579476952553
2.5200142934918404
2.275704897940159
2.10819011926651
3.066336713731289
4.225131496787071
3.097663089632988
3.3623324930667877
3.1287203952670097
3.532147616147995
3.6684372574090958
5.47585865855217
6.421616822481155
8.483584553003311
7.188431441783905
6.943355992436409
4.771720916032791
4.3808093667030334
4.3134772181510925
3.141558490693569
2.5508125945925713
1.84808649122715
2.1042205169796944
1.706370286643505
1.904791459441185
2.46285443007946
2.2876108661293983
2.551868610084057
1.6165259256958961
2.205213375389576
1.1648216769099236
2.01510401815176
2.17557093501091
1.8257193490862846
2.9963239058852196
3.3161791935563087
2.303670309484005
1.8582718074321747
2.38980008661747
2.442668601870537
2.008432812988758
2.171100802719593
2.0424912571907043
2.208508014678955
1.9860236793756485
1.0859402492642403
1.4446229301393032
1.2489010877907276
2.274050496518612
2.476068377494812
3.6630168855190277
2.2274464145302773
2.608995094895363
3.0451121628284454
2.483891285955906
3.0171333253383636
4.448479443788528
5.163097143173218
7.143249034881592
7.835590153932571
6.565804556012154
5.878313481807709
4.358085498213768
4.184010922908783
3.7792249023914337
3.130870558321476
3.6726220697164536
5.01653853058815
4.878056973218918
7.3319627940654755
7.211066633462906
7.335138022899628
10.04715970158577
7.512337476015091
6.506943926215172
6.355017140507698
5.1647957265377045
3.892084017395973
4.127711191773415
4.085802331566811
3.2761236131191254
3.045809857547283
3.246461845934391
2.992818661034107
2.3568422496318817
2.8009640350937843
2.7482724860310555
1.9968916922807693
2.168939530849457
1.9483623057603836
1.8395492732524872
1.5903276652097702
1.8556880354881287
1.8856609910726547
1.6978955417871475
1.6191607564687729
1.9939980432391167
2.0168799459934235
4.525019869208336
6.163550212979317
8.322370707988739
10.087687760591507
9.088171690702438
7.7024285197258
5.442112326622009
4.851896151900291
3.977949231863022
3.9841023683547974
3.649710461497307
3.137038215994835
2.540739119052887
2.573402278125286
3.4654900208115578
2.6240280643105507
3.4688751250505447
3.024543419480324
3.0377220138907433
3.5716265216469765
3.480921722948551
5.866209879517555
7.890577405691147
10.341823518276215
12.337704062461853
14.671949744224548
16.73096764087677
18.82751554250717
20.083839297294617
21.844349026679993
22.82558274269104
23.44871962070465
24.978018403053284
22.642431914806366
19.990635693073273
18.33815634250641
15.307042419910431
13.32522502541542
9.613833010196686
8.88576290011406
7.1489130556583405
6.06544055044651
5.2675278931856155
4.239319249987602
4.156301558017731
3.5868270993232727
3.9182339161634445
2.9815985038876534
2.5722694098949432
2.645821087062359
2.343911774456501
2.8085230216383934
1.8516845628619194
1.6502727456390858
3.225309804081917
5.138339057564735
7.642933130264282
10.742815554141998
13.377237886190414
15.716806828975677
14.100847840309143
10.62981128692627
8.220804780721664
6.2438429445028305
4.781448528170586
3.2266423478722572
3.1229760497808456
2.765353247523308
3.0130850300192833
2.9590678215026855
2.4070499017834663
2.1753159388899803
1.87520856782794
3.2158028557896614
1.7173912599682808
1.9785913079977036
2.077750504016876
1.1005811654031277
2.2424231618642807
3.080281339585781
4.774654969573021
6.710102915763855
5.796264320611954
6.077740415930748
4.7547755390405655
3.883018374443054
3.3346821442246437
3.181243821978569
2.8581051602959633
4.41858583688736
3.953068658709526
3.233747847378254
2.696706496179104
2.2532947808504105
2.3213353753089905
1.8790640980005264
2.1335042864084244
1.6944019794464111
1.0458643324673176
1.7670618072152138
1.2070751376450062
1.4844271540641785
1.3397196494042873
1.5460797026753426
2.3267452642321587
2.153803549706936
2.3025430142879486
1.9401319697499275
1.3633835799992085
2.528410531580448
3.1514508724212646
2.1057810857892036
2.062956877052784
3.033931866288185
3.065466992557049
4.823410838842392
7.313065394759178
9.775140047073364
12.489222884178162
14.968012034893036
18.153371036052704
20.908315896987915
21.87931579351425
22.40518045425415
21.268255531787872
18.985694766044617
16.08649069070816
14.380577027797699
10.903732061386108
9.856837421655655
7.119421139359474
5.9814484268426895
5.409768685698509
4.790191188454628
4.335145369172096
4.466893821954727
4.245621904730797
3.821821555495262
3.3669550493359566
2.8483825251460075
2.6503625884652138
2.810685880482197
2.7888536229729652
2.0897552743554115
1.9400554969906807
1.630759570747614
1.8416221961379051
2.342764861881733
1.5243166200816631
2.2526205852627754
2.469926819205284
2.3543011844158173
2.9689526110887527
4.304995089769363
4.9102088660001755
7.1659597009420395
8.838761299848557
7.221722438931465
6.604610547423363
5.075999051332474
4.593689829111099
3.7563383132219315
2.9972689151763916
2.7301139757037163
2.2705963477492332
2.8267229571938515
3.593873158097267
4.246110379695892
5.083509609103203
7.458233147859573
6.568521320819855
5.5484084486961365
4.045134887099266
4.322575941681862
3.040515676140785
2.9894041940569878
3.0784202814102173
2.6337441504001617
2.594357654452324
1.9447101131081581
2.200747698545456
2.1736099869012833
1.5692578665912151
1.7150616869330406
1.9759034141898155
1.7076399996876717
1.2017668038606644
2.2231950387358665
4.052104711532593
2.6178043410182
3.5428749173879623
2.6964396834373474
2.669229358434677
3.874998852610588
4.380508720874786
7.193353533744812
5.6719977259635925
5.591512098908424
5.051988810300827
3.570409305393696
3.2723983451724052
2.6001245751976967
2.789222188293934
2.746296249330044
2.156992405653
2.194777622818947
3.3179800137877464
4.721329689025879
5.968914449214935
7.714498281478882
7.063703089952469
6.127172127366066
4.516130104660988
4.16803652048111
3.5013467967510223
3.75661838054657
2.7068978622555733
3.28311550617218
3.0826990827918053
1.8836495503783226
1.6863088980317116
1.6028689071536064
2.3770599737763405
2.0207486525177956
1.4642021246254444
1.81548273563385
1.265371736139059
1.823209397494793
2.0622487142682076
2.9652618393301964
3.7979035526514053
5.604883387684822
6.3706421703100204
7.48403237760067
6.224744066596031
5.503488481044769
4.860356792807579
4.059891760349274
4.07442282140255
3.9088549464941025
3.246435210108757
3.428700014948845
2.6628605648875237
3.0178913697600365
3.149942420423031
2.6467686221003532
1.774589218199253
1.6110636740922928
2.046992063522339
1.4796891957521439
1.6802944280207157
1.4050971567630768
2.1880870386958122
2.0985502526164055
1.4468946307897568
1.5708929225802422
1.5593710877001286
2.269879639148712
1.2176531180739403
2.1159520894289017
2.3208113983273506
2.568608969449997
3.3335570693016052
4.1413174867630005
6.52490758895874
9.288329243659973
11.805514454841614
13.903580218553543
12.067946165800095
11.293837875127792
8.076491445302963
6.471939519047737
5.862832561135292
4.258794143795967
4.075680688023567
3.6993945240974426
2.5814124792814255
2.282686449587345
2.7031129747629166
3.280771389603615
3.0181206837296486
2.5471786484122276
2.1655827909708023
2.083919681608677
2.7597792372107506
2.20403853058815
2.2356672063469887
1.5735608972609043
2.4539356157183647
1.7216788306832314
1.871122546494007
1.797914408147335
1.7712643183767796
1.0545579120516777
2.3820813670754433
3.126098722219467
5.528907284140587
3.932068794965744
3.629186689853668
3.9755920618772507
5.0427229553461075
8.098444402217865
6.606615796685219
5.808196559548378
4.919358551502228
4.196486249566078
4.0088266879320145
3.2293973490595818
3.735814392566681
3.199302814900875
2.4799322113394737
2.7858468368649483
2.503567785024643
2.550416737794876
1.77648114413023
1.8457632847130299
2.9208486303687096
3.56232275813818
8.130014896392822
6.253873571753502
4.63330152630806
5.604701071977615
3.57841644436121
3.1020175963640213
2.7263660058379173
3.272727385163307
2.8601748198270798
2.6439686715602875
3.433485433459282
2.9060311913490295
2.6463102772831917
2.6410843655467033
3.1683319956064224
2.8195421919226646
1.6719448305666447
2.2178781777620316
2.2259398847818375
2.1983726546168327
2.3957402482628822
1.7952993661165237
1.9327773116528988
2.434846229851246
3.4639681354165077
6.080577924847603
4.435711845755577
4.605451360344887
4.555443525314331
4.284826159477234
4.561444640159607
4.183673769235611
3.5614631921052933
2.98228819668293
2.9031827971339226
2.918605163693428
4.467646107077599
2.8494227901101112
3.459929145872593
3.3885197043418884
3.057266980409622
2.5365300327539444
3.6220493614673615
3.3137002512812614
3.0693703964352608
3.1571825593709946
3.2096492052078247
2.9739424139261246
1.71225156635046
2.9845992624759674
3.638087511062622
2.9246611520648003
3.0616919547319412
2.960548236966133
2.4191627129912376
2.7036533802747726
1.8335474207997322
2.2766485661268234
2.1822414323687553
1.9843680635094643
3.731507830321789
3.678532361984253
4.747428223490715
6.588880956172943
8.202114313840866
10.468630611896515
12.479104578495026
10.135372638702393
7.885477066040039
6.583510085940361
5.677288621664047
4.936124935746193
4.7218682914972305
4.116493865847588
3.2109101861715317
3.210237331688404
2.870104640722275
2.798602782189846
2.045258969068527
2.4094284251332283
2.468564637005329
2.62248208373785
1.6228233017027378
1.537965763360262
2.3032101839780807
3.0313038676977158
2.018644504249096
1.9682961106300354
2.339178331196308
2.7039156183600426
2.0631507486104965
1.8356394693255424
2.0717334374785423
1.6949989758431911
2.4903092235326767
3.2307127565145493
3.6102476865053177
3.803546890616417
3.4611750841140747
3.161080725491047
3.370461769402027
3.328210696578026
3.782043382525444
3.653890073299408
2.6680326983332634
2.781649172306061
2.263326294720173
1.7293256185948849
2.554079718887806
2.371377907693386
2.8720738068223
4.215381160378456
6.642267391085625
5.287344291806221
4.72008903324604
3.9211848080158234
3.1666951030492783
4.1328849494457245
2.2001399770379066
1.914892964065075
2.967336133122444
2.4518529549241066
2.135073758661747
3.0914885997772217
2.879949137568474
4.036901086568832
4.049346007406712
3.625344507396221
3.7992704585194588
3.4280268996953964
2.9782655388116837
2.7202213257551193
2.4309226348996162
3.2580301761627197
1.9148346409201622
2.054654076695442
2.3860333636403084
2.110116831958294
1.4692350961267948
1.9584614783525467
2.0987676233053207
1.2854875847697258
1.8242328688502312
1.4575172327458858
1.5653743334114552
2.2642730474472046
3.744080975651741
3.490694671869278
2.6587229818105698
2.465384505689144
3.0767743065953255
3.81485815346241
5.924915835261345
7.755788683891296
10.502241492271423
12.875158071517944
15.150106132030487
16.79764151573181
13.56040146946907
12.300652265548706
8.760313153266907
8.350366711616516
6.475329056382179
6.246855452656746
5.462152674794197
4.36140039563179
3.660833418369293
2.7722689732909203
2.9609201923012733
2.400917209684849
3.1394280046224594
3.8823844641447067
4.509814068675041
4.110202997922897
3.8262553960084915
4.280991151928902
3.192341111600399
3.0135516598820686
2.7215188071131706
3.3492373526096344
2.776293456554413
2.8837422877550125
2.630413569509983
2.2780560180544853
2.3281039595603943
2.7990120872855186
3.5118151903152466
4.169036716222763
4.254383772611618
5.711265385150909
6.268194422125816
7.580901056528091
8.225938081741333
7.459204912185669
6.65241277217865
4.939189970493317
5.234306752681732
4.365617424249649
4.52156001329422
3.6252253279089928
3.655995048582554
3.2176289409399033
3.5493107438087463
2.994667962193489
2.7467173635959625
3.4503640681505203
2.2721331752836704
2.5316096618771553
1.902547910809517
2.589881904423237
2.427545726299286
2.1216670274734497
2.614492230117321
2.150975540280342
2.250303603708744
1.5755743123590946
2.260323856025934
1.668272029608488
1.7670702189207077
1.4161981754004955
1.3455406203866005
1.5855145007371902
1.543906558305025
1.681741375476122
1.6475047692656517
2.008838787674904
1.9600115790963173
2.794831708073616
4.058150380849838
4.498391970992088
6.917020887136459
9.105038821697235
9.857281595468521
12.559451550245285
15.029835551977158
15.857232749462128
18.208295226097107
15.626461207866669
12.68902525305748
9.835528671741486
8.363078773021698
7.0914116352796555
5.920881077647209
4.773327976465225
4.912336155772209
2.6449441388249397
3.4411069452762604
2.6348208859562874
2.7348698899149895
2.275956869125366
2.4468749165534973
2.4726836383342743
2.5252147167921066
1.829056404531002
1.4928615801036358
2.7728217765688896
3.3808433562517166
6.486894130706787
4.867921903729439
4.580616325139999
3.6911841183900833
3.2554963901638985
3.3763346895575523
3.6383840143680573
2.998560853302479
3.507277876138687
4.9641105979681015
3.6262465566396713
3.8438015580177307
3.792367100715637
3.3206295371055603
2.877404570579529
2.8607295900583267
2.31377225369215
2.2233646288514137
1.998924806714058
2.585303634405136
1.7040544226765633
2.6411295980215073
1.464393261820078
1.4509524926543236
1.6228015422821045
2.3651663661003113
2.040796086192131
1.9418632239103317
2.0588857382535934
2.221152126789093
1.541736587882042
2.0157939717173576
2.153169885277748
4.060126066207886
4.041455686092377
5.526833102107048
5.107080385088921
4.07038702070713
3.498772546648979
3.23921350389719
2.9783774316310883
2.418601006269455
3.7424344569444656
3.127294674515724
3.283889204263687
2.8474396243691444
2.605268694460392
3.03033909201622
2.805618681013584
2.2180934697389603
2.3701839596033096
2.103317014873028
2.961005426943302
3.4170608147978783
4.8426157385110855
6.270073756575584
9.0007905960083
10.679460406303406
14.496366500854492
12.136620432138443
9.258362203836441
7.830044120550156
6.078184202313423
4.098160967230797
3.699903443455696
4.632205128669739
5.929491281509399
6.282024100422859
5.9703559428453445
5.657545477151871
4.863055914640427
3.900674819946289
2.968857765197754
3.3516093492507935
3.3551934137940407
2.744683049619198
3.1421482861042023
2.5417428389191628
2.6333567276597023
1.8127467557787895
1.9709793701767921
2.066443920135498
2.1354735493659973
1.5779045186936855
1.8972838073968887
1.6190028339624405
2.457324229180813
3.0814423263072968
3.177671402692795
1.9355758875608444
2.6696146428585052
2.529744528234005
1.9393109753727913
1.914396584033966
2.019015222787857
2.0055923759937286
1.7749444879591465
1.988252192735672
1.179781224578619
1.3960027545690536
1.4559244401752949
2.542398251593113
2.8398768454790115
3.3011735305190086
4.223028063774109
5.484307378530502
5.9860859811306
7.426226854324341
8.811320275068283
7.441606014966965
7.653340935707092
6.678990259766579
5.938909575343132
5.385118797421455
4.46890053153038
4.358383610844612
4.792004033923149
6.250787392258644
5.730057701468468
4.814896494150162
4.282000243663788
3.624131292104721
3.4899854362010956
3.6575870364904404
3.449253097176552
2.5794834047555923
2.9826786890625954
2.6360775753855705
2.6100514754652977
2.102476753294468
1.8971596509218216
3.6931908428668976
3.8444604575634003
5.592604264616966
7.972106486558914
6.841699436306953
5.9576194286346436
4.882755145430565
4.769434377551079
3.11785539239645
3.505139723420143
4.0492854565382
3.6270122826099396
3.828588530421257
3.714603692293167
2.38141630589962
3.108899265527725
3.6316026523709297
2.5349016189575195
2.9867342188954353
1.7959564477205276
2.472919352352619
2.63163710385561
2.2208714932203293
2.6165255457162857
2.1321713998913765
1.9506737440824509
2.158757708966732
2.0487000197172165
1.6196172311902046
1.6879339925944805
1.9381519183516502
1.5591239407658577
1.4949698261916637
1.0745060816407204
1.101314876228571
1.6532913371920586
2.993489623069763
3.0350916236639023
2.7726508155465126
2.825299248099327
2.0115707889199257
2.594489000737667
1.9174889847636223
1.5640863738954067
2.121062494814396
1.9427521713078022
2.531600661575794
1.688724011182785
2.637319065630436
1.6172197870910168
2.1065915673971176
1.8925483375787735
1.9805233590304852
2.2772429659962654
3.6502329111099243
3.1375255435705185
2.2592284604907036
3.1429355442523956
2.597100332379341
2.6671411618590355
2.07977507263422
2.36380884796381
2.046958528459072
1.9345652163028717
1.775056153535843
1.6504705287516117
1.4422520510852337
2.3192252293229103
3.0804096460342407
3.2926755100488663
2.841300718486309
1.6734395176172256
2.657543934881687
2.2407103404402733
1.7317496985197067
2.2455770820379257
3.1548015624284744
2.7279876694083214
2.7752972915768623
2.7260465249419212
4.066636502742767
6.126063033938408
5.458015650510788
4.746819123625755
4.366035237908363
4.288301959633827
3.367358021438122
2.696574069559574
3.111727476119995
4.232875019311905
5.165182217955589
5.87043260037899
8.962676763534546
10.273685038089752
7.797721356153488
8.152553647756577
6.234262019395828
5.245351642370224
5.313874810934067
4.0301273465156555
4.250929281115532
3.4272164776921272
2.697484076023102
3.3183788135647774
3.458257406949997
2.219318985939026
2.8054332435131073
2.278491824865341
2.0672248899936676
1.584849901497364
1.939181238412857
2.4787968397140503
1.8844258710741997
2.0265306159853935
1.8910663053393364
1.88635628297925
1.04651652649045
1.428784340620041
1.1548752523958683
1.1566907353699207
0.9600638076663017
1.6950204856693745
1.1908500827848911
1.755389902740717
1.1853520181030035
2.231072947382927
2.8170735090970993
4.950049549341202
4.306749194860458
2.9124793261289597
2.6250431686639786
2.892679825425148
2.6414585188031197
2.252363443374634
2.6279321908950806
1.882508397102356
2.667597644031048
2.7257454842329025
2.482615903019905
2.444475218653679
1.382300853729248
2.7575661912560463
3.1742226481437683
4.055236831307411
3.413318134844303
3.0545598194003105
2.543158508837223
2.445239081978798
3.162534885108471
3.6873933523893356
5.713898777961731
7.269686177372932
6.029687374830246
5.400648921728134
4.887852296233177
4.366434007883072
3.9444450587034225
3.853772208094597
3.8413034677505493
3.5416380390524864
3.357855349779129
3.341768577694893
2.2282513976097107
2.5883002877235413
2.1826391741633415
2.3924226462841034
2.0892482548952103
2.1031083166599274
2.0856044217944145
2.72844185680151
3.9675601571798325
3.606348179280758
3.325438380241394
2.404161587357521
2.390222355723381
2.4788579121232033
2.7931861728429794
2.2605928778648376
2.7495908811688423
2.0754275992512703
1.9975633397698402
3.8595127910375595
5.161912679672241
6.447732463479042
9.978907763957977
11.444330960512161
13.763999253511429
11.850112169981003
8.95061519742012
6.741341948509216
6.363431304693222
5.722104951739311
4.85826513171196
4.199850097298622
3.280241623520851
3.14181374758482
3.5176241993904114
3.1334996223449707
2.445914961397648
2.8765783086419106
2.6618698686361313
2.8745524138212204
1.746883723884821
1.5557547062635422
2.1237938851118088
1.4315528497099876
1.9745034202933311
1.0699269380420446
1.6181077770888805
1.5338014215230942
1.2710590809583664
1.7913783229887486
1.7373618707060814
2.6535347253084183
4.258179277181625
6.180163934826851
5.582450866699219
4.768138453364372
4.269886016845703
4.100441679358482
3.8567975610494614
2.471415661275387
2.9684863910079002
3.013580985367298
2.2576003074645996
2.3452669978141785
1.9680334329605103
1.7382964007556438
2.1888004019856453
2.3731867745518684
2.891203761100769
2.7382711097598076
3.059794895350933
2.960151605308056
3.772134929895401
3.1652190312743187
3.4644162729382515
4.144949942827225
4.119670420885086
3.6582768112421036
3.223287634551525
3.5081344321370125
2.7781171575188637
2.727644309401512
3.12578497081995
2.9762622714042664
3.3014779090881348
1.976626556366682
2.703952305018902
2.7125049754977226
3.3290242329239845
2.669039361178875
3.064058743417263
3.202907681465149
2.840784452855587
2.6565158888697624
2.494727171957493
1.9670799002051353
2.4113383516669273
2.6364030316472054
1.5453962720930576
1.7226841934025288
1.4927959516644478
1.6904695890843868
1.481636319309473
1.6913180761039257
1.6756756007671356
2.0453080981969833
3.6210732758045197
2.951501302421093
2.1575138717889786
2.3747290447354317
2.019593395292759
2.026469960808754
2.7668458595871925
3.2812201902270317
3.4731328412890434
4.372563377022743
