3.6486354917287827
3.339239865541458
2.840399317443371
3.503861352801323
2.4188350811600685
2.525532618165016
2.8840394094586372
2.9467433094978333
3.6691912561655045
3.9285086691379547
5.864620581269264
6.3272984474897385
8.294386625289917
9.134095340967178
11.589479506015778
12.865905314683914
14.501163065433502
16.133864045143127
16.66251641511917
17.016963720321655
18.980574369430542
19.989735007286072
17.696545839309692
14.43047285079956
12.840813785791397
10.74388462305069
7.633465111255646
5.153284460306168
3.802735283970833
3.025782100856304
2.428578168153763
2.2733660489320755
2.436378411948681
2.258315972983837
4.473125591874123
6.018643796443939
8.573414832353592
10.471762627363205
13.509402424097061
15.943016111850739
18.398599088191986
20.213205814361572
18.566675126552582
15.802558779716492
11.711193829774857
8.740788161754608
5.478583425283432
5.718976587057114
4.30679914355278
3.2358871921896935
3.734427109360695
3.513149119913578
3.08041013777256
4.938859164714813
5.989919409155846
8.83295053243637
10.552619814872742
12.601188331842422
14.448904037475586
16.338724613189697
17.90541034936905
18.90247756242752
19.402750372886658
20.56217122077942
21.480616748332977
23.462427020072937
23.07042568922043
23.05093663930893
22.52522760629654
21.39254879951477
19.257882833480835
16.598216652870178
11.273054271936417
10.157030791044235
8.31732127070427
7.042647510766983
6.323764726519585
5.306802839040756
5.347520932555199
4.9659853875637054
4.024384066462517
4.364858508110046
5.255032017827034
9.162421524524689
7.378857716917992
6.8485830426216125
4.899251878261566
4.827760726213455
4.539851993322372
4.112700775265694
5.0451997965574265
4.548680752515793
3.5812178403139114
3.946660690009594
3.59959065169096
3.8262425661087036
4.375807285308838
4.1951903104782104
5.082572862505913
4.84163710474968
5.076855197548866
7.1250931322574615
7.557180732488632
8.750789046287537
10.523332178592682
11.408023834228516
11.532219797372818
13.394977509975433
15.040599882602692
15.587917804718018
16.627682864665985
18.114475786685944
19.698006212711334
19.255265653133392
19.361620366573334
21.02489000558853
21.32706505060196
21.019396245479584
23.275864601135254
22.160742580890656
22.659662187099457
22.937028467655182
24.298438787460327
24.868333518505096
22.222261667251587
21.166033804416656
19.648318469524384
16.329545438289642
12.125720411539078
9.023128002882004
8.160159170627594
7.1729656457901
6.375101834535599
5.482391133904457
5.068311512470245
4.667353093624115
3.8238143622875214
4.330212250351906
4.346112459897995
4.464249134063721
4.046036139130592
3.2339791730046272
4.238410726189613
3.940311536192894
3.2025655806064606
3.599106103181839
3.913180112838745
3.135507307946682
4.378376558423042
3.237808331847191
3.3125480860471725
3.07058909535408
3.450011968612671
3.8238159716129303
3.185574933886528
4.158552721142769
5.53592748939991
6.830050602555275
9.477042019367218
12.023255467414856
13.641751855611801
16.029562175273895
18.030340492725372
18.898086190223694
16.433296620845795
13.751556396484375
11.810568004846573
9.762605667114258
8.59719380736351
6.4823920130729675
5.421679183840752
5.135214656591415
3.835103452205658
4.020376160740852
7.278563246130943
11.079690665006638
16.519894003868103
20.856786012649536
22.661354899406433
23.598572432994843
23.1152566075325
21.235675036907196
19.17731148004532
16.142568111419678
12.92753142118454
8.011750876903534
6.8369229435920715
7.7327501475811005
6.485981047153473
6.415900409221649
6.315607666969299
5.20631842315197
4.512214228510857
3.4600744545459747
4.3059506714344025
4.2692891061306
5.167145445942879
6.947157472372055
9.105534195899963
10.34312891960144
12.12884309887886
14.69914162158966
18.168188750743866
18.36744713783264
19.91878193616867
21.358203053474426
22.688382625579834
23.322860300540924
23.381313860416412
23.405643820762634
24.56465059518814
24.468616247177124
24.95928806066513
24.594906449317932
24.851130962371826
25.18309211730957
23.70853167772293
23.710701882839203
24.036823272705078
22.660982251167297
20.51864892244339
17.87952035665512
14.389922976493835
11.819093525409698
9.261673927307129
8.068553000688553
6.973318368196487
5.351058289408684
4.848558470606804
4.701508924365044
4.757758185267448
3.2385435327887535
3.66459758579731
4.04817271232605
4.0973829329013824
3.215778186917305
3.9272870272397995
3.1743320301175117
3.5953959301114082
3.6946751326322556
3.19587279856205
2.7839025780558586
2.545576758682728
2.2061658203601837
2.6358384788036346
2.889924518764019
3.332614801824093
2.1705963537096977
2.850833088159561
2.694474332034588
2.9555434733629227
1.8815476670861244
1.7599534168839455
2.059152729809284
2.167120911180973
1.945557601749897
2.3685063794255257
1.5585227236151695
1.7423152066767216
1.6225064396858215
1.4860620498657227
1.709397628903389
1.7364609763026237
2.3807345628738403
2.0202584974467754
2.815691262483597
2.9716197699308395
2.0810685083270073
1.9540859162807465
2.2699614763259888
2.930937319993973
4.483294561505318
5.690216079354286
7.589020222425461
9.64653104543686
11.693300604820251
13.49139541387558
14.819191038608551
14.338708251714706
16.304286241531372
14.490888923406601
12.113524436950684
9.361607700586319
6.92852321267128
4.73428501188755
6.252234309911728
6.476331532001495
9.563862532377243
8.616692781448364
7.237711891531944
5.885036990046501
4.618316650390625
4.33996456861496
4.888917699456215
6.449421748518944
7.988797754049301
6.821268603205681
6.280474424362183
5.286383017897606
4.903770834207535
3.02994042634964
2.8467926755547523
3.2654391527175903
3.3571641966700554
2.9316110610961914
2.8658506125211716
2.8900992199778557
2.418062575161457
2.6181695088744164
2.544021926820278
2.6713171303272247
1.9500716030597687
2.123653970658779
2.1236119121313095
2.6958777606487274
3.9933218508958817
5.218832045793533
6.328142404556274
9.273072987794876
11.073539346456528
12.84375411272049
15.197826504707336
17.5325625538826
19.768217384815216
20.116135001182556
20.8456569314003
22.959607541561127
23.340249836444855
23.428966641426086
25.33905667066574
24.433489084243774
24.295913100242615
24.407769918441772
25.33129048347473
24.382938385009766
25.145437002182007
23.056809782981873
19.958691954612732
17.010597586631775
13.371724724769592
11.957651913166046
13.407409280538559
16.261164724826813
19.324435591697693
20.463401436805725
21.651779115200043
22.73959571123123
22.90278536081314
22.572444677352905
20.275271892547607
18.02124536037445
14.447980254888535
11.568825751543045
7.5787754356861115
7.023688822984695
6.935438394546509
6.061999425292015
5.239366069436073
4.97092379629612
4.740271866321564
4.233347848057747
4.218641236424446
3.847533032298088
3.432947166264057
3.5662310421466827
3.6024381294846535
3.133767083287239
3.363636091351509
3.1603711247444153
3.253399930894375
3.425449386239052
3.4491350948810577
2.5596156269311905
2.796196013689041
3.3723656833171844
3.116244338452816
2.9358567371964455
3.0176713839173317
3.812391370534897
3.012632519006729
3.0453812927007675
3.1434115171432495
3.088007852435112
3.102801762521267
2.8861898109316826
3.1666141375899315
2.6770583912730217
3.3481873497366905
2.848296105861664
2.4898647740483284
2.3485989719629288
3.369104966521263
1.7514303736388683
2.5931972712278366
2.2171000987291336
2.2080810219049454
2.5700231790542603
1.812037292867899
1.6013139858841896
1.7026084177196026
1.4914696738123894
1.724947065114975
1.432844989001751
2.9400292187929153
3.8389028310775757
4.082427009940147
3.019607774913311
3.1513280645012856
2.396660231053829
1.933749184012413
2.0497111305594444
2.3605249896645546
2.5372013971209526
2.299389086663723
2.840536057949066
2.299574337899685
4.194679081439972
5.71178525686264
7.483751446008682
5.581440880894661
5.205413267016411
4.046579584479332
4.6779226660728455
3.9567300379276276
3.5834450125694275
3.835866168141365
3.2590629532933235
3.063742220401764
3.00883736461401
1.647702194750309
1.7163883447647095
2.0272704735398293
1.838296115398407
1.9439014792442322
1.8000078424811363
2.336034283041954
2.6297230795025826
1.6369236074388027
2.344438798725605
2.975417360663414
3.0112232640385628
5.0702497363090515
6.5244380235672
7.0817959904670715
9.733808010816574
10.176650673151016
13.260980427265167
14.94791978597641
17.11257576942444
18.910409450531006
19.454429268836975
19.21366995573044
20.758411586284637
21.517787218093872
22.408160507678986
23.379513144493103
23.73600172996521
22.711502075195312
20.658701479434967
18.00432324409485
12.979618519544601
9.75586387515068
7.765619277954102
7.620212823152542
9.606152951717377
12.973662376403809
14.74558699131012
17.948131382465363
18.350366830825806
20.44930762052536
21.262891948223114
22.77517729997635
22.660697519779205
21.427795588970184
18.802651047706604
15.68008005619049
14.36049109697342
11.419296473264694
8.256214886903763
5.799511164426804
5.678273931145668
5.070477440953255
4.106576159596443
4.907746151089668
4.466160014271736
4.622231900691986
4.255197286605835
4.905352309346199
4.642692595720291
3.9768317192792892
4.078564174473286
4.081413507461548
4.306020960211754
3.360263079404831
4.434358090162277
3.777442656457424
3.316580094397068
4.275650396943092
3.7533616796135902
3.2979524582624435
3.8877397775650024
2.8407893776893616
3.031332790851593
2.4695191383361816
2.6407890170812607
2.7144435569643974
2.7475144639611244
2.6034787446260452
2.3365270793437958
2.6562043949961662
2.86788047850132
3.122150629758835
3.891604721546173
3.2922991514205933
4.14034828543663
4.9842648804187775
5.1665240079164505
6.353307232260704
5.9166117906570435
7.282032698392868
7.98029363155365
6.427101477980614
5.529009625315666
4.826589107513428
4.232836619019508
3.9518516063690186
3.71555894613266
3.7536683678627014
5.437750279903412
6.784991204738617
9.357730001211166
9.018334835767746
11.95170995593071
12.885844737291336
15.083465695381165
12.820894867181778
10.990487039089203
7.4070592522621155
6.832856744527817
6.835623800754547
4.947627767920494
4.439994990825653
4.647049054503441
3.4761538207530975
2.9513959139585495
2.697870224714279
2.717484273016453
3.3252600207924843
3.2203254774212837
3.02070289850235
2.347089536488056
3.1841775625944138
2.952339246869087
3.1141452863812447
4.301727324724197
4.398346856236458
5.269729346036911
6.503831520676613
7.42140206694603
9.034651935100555
9.83281421661377
11.576552659273148
13.769529849290848
14.5486458837986
16.646851301193237
17.462826907634735
17.75898653268814
16.220768928527832
12.850385457277298
8.47333812713623
7.705736398696899
6.403767362236977
7.401870548725128
10.596800446510315
12.291651368141174
14.40102368593216
16.458677291870117
14.655833035707474
12.876794844865799
8.915729194879532
7.328215807676315
5.9000543653965
5.128189295530319
7.792266458272934
10.139473348855972
8.513968497514725
6.985782936215401
6.354391545057297
5.681370243430138
4.337796539068222
5.0639238357543945
5.392165258526802
4.437293991446495
4.534847185015678
4.109594479203224
4.1423284113407135
2.824409604072571
3.0724384859204292
3.7555926740169525
4.544628754258156
5.145153492689133
5.530400902032852
6.849660664796829
7.73182475566864
9.420652210712433
10.856210112571716
8.320947349071503
6.934612348675728
6.613449439406395
5.7532133758068085
5.2409797757864
4.9430320262908936
3.8521054089069366
3.847416013479233
3.598919987678528
3.7023740708827972
2.8049023747444153
3.0651709213852882
2.264388494193554
3.1602165400981903
2.867943122982979
2.4226931035518646
1.9523102417588234
2.4253536760807037
2.087486185133457
1.7823238596320152
2.3341265246272087
2.0206215791404247
2.1956572234630585
2.492827817797661
3.3614440634846687
3.2028038054704666
3.970391981303692
2.60563987493515
2.7873990908265114
1.820839513093233
2.1924532428383827
2.443607270717621
1.757371373474598
2.2271289974451065
1.9287608116865158
1.8098578378558159
2.953913614153862
2.610589750111103
4.038893476128578
4.862065613269806
5.955847129225731
6.657127559185028
6.084348693490028
5.364523336291313
5.096155866980553
5.692563742399216
7.829512774944305
6.32873623073101
6.4617651998996735
4.134268835186958
4.146881684660912
4.249412357807159
3.7419366389513016
3.828629434108734
4.167804270982742
4.192242354154587
4.886471912264824
5.753642424941063
4.4663050919771194
4.816829591989517
3.3231477960944176
3.137856997549534
2.6211839616298676
2.944365903735161
1.989672627300024
2.7837411388754845
3.05367798358202
2.7762366831302643
2.3560582995414734
2.4895869195461273
2.3331981524825096
2.1647264659404755
2.2952719926834106
2.375199779868126
3.3045241609215736
3.1622470691800117
3.9189612716436386
3.505052790045738
2.632359594106674
3.0484480038285255
3.3635064512491226
4.71856164932251
5.8925135880708694
7.010577738285065
9.137630075216293
7.668754816055298
5.908243015408516
5.286440432071686
4.61709663271904
4.261612594127655
3.015419900417328
3.092051364481449
2.8996834829449654
1.811416894197464
2.0431510657072067
1.6458604522049427
1.8457262478768826
1.7244693487882614
2.186056822538376
2.2368440479040146
1.8339997082948685
3.0567927435040474
3.33196197450161
3.5405775755643845
3.929526001214981
2.9924685433506966
3.565998889505863
3.3941835090517998
2.935116298496723
2.7954173535108566
2.148616835474968
2.980351723730564
3.2888942882418633
3.5217988714575768
2.9255922213196754
3.1984793543815613
2.8169720843434334
3.0030572190880775
1.994710125029087
2.293779030442238
2.320000685751438
3.0655114352703094
2.3495515808463097
1.8040283918380737
3.004918023943901
4.284190237522125
5.545708060264587
5.727724254131317
6.82649989426136
9.577153950929642
10.992403239011765
12.720962882041931
13.66127434372902
16.139346837997437
16.87954592704773
17.7997949719429
18.93586367368698
19.26884365081787
21.146155178546906
21.644118785858154
21.891667246818542
23.11122101545334
23.023925185203552
23.778301298618317
23.707427382469177
24.493131458759308
24.339268624782562
24.256060779094696
24.892128229141235
26.09314227104187
24.5658175945282
24.972663462162018
25.775453507900238
25.436054468154907
24.268590092658997
23.401187300682068
23.518576502799988
22.13898056745529
20.265123903751373
16.968766927719116
13.976175963878632
10.087535381317139
8.697906076908112
10.22094738483429
11.803605645895004
13.056203067302704
14.76198297739029
16.215209305286407
18.100980043411255
18.52148574590683
18.76220190525055
19.824933528900146
19.502373099327087
18.02909654378891
16.56030249595642
14.41719302535057
13.281197011470795
9.371883004903793
8.506989449262619
6.091108277440071
6.047825425863266
5.866445451974869
5.94625386595726
5.166683331131935
5.699989199638367
4.577810898423195
5.078908607363701
4.723911494016647
4.255181640386581
3.5873479023575783
4.038247331976891
3.9787784963846207
3.5290884375572205
3.9592912644147873
4.03991773724556
3.362959496676922
3.893430858850479
4.177077516913414
3.3984382525086403
2.9388429895043373
3.5988350957632065
3.981378063559532
4.3458210080862045
3.6199058294296265
3.553222104907036
3.2912777364254
3.3020226135849953
2.9152025133371353
2.5290431529283524
2.733541525900364
3.0665199607610703
2.625262528657913
2.99669299274683
2.0005559474229813
2.9696420207619667
1.7254303470253944
1.8409907221794128
1.6004027538001537
1.2446798458695412
1.5090992450714111
2.201756104826927
2.6319741532206535
3.4745778888463974
4.799872115254402
6.774820685386658
8.9469113945961
10.741765260696411
12.950374573469162
13.86223030090332
14.964503824710846
18.583350896835327
15.884444892406464
11.109379082918167
9.878470689058304
7.3507620096206665
4.385283604264259
5.238616526126862
4.709941774606705
4.06141397356987
4.124468550086021
4.4407608807086945
5.86593995988369
7.652607440948486
10.876456886529922
11.921680718660355
13.87318155169487
17.021029829978943
18.07487839460373
20.17179900407791
20.516165018081665
20.72449791431427
16.775467932224274
14.915298759937286
10.239907622337341
6.425643503665924
5.173974648118019
4.576438754796982
5.907509535551071
7.414363354444504
6.9520512372255325
7.511767327785492
7.003787964582443
6.1819998770952225
5.141487583518028
5.480954200029373
4.369060650467873
4.183457508683205
3.9359900504350662
3.7599167227745056
3.4134892374277115
3.0722755938768387
3.1436648294329643
3.1935543194413185
2.659336857497692
2.9823639541864395
2.329198867082596
2.6415533050894737
3.1243829876184464
1.7430717833340168
2.516059346497059
2.1296130269765854
1.6718877889215946
1.9411093704402447
2.324604868888855
3.035595901310444
3.4042615815997124
2.9019330739974976
3.5521294996142387
3.464741498231888
3.8053030520677567
4.876007914543152
4.84810571372509
4.833811521530151
5.820058971643448
6.685681492090225
7.818597823381424
8.079113095998764
8.642502009868622
9.182023525238037
9.028397798538208
10.642105221748352
11.500520020723343
11.790289044380188
13.146158218383789
13.250691413879395
14.12878879904747
14.318677008152008
14.934034317731857
16.24175775051117
16.518607437610626
17.73775690793991
17.648220479488373
18.21700745820999
18.940719783306122
18.681968450546265
19.714706659317017
19.56657522916794
20.686119437217712
20.57539540529251
20.756158769130707
20.91758131980896
20.771469831466675
22.382264018058777
20.308073699474335
16.48222255706787
13.761353939771652
10.806698322296143
9.428321540355682
8.742089569568634
7.699161678552628
6.657284468412399
4.937204569578171
4.950590133666992
5.037250220775604
6.8576759696006775
7.309656620025635
11.479434221982956
14.8974449634552
15.947105348110199
18.438627660274506
19.848548471927643
21.175953805446625
22.486606001853943
23.502529740333557
22.41770440340042
20.87803417444229
18.098685324192047
14.661229848861694
12.284821927547455
8.190947860479355
6.894243136048317
6.41921266913414
6.678454101085663
8.044657707214355
9.540224462747574
8.848355740308762
10.18806803226471
9.832391172647476
10.541919499635696
11.06366741657257
11.586412996053696
11.37306234240532
12.062522858381271
11.947842210531235
12.694690346717834
13.338959157466888
14.73079764842987
13.778440862894058
12.708244174718857
12.014130264520645
11.892914831638336
11.205467283725739
10.194493025541306
10.261728912591934
8.970706552267075
8.638415306806564
7.58673095703125
7.737886726856232
5.944241240620613
6.685738667845726
6.215804889798164
5.884239047765732
5.985447585582733
5.358614861965179
5.4803619384765625
5.592272594571114
5.4769094586372375
4.32960507273674
4.344438761472702
5.252501964569092
7.996582895517349
9.10871735215187
11.55274948477745
15.134198904037476
16.191198229789734
19.189780592918396
20.65413624048233
23.079490959644318
23.521387457847595
23.786428213119507
23.342042207717896
23.457813441753387
21.650039494037628
19.439944207668304
16.921131432056427
13.4103402197361
8.904648095369339
8.531737476587296
9.583010971546173
10.761644273996353
13.961640536785126
15.369054615497589
16.291914880275726
17.556843638420105
17.5189488530159
19.30587750673294
20.024831295013428
19.92586785554886
20.486495435237885
21.10430383682251
21.92966228723526
21.377620816230774
19.242161631584167
16.773975610733032
14.861103415489197
12.843706995248795
8.983988583087921
6.813586562871933
6.630113303661346
6.23140449821949
6.149144887924194
5.830396220088005
5.417019799351692
4.645842283964157
5.592165678739548
4.655465349555016
5.410988032817841
5.167905807495117
4.9074495285749435
4.574611529707909
5.034085214138031
4.200095400214195
4.294832870364189
3.6759996339678764
4.360286742448807
4.52375365793705
4.1013971865177155
3.7591974288225174
3.8571586161851883
4.7588085532188416
4.031420737504959
3.879167303442955
3.8587984442710876
3.798859715461731
4.203546926379204
4.2000075578689575
3.9243783205747604
4.286857098340988
4.305074036121368
4.084913745522499
3.8843186795711517
3.4241695627570152
3.2525026723742485
2.700661391019821
3.460151992738247
2.941051170229912
3.229806676506996
2.897681139409542
2.7885445281863213
4.067260429263115
3.07736062258482
4.104966625571251
4.9193886667490005
4.941650524735451
5.994359612464905
6.197881728410721
7.8680349588394165
8.680706083774567
9.79408672451973
9.834762305021286
10.926586151123047
12.513914614915848
13.411807805299759
12.037053138017654
10.01004096865654
8.428671151399612
6.875499948859215
5.681236490607262
4.52538289129734
4.443941801786423
2.4973607882857323
3.3576644510030746
3.1587169244885445
3.301012523472309
2.8762987181544304
3.8306384906172752
3.103373259305954
2.9311759024858475
3.4329186379909515
3.832027792930603
4.1838957369327545
4.475927770137787
5.102941945195198
6.338780447840691
7.128404140472412
5.553883776068687
6.532971665263176
4.645234525203705
4.716465592384338
5.290649548172951
4.3878427147865295
4.167958468198776
3.662404164671898
4.154475308954716
3.1191191747784615
3.1172033324837685
2.77511615306139
2.9729086458683014
2.555179014801979
2.8904395177960396
2.8453210443258286
2.2009767815470695
3.328198216855526
2.46128012239933
1.8942296169698238
1.7546829879283905
1.5870804004371166
2.103153847157955
2.4997548013925552
1.7706510052084923
2.5195324197411537
2.4203571155667305
3.6095693707466125
4.457659214735031
6.106788128614426
7.347154140472412
9.265592336654663
10.680076450109482
12.286291927099228
13.636220335960388
13.97294893860817
16.48102241754532
17.680891275405884
17.298050105571747
18.363085985183716
18.970057487487793
20.11165452003479
20.785723328590393
23.147726356983185
22.213739693164825
23.11214804649353
20.98755633831024
19.726527869701385
17.55225157737732
14.905150532722473
11.42449164390564
7.169879704713821
5.297477647662163
5.894951358437538
8.384631961584091
11.806533634662628
14.168812036514282
16.398521959781647
18.622598230838776
20.443382918834686
20.547848880290985
22.17440664768219
20.267768025398254
19.331597983837128
18.009902596473694
15.180804789066315
11.101223349571228
9.039770543575287
6.790059521794319
7.480515077710152
8.334920138120651
10.663318693637848
11.882250398397446
13.227088123559952
16.176816403865814
15.625581502914429
17.84800088405609
20.133617341518402
18.80424177646637
21.03442543745041
22.341392695903778
21.9989395737648
23.626467049121857
22.920538425445557
24.603500068187714
23.634996116161346
23.78835391998291
25.038479447364807
24.854269921779633
25.004155218601227
25.4063783288002
26.399359226226807
25.387697279453278
24.459269523620605
26.177584052085876
25.469544529914856
25.405952870845795
25.899629175662994
25.844204783439636
25.162683606147766
25.628066182136536
25.498930513858795
25.597298502922058
26.70883196592331
25.585437893867493
25.17218589782715
26.173788011074066
26.687419295310974
24.66614407300949
24.849077582359314
27.793092608451843
25.90496027469635
25.400965929031372
24.79490065574646
25.06129264831543
25.10185968875885
24.73396384716034
23.528510987758636
21.326501965522766
21.8630633354187
18.91683268547058
18.080721139907837
15.49303525686264
13.565142691135406
12.787081927061081
11.15021413564682
11.612491875886917
11.498796999454498
10.795357435941696
9.408927857875824
7.888542979955673
8.36593371629715
8.449277460575104
7.153560966253281
6.95213982462883
6.168352320790291
5.994340613484383
6.398374050855637
6.032367184758186
6.178252205252647
6.863394841551781
6.212679371237755
6.056437939405441
6.604312643408775
6.684017106890678
5.8618873953819275
6.142046183347702
5.867415279150009
6.4451985359191895
6.153045609593391
5.870694160461426
6.199245825409889
5.762189418077469
5.546846404671669
4.998050585389137
4.009565696120262
6.817814826965332
8.688681781291962
12.54613772034645
18.01482129096985
19.112698435783386
21.71204686164856
22.419797539711
24.491028368473053
24.790426552295685
24.554401457309723
24.340519607067108
24.275283813476562
23.678290605545044
23.53885018825531
21.766948997974396
19.64714288711548
15.621485412120819
13.70216703414917
10.837302833795547
9.188501000404358
9.146167159080505
9.011081635951996
11.354024142026901
12.556070387363434
12.520112246274948
13.6761474609375
14.396638095378876
15.37676215171814
15.31930935382843
15.265726387500763
16.62634038925171
16.150308907032013
17.23526692390442
16.445297598838806
17.201500356197357
15.863897562026978
14.174451678991318
13.91884669661522
12.442274302244186
12.32140263915062
12.364532619714737
11.492825388908386
11.34896382689476
10.57138130068779
10.04841822385788
9.524795353412628
9.100068897008896
9.36035406589508
9.378778398036957
9.191206485033035
9.931337058544159
9.083684474229813
10.221012830734253
9.339830487966537
9.854251831769943
9.434319198131561
8.767541140317917
8.151429533958435
8.823870062828064
7.834719270467758
7.460577607154846
8.160420298576355
7.300191551446915
7.487977534532547
6.932563439011574
6.592586427927017
6.831211596727371
7.777494579553604
6.515594527125359
5.959500968456268
6.728124096989632
5.975430071353912
6.179225146770477
6.589915841817856
5.710036128759384
4.538496762514114
6.02630278468132
4.96321627497673
5.144313424825668
4.477888256311417
5.188198819756508
5.068342611193657
5.78479540348053
5.357187867164612
5.171995624899864
5.574259161949158
5.437867268919945
5.036892205476761
5.368693143129349
5.219318926334381
5.314144641160965
5.249165043234825
4.878494709730148
3.8482974022626877
4.260338306427002
3.33432075381279
4.095012590289116
5.358804747462273
7.4522397220134735
9.340730488300323
13.209505200386047
14.229226797819138
16.065676391124725
18.956983149051666
19.428587019443512
21.16993075609207
23.34385472536087
23.546276211738586
22.954519510269165
24.373446464538574
24.502516865730286
25.161643385887146
24.28698593378067
25.829054474830627
26.51962113380432
24.97022396326065
25.91481751203537
25.628706574440002
26.19605940580368
25.989194691181183
26.217885971069336
25.48806208372116
26.409384191036224
25.961474418640137
26.708862781524658
25.639894485473633
25.961583971977234
25.693519413471222
25.346003353595734
25.135509371757507
25.858537197113037
25.24813026189804
25.333186209201813
25.7015443444252
26.467528343200684
26.61882597208023
25.31823194026947
25.343348443508148
25.85627633333206
25.90710997581482
26.071310997009277
26.670361936092377
25.852136850357056
26.348031997680664
25.367603421211243
26.05735957622528
25.97983729839325
26.22565370798111
26.11240577697754
25.713055789470673
25.639722406864166
25.37876981496811
25.840251088142395
25.280063927173615
24.614222466945648
24.18481081724167
23.365762770175934
22.355750799179077
19.74066060781479
16.992048382759094
12.159185528755188
11.101095706224442
11.186038076877594
12.55759733915329
14.661593317985535
16.162346363067627
18.18596738576889
17.709533870220184
18.868442058563232
19.88262951374054
19.250045776367188
20.711242616176605
21.3717103600502
18.24760329723358
18.08606219291687
15.670867800712585
14.048433035612106
12.51415354013443
10.74899810552597
9.071455329656601
6.9915348291397095
6.859925553202629
8.572645515203476
9.07260674238205
12.500616610050201
16.59017562866211
19.378078639507294
22.073632061481476
23.428225815296173
24.909281730651855
24.530865371227264
25.580953538417816
25.340611159801483
24.830953001976013
24.81155616044998
25.903044402599335
25.836463391780853
24.627297401428223
24.908212780952454
25.591506123542786
25.46259355545044
24.497393548488617
24.619313597679138
23.692634165287018
23.085400581359863
22.357650935649872
21.559063136577606
18.793477416038513
15.573221921920776
11.245439678430557
8.203839898109436
10.314502954483032
12.2117318212986
16.56798779964447
18.77799481153488
21.410254299640656
18.184068500995636
17.53275340795517
14.816874861717224
11.798036217689514
12.676576286554337
10.258862346410751
9.104142129421234
8.243860721588135
7.7288636565208435
7.4512123465538025
7.050903543829918
6.9268288016319275
6.331328883767128
7.97296467423439
6.540369153022766
5.670760855078697
6.220546215772629
6.658625692129135
5.7325073927640915
6.050343409180641
6.227779060602188
5.489071637392044
5.984059125185013
6.212970957159996
4.808592244982719
5.3162456303834915
5.747228235006332
5.465802729129791
4.936763763427734
5.863168314099312
4.944042831659317
5.0632967203855515
5.41219425201416
4.38867574930191
4.773606836795807
5.171653643250465
5.310876339673996
5.348749756813049
5.292810469865799
5.208968281745911
4.62735153734684
4.3917762488126755
3.9834585189819336
4.7801327258348465
8.157233625650406
12.97793534398079
16.18677580356598
19.889757096767426
22.6892249584198
24.244283139705658
23.625725507736206
24.03695046901703
25.66967362165451
25.941828548908234
25.229295551776886
25.55506521463394
25.830635488033295
25.446418702602386
25.93186527490616
25.77221965789795
25.588156044483185
23.827409625053406
24.13624459505081
22.845331132411957
19.730958878993988
16.666030168533325
13.925139367580414
11.249039500951767
11.494140714406967
12.12139430642128
13.93638989329338
15.69032871723175
17.472600519657135
16.806406676769257
18.561793565750122
18.96670436859131
19.84026873111725
19.808089196681976
20.236673414707184
21.14732128381729
22.954570174217224
22.842202186584473
22.290865182876587
23.591080248355865
22.973565578460693
22.931849896907806
23.381562054157257
24.029694616794586
24.674808859825134
25.373940527439117
24.829448461532593
24.036762595176697
24.391107738018036
24.684252440929413
25.249318420886993
24.155214607715607
22.156975030899048
20.87399011850357
19.4701828956604
16.375004291534424
13.86485156416893
11.177085965871811
8.69343015551567
6.678324192762375
6.737082317471504
6.199964642524719
7.581900805234909
8.238326787948608
11.318364977836609
15.965586423873901
18.820855498313904
21.98796510696411
23.153317391872406
23.95659202337265
21.790278553962708
22.021458566188812
21.564617335796356
19.108923196792603
17.36261475086212
15.124264001846313
13.938580393791199
10.490581750869751
9.806857496500015
8.896430492401123
7.96615669131279
8.289648681879044
9.173886209726334
10.825779527425766
13.341729581356049
15.811662912368774
18.651361107826233
20.51182198524475
16.615233719348907
14.59020584821701
13.431967079639435
12.399181425571442
10.403261065483093
9.860656350851059
8.489969700574875
8.912608057260513
8.491763263940811
8.377827107906342
8.706626683473587
7.610843777656555
7.982436895370483
7.902043133974075
7.653359115123749
7.462111741304398
7.324806720018387
7.568744212388992
6.368173331022263
6.838677540421486
6.887252494692802
6.06744509935379
5.523368984460831
5.703144609928131
5.580003798007965
5.273022219538689
6.031850427389145
6.00236114859581
5.613715961575508
6.354929819703102
7.001716494560242
7.714790880680084
8.75509586930275
9.033902525901794
11.040528655052185
9.182366460561752
8.553854435682297
9.338044911623001
7.7250504195690155
8.110866248607635
7.018853545188904
7.170993983745575
7.189726248383522
6.237619236111641
6.165970951318741
7.7142351269721985
10.818195432424545
15.387676000595093
19.958781898021698
22.19584971666336
24.96502125263214
24.8789159655571
25.192338228225708
25.4923175573349
25.453162670135498
26.309927105903625
26.188214480876923
25.815115690231323
26.443573713302612
25.921437442302704
26.340958833694458
26.345948338508606
25.963295876979828
25.07005912065506
25.811313033103943
25.47777509689331
25.99288719892502
24.994693994522095
25.36459916830063
24.017104148864746
22.13008153438568
17.572449862957
14.900834679603577
14.649983584880829
18.632748901844025
20.84902822971344
23.550134658813477
23.683847963809967
23.94115662574768
24.282468795776367
24.292358577251434
24.9625923037529
24.59606295824051
25.7184881567955
24.873992025852203
24.70199543237686
24.660051584243774
25.250003814697266
24.912092089653015
24.68052977323532
24.44540387392044
25.921814262866974
25.188246428966522
25.692697823047638
25.395724415779114
25.305966079235077
25.78306758403778
25.30642169713974
24.98015993833542
26.323427379131317
25.092672109603882
25.020956456661224
25.798273742198944
25.349046289920807
25.917363822460175
25.2599276304245
25.381511330604553
25.29303401708603
25.10865432024002
25.235565900802612
25.101330161094666
26.27347493171692
25.178072035312653
25.28312200307846
25.843288481235504
25.31549060344696
25.126156330108643
24.88420206308365
26.007107436656952
26.028630316257477
25.778334259986877
25.49930167198181
24.977800369262695
25.037744224071503
25.176762223243713
26.1362407207489
25.556387186050415
25.0285547375679
24.747189104557037
25.628154933452606
25.136302769184113
25.32977384328842
25.701867997646332
24.785258412361145
25.30498558282852
25.547979772090912
26.2893967628479
26.277352452278137
25.816676557064056
25.570232212543488
25.162288069725037
25.47707223892212
25.469132006168365
24.869712710380554
25.336128532886505
25.727740347385406
24.93834352493286
25.079951286315918
23.39824539422989
22.10406368970871
20.83261400461197
19.581474900245667
16.78879314661026
12.450941890478134
10.000013053417206
10.78926545381546
12.829777926206589
14.30482092499733
15.282433152198792
16.069548904895782
16.442906320095062
14.68998110294342
14.461417496204376
12.241395831108093
11.383692651987076
9.782467514276505
9.046771794557571
8.100807547569275
7.616094321012497
7.200451493263245
7.22357676923275
7.587707042694092
7.999113500118256
8.813236653804779
10.48553642630577
10.091022938489914
11.707841575145721
13.73272556066513
15.870590329170227
15.83932101726532
17.573141634464264
18.105919659137726
19.071259558200836
20.651121377944946
20.51653528213501
21.019957900047302
21.123105466365814
22.125412821769714
22.906467378139496
22.07840120792389
22.414958775043488
24.109486758708954
23.21401083469391
24.378862619400024
23.688740849494934
24.856011629104614
23.855624616146088
23.237070620059967
22.342517614364624
20.901773154735565
20.758249878883362
18.503565967082977
17.835650146007538
14.824886322021484
12.73572263121605
12.166482597589493
10.373964011669159
9.443865835666656
7.621326804161072
7.786922782659531
6.944300591945648
7.7982029020786285
6.392997995018959
6.303094640374184
5.9107827842235565
6.900846973061562
6.731835961341858
6.577094122767448
5.699668064713478
6.691435769200325
6.988683193922043
6.061276987195015
6.280574634671211
5.263804376125336
6.2325927168130875
6.064872354269028
6.3172371834516525
5.5121137499809265
4.672584995627403
5.742744043469429
5.2004334181547165
5.4230267107486725
5.045758083462715
5.66742467880249
5.281419023871422
5.564119875431061
5.4660608023405075
5.840002939105034
5.305753692984581
5.663798749446869
5.856759086251259
5.368246555328369
5.675286993384361
5.294903144240379
5.342480957508087
5.071559265255928
6.347308024764061
5.6178088784217834
5.965325757861137
5.722885280847549
6.085661813616753
6.1995629966259
5.328506276011467
6.160057425498962
5.569872483611107
4.691213741898537
5.876481860876083
6.414201304316521
6.096824452280998
5.334907874464989
5.433345064520836
6.109504401683807
6.264919087290764
5.058092013001442
5.083384349942207
5.180480435490608
5.364200592041016
6.3592987805604935
5.6217707842588425
5.585821524262428
5.696115106344223
4.677620947360992
4.843381956219673
5.263420432806015
5.701237425208092
5.4184528440237045
4.660564437508583
5.319722473621368
5.176608622074127
4.91118811070919
4.113846123218536
4.824697807431221
3.91560398042202
4.466836392879486
4.959635928273201
4.123020797967911
4.267975404858589
4.128635719418526
3.9871607422828674
3.5113072991371155
3.8419480323791504
3.608535833656788
3.971586912870407
4.026538103818893
3.4400963857769966
3.2642343640327454
3.0567504912614822
3.3710199519991875
2.521235078573227
3.130236439406872
2.5491112023591995
2.8818622902035713
2.4304482489824295
2.7540529519319534
2.7609410360455513
3.3336721807718277
2.9563250690698624
2.6059235483407974
2.918109104037285
2.7225635647773743
2.7590155601501465
2.176837734878063
2.0711485892534256
1.9190561957657337
1.9498108178377151
2.4319814667105675
1.8389659374952316
2.3084511160850525
3.4355843141674995
4.322290584445
7.300800338387489
8.710939347743988
10.859308540821075
9.177283942699432
7.783390492200851
6.233319789171219
5.159197136759758
4.305992409586906
3.725219987332821
4.629747644066811
6.0982697159051895
8.906943321228027
9.185775250196457
12.212695062160492
14.166254073381424
11.033536732196808
9.901295572519302
9.112953245639801
8.067630380392075
6.332676500082016
5.933911427855492
4.868698269128799
4.371856793761253
3.9179196655750275
3.6369094625115395
3.5074773505330086
2.9839989095926285
2.7615804821252823
2.2509524524211884
3.3774548172950745
4.2945598512887955
4.920172318816185
9.041017532348633
10.357723087072372
13.33476710319519
15.363579511642456
16.214711248874664
17.729281067848206
19.915905594825745
21.43279129266739
21.933431327342987
23.482970118522644
23.57441806793213
23.45058101415634
25.26096647977829
24.474620163440704
25.437867879867554
24.773562133312225
24.839622497558594
25.064500868320465
23.243820309638977
21.04519212245941
19.563021302223206
15.133574724197388
13.296603262424469
12.488625675439835
10.536304503679276
8.457598596811295
8.032983809709549
7.292478859424591
6.834334284067154
5.651697292923927
5.809299513697624
6.129160583019257
5.525715261697769
