4.396849647164345
2.6701047122478485
3.2448784857988358
3.144071064889431
3.8183904960751534
4.98055861890316
6.3186130821704865
8.853418171405792
11.573726505041122
14.39015543460846
16.796095073223114
17.83994621038437
19.81493389606476
20.580767810344696
22.453837454319
23.268003046512604
24.25537484884262
24.27213889360428
24.307944774627686
24.86148589849472
24.452637672424316
24.28144544363022
24.51940828561783
25.770272195339203
25.51322364807129
25.848022878170013
25.70120996236801
25.893450140953064
24.89588040113449
25.11545503139496
25.092368125915527
24.624893307685852
25.83538120985031
25.970165848731995
25.424122214317322
26.157201409339905
26.23785239458084
26.300840973854065
26.390976130962372
25.450301706790924
26.46333819627762
26.458912134170532
25.438220262527466
24.932077407836914
24.526406705379486
26.143392384052277
25.683903396129608
25.39926451444626
25.37652987241745
25.644842088222504
26.458803713321686
25.147124409675598
25.793368875980377
26.10313618183136
26.527356326580048
25.930076479911804
26.295590579509735
25.085780382156372
26.220576465129852
26.216890454292297
25.018097758293152
25.584981739521027
26.021985054016113
25.79154336452484
26.0090851187706
25.400829672813416
25.145854473114014
25.48574870824814
26.231166660785675
24.82161909341812
25.459422767162323
25.59826558828354
26.033620178699493
25.694114089012146
25.70985436439514
25.707472324371338
25.73556959629059
24.789267361164093
24.83997291326523
26.641611576080322
25.342300593852997
24.655096471309662
24.888802409172058
25.823753714561462
25.171979665756226
25.044853150844574
25.3481222987175
23.69618332386017
20.390674948692322
18.307227611541748
17.766063809394836
20.267342031002045
23.320401906967163
24.926060020923615
25.57474446296692
25.55853122472763
25.55774360895157
25.711744248867035
26.24576872587204
26.71863305568695
25.463925540447235
25.991711914539337
24.982377886772156
25.614048182964325
26.099375009536743
24.906925439834595
26.294379591941833
25.80709618330002
24.982765555381775
26.89398229122162
26.52116221189499
25.548126459121704
25.11603671312332
25.776039123535156
26.065087258815765
25.636540472507477
26.201757788658142
25.54293030500412
26.031860530376434
25.811207711696625
26.429525196552277
26.33547204732895
25.514875948429108
26.80464643239975
26.047390580177307
26.421563744544983
26.348646759986877
26.21765524148941
26.304088711738586
26.948828279972076
25.372795045375824
26.008611917495728
26.28164666891098
26.922719538211823
25.175750613212585
25.47955685853958
25.383666336536407
25.63399463891983
25.249508500099182
25.79137670993805
25.3682501912117
26.76873415708542
25.097446262836456
24.95880937576294
25.46172285079956
23.704642236232758
22.78685039281845
20.23555862903595
17.636057436466217
15.587788462638855
17.124142944812775
18.929905116558075
20.791869640350342
21.01353418827057
22.33152735233307
23.875431835651398
21.688924372196198
20.088839828968048
18.053735673427582
14.848156988620758
11.751798897981644
9.554683208465576
8.472738534212112
8.073362588882446
9.19135069847107
9.567909508943558
14.384455531835556
16.38946032524109
20.96280264854431
21.837700724601746
22.64609295129776
23.736641108989716
24.69100260734558
25.775544583797455
25.134402632713318
25.783558249473572
25.555189430713654
26.071878969669342
25.500036537647247
25.119148671627045
26.308308005332947
26.830598950386047
25.584205508232117
25.435513138771057
26.66254484653473
26.781029045581818
25.89144080877304
25.646242916584015
25.074038207530975
25.98903888463974
24.54715096950531
23.56531298160553
20.384904384613037
16.82689219713211
17.901733815670013
22.53504830598831
24.95740306377411
25.50089806318283
25.5338032245636
26.784069657325745
26.231786131858826
25.85203981399536
25.676001727581024
26.600318610668182
25.70426768064499
25.435329496860504
25.75741571187973
26.325059175491333
25.455337345600128
26.4179807305336
26.322990775108337
26.542184054851532
25.44829946756363
24.962193727493286
24.963511765003204
25.58182603120804
25.62101721763611
25.943802297115326
26.42872267961502
26.042635083198547
25.592756390571594
24.849732279777527
23.906708419322968
20.578379929065704
17.3674014210701
17.388761460781097
21.98242884874344
23.79416114091873
24.74551498889923
24.612805902957916
25.32065123319626
26.268326938152313
26.06565922498703
25.921157598495483
25.405554831027985
25.94953340291977
26.3305521607399
25.292760968208313
25.89082759618759
26.373229801654816
26.155500531196594
25.390285789966583
26.364030063152313
26.236293256282806
25.62957626581192
25.357765913009644
26.224075973033905
25.198562622070312
25.063740074634552
25.955893099308014
26.5333172082901
26.534648180007935
26.18674635887146
26.506817936897278
25.506624579429626
25.680587887763977
25.80327606201172
25.31946438550949
25.4112645983696
25.419420957565308
26.567344069480896
26.075506567955017
26.169770061969757
26.12260550260544
26.36573213338852
26.674690008163452
26.59671938419342
25.983405113220215
26.319523572921753
25.866153717041016
25.961861670017242
25.661379635334015
25.48731219768524
26.354193568229675
25.699390828609467
25.454954981803894
26.441612124443054
26.058539390563965
25.604840099811554
25.8331481218338
26.003380358219147
25.80406779050827
26.161254584789276
25.55865252017975
24.79070293903351
26.024077892303467
25.913955450057983
25.95674180984497
26.565754115581512
25.760595381259918
26.029429256916046
25.655989170074463
26.187718272209167
25.833689093589783
25.611781299114227
24.94027191400528
25.93098908662796
25.475253224372864
24.85442179441452
25.54453444480896
25.28597390651703
25.600813329219818
25.725285828113556
25.691255509853363
25.836566865444183
25.899302124977112
25.605464041233063
25.963583111763
24.848760068416595
25.726907968521118
25.62767082452774
26.539984464645386
26.198419988155365
25.609900057315826
26.304513692855835
26.20160746574402
25.42208343744278
26.381158530712128
25.87019771337509
25.809271454811096
25.138689041137695
25.847949624061584
25.99688494205475
25.81684535741806
25.682743549346924
25.74862504005432
26.579318463802338
26.230089485645294
26.72813457250595
26.62267142534256
24.812445282936096
25.441779673099518
25.450938284397125
26.77434331178665
24.96315586566925
25.812695682048798
26.217533946037292
25.317671418190002
25.54489827156067
26.653159856796265
26.06322181224823
25.91862154006958
25.47647273540497
26.39309400320053
26.176874041557312
25.45918071269989
26.105195939540863
26.281989753246307
26.233149230480194
25.87507915496826
25.55799275636673
25.29593276977539
26.428509056568146
27.53312063217163
26.197936475276947
25.931113243103027
25.157716631889343
25.69047874212265
25.61492943763733
24.803332567214966
25.35045325756073
26.809654414653778
26.498290419578552
25.40240389108658
25.156740248203278
25.30598109960556
24.845536708831787
24.70619559288025
26.258667409420013
25.987767338752747
24.73777347803116
25.394328773021698
25.90561079978943
25.165982604026794
26.12617152929306
25.389663457870483
25.09547072649002
25.687855184078217
26.863575279712677
26.070993304252625
25.88072896003723
26.449351966381073
26.578461587429047
26.39643371105194
26.381887555122375
24.72868102788925
25.680363357067108
26.16909831762314
25.8076491355896
26.4022399187088
26.009698033332825
25.727430999279022
26.65866059064865
26.43861722946167
26.763653993606567
25.957132160663605
26.31911313533783
25.283079147338867
25.81626558303833
26.84302270412445
25.76302969455719
25.644399881362915
25.953829646110535
25.164690554142
26.548238277435303
25.745306730270386
25.514531195163727
25.67785269021988
25.68552279472351
26.168847680091858
26.079321205615997
25.836879670619965
25.368554711341858
25.997611224651337
25.945196568965912
25.866223096847534
26.89893639087677
26.044772803783417
24.86183124780655
25.9821395277977
25.35983008146286
25.741520881652832
25.685038328170776
25.358032166957855
26.002161026000977
26.486371397972107
26.202893793582916
25.004352629184723
25.881802797317505
26.903670728206635
25.753622829914093
25.268655717372894
25.781104862689972
26.730220437049866
26.135165691375732
25.417984426021576
25.725208163261414
25.45974326133728
25.480301201343536
24.62551784515381
24.756672263145447
22.095244348049164
20.818198800086975
17.84590446949005
17.639515817165375
19.553630352020264
22.155492544174194
24.714698910713196
25.41479504108429
25.600865066051483
26.10835373401642
24.8942973613739
25.375066459178925
25.08629935979843
25.590062379837036
25.15057945251465
25.742623329162598
24.655005276203156
25.437793791294098
25.01124608516693
25.27131938934326
25.582454085350037
25.166596233844757
25.0464386343956
24.759789764881134
25.276005387306213
25.424544513225555
24.79561483860016
25.132769465446472
25.705511927604675
25.779550671577454
25.279971957206726
25.256850838661194
24.589676201343536
25.59966892004013
24.97910898923874
26.25333607196808
25.206649720668793
25.40044528245926
25.504521369934082
25.721122801303864
25.976350128650665
25.11441421508789
25.62107253074646
25.401458621025085
23.741692900657654
21.121917128562927
20.500445246696472
17.788711726665497
17.323978543281555
18.96038317680359
21.46869868040085
20.28818053007126
19.730888426303864
19.864133536815643
18.335790038108826
17.426946461200714
17.916382551193237
17.31051766872406
17.458649337291718
16.864977955818176
18.90620756149292
18.647613167762756
20.1126971244812
21.309364557266235
21.165243327617645
21.922206163406372
23.02561104297638
23.555702805519104
23.60895037651062
24.4870924949646
24.233890414237976
25.54731798171997
25.30986315011978
25.791549265384674
25.505470633506775
24.813806891441345
26.041753590106964
25.510412395000458
25.08640468120575
25.11918979883194
26.297709465026855
25.135133802890778
25.563753247261047
25.563279807567596
24.824060022830963
25.702016472816467
25.14211195707321
24.782514333724976
24.01744019985199
23.624554872512817
24.089981853961945
21.98838371038437
22.178722500801086
20.942780077457428
19.50508451461792
17.767780363559723
17.15743327140808
17.158671855926514
17.114265263080597
18.09991604089737
20.365528225898743
20.53902494907379
22.259410679340363
22.406895697116852
24.2772735953331
23.656218826770782
23.2889341711998
23.916755080223083
23.1302792429924
23.865551352500916
22.92081707715988
22.69485491514206
20.489735543727875
20.511788606643677
18.558405458927155
15.928671836853027
16.16505241394043
18.364764511585236
22.795771777629852
23.17154747247696
24.570678174495697
26.051500141620636
26.159832239151
26.900049567222595
25.691919088363647
24.93889856338501
23.294954419136047
22.38204997777939
21.565412759780884
19.090748250484467
16.20873773097992
16.108126759529114
15.910328984260559
17.94788157939911
17.93028301000595
18.041681587696075
16.04666554927826
14.580456018447876
14.086726307868958
13.449767887592316
13.092375814914703
10.99981889128685
11.24386578798294
11.308836102485657
11.844229996204376
12.021358370780945
11.87317180633545
12.221323400735855
11.748857736587524
12.10009977221489
11.510602355003357
12.032289505004883
10.427507102489471
11.55788841843605
11.043377220630646
11.313253968954086
10.808274120092392
9.78931838274002
10.054997950792313
9.457690447568893
9.214257717132568
9.038803726434708
8.74970269203186
8.880975753068924
9.66662248969078
10.113896161317825
11.914355605840683
14.0270494222641
16.662783801555634
14.874769747257233
13.306140720844269
11.652181029319763
10.448418974876404
9.13560175895691
9.799606442451477
9.07464411854744
9.236382901668549
8.480835855007172
8.96645924448967
8.921380907297134
8.150449007749557
7.753800302743912
8.724824160337448
9.512931227684021
10.077083259820938
11.240663766860962
10.212845802307129
10.97428247332573
9.245296567678452
9.0346100628376
7.930380970239639
8.854230105876923
8.053990513086319
8.364277631044388
8.44674801826477
8.404465466737747
8.516402959823608
8.409072816371918
7.844956278800964
6.915166676044464
7.619984269142151
6.945765495300293
7.424523502588272
7.842856079339981
8.69267189502716
8.902352124452591
10.30013507604599
13.035067319869995
14.143947511911392
15.400162637233734
13.39266785979271
12.908299744129181
11.567409873008728
10.36297082901001
9.123013198375702
8.495469868183136
7.699543118476868
7.411565899848938
6.469282075762749
6.634977847337723
6.799932986497879
6.480424761772156
7.033702164888382
6.821068078279495
6.914738595485687
6.509294509887695
7.445702701807022
6.023633658885956
6.4460702538490295
6.1937301605939865
6.759880095720291
6.065181329846382
6.733448356389999
5.923764929175377
6.342622548341751
6.063215136528015
6.040593355894089
6.066904827952385
6.0289288610219955
6.193519949913025
7.978633344173431
9.849774539470673
12.315753042697906
13.726760238409042
14.623685717582703
15.603687405586243
18.38991492986679
19.285103619098663
20.821237683296204
22.038810908794403
22.101239681243896
22.652541041374207
23.836516678333282
23.616571485996246
23.240173876285553
24.717649102211
25.726833820343018
25.142695426940918
25.540153563022614
24.37377440929413
25.003871738910675
25.568480908870697
25.623454093933105
23.75578910112381
25.326858639717102
26.562199354171753
26.39509505033493
26.711823225021362
26.10705280303955
25.754603028297424
26.39857393503189
25.835374414920807
26.0405815243721
26.714844524860382
26.22386544942856
25.83937644958496
26.265870928764343
26.37799972295761
25.92223197221756
26.185232281684875
25.617761492729187
24.957328855991364
25.72509229183197
25.988070964813232
26.293351650238037
26.379588067531586
25.63287365436554
25.9063521027565
25.83889752626419
26.78392791748047
25.759793877601624
26.034046351909637
24.662574112415314
25.928135097026825
25.69971388578415
25.512276530265808
26.43318247795105
26.50398486852646
26.155582904815674
26.575428307056427
25.67900389432907
26.14033591747284
25.779662132263184
25.879238545894623
25.98052603006363
26.153723418712616
26.545299530029297
26.743330597877502
25.518402636051178
26.489794373512268
26.057888209819794
25.76882004737854
25.977178692817688
25.60068643093109
26.016504526138306
24.99767929315567
25.270377933979034
25.41300106048584
22.049220740795135
21.04171711206436
20.256106972694397
17.210698187351227
17.230656325817108
17.26185894012451
17.466094136238098
19.26453924179077
19.143584430217743
20.867641746997833
20.85291576385498
19.070636749267578
18.259469032287598
16.32750254869461
14.344234466552734
13.411810845136642
12.455973893404007
12.103021264076233
12.849495142698288
13.32971939444542
13.789348483085632
13.923973977565765
13.793722212314606
13.24599003791809
13.805292963981628
15.035805761814117
15.223489105701447
17.02183759212494
19.400060057640076
19.741186439990997
20.939789056777954
20.837726414203644
21.82470554113388
23.715498983860016
23.55341762304306
23.830172538757324
24.131985127925873
25.665361762046814
25.438659846782684
25.152455687522888
25.5518981218338
25.616138458251953
25.026361107826233
24.80386972427368
25.160625398159027
25.6132133603096
25.13183945417404
25.560467839241028
25.545221090316772
25.449747323989868
25.496866524219513
27.28134709596634
25.973190784454346
24.761174857616425
24.435261011123657
25.306595265865326
25.76014107465744
24.58862006664276
24.142376244068146
23.949849605560303
24.21094387769699
22.973244428634644
21.261796414852142
19.673587322235107
18.635082066059113
16.601312220096588
14.876274585723877
14.538001239299774
14.67027598619461
14.262837648391724
14.471734583377838
13.569716930389404
15.341726541519165
16.23476666212082
19.546678125858307
22.849631011486053
22.658785939216614
24.381011068820953
24.58507227897644
24.790251076221466
24.917551517486572
25.835329592227936
24.9899879693985
24.235792338848114
25.566414952278137
25.748163282871246
25.20492124557495
25.536409735679626
24.838309347629547
25.440271615982056
25.301588594913483
26.407696306705475
25.433114111423492
24.60593992471695
25.719592809677124
25.58736079931259
25.480490148067474
25.922474682331085
26.185770273208618
25.70532602071762
25.249204993247986
25.20948702096939
25.950847268104553
24.657213509082794
24.99414449930191
24.62031775712967
25.52260285615921
25.380542874336243
26.093502163887024
25.56220281124115
25.21326059103012
25.949313402175903
25.056325912475586
25.28748744726181
25.2192485332489
25.178102910518646
24.531833112239838
25.010256350040436
25.6446071267128
25.26163160800934
26.23300701379776
25.225248157978058
25.520046830177307
25.40065085887909
25.991209745407104
24.608033657073975
25.000284433364868
25.07467746734619
23.81539100408554
23.38176542520523
22.353068709373474
20.60145741701126
19.091912031173706
17.5276340842247
14.98899620771408
13.210590183734894
12.115723073482513
14.034557819366455
13.379706084728241
13.785603731870651
14.356893002986908
14.758183598518372
14.935355305671692
15.290301859378815
16.02098512649536
15.075141191482544
13.635334849357605
13.325262635946274
12.645205438137054
11.685604125261307
11.207323908805847
10.966993629932404
10.501347154378891
10.576073855161667
9.994033515453339
11.122396051883698
10.679151982069016
10.994449615478516
11.454234540462494
10.985591441392899
10.55986076593399
12.348103046417236
11.949290722608566
11.938222914934158
12.04037606716156
12.27189815044403
13.101886481046677
13.34518650174141
11.732420325279236
12.065560162067413
11.170332163572311
10.221779108047485
11.162693560123444
10.790101796388626
10.049473881721497
10.342001110315323
11.054005026817322
10.205962181091309
11.006105929613113
10.198260635137558
10.367207318544388
9.835760682821274
12.958858758211136
17.378094494342804
19.607448637485504
22.373935759067535
22.502696990966797
23.53270387649536
24.589621663093567
24.770423769950867
25.71731126308441
25.797772765159607
25.421368837356567
25.684203803539276
25.795151591300964
25.279158055782318
25.650180220603943
25.082412123680115
25.308319807052612
25.276153564453125
25.92837828397751
26.29264634847641
25.88363766670227
25.194042026996613
24.417922914028168
25.516553342342377
25.94409817457199
24.56472373008728
25.840488135814667
25.546667218208313
26.25730925798416
26.039749205112457
25.83080291748047
25.177013099193573
25.468489110469818
25.07940137386322
24.46698522567749
25.44047451019287
25.2939093708992
26.639046788215637
24.905890226364136
26.333864748477936
25.753241896629333
25.032099306583405
25.92715948820114
24.255780935287476
25.534524619579315
25.18616282939911
25.469392895698547
25.28288096189499
25.303965032100677
23.163412034511566
22.803547084331512
21.58855539560318
17.04222482442856
16.20958924293518
18.83044332265854
21.597490906715393
22.399339735507965
24.609221696853638
24.021990418434143
25.75499653816223
26.658072590827942
25.679454505443573
25.060549795627594
25.730630576610565
26.49019283056259
26.26291537284851
25.08912056684494
25.73671329021454
25.60863447189331
26.399856388568878
25.37905204296112
25.96839678287506
25.410536289215088
26.302578270435333
25.42044597864151
26.26142007112503
23.98204469680786
25.310573279857635
25.35994517803192
25.438324451446533
25.703342735767365
25.018322944641113
26.097008407115936
25.241569757461548
25.306681096553802
26.00976276397705
25.744360089302063
26.11687660217285
25.54078620672226
25.611246943473816
26.395543336868286
26.585234880447388
25.97878134250641
25.322680592536926
25.89848679304123
26.865926206111908
26.330674648284912
26.013680517673492
25.714000463485718
26.258258998394012
25.987749874591827
26.22665810585022
25.71118062734604
26.050147771835327
26.080706179142
27.048701405525208
26.16345775127411
26.094877302646637
25.88466513156891
25.198829174041748
25.944602489471436
26.373489022254944
25.579654216766357
25.778728008270264
26.417638540267944
26.6237855553627
26.878391921520233
24.99840259552002
26.092317402362823
25.469598352909088
26.23566299676895
24.251445412635803
23.565631091594696
20.844329297542572
19.01834863424301
16.915490210056305
19.337861001491547
21.10278457403183
24.13673311471939
24.586308777332306
26.02597266435623
25.57087278366089
25.33160710334778
26.454821050167084
26.011701226234436
25.46654188632965
24.790554642677307
26.06049257516861
25.758527040481567
25.13001936674118
25.683399558067322
24.817888736724854
23.99300843477249
23.1352858543396
22.818101346492767
21.810023367404938
19.899647414684296
19.316129744052887
15.337095499038696
14.287962913513184
12.827035456895828
13.08673420548439
13.955798149108887
16.33293229341507
17.028506696224213
14.705246388912201
13.443046987056732
12.66921642422676
11.395965188741684
10.406376510858536
10.034638732671738
10.733305007219315
10.41946205496788
10.402074933052063
10.869698762893677
10.871420562267303
10.986400246620178
10.528262168169022
10.981944024562836
10.271040439605713
11.139307677745819
10.499786883592606
10.04655784368515
9.600707471370697
10.25668603181839
10.572949886322021
11.17016887664795
10.375633329153061
10.962108731269836
9.822579354047775
9.793290197849274
8.729278355836868
8.983145773410797
8.36318451166153
8.618077367544174
9.509555399417877
11.154525369405746
13.219525963068008
16.01358538866043
17.181812524795532
18.461868286132812
20.61496937274933
21.895193934440613
23.022043228149414
23.7111057639122
24.170894503593445
23.973071217536926
25.155366837978363
25.386878550052643
25.273752212524414
25.439966082572937
25.40397936105728
25.946525931358337
25.154694199562073
24.878002166748047
25.18052250146866
25.577602565288544
25.76400375366211
25.758643090724945
24.642401039600372
25.56278622150421
25.304963290691376
25.912780463695526
25.377071499824524
25.585446417331696
25.485812842845917
25.475967526435852
25.617837250232697
25.38119876384735
25.22326022386551
26.020818412303925
25.543044567108154
25.1400728225708
25.40748292207718
26.060302019119263
25.85537415742874
25.767267763614655
25.27793514728546
24.634514272212982
25.129351258277893
24.60310059785843
26.468770623207092
24.44797056913376
25.48577231168747
25.435401439666748
25.68643021583557
24.6074196100235
25.81347668170929
25.082127153873444
25.174121022224426
26.129288017749786
25.792988181114197
26.35706502199173
25.430946171283722
25.128686666488647
26.00681632757187
25.248244762420654
25.272642135620117
25.64406704902649
26.061845541000366
24.991504848003387
25.329097628593445
26.358096480369568
24.909421980381012
26.043760061264038
25.343588709831238
25.746173679828644
26.11929279565811
25.54322922229767
25.29987871646881
25.102525889873505
25.65252310037613
25.084624350070953
26.205152094364166
25.323479652404785
25.210803866386414
24.810494482517242
25.29282945394516
25.72064608335495
26.257009744644165
25.536759436130524
25.790844976902008
24.48911303281784
24.87994021177292
25.2251695394516
24.583257853984833
25.695106089115143
25.153630435466766
25.20425319671631
25.050704658031464
26.010149538517
25.434694588184357
25.452235758304596
24.84046971797943
24.867928445339203
26.055083096027374
25.600737512111664
24.93192195892334
25.66650515794754
25.580601274967194
26.45685738325119
25.939225733280182
25.680148661136627
25.55298924446106
24.49532115459442
25.08981740474701
25.64033478498459
24.509588420391083
26.047205448150635
25.477699160575867
25.76155310869217
26.46459400653839
25.646648168563843
24.758809506893158
25.795625925064087
25.25461918115616
26.346527695655823
25.17057293653488
25.342767357826233
25.297656416893005
25.263020515441895
26.06913423538208
25.83678275346756
26.23393678665161
24.66073751449585
23.36073523759842
22.74057048559189
21.52631765604019
17.757029116153717
16.867395997047424
18.785998284816742
21.846664607524872
24.142920553684235
24.8674139380455
25.319497168064117
24.046712934970856
24.70124262571335
26.028842985630035
26.33080744743347
25.32462912797928
26.162113189697266
26.19241213798523
26.239046156406403
24.96731388568878
25.98832732439041
25.686262011528015
25.55788403749466
24.93221390247345
26.502679228782654
25.968496322631836
26.55938619375229
26.089525818824768
26.101865649223328
25.652905464172363
25.856161296367645
26.347181379795074
26.18142181634903
25.94238567352295
26.053517878055573
26.1286803483963
25.09420669078827
25.83739995956421
26.178992092609406
25.85530960559845
25.314043283462524
26.850453436374664
26.49058496952057
26.124579548835754
26.01467740535736
25.33448189496994
26.150056183338165
25.75062268972397
26.437101244926453
26.784317910671234
26.036088407039642
25.658157467842102
26.07377678155899
25.739992678165436
26.117658019065857
24.69295907020569
25.96491551399231
25.368806958198547
26.6169735789299
25.918120861053467
26.44429439306259
25.904334366321564
25.914481222629547
25.843372344970703
26.235827684402466
26.10776162147522
26.230181574821472
25.654620826244354
25.11386388540268
25.456993997097015
26.64099222421646
26.64761596918106
25.5781427025795
26.07901167869568
26.286095023155212
26.132639467716217
25.624539077281952
25.44841331243515
26.615476667881012
26.248750686645508
25.462361931800842
26.528533220291138
25.403669893741608
25.998991191387177
26.13834798336029
25.742073476314545
25.995404481887817
25.139781951904297
26.02699112892151
26.32578480243683
25.998529314994812
25.648248732089996
26.937984704971313
25.299804627895355
26.203367710113525
25.48233449459076
26.16765284538269
25.984647631645203
25.94417452812195
26.067975640296936
26.10653817653656
25.968955636024475
26.182727217674255
25.795776307582855
26.441484570503235
26.3800430893898
25.914331674575806
26.239046335220337
26.04842245578766
25.731325209140778
25.185071170330048
25.77140760421753
26.420540869235992
25.673557817935944
26.473147213459015
25.57210224866867
27.075534284114838
25.524216055870056
26.94893044233322
25.248861253261566
25.4436354637146
25.76731437444687
26.81324005126953
26.62807983160019
25.817724764347076
26.80981159210205
25.81481897830963
26.774201691150665
25.03480476140976
25.626221299171448
26.1078542470932
26.610190272331238
26.229192852973938
25.376514554023743
25.98188292980194
26.9537495970726
25.15013611316681
26.14937025308609
26.41373246908188
26.136290431022644
26.768119513988495
25.693942189216614
26.009028434753418
26.32988852262497
26.053931057453156
26.228568136692047
26.312226057052612
25.868597388267517
26.15375143289566
26.10552877187729
25.541346848011017
25.653632283210754
25.90925431251526
26.36933958530426
26.377716422080994
25.75633007287979
26.605902075767517
25.282727539539337
25.495651066303253
26.426859319210052
24.868831157684326
24.121469855308533
21.49961107969284
19.96306276321411
18.507247030735016
16.915529012680054
17.22610056400299
17.912774860858917
19.294480860233307
18.854099214076996
17.218206584453583
17.010853230953217
15.48232752084732
15.913617968559265
14.91656768321991
14.014286756515503
14.201885282993317
14.539259791374207
14.596649885177612
14.28106278181076
15.301058173179626
16.185548424720764
15.578352451324463
16.90142250061035
15.848399341106415
14.821762084960938
14.448778361082077
13.461745619773865
13.249588340520859
16.49627822637558
19.06487601995468
21.94333589076996
23.694311022758484
22.0285781621933
21.35000592470169
18.908246517181396
15.91138106584549
14.688947260379791
12.541948109865189
12.090889602899551
11.20599627494812
11.868172466754913
12.250965863466263
13.957524806261063
15.22061550617218
14.27903425693512
12.72007542848587
12.378856241703033
11.090898871421814
10.918235152959824
8.939563006162643
9.748534888029099
7.803852051496506
9.246571987867355
9.461732983589172
10.916476607322693
13.809945225715637
13.96285331249237
15.910335123538971
18.652809619903564
17.755898594856262
19.23294621706009
20.960489988327026
21.9727646112442
22.31669157743454
23.19429039955139
22.57826167345047
24.880309283733368
25.285590291023254
24.627101123332977
25.645564138889313
25.46402484178543
25.616023778915405
25.523932099342346
25.61213320493698
25.234171509742737
25.42673033475876
25.615271747112274
24.257709503173828
23.06124073266983
23.12672710418701
21.881242632865906
19.50057166814804
19.935490548610687
18.461259484291077
16.031202912330627
14.304094642400742
12.483742862939835
10.69960504770279
8.955071032047272
7.9237068593502045
9.233833640813828
9.649587094783783
8.873303413391113
9.972290426492691
10.019743412733078
10.055828005075455
12.135265827178955
12.030865162611008
12.621619194746017
13.428282469511032
14.954149663448334
16.527617275714874
16.522277116775513
17.623540997505188
18.012401282787323
19.360481023788452
19.311537325382233
20.597145557403564
21.510784208774567
20.85334151983261
23.29952245950699
22.932095885276794
23.35848093032837
24.193835079669952
23.925314486026764
23.202781200408936
24.74060755968094
24.54169923067093
23.88152301311493
25.291196823120117
24.27520513534546
24.516007125377655
25.356134474277496
25.73366266489029
25.716550648212433
25.707009196281433
24.35404407978058
26.086223900318146
25.435525834560394
25.41414111852646
24.939975678920746
25.636112570762634
26.247448921203613
27.230651319026947
24.827937483787537
25.893480241298676
25.526446223258972
25.831171214580536
26.292340636253357
25.126028656959534
25.422321617603302
26.512193500995636
25.703740179538727
26.113816678524017
26.00098615884781
24.33056640625
25.516341984272003
24.74523901939392
25.995016932487488
24.966942071914673
25.44262433052063
26.1654634475708
26.031990826129913
24.857058703899384
25.6944300532341
25.53828513622284
26.20840871334076
26.181882619857788
25.23135870695114
25.49279487133026
25.002814948558807
26.334644377231598
25.611016392707825
25.363919258117676
25.661130845546722
25.22054898738861
24.992564499378204
23.738886773586273
25.026238679885864
24.55768209695816
23.49100375175476
21.56779134273529
20.71885585784912
18.842589795589447
16.789301991462708
14.555086016654968
12.043461561203003
10.566498667001724
10.102315098047256
10.455989986658096
12.19358342885971
13.593737930059433
15.113910615444183
16.663155674934387
17.080588698387146
18.471839785575867
19.964013516902924
20.19187021255493
21.337672352790833
22.849851369857788
22.051494657993317
22.30216956138611
23.635330736637115
23.43501251935959
23.330757796764374
24.155375599861145
24.142312049865723
24.8648202419281
23.93915194272995
25.369575023651123
25.147389888763428
25.92319220304489
24.98966932296753
25.191028714179993
26.582546889781952
25.16033661365509
25.825192630290985
26.60694134235382
25.250698566436768
25.45049297809601
25.947234869003296
25.940307676792145
25.116647601127625
26.179164111614227
26.18651455640793
25.83014279603958
25.89291477203369
27.01102113723755
26.57907372713089
26.489398777484894
24.704343676567078
25.027221858501434
23.646189749240875
23.793171644210815
22.31824803352356
20.07777178287506
16.435036063194275
15.15451031923294
11.384739637374878
10.238317877054214
9.886463433504105
11.072026520967484
11.454845041036606
12.562396466732025
12.87437579035759
14.48318699002266
11.262226819992065
12.623823463916779
10.8209890127182
11.11146342754364
11.054111540317535
9.847201406955719
9.418340921401978
9.993132442235947
9.231795698404312
8.018587201833725
9.028277933597565
8.384858936071396
8.316502660512924
9.042013555765152
9.257294446229935
11.023644536733627
12.30037647485733
14.664985001087189
16.23157125711441
17.656078279018402
19.510170817375183
19.977201104164124
21.600221812725067
21.64107757806778
23.095106303691864
23.630870640277863
24.34438908100128
24.799870669841766
25.238240897655487
25.105326235294342
25.46351844072342
26.627830624580383
25.091030478477478
25.551244378089905
26.852078199386597
26.200747549533844
27.1444274187088
25.624947011470795
25.577950179576874
25.94730234146118
27.074439108371735
26.878551065921783
26.462738931179047
24.41641092300415
25.290194988250732
23.573452472686768
23.626039028167725
22.44174814224243
19.222396433353424
17.335412621498108
13.573055267333984
11.414363503456116
12.104463279247284
12.726775527000427
14.547922402620316
14.766192495822906
15.819802701473236
15.78186547756195
16.566181242465973
16.297913074493408
15.526549994945526
16.28921890258789
16.094326436519623
16.054894745349884
16.715520560741425
17.177928864955902
15.81928300857544
15.896164894104004
15.892585039138794
15.780159831047058
14.790668666362762
13.765760868787766
13.737697690725327
13.169000267982483
13.382501512765884
12.129422336816788
12.679646998643875
11.48389482498169
12.103085994720459
12.803166508674622
12.443031013011932
12.18003824353218
11.326747298240662
12.077694594860077
12.39313194155693
11.332622110843658
12.235433578491211
12.511187255382538
12.720275789499283
14.650806486606598
15.317118644714355
16.567809104919434
17.732080817222595
18.30488234758377
20.311235904693604
20.332880675792694
23.489105939865112
22.981493949890137
22.809839963912964
23.82172393798828
23.612296402454376
24.769205808639526
25.26917666196823
25.140044331550598
25.26608783006668
24.98501753807068
25.233089327812195
25.024690091609955
25.260525166988373
25.440557956695557
24.552538335323334
24.44730770587921
22.634922981262207
21.7370707988739
19.921679973602295
16.761343240737915
15.139484882354736
11.73619219660759
10.656968176364899
9.537808805704117
11.036271303892136
11.32320174574852
12.41226914525032
13.137342065572739
14.335391789674759
15.537500321865082
15.896420240402222
16.52883291244507
17.53012591600418
17.13613897562027
17.264205515384674
18.71930330991745
19.831844806671143
19.79054844379425
20.46037405729294
20.91945105791092
20.99494630098343
21.607850968837738
20.26659196615219
18.03650689125061
17.353544652462006
17.053491234779358
15.786089837551117
13.8145210146904
13.433997571468353
12.974268138408661
11.077615171670914
12.536733537912369
10.787425309419632
11.722532778978348
11.910925775766373
11.878652572631836
11.42388567328453
10.222323596477509
10.739149630069733
10.428975611925125
10.005691111087799
10.260690957307816
10.108380764722824
10.628741949796677
10.027659058570862
10.825319737195969
10.366946756839752
9.794742405414581
9.850274682044983
9.748344242572784
9.06759324669838
9.779565691947937
10.025308310985565
8.900754511356354
8.442915916442871
10.033834248781204
8.462116420269012
7.741323530673981
8.00088980793953
7.447535485029221
7.452005088329315
8.498622298240662
8.008184164762497
8.660642266273499
8.944219946861267
10.212948322296143
10.84261667728424
12.163336098194122
13.519589751958847
13.755246251821518
14.729861080646515
12.713207840919495
10.759832292795181
9.457486182451248
8.440441459417343
7.565771907567978
6.376453846693039
5.814547091722488
5.71986348927021
6.2453333735466
6.407921865582466
6.998490631580353
6.5322487354278564
6.578416898846626
6.975751310586929
7.441752910614014
6.184292703866959
7.555648654699326
7.002800688147545
6.7909852266311646
6.3655944019556046
6.688794210553169
6.254901900887489
6.431183770298958
6.431736305356026
5.424713283777237
6.608828201889992
6.559114888310432
6.4601820558309555
7.005863890051842
7.263807326555252
7.5111366510391235
8.998256802558899
9.070007860660553
9.076071828603745
10.130545258522034
10.569904416799545
12.843898862600327
12.910783261060715
13.408182293176651
14.94136905670166
16.73841232061386
16.992046117782593
17.3431676030159
18.440103709697723
18.82477205991745
19.183721780776978
20.8902308344841
20.809824526309967
22.066857397556305
21.888129889965057
22.775927007198334
22.89305055141449
22.458261251449585
23.60532808303833
25.001903653144836
23.8682142496109
24.450911581516266
25.143706023693085
23.90038937330246
25.623223066329956
25.067942023277283
24.845876812934875
24.42212599515915
25.83734530210495
25.92522495985031
26.071836590766907
25.449302077293396
25.27787607908249
26.12882572412491
25.391637802124023
26.016792058944702
24.837802588939667
25.631500959396362
25.311305701732635
26.01156598329544
24.863166868686676
25.626447021961212
25.55313265323639
25.299493074417114
25.546489715576172
24.83838552236557
26.11842304468155
26.159193456172943
25.599660992622375
26.394449770450592
25.900352656841278
25.57122051715851
26.414031863212585
25.346125841140747
25.510614216327667
26.249818444252014
25.95684015750885
25.916126787662506
26.225385189056396
25.960341215133667
25.435777366161346
25.85066568851471
24.8102685213089
26.578439354896545
26.54795604944229
25.93049466609955
26.028977513313293
26.581513941287994
25.537216424942017
26.43699014186859
26.751217544078827
25.988836467266083
25.643624901771545
25.965282320976257
26.517453730106354
25.986866116523743
25.385947942733765
24.48775553703308
24.17544060945511
21.239712119102478
19.342170536518097
17.086379945278168
17.689930617809296
19.104999005794525
19.962781071662903
22.272422194480896
23.785357415676117
25.012067437171936
26.479069888591766
25.802785992622375
25.949476540088654
26.449229061603546
25.59761768579483
26.98727536201477
25.74804186820984
26.954150676727295
26.0472611784935
24.60861909389496
23.67871642112732
22.607969522476196
21.85724413394928
19.337356388568878
15.745092689990997
14.797839224338531
14.086533278226852
14.232162743806839
16.676909506320953
16.96474575996399
17.946981966495514
19.810068249702454
19.073698937892914
20.499948918819427
20.942944407463074
22.65639078617096
23.543491065502167
23.35881781578064
21.97120863199234
24.121395111083984
23.012040555477142
24.71918296813965
24.808653831481934
23.11262685060501
25.142111241817474
25.09629476070404
25.00905740261078
25.434414446353912
