3.0748871117830276
3.2446725219488144
3.0605345591902733
3.0304188430309296
3.070501960813999
2.165352411568165
2.617096960544586
2.410941570997238
1.6773345284163952
2.4824443757534027
2.7469382882118225
3.5334333032369614
3.5085758715867996
3.522802412509918
2.127655901014805
2.6202016100287437
2.92046932131052
3.0557864159345627
4.472753331065178
3.437661536037922
3.8732277750968933
2.91046379506588
2.373196393251419
3.0998412892222404
3.352079503238201
2.9677778109908104
4.5149310529232025
5.450696036219597
7.096675023436546
5.339795082807541
5.007125034928322
3.85141858458519
4.249142572283745
6.922721847891808
8.971655666828156
13.057587295770645
17.387524783611298
13.467655628919601
11.316635340452194
8.891876935958862
7.608836323022842
5.984171986579895
5.996245384216309
5.029585674405098
4.5476991683244705
3.672628343105316
3.3958053663372993
3.2729050368070602
2.7529691010713577
3.3232152983546257
2.879631131887436
2.7102866545319557
2.113301642239094
1.5422217920422554
2.636070467531681
3.679425373673439
5.119591668248177
7.888901501893997
6.57724142074585
4.70537206530571
3.396951787173748
4.172373384237289
3.539749152958393
4.769852891564369
5.946596279740334
4.604427263140678
4.869103357195854
4.1112323850393295
4.015985354781151
3.8441689908504486
2.903046727180481
3.489961862564087
3.7860629931092262
6.317411035299301
9.282014846801758
10.304548412561417
14.860250324010849
11.951741456985474
8.97059515118599
7.125736057758331
6.459902495145798
4.724977061152458
4.878902077674866
4.078703850507736
3.543309211730957
2.362041585147381
3.128580115735531
2.0430005602538586
1.7905111275613308
2.30929272249341
2.3471816703677177
2.396158292889595
1.4764241762459278
2.334372505545616
2.0162245109677315
1.864237580448389
2.0036404691636562
1.6156020537018776
1.8903784677386284
1.553916022181511
1.909257683902979
1.5017711371183395
2.340167798101902
4.0972335785627365
3.1958733052015305
3.524441458284855
3.5172315388917923
2.756703570485115
1.9692895710468292
2.027408577501774
3.088074490427971
5.927996054291725
4.435099318623543
3.873590052127838
4.249240189790726
3.92810869961977
3.140756331384182
2.8562991619110107
2.1285851895809174
2.739997237920761
3.328633189201355
4.602776691317558
2.8792839348316193
3.69790730625391
3.2291188165545464
3.1923990696668625
2.9714281111955643
2.3524850383400917
2.6691216081380844
2.3094633370637894
2.7614257261157036
2.4801280423998833
3.364413596689701
4.127261370420456
5.094556584954262
2.955858029425144
3.012465961277485
3.3532231971621513
5.6075876504182816
8.839512825012207
10.750309854745865
15.510652303695679
18.262173533439636
20.713085651397705
22.379748165607452
23.484406888484955
25.123844385147095
25.2678285241127
23.07510334253311
23.571484446525574
21.0356747508049
19.045177817344666
14.845125198364258
10.944398134946823
6.947795674204826
5.792479857802391
5.182281166315079
4.717506796121597
4.882356256246567
4.740872010588646
3.6277786567807198
4.26449978351593
3.9863336384296417
3.614790290594101
3.1973288357257843
2.8524891138076782
3.9275998771190643
5.1844321340322495
4.644121155142784
4.240532919764519
3.302643693983555
3.0395621359348297
3.1971888691186905
2.7534916922450066
2.725436933338642
3.086414061486721
3.1762893944978714
2.6806320026516914
2.780903033912182
2.364735521376133
1.7636467516422272
2.3079085424542427
2.0088548250496387
1.6435867212712765
2.0305671095848083
1.9205710515379906
3.232601672410965
4.705309644341469
5.029017508029938
3.450016550719738
3.555350199341774
3.114422984421253
2.262949325144291
2.8383744284510612
2.5187852680683136
1.4859141483902931
1.709626704454422
3.3221433982253075
1.707772433757782
2.347488597035408
1.6168626695871353
1.5609188042581081
2.0925556868314743
1.7703456953167915
1.9663804769515991
1.9791077226400375
1.5787021964788437
1.7925857603549957
1.4354856386780739
2.2213619127869606
1.8803000301122665
1.4727648459374905
0.9842296969145536
1.6063125506043434
1.4560787826776505
1.2891945652663708
1.88589496165514
1.8709414675831795
4.3497535437345505
3.6232488453388214
3.3239118084311485
2.554107688367367
2.886910542845726
1.8971187211573124
2.4888049885630608
2.1253585144877434
1.7494525574147701
2.5720372274518013
2.07952269166708
3.0504263415932655
2.467364117503166
2.9288931787014008
2.4172040075063705
3.2902218848466873
2.4766386076807976
2.3923538476228714
2.489051215350628
2.7207052037119865
3.4866843223571777
5.613351121544838
4.3811148554086685
4.1052801460027695
3.825905367732048
3.688791260123253
2.482563190162182
2.6832048147916794
2.5813990011811256
2.3443448692560196
2.5830616503953934
2.4588963761925697
3.279056280851364
4.571096062660217
4.085634723305702
3.224691465497017
3.961696907877922
3.0741655752062798
3.5183451026678085
2.9601525738835335
3.103537380695343
2.287265829741955
2.4444356560707092
2.70731757581234
3.5740315318107605
5.997329145669937
6.8874512910842896
6.052453920245171
5.812135383486748
4.1313157081604
4.00426359474659
2.8629861250519753
3.172111362218857
3.4215227589011192
3.5622328370809555
3.2395238131284714
2.593040853738785
2.7961936965584755
2.1637618765234947
2.3611082807183266
2.384127877652645
2.948095992207527
2.73752873390913
2.7135679721832275
2.643530458211899
3.03632103651762
2.528709851205349
2.7083441838622093
2.7357083931565285
3.9710228964686394
5.587989017367363
7.446558475494385
9.935952752828598
13.710073351860046
14.805908054113388
12.649986952543259
10.349572241306305
7.530200153589249
6.279204502701759
4.930555909872055
4.758030876517296
3.8267204463481903
3.494205169379711
2.5261952206492424
2.7668375968933105
2.690721608698368
2.8345854952931404
2.373717151582241
2.4487535655498505
2.006122838705778
3.61032747477293
6.582247734069824
9.744286924600601
13.490399807691574
16.982507348060608
18.474055588245392
21.766718447208405
19.4576975107193
16.57421886920929
13.336905181407928
10.321535885334015
6.4322671592235565
6.656248331069946
9.075040310621262
11.289445102214813
13.90139389038086
12.79282721877098
9.60228607058525
7.237818241119385
5.9477215856313705
4.542061969637871
3.582783490419388
3.7051753997802734
2.939673125743866
3.0067840442061424
3.338301755487919
2.630622185766697
2.924494907259941
2.2553289607167244
2.231614202260971
2.0224026143550873
2.697617322206497
2.462836131453514
1.47391302511096
1.9516841024160385
1.5381936021149158
1.6881304755806923
1.7436004728078842
1.8881109431385994
2.7465257346630096
3.7804021537303925
4.847395360469818
5.372020438313484
7.360856413841248
9.796059012413025
10.596297234296799
12.212719947099686
14.304758816957474
16.642600536346436
13.796276450157166
10.84224385023117
8.27998423576355
6.152285233139992
4.875896334648132
3.908430114388466
4.00952222943306
3.4853356033563614
3.65465547144413
1.9694610610604286
2.6966455802321434
3.4233983606100082
3.211564287543297
5.695746913552284
6.829229786992073
8.419770866632462
9.892090082168579
12.241812229156494
14.680295407772064
15.833040475845337
13.698706030845642
10.611482053995132
7.938511699438095
6.634534329175949
5.75197796523571
4.6316680163145065
4.281489327549934
4.305410265922546
4.114205032587051
3.2867667376995087
2.4748686105012894
3.0471468791365623
3.0341853573918343
3.3616690635681152
2.341630771756172
2.7701513469219208
2.4665819481015205
2.3925457522273064
2.2035538628697395
1.9768764190375805
2.131261058151722
1.872444525361061
1.7189614064991474
1.8045384660363197
1.5739505402743816
2.071056216955185
2.6144960522651672
4.465144068002701
2.772189572453499
2.74540077149868
3.2042687088251114
3.9525836408138275
4.059211611747742
2.8360805213451385
3.1681898161768913
2.7841538786888123
2.9232396259903908
1.9202325120568275
2.704466536641121
1.2977677285671234
1.7770139127969742
1.517546709626913
2.4213992431759834
1.911760963499546
1.7057854011654854
2.4209441170096397
1.41915874928236
1.9223903864622116
3.423052631318569
2.8563063517212868
2.539721794426441
2.638316012918949
2.4128523841500282
1.6221314296126366
1.6637579202651978
2.4464526176452637
2.6477451398968697
2.473540350794792
3.926994666457176
4.986768394708633
6.1857264041900635
8.041429877281189
8.841301053762436
10.88611626625061
12.860584825277328
13.379394590854645
15.690863728523254
13.104720026254654
11.183696120977402
8.220394611358643
5.665049523115158
6.589335024356842
9.468415707349777
13.236910670995712
16.45498013496399
13.563839375972748
10.417345851659775
8.497112035751343
7.7821217477321625
6.83554120361805
5.674140989780426
3.832505688071251
3.7464064806699753
3.824481025338173
2.6466618478298187
2.686264008283615
2.0601336881518364
2.2858507335186005
2.4862060099840164
2.4744596034288406
2.0939647182822227
2.272084929049015
1.7394381798803806
1.5627336092293262
1.8363260477781296
1.3257389590144157
1.9348366521298885
1.0891565270721912
2.086181603372097
1.1974782682955265
1.842693965882063
1.7382747568190098
2.1896135732531548
3.4641749262809753
6.807674616575241
8.415823370218277
10.74131029844284
12.957966834306717
11.09569850564003
11.037580758333206
7.9876687824726105
6.716820731759071
5.411821022629738
5.067322313785553
3.9547868818044662
3.912413254380226
4.115349367260933
3.1631779447197914
3.0600567162036896
2.743762105703354
3.781870797276497
1.7122462280094624
3.625614531338215
4.981653183698654
4.313190251588821
4.2215136885643005
3.5145668908953667
2.40463075786829
2.929604209959507
2.01508267223835
2.5697601437568665
2.618573747575283
3.2710286155343056
3.5204639956355095
4.900590419769287
4.668595835566521
3.900058686733246
2.619578905403614
2.7636943385004997
2.3421619907021523
1.8972604423761368
2.54561685025692
1.4286984913051128
2.510978728532791
3.482106789946556
4.93018838763237
7.906666249036789
9.828248798847198
9.238727390766144
7.608596652746201
6.654617637395859
4.750843375921249
3.8881926238536835
4.57709364593029
4.077079594135284
3.5184280201792717
3.0480004251003265
3.128725826740265
2.752541668713093
2.9364778324961662
3.3256637305021286
2.7197883054614067
2.313779629766941
2.786730259656906
3.5472941398620605
2.65778761357069
2.703436829149723
3.078075185418129
2.2435383573174477
2.3574188873171806
2.2344479113817215
3.188336208462715
2.2354520112276077
1.743225336074829
1.9325548335909843
2.8505885750055313
2.7329928055405617
5.136997833848
6.291842341423035
6.032327309250832
5.386607855558395
4.132458001375198
4.144905850291252
2.76239363104105
3.0953253507614136
2.745277777314186
2.941701427102089
2.1855351999402046
3.4733258187770844
3.6248325258493423
3.5181983187794685
2.6897959113121033
3.3171307295560837
2.304329000413418
2.3197023272514343
2.32809267193079
2.1115387231111526
2.88276819139719
1.6428379006683826
1.8725690841674805
1.6625261381268501
1.6500741690397263
1.822526790201664
1.6122666001319885
2.2758911848068237
1.174754686653614
1.7055405415594578
3.1151816323399544
5.2231713980436325
8.362176805734634
10.946563214063644
14.276428312063217
12.777219951152802
9.506690055131912
8.438188016414642
6.865929305553436
5.820060074329376
4.939958319067955
4.245844706892967
3.698775604367256
2.698502629995346
2.929068259894848
2.234425440430641
2.6323873922228813
3.091266043484211
2.549725227057934
2.0024496763944626
2.8929860293865204
4.208465278148651
5.730734094977379
6.2390540689229965
9.158153355121613
9.725789099931717
12.847998827695847
14.29792395234108
15.541070103645325
12.923812836408615
11.245619863271713
7.565038800239563
5.903296157717705
4.970095753669739
5.369092226028442
7.277484655380249
9.408861309289932
11.25309631228447
8.610409170389175
7.289037138223648
6.352241903543472
6.019835829734802
4.8212244510650635
4.562311723828316
3.40289343893528
3.2646307945251465
3.2799423933029175
3.9496760815382004
3.440012291073799
3.515214517712593
3.0425538644194603
2.894433781504631
2.852773003280163
2.60659272223711
2.7609560787677765
3.043633423745632
3.120267651975155
4.066560477018356
5.198287025094032
5.703714370727539
6.906281754374504
5.865437865257263
5.649233192205429
4.870081350207329
4.8248216062784195
4.3983601331710815
4.216671317815781
4.17530469596386
3.325960233807564
3.5082345753908157
2.9471314772963524
3.5709176510572433
3.6246700659394264
4.8558014035224915
6.594989627599716
7.561480611562729
11.187273383140564
8.510122954845428
6.811201438307762
6.212162762880325
5.283622160553932
4.966573357582092
3.777474008500576
4.826227843761444
4.233950272202492
4.332921728491783
3.079507827758789
3.9120644629001617
3.020310826599598
3.4226246997714043
3.6912658363580704
3.116683840751648
2.7792513743042946
2.562967263162136
3.072901204228401
3.075736239552498
2.241253435611725
2.299607288092375
2.908427856862545
2.330982096493244
2.0552853532135487
1.8280330747365952
1.762073777616024
2.164777748286724
1.8469617180526257
1.495179619640112
1.760473046451807
1.7633289694786072
1.0115645863115788
1.611583475023508
1.4721190109848976
1.4333388730883598
1.5884282365441322
1.2428006455302238
1.5315511263906956
1.544111281633377
1.4826852045953274
1.3874104358255863
2.907383255660534
2.658535785973072
2.302313432097435
2.197801671922207
2.255475699901581
2.4260989129543304
2.295707121491432
3.2747922092676163
3.0244124829769135
4.61070704460144
6.220458060503006
8.152388751506805
8.757742673158646
7.662306517362595
6.124937534332275
5.705686181783676
4.603082031011581
3.877182587981224
3.6834540218114853
3.471838630735874
5.0198878943920135
2.706030458211899
3.143975906074047
3.527270145714283
3.1143077984452248
4.456706464290619
4.451724603772163
3.1562681272625923
2.806267872452736
3.4785427302122116
4.125645011663437
5.596989527344704
6.831753760576248
10.45573902130127
12.578973412513733
15.343650579452515
17.482535421848297
19.104097723960876
20.250645518302917
21.897658109664917
19.39419049024582
18.143077194690704
14.205044209957123
10.736821293830872
9.527645140886307
8.193191915750504
8.136670172214508
6.003862336277962
5.276775062084198
5.185374528169632
4.780383333563805
4.4734257608652115
3.506630226969719
3.8655737042427063
3.5523672476410866
2.9769973754882812
3.0696512684226036
3.2657788917422295
2.280975341796875
2.7461240589618683
2.5663878470659256
1.9803268238902092
2.7238298282027245
2.0123232677578926
2.2255274951457977
2.211339019238949
2.7409171760082245
2.0487824082374573
1.6827506870031357
2.283574439585209
1.9260360971093178
1.1707967147231102
2.43383452296257
2.1475342214107513
1.6972965151071548
1.773073248565197
1.591745737940073
1.447809237986803
1.2909928746521473
1.8739562630653381
1.7419393248856068
1.4284139350056648
1.5946801640093327
1.6260096281766891
1.8338497690856457
1.4315522611141205
2.8890418335795403
2.6769381687045097
4.969274014234543
5.9773087948560715
8.047663867473602
10.183338791131973
12.328949213027954
13.909138083457947
15.900698602199554
17.31806856393814
17.81048059463501
16.0515313744545
13.041269838809967
11.105858862400055
8.480418920516968
6.3910843431949615
5.445665419101715
7.443279951810837
5.185673028230667
5.954919993877411
5.051568895578384
4.792841553688049
4.935709685087204
5.074276551604271
5.436443611979485
4.441159278154373
3.9766630828380585
4.079103425145149
3.993237853050232
4.279513165354729
6.27043192088604
7.610512554645538
9.94965523481369
7.649223893880844
6.54012593626976
5.48130290210247
5.362621143460274
4.873027041554451
3.685356691479683
3.5596120357513428
3.1401897594332695
3.560379236936569
3.4486329331994057
4.885335847735405
5.826145425438881
7.934456288814545
9.61968782544136
11.144389539957047
8.520776003599167
8.268616169691086
7.407699853181839
5.780577838420868
4.220219299197197
4.581444025039673
3.4291061609983444
3.678714595735073
3.8831709027290344
3.8936570584774017
3.793514885008335
3.0916729643940926
3.6431004852056503
2.973499186336994
2.7597782239317894
3.424997068941593
2.336613766849041
2.109970472753048
2.397266700863838
2.7882174029946327
2.512402556836605
1.6466299183666706
2.569966159760952
1.5923671685159206
1.7026893459260464
2.0831172093749046
1.5990560241043568
1.20003093034029
1.707214079797268
1.6425734795629978
1.5470754690468311
1.7855878882110119
1.1604981496930122
2.3579640835523605
1.7405672520399094
2.667256861925125
1.5723227448761463
1.6920133903622627
2.6122367829084396
4.771400034427643
3.114015057682991
3.153828851878643
3.760811984539032
3.884175807237625
4.152614176273346
3.9151559323072433
3.849985659122467
3.022243916988373
3.278938554227352
4.951829180121422
7.355677574872971
5.266314551234245
5.5150067657232285
5.47079111635685
4.292029231786728
3.593884862959385
2.2111943513154984
3.0382698625326157
3.501021832227707
3.7206443399190903
5.854177072644234
8.51114222407341
10.139267653226852
13.716552436351776
11.129001677036285
9.490875601768494
8.11900770664215
6.7415556609630585
5.454571411013603
4.770510599017143
4.276744365692139
4.577713385224342
3.9368156045675278
3.2227422669529915
2.3833539932966232
2.931665763258934
2.434567853808403
2.3468146100640297
2.2028847485780716
1.9705524146556854
2.2894010096788406
1.802457146346569
1.8176056034862995
2.2301282808184624
1.7720398306846619
1.7572640776634216
1.5421839617192745
1.5471749268472195
1.6976452134549618
1.918673038482666
1.8903347924351692
2.047826334834099
1.9335396885871887
2.5449927374720573
4.248663276433945
6.186594679951668
7.452638685703278
5.630536884069443
5.744936257600784
4.785166084766388
4.328545838594437
3.332334890961647
2.1052992418408394
2.5858151987195015
3.022887945175171
3.83949638903141
2.833853952586651
3.633284956216812
3.7366545498371124
3.557738870382309
3.4265643283724785
4.10963536798954
4.497848734259605
6.841974675655365
7.410249829292297
6.385252997279167
4.993262350559235
5.500846788287163
4.262090116739273
3.2409186139702797
2.93438982963562
2.2176169082522392
1.3930443488061428
1.3791093789041042
1.5597873367369175
2.432526409626007
1.9325257018208504
1.4076660796999931
1.416154459118843
1.009909626096487
2.775730662047863
5.356392115354538
7.691761165857315
6.315317168831825
5.6029422134160995
4.678998485207558
3.8753478974103928
3.9713179171085358
3.5744011253118515
2.5291248485445976
2.6603469848632812
3.607115648686886
2.4487988725304604
2.428262159228325
2.6268733590841293
2.395845502614975
1.8523402512073517
3.0663087591528893
3.5559160485863686
5.6894276440143585
7.524502485990524
5.96780252456665
5.416402280330658
4.509848654270172
3.813135489821434
3.996231570839882
2.677752509713173
3.6089466884732246
2.8305740132927895
3.2771820947527885
2.3149900510907173
2.7530968114733696
2.1209308803081512
2.128147505223751
1.7391237281262875
2.2012201324105263
1.8303021863102913
1.6157021820545197
2.065230242908001
1.7594658359885216
1.6268340274691582
2.124095991253853
1.9310143142938614
2.044872298836708
1.452420748770237
2.0927181616425514
2.136750116944313
3.5473770648241043
1.9904629290103912
2.3665637150406837
1.7022324800491333
1.9934346973896027
3.4222809448838234
4.463025003671646
3.9922108501195908
4.2082516103982925
3.045977048575878
3.614814206957817
4.120470076799393
3.361347019672394
3.1146550476551056
2.5550070703029633
3.350188188254833
2.4189215302467346
2.471980519592762
3.1334748938679695
1.9518889635801315
1.8322905637323856
2.048553094267845
2.524745963513851
2.2575028985738754
2.4293345659971237
2.697476163506508
3.1543538868427277
4.953981876373291
6.6615907698869705
8.453183889389038
7.410975605249405
6.86351203918457
4.577805131673813
4.235546424984932
4.530950918793678
3.3584501668810844
3.853176787495613
3.0674857273697853
2.182749181985855
2.3705312460660934
2.2868240773677826
2.0649720430374146
2.0764171071350574
2.3210353702306747
1.8992931693792343
2.4920615404844284
2.673582635819912
4.946726366877556
3.4869810044765472
3.543123573064804
4.020555794239044
3.20719276368618
2.954975940287113
2.5179427787661552
2.5386784076690674
2.610135406255722
2.9151066318154335
4.011202856898308
4.936330556869507
6.971639454364777
6.6780577301979065
5.022098198533058
4.648754268884659
4.135881066322327
3.1192151308059692
2.782033734023571
3.6503412276506424
2.967068061232567
2.7485469803214073
2.7933612316846848
3.5499204099178314
2.353133961558342
2.625942662358284
2.532341741025448
2.381574347615242
2.8216779083013535
2.733456611633301
2.7421091496944427
2.0010454691946507
1.5834238231182098
1.9553849026560783
2.155798815190792
2.0898161605000496
2.182375654578209
2.6155663430690765
2.0687261149287224
2.074603982269764
1.8520676493644714
1.7639679573476315
1.7134024500846863
1.288174457848072
1.4116353169083595
1.4466884024441242
1.7857674099504948
2.268376477062702
1.6565624624490738
2.0393626615405083
1.721680324524641
3.4494705870747566
4.932214766740799
4.269819393754005
3.7832702696323395
4.287303864955902
3.8336601927876472
3.414880856871605
3.6438451632857323
3.8185620456933975
2.947446182370186
2.690081238746643
2.3530497327446938
1.626478124409914
2.639397971332073
1.7958211675286293
1.8924142867326736
2.0866641849279404
2.041250519454479
1.8585768826305866
1.7767996303737164
1.7413668893277645
1.3194841593503952
1.2733528651297092
1.2621137127280235
1.499449446797371
1.5761358514428139
2.5448537692427635
3.524574503302574
2.961757071316242
2.399381749331951
2.635196827352047
2.470187023282051
2.12822737544775
1.771849412471056
2.142461933195591
1.8343718312680721
1.6372449845075607
1.3972038850188255
1.603658638894558
1.4699889905750751
1.485202118754387
1.5786008536815643
1.7252666614949703
1.6270839422941208
1.606194656342268
1.5864872001111507
1.8302519619464874
1.4372591115534306
1.3511457480490208
2.4439571276307106
3.9635604918003082
3.1577471420168877
2.6610346734523773
2.7111654430627823
2.6900161057710648
2.3851012215018272
2.7845784053206444
2.0758301466703415
2.3512615486979485
2.287808336317539
2.099703013896942
2.29045058041811
2.631254196166992
2.64437997341156
2.2714994475245476
2.262789659202099
3.99816557765007
4.1365628987550735
5.8424010425806046
5.63293731212616
4.652683988213539
4.024750113487244
3.3782367557287216
3.2776129096746445
3.530183233320713
2.4489875361323357
2.786329001188278
2.900433227419853
2.3882980346679688
1.8713316917419434
1.685094553977251
2.0452748835086823
1.65946638956666
1.8754726387560368
1.2296346127986908
1.49191964417696
2.433506727218628
4.3328611850738525
7.06138950586319
9.146677076816559
11.94525134563446
15.023535311222076
16.926513731479645
18.794201135635376
20.946710884571075
18.359054505825043
15.594986736774445
12.573023647069931
10.283434838056564
8.317918807268143
6.227352291345596
6.63272862136364
6.787476435303688
8.451080828905106
7.222929537296295
6.24582351744175
5.396257162094116
4.4407206773757935
4.141233786940575
3.8782393038272858
3.4375756233930588
3.5458206683397293
3.389472931623459
3.2510423436760902
3.1787952855229378
3.6260892003774643
3.914591133594513
3.5849069505929947
2.8464666977524757
2.5029534474015236
2.4535332322120667
2.062341831624508
2.0926006212830544
2.1254316568374634
2.672483205795288
1.8897556588053703
1.7686579748988152
2.196829706430435
1.8991978168487549
2.4793806672096252
1.906913734972477
2.291985608637333
2.08256708830595
1.7229205928742886
2.2872484773397446
3.6141861379146576
6.335822403430939
9.569172888994217
11.940611481666565
14.714295506477356
18.26653504371643
20.050975918769836
17.247565031051636
16.27626144886017
13.580546438694
10.291768044233322
7.803909212350845
8.241305500268936
5.704412877559662
6.5018476992845535
5.828463301062584
4.632270455360413
5.597392722964287
4.3868188560009
4.411525130271912
3.548919901251793
3.7520281970500946
3.9070838689804077
2.89071998745203
2.557063117623329
3.7516235411167145
2.4711033552885056
2.634936571121216
1.9998083263635635
3.3972019106149673
4.160138376057148
4.909328132867813
6.340490311384201
8.767333775758743
7.982946574687958
5.86835552752018
6.2742607444524765
6.165026098489761
4.528860867023468
4.358987674117088
3.795575574040413
3.3879762142896652
3.0847655683755875
3.436518095433712
3.5218899101018906
3.2951538488268852
2.5992011576890945
2.5581000670790672
2.4031474590301514
3.130418412387371
2.279123619198799
3.3536306470632553
2.328125536441803
2.3777874261140823
2.58485759049654
2.018837198615074
2.060386162251234
1.9538098648190498
1.3613638877868652
1.809349674731493
1.2442634515464306
1.542229536920786
1.5787279084324837
1.1145794093608856
1.548321507871151
1.745358683168888
3.1924143359065056
2.969624400138855
2.201489269733429
2.256899878382683
2.0131141617894173
3.374259889125824
4.326903820037842
6.281066715717316
4.125381037592888
4.244424715638161
4.681985393166542
4.610261917114258
7.541636884212494
6.322021394968033
6.476165354251862
4.943487644195557
4.847541511058807
4.308374956250191
4.025840222835541
4.254199117422104
4.519722878932953
4.958301514387131
4.230466932058334
4.2603166699409485
3.5053486227989197
4.542042329907417
3.8678968399763107
2.8320229202508926
3.401292137801647
3.14466106146574
2.206254117190838
2.680977240204811
2.858976721763611
2.724337674677372
2.6668865382671356
1.8840919733047485
1.7741412073373795
2.3116397857666016
1.7372670583426952
1.5437552705407143
2.2135819643735886
1.6652397364377975
1.3251086249947548
1.8993197456002235
2.196620114147663
2.622192531824112
3.4911102652549744
3.3254540264606476
2.565754972398281
2.6821325421333313
3.4980740025639534
5.069128751754761
7.734248489141464
6.207912310957909
4.705246910452843
4.649140000343323
3.9572263062000275
3.43521099537611
2.8993321657180786
3.0262294486165047
3.178866997361183
3.4360356256365776
5.383611664175987
6.5231466591358185
9.403446435928345
7.159541085362434
6.6484085470438
5.205890730023384
3.7155524119734764
4.082613885402679
3.1108108684420586
2.8613186851143837
3.1977218315005302
2.9320769533514977
2.560595192015171
1.760440431535244
2.0933263674378395
1.8740595579147339
2.2431091219186783
1.772073321044445
1.9812610819935799
1.6398488134145737
1.8446804247796535
1.2968646325170994
1.8467637412250042
2.4373382851481438
2.480549842119217
2.4328201338648796
2.2497344240546227
2.4413877353072166
2.549601323902607
2.7999629750847816
2.9359050989151
4.703093200922012
6.666435599327087
9.642508685588837
12.169689148664474
13.943192601203918
11.559006780385971
10.512323319911957
8.293339490890503
7.316408142447472
5.636654779314995
4.640241712331772
4.708644047379494
4.592883691191673
3.7875592708587646
3.0017488300800323
3.1507583335042
4.359445631504059
3.3351081907749176
2.5893403217196465
2.862759791314602
2.1065016984939575
2.9487325251102448
2.392921879887581
2.1599882021546364
2.778408445417881
2.4178636372089386
2.9200007244944572
2.7956000715494156
3.0490631982684135
1.446960061788559
2.80873192101717
1.9339397102594376
1.9592973217368126
2.0098730102181435
2.366509050130844
1.8123169466853142
2.040774390101433
1.506391815841198
1.9061340391635895
1.8134308531880379
1.4847725816071033
1.9985363632440567
3.514381989836693
4.8568116426467896
3.106725089251995
3.224043905735016
3.3200630843639374
2.5554302111268044
2.794508568942547
2.924665205180645
3.829642280936241
4.108976364135742
4.684870138764381
6.788531422615051
4.893163576722145
4.437742039561272
4.559842437505722
3.309976287186146
3.4933599308133125
3.4281675219535828
5.805136188864708
7.981003969907761
6.030718892812729
5.977564781904221
4.681582659482956
4.637271776795387
4.31030136346817
3.955969899892807
3.428926944732666
3.833960071206093
2.986511304974556
2.5810976400971413
2.3755153343081474
2.4587379097938538
3.855413645505905
4.401476740837097
6.253237083554268
6.779838293790817
9.954130858182907
7.396542310714722
6.262539833784103
6.051944389939308
4.410181045532227
4.291804075241089
3.5624955520033836
3.4175762310624123
3.224020801484585
3.053227312862873
2.235968016088009
2.7573831900954247
1.9850346744060516
3.835582956671715
4.6222750544548035
6.4375618398189545
7.36493843793869
10.743613004684448
11.879935264587402
10.4272021651268
7.636239111423492
6.8711098581552505
6.145017758011818
5.240272432565689
4.3971973061561584
4.669416204094887
3.880328267812729
2.950985796749592
2.720762699842453
3.312437117099762
2.6130742877721786
2.670173652470112
3.289058208465576
2.6328964680433273
2.181651256978512
2.00949364900589
1.499810691922903
1.3982382826507092
1.0272577367722988
1.5940854027867317
1.009243592619896
1.5437383204698563
3.849496215581894
3.017771750688553
2.6631743758916855
2.6482295989990234
2.0319551452994347
2.2812049239873886
2.3330188170075417
3.3351453319191933
4.31174336373806
4.486898347735405
3.6179609447717667
2.988942801952362
2.811571344733238
3.203984573483467
2.8330345302820206
2.4962461441755295
1.9317571520805359
1.6325671337544918
2.577458456158638
2.028976149857044
1.6966469138860703
2.333759091794491
2.7802267372608185
3.215925484895706
4.158446416258812
4.133402347564697
3.8150918632745743
4.258677884936333
3.423395775258541
2.614202730357647
2.3545138761401176
2.622034028172493
2.083914093673229
1.8758678287267685
2.031957969069481
2.943339191377163
1.7775385901331902
2.5940398424863815
1.9501984417438507
2.2598876357078552
1.9039313271641731
2.3609500229358673
2.5118246749043465
2.796571835875511
4.5735567063093185
5.996155753731728
6.739127933979034
8.901839256286621
11.398900747299194
13.434111982584
14.406956911087036
16.07294923067093
18.47335708141327
15.326531171798706
12.170852661132812
9.74413013458252
8.927991718053818
6.84446556866169
5.619142949581146
4.198368325829506
5.162668809294701
5.431620463728905
4.548883885145187
3.7335632294416428
3.210076630115509
3.119293138384819
3.548892669379711
3.483580343425274
4.507134631276131
3.6927907541394234
3.053269125521183
3.128266602754593
2.704560838639736
3.2530703991651535
2.356813609600067
2.2820652797818184
2.5668929144740105
2.479986719787121
2.0623579025268555
2.2260029911994934
1.4433696083724499
2.0572270900011063
2.5053896605968475
4.059503927826881
4.886246547102928
6.739826127886772
6.532699912786484
4.892264172434807
3.4535742476582527
3.8608351796865463
3.5753536224365234
3.0042917728424072
2.6897065341472626
2.969753548502922
1.5987791903316975
2.1599977165460587
3.3048410788178444
4.167072534561157
3.472113937139511
3.634908474981785
3.183926910161972
3.5645522698760033
3.769799053668976
3.516478009521961
3.6308245211839676
3.5707330107688904
3.080538786947727
2.836909070611
2.193232573568821
2.1000893749296665
2.7400482892990112
2.9273789674043655
3.8216054663062096
4.337508797645569
7.337013587355614
8.22216111421585
11.589239627122879
10.314841359853745
8.47454097867012
5.990883082151413
4.723685905337334
3.8429390639066696
2.6734253242611885
3.167752370238304
5.636582791805267
5.134476915001869
4.193388342857361
3.9745940268039703
3.420816920697689
2.7606929019093513
3.061771012842655
3.3579419031739235
2.2411399483680725
2.379781052470207
3.307622641324997
2.3306660279631615
2.713252253830433
1.634329803287983
2.348375901579857
2.7997859343886375
2.6041273698210716
1.6546297781169415
1.9028669148683548
1.4250861406326294
1.7423649281263351
1.572128389030695
1.2818204686045647
1.7531229481101036
1.0278737433254719
1.8487568274140358
2.8617564886808395
2.742531105875969
1.7784922569990158
2.4135750830173492
1.9323573261499405
2.091117210686207
1.7238495498895645
2.6168726086616516
3.100572809576988
3.245764881372452
3.1701621264219284
3.165783576667309
2.1321874633431435
2.352719224989414
2.218152977526188
2.7999516874551773
2.2611767649650574
3.6367665976285934
4.401848062872887
6.337840154767036
8.479568153619766
9.831114053726196
11.838495552539825
14.077884435653687
12.267228245735168
10.113293647766113
7.778850734233856
6.316230610013008
5.8895701467990875
5.051238462328911
4.541120022535324
3.6059890687465668
4.096154302358627
3.1739857718348503
2.81470937281847
2.804868385195732
2.6723506674170494
2.9876409471035004
1.651436522603035
1.4204627461731434
1.4395044818520546
2.2452267184853554
2.48581762611866
2.1517867520451546
2.3139064088463783
1.697507280856371
2.3194394409656525
2.4623319655656815
3.995769649744034
4.9236492067575455
7.103283390402794
8.575263261795044
10.365716367959976
10.696476727724075
13.223301261663437
13.38827160000801
16.598322093486786
17.472135365009308
17.65495616197586
16.37109088897705
14.943674147129059
11.680241405963898
10.65498399734497
8.442085236310959
7.02347357571125
6.361421003937721
5.605556324124336
3.883490778505802
4.794104307889938
3.685977518558502
3.503135770559311
3.5892770513892174
2.5759185925126076
3.2609369829297066
2.319292202591896
2.0058329701423645
1.5580312311649323
2.2833396047353745
1.608470093458891
2.3542962223291397
2.2643518820405006
2.066987954080105
2.762514166533947
4.646237298846245
6.192918196320534
5.627197697758675
4.626685380935669
3.959616959095001
3.256878189742565
3.032822996377945
3.1137483939528465
2.7729669734835625
2.813667632639408
1.7242718487977982
1.8389771655201912
2.7617451548576355
5.233213782310486
5.733251675963402
3.8934160619974136
3.6633389219641685
3.142460823059082
3.3907421305775642
2.5613104552030563
2.5299767330288887
1.5648834481835365
2.893224358558655
2.724064864218235
3.2314942330121994
4.418212488293648
5.485387891530991
4.45163357257843
4.706780776381493
3.6296174973249435
3.6920810639858246
3.0694658905267715
3.1873686984181404
4.381645277142525
5.773186594247818
7.262607932090759
9.484787553548813
12.258065700531006
13.755824744701385
15.831172287464142
12.919935256242752
11.460373759269714
8.454216450452805
7.7789784371852875
5.495150998234749
5.007919758558273
4.58183841407299
4.150065705180168
3.6004737988114357
2.832677811384201
4.052303850650787
5.391179487109184
8.457963705062866
11.417716145515442
13.914329141378403
17.539145708084106
19.907422840595245
21.174192547798157
17.59371668100357
15.451754987239838
13.209645837545395
11.630231082439423
8.867489367723465
7.092398717999458
6.059556603431702
5.44917793571949
4.5151781141757965
4.321694403886795
4.255268290638924
3.60271368175745
3.715427190065384
2.942863442003727
2.9558454379439354
3.2153220549225807
3.5159918069839478
2.564530998468399
2.775465577840805
2.149922363460064
2.649395242333412
2.279073767364025
2.4226599261164665
2.5407343730330467
2.065969556570053
2.1190518215298653
2.0834054946899414
1.9797284454107285
1.4773832820355892
1.7918070405721664
1.4884847700595856
1.7587681338191032
1.5482227616012096
1.7850484512746334
2.5504276901483536
2.6093850806355476
3.115507759153843
2.3315833508968353
2.2946255281567574
2.217070445418358
1.8050569109618664
1.6582871824502945
1.85085816308856
1.9278769791126251
1.7320535257458687
1.8046146631240845
3.1790894865989685
2.851097732782364
2.042025826871395
3.030621252954006
3.981087625026703
5.353492975234985
7.871799916028976
7.063539832830429
5.762853905558586
5.081968531012535
4.57860954105854
4.881191328167915
5.863919600844383
8.03999838232994
10.863940685987473
8.440627127885818
7.364870175719261
6.58394281566143
5.059621423482895
5.216340258717537
3.8850105702877045
4.051223441958427
3.476529113948345
3.4304695799946785
4.324296861886978
3.609048441052437
3.0877734571695328
3.122517094016075
2.753951519727707
2.117647409439087
2.3421573787927628
2.62826269865036
2.413138121366501
4.655830964446068
7.319673106074333
10.996471494436264
15.109590590000153
17.950669288635254
14.815550476312637
12.277563065290451
9.691693842411041
8.247326016426086
7.164931461215019
6.466910138726234
5.406728580594063
4.481249168515205
4.068322420120239
3.357703298330307
3.663989469408989
2.5550483763217926
2.645105317234993
2.5588749796152115
2.2072061225771904
2.408386208117008
3.01846294850111
2.6646506637334824
3.923573136329651
5.392570286989212
7.262534901499748
9.358097612857819
12.31106722354889
9.907086223363876
8.211665868759155
6.1125949919223785
5.1478520184755325
5.294250994920731
4.465631529688835
3.5861067920923233
3.4423909336328506
2.766476094722748
2.2777505293488503
2.0382582768797874
2.220911405980587
1.6369126178324223
2.264601781964302
2.9466577619314194
2.988543875515461
3.6985023617744446
2.868475429713726
2.799443244934082
2.872713729739189
2.5158240124583244
2.49968883395195
1.970553033053875
3.386563219130039
2.4956403747200966
2.7795591950416565
2.9203906506299973
1.9295904263854027
2.571454241871834
3.859609618782997
3.667219325900078
2.898326277732849
3.226461388170719
2.441265158355236
3.221504546701908
3.3565228432416916
3.1464432403445244
3.297662727534771
5.445162907242775
4.5103421956300735
3.613346606492996
3.92596597969532
2.6934216916561127
2.9475691244006157
3.32034283131361
2.7524601072072983
2.76618754863739
2.4844074472784996
1.9112260341644287
2.6796867921948433
2.586384668946266
3.764545500278473
4.185336604714394
5.833397626876831
7.168874591588974
8.03665316104889
10.42623445391655
11.999166160821915
13.352287650108337
15.912766993045807
15.840591490268707
18.080069541931152
19.98972773551941
20.24787712097168
18.242160737514496
15.284337520599365
10.736192345619202
9.695208698511124
8.313104063272476
6.807495400309563
5.218488112092018
4.630976289510727
4.922610118985176
3.9730765968561172
3.311452277004719
3.887799024581909
3.5174468010663986
