3.266253761947155
2.4651006758213043
2.576121672987938
2.01559229567647
2.175863802433014
2.663023456931114
2.0413509979844093
2.357748582959175
2.5426323860883713
3.1890860199928284
3.400999218225479
3.7705458849668503
4.779873564839363
5.182145863771439
6.957151919603348
7.749934166669846
8.717584311962128
10.041798800230026
10.40568920969963
11.791728794574738
12.538146942853928
13.584672570228577
14.890713393688202
14.713955223560333
16.134876132011414
15.995930194854736
18.078089773654938
18.26674348115921
19.406878232955933
20.309281885623932
19.551679134368896
21.696135103702545
22.065686762332916
21.17283457517624
21.235222697257996
23.762466192245483
22.524888813495636
22.69069081544876
23.099259793758392
23.65422624349594
23.42230325937271
23.955722153186798
23.326986610889435
23.727844178676605
24.624575912952423
25.035147786140442
24.52547311782837
23.889603316783905
24.48445212841034
23.233782351017
21.449871480464935
19.706279933452606
15.281265258789062
11.81564974784851
6.701881676912308
4.340296357870102
3.2002243027091026
3.6053809970617294
3.5619597136974335
2.681549549102783
3.537366971373558
2.3045198023319244
3.1115780398249626
3.4474988281726837
2.9490899220108986
3.39075481146574
4.748385712504387
4.7672789096832275
4.1727434694767
3.909584730863571
3.563099153339863
3.794251039624214
3.0514810010790825
2.9853320568799973
2.697933055460453
2.4551160410046577
2.622638151049614
2.4231305718421936
2.879148408770561
3.6212643906474113
5.107032030820847
6.353389784693718
7.6214785277843475
8.282002627849579
9.542098253965378
11.304240942001343
13.296457648277283
15.053258419036865
16.877979934215546
17.286876678466797
18.749268531799316
18.98884403705597
20.687928378582
21.09975129365921
21.812593162059784
21.208837628364563
21.005337297916412
22.735169112682343
24.176868617534637
23.476657807826996
23.631006717681885
23.478687286376953
24.543845176696777
25.29565590620041
25.269680202007294
25.597513377666473
24.841682732105255
25.77627867460251
24.87635427713394
24.91158229112625
25.639813661575317
25.337692081928253
25.689482867717743
25.234528124332428
26.152953922748566
26.047691464424133
26.39448183774948
26.496321439743042
25.304310142993927
26.124263286590576
25.82941573858261
25.618115186691284
25.77909082174301
26.497130870819092
27.08610028028488
26.028160989284515
26.51041728258133
25.064766347408295
25.93845909833908
24.872228741645813
25.306431233882904
26.52492469549179
25.360124170780182
25.34842139482498
26.407374143600464
25.8907527923584
24.984781801700592
26.65078318119049
26.8000625371933
26.85383129119873
26.53616029024124
25.875297904014587
25.903743386268616
26.098628878593445
26.181552290916443
25.47873830795288
26.465855658054352
26.875681221485138
26.06685596704483
26.961853086948395
25.41779750585556
25.89606499671936
25.629933774471283
26.832188844680786
26.009300708770752
25.620608627796173
25.60161954164505
25.71479481458664
26.647554576396942
26.842135548591614
25.47580587863922
25.1842080950737
25.315822958946228
26.323679268360138
25.819155633449554
26.49984484910965
25.579295575618744
26.447894752025604
26.262071192264557
25.731146812438965
26.74073225259781
24.730754792690277
27.25338727235794
26.463699638843536
26.503726541996002
26.653932094573975
25.72880470752716
25.318223774433136
25.580852925777435
24.033014833927155
23.79875248670578
21.417506158351898
16.808927178382874
14.486632823944092
15.177269876003265
19.1202449798584
21.746599078178406
22.43917864561081
22.476649165153503
22.84975677728653
24.09645527601242
24.74569457769394
24.491311967372894
24.464477360248566
25.547055304050446
25.054323196411133
25.100519359111786
25.663840532302856
25.414397835731506
24.866772890090942
24.50488817691803
25.111441493034363
25.6795574426651
25.75260877609253
25.571317076683044
25.30227369070053
25.07892018556595
25.283105790615082
26.14840441942215
25.934939444065094
26.01572698354721
25.71778118610382
25.000442028045654
25.1914421916008
24.85111290216446
25.465831875801086
26.022500872612
25.247367560863495
25.772311449050903
24.618933141231537
25.4473237991333
26.146726429462433
25.149964690208435
24.77060294151306
26.00141668319702
25.53804987668991
25.11072701215744
24.43020474910736
23.723026037216187
23.25249058008194
19.43377298116684
14.488883674144745
13.35659185051918
17.379898607730865
21.175340235233307
23.21680986881256
24.40246158838272
24.224898278713226
24.201585054397583
23.75138282775879
23.08484184741974
21.99045640230179
18.9523286819458
15.967583954334259
12.485121220350266
11.42504733800888
9.575911730527878
8.445197850465775
8.572205513715744
6.915629863739014
7.23330557346344
7.185946881771088
6.814533770084381
7.565032869577408
7.941880315542221
7.266091555356979
7.264619320631027
6.959910720586777
6.302538335323334
7.709003567695618
8.260030388832092
12.648289620876312
17.189619183540344
20.562375962734222
21.270229279994965
22.869771420955658
23.82624876499176
24.54503232240677
25.611299574375153
26.328513860702515
25.0888454914093
25.988240361213684
25.538501799106598
25.327288508415222
26.725276470184326
26.41021603345871
25.507397949695587
25.776305079460144
25.718830823898315
25.59790027141571
25.46656161546707
26.227550089359283
26.122714340686798
25.999178111553192
26.195796191692352
24.96109426021576
26.980032563209534
25.755957186222076
26.290194153785706
25.448142290115356
26.167299449443817
25.684183716773987
24.781047463417053
25.551929354667664
25.48719823360443
25.223209857940674
23.16462206840515
21.707801699638367
17.2556015253067
17.691077291965485
22.216807544231415
24.885420262813568
24.062036514282227
25.998555421829224
25.112023770809174
25.817912340164185
25.585837185382843
26.347346246242523
26.146698534488678
25.789486289024353
26.202690422534943
25.831713259220123
25.22040843963623
25.45372724533081
25.957116663455963
24.74935358762741
25.4998220205307
24.697842597961426
26.188030064105988
25.59590643644333
25.682020366191864
25.92814975976944
25.945406019687653
25.76421767473221
24.999211847782135
25.316028237342834
25.750355422496796
25.316706717014313
26.226588487625122
26.00175040960312
25.96662074327469
26.478539526462555
25.924676299095154
25.765852212905884
25.898578763008118
25.767422914505005
24.84453582763672
26.11938887834549
25.80328392982483
25.46679276227951
25.249631762504578
26.102605164051056
25.524906754493713
26.09667718410492
25.58019858598709
25.44996738433838
25.368596136569977
25.71626389026642
26.76767861843109
25.08625078201294
25.073150157928467
26.050139904022217
25.819679081439972
25.916553676128387
25.19592022895813
25.955890893936157
25.525642156600952
26.13948291540146
24.837532818317413
24.757347881793976
24.729889154434204
24.73202532529831
25.340260863304138
24.821903944015503
25.07821261882782
24.027432084083557
24.48512029647827
23.243625283241272
21.225536942481995
17.205347001552582
14.477833032608032
17.119852602481842
19.865932822227478
23.65031999349594
24.5061154961586
22.940880835056305
23.03714406490326
21.374321579933167
18.33344876766205
15.192713141441345
12.516863614320755
14.32411277294159
15.828082740306854
17.727792143821716
19.064569115638733
20.627765655517578
21.796251118183136
21.76483052968979
22.89090806245804
23.42182147502899
23.10537362098694
23.432756066322327
24.029316067695618
25.2883021235466
25.584944307804108
25.70069420337677
25.52958846092224
24.57272583246231
25.84525418281555
25.636624813079834
25.261853098869324
25.464359939098358
25.55065232515335
25.45927119255066
24.955769896507263
25.170121729373932
24.86695295572281
24.877691566944122
25.0197571516037
26.415224373340607
25.571848452091217
26.67263627052307
25.55127626657486
25.506886899471283
25.910585284233093
25.269014060497284
24.844903469085693
25.212443232536316
25.1663898229599
25.29827857017517
25.230143070220947
23.84444671869278
24.075693368911743
22.198697865009308
19.434987783432007
17.617641985416412
13.867785632610321
11.62372276186943
9.42454507946968
8.74319127202034
9.69018667936325
9.464028507471085
8.872786521911621
11.253203421831131
15.338818728923798
19.82907623052597
21.74141764640808
22.733951091766357
23.746825873851776
25.07452666759491
25.376378297805786
25.216952741146088
25.204453110694885
24.931078851222992
24.107116222381592
23.056206583976746
23.391826331615448
21.714401841163635
21.763225972652435
17.791908502578735
16.544824302196503
12.340216517448425
9.995727270841599
8.284859478473663
10.128934293985367
12.953296214342117
16.188772678375244
19.655278205871582
17.57970267534256
16.44232279062271
13.405586153268814
11.40132001042366
11.372217893600464
10.816821873188019
9.740985661745071
10.180720567703247
10.264092415571213
10.185121059417725
9.480890095233917
10.745048075914383
10.9707612991333
11.29052323102951
12.512919813394547
13.099957168102264
14.67230474948883
14.896903336048126
16.288380682468414
17.8728569149971
18.479746103286743
19.619674861431122
20.096654176712036
21.127205073833466
21.743908405303955
22.241194307804108
22.97098845243454
23.551260471343994
23.500317454338074
23.400445818901062
24.090292870998383
23.816523134708405
24.531559467315674
23.814300179481506
25.13893049955368
24.579001665115356
25.176108956336975
24.283736169338226
24.574858009815216
24.961133658885956
23.799110770225525
24.694837749004364
25.10751062631607
25.811676561832428
26.125624418258667
24.979729056358337
26.07491570711136
25.499717473983765
26.12187498807907
24.891633450984955
25.529687881469727
25.575141072273254
25.049929440021515
25.361109793186188
25.431251406669617
25.055331468582153
26.370189011096954
24.667336642742157
25.382766544818878
26.073007345199585
26.390617787837982
25.38603162765503
26.240599989891052
25.641751289367676
25.590683937072754
24.14945936203003
24.73357665538788
25.535036981105804
26.092672526836395
25.208507120609283
24.97499018907547
25.697112262248993
25.610298454761505
25.064310789108276
26.17655199766159
24.850179195404053
25.51981657743454
25.48157489299774
24.85437971353531
25.256079256534576
25.11797606945038
25.051650941371918
25.2667715549469
26.01408165693283
24.939814925193787
24.93849915266037
25.057451248168945
23.978853583335876
25.566123247146606
26.076143622398376
24.82852476835251
25.41736000776291
25.22876012325287
25.11747443675995
26.07863223552704
25.68617421388626
25.03282642364502
25.206211507320404
25.241947770118713
25.9870947599411
25.099558353424072
25.822885930538177
25.63543874025345
25.14691698551178
25.511406898498535
24.605243682861328
24.663136661052704
24.628522217273712
24.207120835781097
23.080241858959198
20.313810229301453
17.727373361587524
16.964180946350098
20.425426840782166
21.526867926120758
24.305816888809204
25.68898433446884
25.243326127529144
25.32826453447342
25.729589581489563
25.782010316848755
25.801191329956055
25.72243618965149
26.0437353849411
26.03914874792099
25.847591519355774
25.94942420721054
26.06882607936859
26.200024247169495
25.85555636882782
25.85339915752411
25.695572555065155
25.962724268436432
25.923018395900726
26.83683466911316
25.89133197069168
25.420670688152313
25.746267020702362
26.128420650959015
25.775438249111176
26.152365028858185
25.57418644428253
25.88166892528534
26.452268958091736
25.41008687019348
26.143731653690338
25.942112267017365
25.87257671356201
26.21027773618698
26.414858639240265
24.87896728515625
26.59963685274124
26.39573222398758
26.368530929088593
25.354762971401215
26.186537206172943
26.55856764316559
27.468900859355927
26.364036977291107
26.227596938610077
26.208240747451782
26.201485633850098
26.700044870376587
26.36336350440979
25.93194353580475
26.0875923037529
26.133411705493927
26.305543780326843
26.76587063074112
25.87125128507614
26.337856888771057
26.098815619945526
27.032486498355865
26.52456969022751
26.33673244714737
25.986764788627625
26.1541907787323
25.245840549468994
25.78559947013855
23.534912407398224
21.960462152957916
17.786587715148926
19.685290813446045
22.64294683933258
25.81515896320343
25.231605291366577
26.200807690620422
26.360956013202667
26.682319343090057
25.70821964740753
26.010386645793915
26.45704597234726
25.526267409324646
25.1544468998909
26.397134840488434
25.392561852931976
25.761517345905304
26.785565316677094
26.231272041797638
25.515216827392578
26.41953271627426
25.483424127101898
26.65401327610016
26.278477668762207
26.001110672950745
25.909888207912445
26.43643808364868
26.314016222953796
26.23129677772522
25.721917927265167
25.80291599035263
25.842126727104187
26.740528225898743
26.01911771297455
26.84398365020752
26.447536170482635
26.21858847141266
26.734742045402527
26.242199659347534
25.291998088359833
25.432602167129517
27.00337153673172
26.728008925914764
25.702886402606964
25.94870090484619
25.457494258880615
24.591373205184937
24.96785867214203
24.134897768497467
21.727992713451385
18.951791644096375
17.190991282463074
15.804439306259155
18.62539494037628
22.20755708217621
22.98187029361725
23.02153170108795
23.694428741931915
24.21430343389511
25.078518390655518
24.486882627010345
24.655349731445312
25.154031574726105
26.00968599319458
25.968962252140045
25.292318284511566
25.692646622657776
25.479368269443512
24.915967166423798
25.125557243824005
25.770322620868683
26.535478711128235
25.73963886499405
25.93812745809555
25.319455444812775
24.956777036190033
25.931583166122437
26.13228952884674
25.738751471042633
24.990392208099365
25.36106276512146
25.31319886445999
24.909936904907227
25.358497619628906
25.378096103668213
24.149441361427307
23.59767907857895
23.69709724187851
23.012240409851074
20.75902909040451
20.3816157579422
19.52684634923935
19.496165335178375
17.767588019371033
17.662122666835785
16.95103895664215
17.27878087759018
17.580802381038666
18.327133536338806
18.505671679973602
19.258383989334106
19.427604854106903
20.86843752861023
22.39761656522751
22.779912292957306
22.136141002178192
23.619680106639862
23.395276427268982
24.290003538131714
24.539219915866852
24.85439097881317
25.298308968544006
25.331140160560608
25.406270563602448
24.511172235012054
24.747049629688263
24.79374009370804
25.251700580120087
25.185911536216736
25.407807528972626
25.80012583732605
25.42392212152481
26.34549456834793
26.036977171897888
26.009552478790283
25.54817372560501
25.867568731307983
24.60706889629364
25.785953283309937
25.803197503089905
24.874953508377075
25.397141814231873
25.130186319351196
25.135293006896973
25.196796119213104
25.23413109779358
24.882009744644165
25.027349710464478
25.751571357250214
25.399978935718536
24.952444076538086
24.062988817691803
23.076916754245758
20.75761377811432
19.386657118797302
19.233364641666412
17.61437612771988
17.953527092933655
17.35895484685898
17.437768280506134
18.266927897930145
17.977985501289368
19.137654721736908
20.193613409996033
21.057610988616943
21.63558441400528
22.516055285930634
23.72382879257202
23.408054172992706
22.853035390377045
21.47643154859543
21.24246060848236
18.154112339019775
17.91576325893402
17.657298505306244
16.887705862522125
17.647547125816345
17.949681878089905
17.396743953227997
17.027992069721222
16.851156413555145
17.358565866947174
17.995032250881195
16.876372277736664
17.430717527866364
17.64342349767685
16.396129250526428
17.58195048570633
17.384246587753296
16.59018510580063
16.919933259487152
14.874517619609833
14.937327146530151
15.544159471988678
14.468889653682709
14.31144630908966
14.052286505699158
13.136325120925903
13.425940603017807
13.616598755121231
13.309153974056244
12.59515392780304
13.301849782466888
14.298905074596405
14.774329662322998
16.35752934217453
16.027995824813843
17.874541223049164
18.00392484664917
18.038851141929626
19.422601401805878
19.175336599349976
17.866117477416992
16.91473740339279
15.734521567821503
17.27842879295349
20.43341416120529
21.656506180763245
23.67914777994156
24.151213586330414
24.061119616031647
24.75317096710205
25.641092538833618
25.75316822528839
24.745915293693542
24.982345402240753
24.861005425453186
24.618259608745575
25.52276235818863
25.451593279838562
25.25856602191925
25.374613761901855
26.168805480003357
25.54933798313141
25.613937258720398
25.152368545532227
24.821250677108765
25.280523359775543
25.30544763803482
25.47406142950058
25.41773295402527
26.246059596538544
25.670009672641754
25.068221390247345
25.335018694400787
24.778803288936615
25.73471361398697
25.22329831123352
26.112848579883575
24.88476949930191
26.108775556087494
25.501768112182617
25.74899995326996
25.02415007352829
26.18959105014801
25.75349795818329
25.12122792005539
25.55967003107071
25.752505481243134
25.563977420330048
25.177091538906097
25.599105536937714
25.94323056936264
25.37992125749588
24.943301260471344
26.152720987796783
24.224981367588043
25.832443594932556
25.6679470539093
25.417762279510498
25.407196938991547
26.39041370153427
25.253094255924225
25.716857314109802
24.697124779224396
25.20679610967636
25.51307386159897
25.274412274360657
25.431704580783844
25.328359484672546
25.03639930486679
25.892459511756897
24.117772698402405
22.726524770259857
20.93904012441635
17.04419308900833
19.222167193889618
23.535953044891357
24.579086244106293
25.968952000141144
25.87452805042267
25.30036109685898
26.810125410556793
26.987803399562836
26.545981884002686
26.945881724357605
26.91041135787964
26.301861584186554
26.06213468313217
25.6612930893898
26.000308096408844
26.21849286556244
25.836529314517975
26.3156259059906
26.6787086725235
25.004677295684814
25.28761875629425
25.235121846199036
26.347691476345062
25.839212238788605
26.414722800254822
26.031420528888702
25.09456169605255
22.992941319942474
21.685191333293915
18.795318245887756
17.13444459438324
17.792192578315735
18.844630122184753
19.734277725219727
22.876198709011078
24.283855497837067
24.20141726732254
25.27167898416519
25.070305347442627
25.148396968841553
25.732988238334656
25.301252961158752
25.639256358146667
25.33332258462906
25.822605788707733
25.6002716422081
25.44610244035721
24.63703566789627
25.5169495344162
26.11113178730011
25.89434516429901
25.694228291511536
25.36907786130905
25.38229137659073
26.26288366317749
25.922932505607605
25.015000700950623
25.909665405750275
26.325529754161835
24.689896047115326
25.49304699897766
25.341384708881378
25.18292212486267
25.238896787166595
25.134261071681976
25.82220220565796
26.204090416431427
25.53643935918808
25.338799595832825
25.831401765346527
25.64521849155426
25.625115513801575
25.379097938537598
25.086772084236145
24.2812579870224
24.422670423984528
22.448137402534485
24.246452152729034
22.08718329668045
21.52968168258667
19.554646134376526
17.52709287405014
16.579236030578613
13.448739290237427
13.2749342918396
11.94831532239914
13.639265179634094
15.136918246746063
15.754352807998657
16.899181067943573
17.434882938861847
17.704216241836548
18.198440968990326
18.47318685054779
17.66910094022751
17.458893299102783
18.399114429950714
17.190237283706665
16.214382886886597
16.708536863327026
16.35774666070938
15.162569522857666
14.065256237983704
12.708905965089798
12.525160104036331
13.119464844465256
12.623009830713272
13.203626215457916
12.866379797458649
13.923992693424225
13.684369444847107
15.004807770252228
15.095212876796722
14.699869155883789
14.561043322086334
14.134448826313019
13.896401584148407
12.366490989923477
12.664220720529556
13.471274226903915
15.034159123897552
16.90161019563675
19.104626893997192
20.07684600353241
21.386137306690216
21.3608039021492
23.718533396720886
23.77483367919922
24.403700470924377
24.822206497192383
25.03585183620453
24.998532712459564
25.173183798789978
25.73295170068741
25.22227257490158
25.467921137809753
25.58127850294113
25.86647057533264
25.5133535861969
26.119039475917816
25.72351771593094
24.84563046693802
25.027397572994232
25.59365713596344
25.66839164495468
24.602537274360657
25.45881164073944
25.05049765110016
25.327066004276276
25.142897605895996
25.253434121608734
25.747274577617645
26.452106058597565
26.224012076854706
25.546244859695435
25.736694991588593
25.29466724395752
25.388887643814087
24.687231242656708
25.762819290161133
25.067143380641937
25.373048067092896
25.401761531829834
25.18837982416153
25.711331605911255
25.651632606983185
25.869262099266052
25.14327174425125
25.543766736984253
26.334622085094452
26.0591898560524
25.68885761499405
26.205248177051544
25.323173940181732
24.76581609249115
25.38213151693344
24.874049484729767
25.21348947286606
23.70706421136856
23.228767335414886
21.580500304698944
20.43299287557602
18.322926700115204
16.78451645374298
15.473827838897705
15.812126517295837
17.000523388385773
17.37574952840805
19.4843288064003
19.659925043582916
18.866035640239716
19.64858502149582
17.822860896587372
17.596112072467804
16.599216103553772
16.850599765777588
16.975439846515656
17.75579470396042
18.16134339570999
17.297504365444183
18.939010202884674
20.649822294712067
21.346303939819336
22.183907568454742
22.650405704975128
23.495482325553894
24.25144451856613
24.3849156498909
24.884450316429138
25.021117627620697
24.934897661209106
25.34060949087143
26.333507776260376
25.635832726955414
25.406768798828125
24.658451437950134
24.774349749088287
26.413279116153717
25.26439130306244
26.12372124195099
26.319122910499573
25.991493105888367
25.983867347240448
25.508504569530487
25.41039776802063
25.367209911346436
24.682024538517
24.786660850048065
23.540338099002838
22.941935539245605
21.439697325229645
20.035054206848145
18.48845726251602
16.344872057437897
14.85514760017395
15.070667684078217
15.302631258964539
15.871368646621704
18.410308003425598
17.076797664165497
16.55486500263214
16.546544790267944
14.467439413070679
13.290305018424988
13.68337857723236
15.42710143327713
18.376099944114685
19.49383568763733
21.10479861497879
22.744398951530457
23.542451083660126
24.166772603988647
25.579499781131744
24.898990869522095
25.79235851764679
24.4059357047081
25.095901489257812
24.981402039527893
25.5488942861557
25.56790727376938
24.840804517269135
24.981033205986023
25.13299185037613
25.087656497955322
25.289102911949158
25.103550851345062
25.542064487934113
24.40984547138214
26.107462465763092
25.999623835086823
25.16276854276657
25.81179440021515
25.919901072978973
25.51595652103424
25.2104452252388
25.841095805168152
25.140967428684235
25.77124512195587
25.495295524597168
25.169196784496307
25.38781636953354
26.222815930843353
25.059353053569794
25.427713096141815
25.062525808811188
26.087042331695557
24.626794934272766
24.513819634914398
24.105573773384094
25.529763877391815
25.36804550886154
25.406240582466125
25.536322057247162
25.896884977817535
25.812044739723206
25.24281394481659
26.045391857624054
26.054987370967865
25.434852361679077
24.97944861650467
25.935301899909973
25.56978964805603
24.474765241146088
24.777862310409546
26.318768858909607
25.63876473903656
24.966371476650238
25.271804809570312
25.067630112171173
25.28240841627121
25.177682757377625
24.894246459007263
25.865809619426727
24.553794145584106
26.49728137254715
25.06310498714447
24.51024079322815
25.638369977474213
26.382152199745178
25.966838002204895
25.650342524051666
25.606298565864563
24.773325502872467
25.825085878372192
25.042779624462128
25.874659538269043
25.856580078601837
26.38213676214218
25.60365068912506
25.25210952758789
25.96286576986313
25.329875111579895
25.42609190940857
25.08775806427002
25.417144119739532
25.141328275203705
25.296767354011536
24.820606529712677
26.396384954452515
25.7324840426445
25.7973273396492
25.691675424575806
25.475736379623413
25.44720494747162
25.084128201007843
25.871412098407745
26.64951229095459
25.957985937595367
25.736186981201172
24.641225695610046
25.19122141599655
25.840237081050873
25.21547794342041
25.484807670116425
26.300383865833282
26.279768645763397
25.34302842617035
25.666400253772736
25.430422067642212
25.489908158779144
25.83569496870041
24.980153381824493
24.6734756231308
24.831434071063995
25.09268009662628
26.069362819194794
25.489394664764404
26.00797951221466
25.841214179992676
25.344459891319275
24.879029870033264
25.78142923116684
25.96033352613449
25.944119095802307
24.540990591049194
25.53679621219635
25.696703851222992
25.107890486717224
25.787295281887054
25.36360740661621
26.37796175479889
25.170735776424408
25.806489169597626
25.22211843729019
25.286538541316986
25.38833385705948
26.00116276741028
25.426349580287933
24.933360397815704
25.44060081243515
24.9689382314682
25.013506591320038
24.83533889055252
25.337591767311096
25.067853569984436
24.622037708759308
25.908614695072174
25.912524819374084
26.48691487312317
26.350411653518677
24.715703308582306
25.727665841579437
25.229721188545227
25.700742661952972
25.79828667640686
25.825116753578186
24.73709064722061
25.91052281856537
25.602881491184235
24.84768432378769
25.29979282617569
24.734517991542816
25.122456192970276
24.217989206314087
22.811528384685516
21.958599507808685
21.45890998840332
18.384371638298035
17.72157323360443
16.516911208629608
16.978566884994507
19.035557866096497
20.921794831752777
21.771028876304626
23.975480794906616
22.605315446853638
21.812397181987762
23.28461116552353
20.688836097717285
19.131440579891205
17.336143732070923
15.252476632595062
14.018472254276276
14.053727746009827
12.646346122026443
12.69836539030075
12.885860323905945
13.088079333305359
14.400878250598907
15.938380539417267
15.870819926261902
16.949681520462036
18.260177075862885
18.72587561607361
20.279659152030945
20.699409782886505
21.5606449842453
23.286325752735138
24.224203050136566
23.96699434518814
25.11004340648651
25.09365838766098
24.7558473944664
25.728338658809662
24.97025603055954
25.252195715904236
26.22098970413208
25.522451043128967
25.083143293857574
26.135438799858093
25.373460948467255
25.900259494781494
25.75516015291214
26.757206082344055
26.282546162605286
25.317405998706818
26.272375643253326
26.96181559562683
25.48766201734543
25.74955004453659
27.547627210617065
26.21758460998535
26.82055824995041
25.176942706108093
26.878997325897217
25.26035338640213
25.526386499404907
26.173442602157593
25.012611508369446
25.446335792541504
24.673337996006012
24.153680562973022
22.483800649642944
19.970669746398926
17.167599499225616
13.405984550714493
11.682136833667755
9.33475998044014
10.124401688575745
11.256200760602951
11.721171855926514
12.077305674552917
12.184623509645462
12.944573700428009
12.333812564611435
12.593663424253464
11.056145578622818
11.547224462032318
10.782102704048157
10.548657327890396
10.79760417342186
11.312047749757767
11.370945513248444
11.456728458404541
11.146940976381302
10.577631443738937
11.371694058179855
10.679399460554123
10.775130987167358
10.588943839073181
11.125974863767624
10.695619702339172
10.609969407320023
10.662800699472427
10.722047418355942
10.674695670604706
10.728224098682404
11.169940322637558
10.550249367952347
11.11580204963684
10.078112095594406
9.862962514162064
10.187618613243103
9.47486025094986
9.028824299573898
8.736243337392807
9.574940890073776
9.945296257734299
11.199018388986588
13.340234488248825
14.851764798164368
17.18199384212494
18.52081972360611
20.707094848155975
23.079910218715668
23.857867896556854
24.245266377925873
24.41330337524414
24.836191952228546
24.36140549182892
25.084269106388092
25.443366050720215
25.773463189601898
25.974715650081635
25.651894867420197
26.1566202044487
26.49329674243927
25.38696300983429
25.94629341363907
26.372744023799896
26.846038103103638
25.51627427339554
24.849270164966583
24.587692201137543
23.646065831184387
22.698033928871155
19.698194563388824
17.46681720018387
14.175338447093964
12.940575182437897
13.465375304222107
15.01992791891098
17.17813903093338
16.992859542369843
17.86785215139389
16.75449848175049
15.879803240299225
13.503715515136719
12.402798473834991
11.122602194547653
10.7576302587986
10.756845653057098
9.65999761223793
10.170287281274796
10.383485287427902
9.832945674657822
9.089571058750153
9.096972972154617
6.946550011634827
8.103530436754227
6.836545318365097
7.036191642284393
6.31330206990242
8.695380002260208
7.129841238260269
6.915447995066643
8.731765925884247
7.673498511314392
6.644447520375252
6.601025938987732
7.217942833900452
6.979984596371651
6.895125702023506
6.523144796490669
6.276700705289841
5.972112938761711
6.995888203382492
8.731947034597397
10.574623703956604
12.631921142339706
14.938003957271576
17.35851299762726
18.459360539913177
20.866582930088043
21.808669805526733
22.673706471920013
24.09906530380249
23.91255432367325
24.622246026992798
23.74962079524994
25.41844803094864
26.03341495990753
25.25254064798355
24.836060881614685
25.567113518714905
26.11742216348648
26.151617467403412
25.721211433410645
26.550379931926727
25.098267793655396
25.84144526720047
25.714275538921356
25.44131326675415
26.50415927171707
25.67213875055313
25.94992905855179
26.449155509471893
27.285743355751038
26.09335768222809
25.66973203420639
24.865152180194855
25.851436734199524
25.270501494407654
25.18089771270752
25.52915197610855
25.464048445224762
26.208630859851837
26.931006968021393
25.929994881153107
25.894163727760315
25.71516329050064
25.88508427143097
26.219572842121124
26.502999246120453
27.289095878601074
26.136781632900238
25.56072860956192
26.175138115882874
26.802281618118286
25.126391530036926
25.017860651016235
25.906770050525665
25.556452929973602
26.350627660751343
26.017531633377075
25.707463026046753
25.439615845680237
26.014133512973785
25.63229066133499
25.927654266357422
26.18860161304474
27.170696020126343
25.578673243522644
27.433442413806915
25.396491408348083
25.996029555797577
26.25748211145401
25.563771724700928
25.971022129058838
26.63458961248398
26.538701832294464
25.66939687728882
25.67068839073181
25.819724798202515
25.271722853183746
25.269037187099457
25.914593636989594
25.119123935699463
25.713234305381775
25.714697539806366
25.338695108890533
25.586598098278046
24.061478912830353
24.258338391780853
24.489934742450714
22.702777862548828
19.752154767513275
18.584856927394867
13.879160791635513
10.383937686681747
11.235302090644836
14.04380539059639
15.679273784160614
17.27366954088211
19.271679520606995
19.546630442142487
21.69686448574066
23.66050136089325
22.369795382022858
23.12683767080307
24.71539306640625
24.302333116531372
24.52208638191223
24.789618015289307
25.317400097846985
25.235287487506866
24.36820137500763
24.76952415704727
25.519140124320984
25.112321078777313
25.717944264411926
25.357339322566986
25.17059051990509
25.403763353824615
24.625954389572144
25.554838061332703
25.056526482105255
24.692453622817993
25.35432267189026
24.396113574504852
24.584024786949158
25.818941056728363
25.664148807525635
25.758584678173065
25.111639976501465
25.706808388233185
25.423375189304352
25.309138238430023
24.99236297607422
25.641983449459076
25.075394093990326
25.754202127456665
25.036477267742157
26.22324299812317
23.63672387599945
24.97956484556198
22.757333397865295
21.209178626537323
17.47325700521469
18.484309673309326
16.780544102191925
16.530868411064148
16.578774511814117
16.698889791965485
16.709839582443237
16.853663206100464
15.886370778083801
15.41956079006195
15.16342556476593
14.082845270633698
13.832854151725769
12.852161586284637
12.21742844581604
12.529765009880066
16.08279776573181
19.751973509788513
20.436677277088165
22.598581612110138
23.650287568569183
23.769978284835815
25.625344574451447
25.032750129699707
24.632182002067566
25.63356226682663
26.0052330493927
25.848627269268036
25.53428828716278
25.329034090042114
24.826486587524414
24.823669493198395
24.974481463432312
24.64954823255539
24.0319806933403
24.135085999965668
23.960484266281128
23.075181782245636
21.382325172424316
18.628099739551544
16.330870449543
18.21501660346985
20.550268411636353
22.88103848695755
23.768560230731964
25.91070544719696
25.810469388961792
25.880221128463745
25.358224391937256
25.3646559715271
26.46863102912903
26.23738008737564
26.16922402381897
26.320422172546387
25.616476714611053
25.989190816879272
26.62925124168396
26.29250991344452
24.741201877593994
25.990015983581543
25.56531947851181
25.580074310302734
25.311476230621338
25.640257716178894
25.847865879535675
25.395115733146667
26.08990180492401
26.2907412648201
25.270221829414368
25.63141119480133
25.753849864006042
25.91294938325882
25.56347119808197
26.761704921722412
25.655804574489594
25.460137605667114
26.325089871883392
26.335383117198944
25.459621131420135
26.29614222049713
25.7040314078331
25.93207412958145
26.15897250175476
25.54045659303665
26.251052021980286
26.310371458530426
25.6647931933403
26.839865744113922
25.35962051153183
27.111177563667297
26.3311864733696
24.971099495887756
26.370060682296753
25.805781364440918
26.32350528240204
26.13247036933899
25.899897575378418
26.29654061794281
26.0782031416893
25.854141533374786
26.497964203357697
26.21876162290573
26.458943843841553
26.4782811999321
26.518374800682068
26.181421041488647
25.417676329612732
26.16696071624756
25.720769107341766
26.822500586509705
26.084514021873474
25.993450224399567
25.441441357135773
26.162626206874847
25.17957431077957
25.199588775634766
25.98477351665497
24.96453046798706
26.952637910842896
26.06700176000595
25.96007066965103
26.484363913536072
25.684846818447113
26.156018018722534
26.505918085575104
25.76202952861786
26.476823031902313
26.037135660648346
26.02592009305954
25.521611869335175
24.50969398021698
24.018669545650482
22.587726354599
20.24160587787628
18.00419843196869
16.98704755306244
16.950520932674408
18.51071709394455
21.558646321296692
22.150171160697937
23.03932559490204
23.539723217487335
24.382096588611603
24.252588868141174
24.55363667011261
24.55907440185547
24.676282346248627
23.820891857147217
23.711798667907715
23.994766533374786
25.1439511179924
24.39283037185669
23.8812353014946
24.725377202033997
23.39114409685135
23.103183805942535
22.359073162078857
21.371702015399933
20.569993674755096
18.25920832157135
16.918396830558777
14.25290161371231
12.109004974365234
11.485291957855225
11.428596168756485
12.443011552095413
14.361008077859879
15.52597039937973
16.683429837226868
16.894487023353577
18.16563582420349
18.944137752056122
19.34994488954544
20.672633945941925
20.847378849983215
22.45473176240921
22.924327671527863
23.144103586673737
23.154204487800598
24.180646777153015
25.38954734802246
24.814084649086
24.524450063705444
25.43228793144226
24.614320158958435
26.03979802131653
25.350423216819763
24.921232044696808
25.766888856887817
25.6206693649292
26.157759964466095
25.27955585718155
25.861701607704163
26.663286447525024
25.42860722541809
26.56760811805725
25.869165778160095
25.40304934978485
24.8576420545578
25.476763486862183
25.08958923816681
25.784979939460754
25.47727781534195
25.819299399852753
25.518372178077698
25.40753948688507
26.88991868495941
24.465962290763855
25.289554238319397
25.84688127040863
25.890155911445618
24.977976083755493
24.42146599292755
22.67291796207428
22.75224280357361
21.976156771183014
21.43769669532776
19.57018530368805
19.807797729969025
18.077225506305695
17.228816330432892
15.921341836452484
15.562605321407318
16.636988401412964
17.330933690071106
18.26676243543625
19.210433900356293
20.49092847108841
21.35664874315262
22.373447835445404
23.105903148651123
23.39844411611557
23.653061032295227
23.74701488018036
23.13124978542328
25.107117116451263
25.02297055721283
23.906826376914978
24.26893377304077
24.428710281848907
24.009594082832336
25.012739777565002
24.539873778820038
24.70293152332306
25.56112539768219
25.410371482372284
24.95761400461197
24.495239734649658
24.65919268131256
25.239528357982635
24.090054273605347
23.87046867609024
25.48539912700653
23.595237851142883
22.82584184408188
22.905636250972748
23.059782922267914
22.38624769449234
22.0786052942276
22.186085879802704
21.086639404296875
20.439080357551575
20.241590559482574
19.134831964969635
18.642218828201294
18.625413715839386
17.588357388973236
17.457932829856873
18.220974504947662
16.809964299201965
17.52204316854477
16.815999805927277
16.13190394639969
16.32360726594925
16.021215975284576
16.456061899662018
14.721204996109009
15.742839992046356
14.871408700942993
14.463230639696121
13.032411843538284
12.456932693719864
11.66707056760788
11.501667112112045
10.444806456565857
10.434339225292206
8.961724489927292
9.472840309143066
9.97133082151413
11.143085092306137
12.211089849472046
11.719384551048279
13.004902184009552
13.408288389444351
14.141177743673325
14.503261268138885
15.679027318954468
17.032082080841064
17.411790668964386
17.419940531253815
18.209896087646484
18.356325209140778
19.07041436433792
19.359887897968292
21.48979562520981
20.284221649169922
21.301644265651703
21.543193519115448
21.954444527626038
21.462001383304596
22.277107417583466
22.39118266105652
23.105560064315796
22.799354672431946
24.103660941123962
23.13885188102722
24.455076575279236
24.284320294857025
23.047240614891052
24.45806872844696
22.787365198135376
23.868889808654785
23.720835268497467
23.858386993408203
24.288828313350677
24.699625849723816
24.64620292186737
24.047110497951508
24.185736060142517
21.51420819759369
20.701834321022034
17.06039661169052
15.259168207645416
11.641093343496323
11.633654862642288
12.052276879549026
13.392014652490616
14.481298863887787
14.94637942314148
15.602261900901794
15.861060559749603
15.087730824947357
16.557467341423035
14.665219485759735
14.675567030906677
15.355160892009735
16.027117013931274
14.628779172897339
