3.1620608642697334
3.821938693523407
2.9810785576701164
2.69438286870718
2.7214180678129196
3.6350368931889534
3.3848210275173187
4.54719015955925
6.125605925917625
7.014156103134155
8.435651242733002
10.22182834148407
12.3148934841156
14.396639257669449
13.66188159584999
16.48634797334671
17.580079674720764
17.286061763763428
18.95512682199478
19.133288502693176
21.057082056999207
21.827091097831726
22.32165241241455
21.368017852306366
23.10859388113022
23.63443434238434
23.08855676651001
23.620964288711548
23.857891976833344
23.837794482707977
24.618059396743774
23.940258979797363
22.307717502117157
20.425762176513672
18.895929634571075
15.264884173870087
11.448312103748322
9.071299195289612
9.084872305393219
11.540941029787064
12.970855563879013
14.687233000993729
16.610697746276855
17.153248012065887
18.50182020664215
19.946906208992004
21.053077936172485
21.33192229270935
21.41286665201187
23.094292163848877
22.8002148270607
23.08226329088211
23.545513570308685
24.159928679466248
23.898412585258484
23.27263468503952
24.8997004032135
24.68561542034149
25.00998330116272
25.580275297164917
26.12797898054123
25.643018662929535
24.836127817630768
25.64141970872879
25.48300439119339
26.18119204044342
26.254007399082184
26.228757619857788
26.229904532432556
26.57114589214325
26.693705141544342
25.442201733589172
25.66057449579239
25.90237247943878
25.857506215572357
25.479958474636078
25.89116394519806
25.05678230524063
25.77248227596283
25.03691190481186
26.20902293920517
26.2970330119133
25.740337312221527
25.898667335510254
25.76836508512497
26.270962834358215
26.173538863658905
26.14599907398224
26.047333121299744
25.94438326358795
26.069185256958008
26.491459846496582
25.658401429653168
26.57733005285263
25.686249494552612
26.27136927843094
25.909028470516205
26.35170602798462
26.340054154396057
25.907534778118134
26.09972757101059
25.745223581790924
25.79342657327652
27.114367604255676
25.812294363975525
26.1283175945282
25.67352992296219
26.555652737617493
26.112467765808105
25.884645402431488
26.226906299591064
26.0856351852417
26.18846696615219
26.670599222183228
26.60167545080185
26.5704665184021
25.362850546836853
25.26386070251465
25.61799192428589
24.394388556480408
23.02490210533142
20.865786254405975
17.346001625061035
16.009071052074432
14.846059501171112
14.422786116600037
13.402198284864426
12.201996922492981
11.045091420412064
11.092495262622833
13.788937419652939
18.04095071554184
20.058554232120514
22.300647854804993
23.041251599788666
23.790725350379944
23.722882211208344
25.16708606481552
25.71375000476837
25.878718495368958
25.19318187236786
26.20221710205078
25.772391259670258
26.26086860895157
26.894270598888397
26.775389194488525
26.204719066619873
26.231147706508636
26.403411746025085
25.788122296333313
25.812070846557617
25.759603321552277
25.42544025182724
25.982099175453186
26.516125679016113
25.80202740430832
25.691111087799072
26.123119294643402
26.405269384384155
26.079378068447113
25.849174082279205
25.018869817256927
26.61669909954071
27.29132068157196
25.220237493515015
26.788836658000946
26.733413636684418
25.87152200937271
26.160747587680817
25.795505940914154
25.30618405342102
26.856255173683167
25.9216690659523
25.655653834342957
27.092705488204956
26.42945820093155
25.312101006507874
26.28910720348358
25.613066613674164
26.230589032173157
26.436211228370667
26.491359889507294
26.688904941082
26.01768559217453
27.071661353111267
26.744237422943115
26.01999169588089
26.611920416355133
26.521698892116547
26.151950657367706
26.63980132341385
25.920727133750916
26.526233673095703
25.96702229976654
26.314011991024017
26.301960825920105
26.393962502479553
25.750055134296417
26.663743138313293
25.901501893997192
26.056975662708282
26.10494703054428
26.93971562385559
25.65752935409546
25.705119371414185
26.154509782791138
26.432792246341705
25.329059064388275
26.2778462767601
25.919796347618103
26.639853179454803
26.208328664302826
26.484863221645355
26.076528429985046
26.53116875886917
27.10071289539337
25.715858340263367
27.07928967475891
26.711817622184753
25.9053173661232
26.099269330501556
26.066053926944733
25.7301327586174
26.658302128314972
25.9800106883049
25.53350466489792
26.139257490634918
25.652609884738922
26.67218941450119
25.782774746418
26.03675478696823
26.188676297664642
26.68580460548401
25.502317428588867
25.73435640335083
25.75553649663925
26.5692600607872
26.99003916978836
26.734995305538177
25.236292243003845
26.06727421283722
27.091638267040253
26.06316304206848
26.043796002864838
25.25637137889862
25.820042729377747
25.412280201911926
26.435091078281403
25.704471468925476
26.220642268657684
26.401345133781433
26.085729241371155
25.64256054162979
26.20390099287033
26.178662419319153
26.70933496952057
24.738956212997437
25.86665940284729
25.22380405664444
26.776990294456482
26.41002905368805
26.85738831758499
26.750982880592346
25.857310116291046
25.280204951763153
25.957191586494446
26.025626242160797
27.162288188934326
26.110826671123505
26.57604229450226
26.493954181671143
26.544860899448395
26.49186211824417
26.24983835220337
26.052187502384186
25.90138190984726
25.891205847263336
26.13755911588669
26.566623210906982
26.075584769248962
25.421789169311523
26.49750679731369
26.474409461021423
26.013828694820404
25.969298899173737
26.57531774044037
26.546667993068695
26.879638850688934
26.048346519470215
25.38268768787384
25.254312872886658
24.793287932872772
22.542024612426758
19.1608704328537
18.644748866558075
20.841118216514587
24.72428923845291
25.036724150180817
25.134546637535095
26.748730778694153
25.790128886699677
26.251969873905182
26.577920377254486
25.930399894714355
25.601433992385864
26.526099801063538
26.27685582637787
25.93549221754074
25.46004045009613
25.52344173192978
26.19417232275009
25.528151392936707
25.619074881076813
25.761464953422546
26.181148946285248
26.154526710510254
25.254819631576538
26.407628059387207
25.41601461172104
25.863632142543793
26.353597104549408
25.687416076660156
26.28947901725769
26.159839689731598
25.851774632930756
25.858818292617798
25.42336940765381
26.17227852344513
26.00210988521576
25.82102870941162
26.580491364002228
26.309187054634094
26.57246559858322
25.33688110113144
26.487605035305023
25.29400861263275
26.20273232460022
26.572055459022522
25.091595947742462
25.700738072395325
26.305024564266205
26.327785432338715
25.909675419330597
26.30388182401657
26.642205953598022
26.12695676088333
26.154894769191742
26.207424223423004
25.964654326438904
25.86372482776642
26.050152361392975
26.099427342414856
25.167867183685303
25.8511164188385
26.459341645240784
27.070767641067505
26.058246076107025
25.716666162014008
26.086768448352814
26.596803724765778
26.243022084236145
26.901837468147278
25.469849944114685
25.311208605766296
26.568146586418152
26.10485315322876
26.17821729183197
25.482303142547607
26.185830175876617
25.848927855491638
26.614506125450134
25.663320124149323
24.463386297225952
20.01070088148117
17.92706960439682
20.700430274009705
25.216110229492188
25.028957426548004
25.621115505695343
25.593579471111298
26.030502140522003
25.31698739528656
26.36065971851349
25.81093657016754
25.02103877067566
26.379496037960052
25.621356964111328
26.22449004650116
25.35813879966736
25.767822980880737
26.2023748755455
26.745518445968628
25.84265547990799
25.616649448871613
26.657633304595947
26.339300990104675
26.41531890630722
26.049241304397583
25.65269047021866
26.408529698848724
26.62671685218811
25.86572104692459
25.696759581565857
25.964694619178772
27.30988097190857
26.567744195461273
25.503317296504974
26.34554547071457
25.749265789985657
25.503734290599823
26.001241147518158
26.236815869808197
25.743439197540283
25.388960242271423
26.138861000537872
26.361875891685486
25.744424879550934
26.46309506893158
25.865696132183075
26.099861204624176
27.161612033843994
26.29698634147644
25.250093519687653
25.57308316230774
26.259960114955902
25.5413516163826
25.965423345565796
25.54549276828766
26.6883225440979
26.039202451705933
26.333590924739838
25.970448851585388
26.246727108955383
25.99190664291382
25.8142768740654
25.15788346529007
26.191793620586395
26.54920530319214
25.67524665594101
26.174252688884735
25.961905002593994
26.13962596654892
25.189186811447144
26.530613243579865
27.06073296070099
25.71542090177536
25.05735033750534
26.330412805080414
25.55967426300049
24.85225647687912
25.248269498348236
24.619350492954254
25.2007218003273
24.189645409584045
21.904580950737
19.530250549316406
16.724293768405914
16.094257712364197
17.228705942630768
19.830328345298767
21.26588273048401
22.26396930217743
21.482257425785065
22.576055467128754
22.520418286323547
22.64284634590149
20.040339529514313
17.504245221614838
15.73345148563385
13.84915828704834
13.020020127296448
14.697421669960022
16.012238442897797
17.09730988740921
17.4260693192482
17.74458009004593
18.447995603084564
18.821921288967133
19.495399057865143
19.09515631198883
17.86597365140915
17.669369280338287
16.343566477298737
14.122609376907349
14.246930360794067
16.628815352916718
20.340120255947113
21.92883449792862
23.953136801719666
23.991006433963776
24.721420168876648
25.4084512591362
25.270974695682526
24.7244091629982
25.53641849756241
25.374260365962982
25.58853566646576
25.77921962738037
25.431844890117645
25.669283390045166
25.306432485580444
25.27497309446335
26.167183876037598
25.73095715045929
25.541573345661163
25.791598618030548
26.015907049179077
25.15707278251648
24.67595499753952
25.389860332012177
24.627190470695496
26.04673731327057
25.686541259288788
25.0895317196846
25.99779713153839
24.72040718793869
25.553223431110382
25.799114406108856
25.231195151805878
25.930824041366577
24.766000986099243
25.800174355506897
25.953618466854095
25.197571277618408
26.146162569522858
25.437305688858032
25.062050998210907
26.093270242214203
25.62175625562668
24.893371105194092
25.228699207305908
25.491375029087067
25.411346316337585
25.583452582359314
25.462648272514343
24.918705701828003
25.92779266834259
25.547632038593292
25.856276750564575
25.989766001701355
25.83124667406082
25.85020738840103
25.004973113536835
25.086547553539276
25.012603044509888
24.991726517677307
25.14739614725113
25.697129905223846
24.777278661727905
25.395267963409424
26.000825583934784
25.231840431690216
24.831389129161835
25.551014721393585
25.640710294246674
25.804398953914642
25.020664513111115
25.407239198684692
25.76248401403427
25.490211009979248
25.645630598068237
25.106810331344604
25.22063499689102
25.27069115638733
25.635629415512085
25.909520506858826
25.86228859424591
25.65265530347824
25.39315229654312
25.975341737270355
25.37507039308548
25.17985963821411
25.93584507703781
25.015185177326202
25.532367706298828
25.68130737543106
24.880150198936462
25.954210221767426
24.820453703403473
24.829187750816345
25.300215303897858
26.217109501361847
26.284962594509125
26.25966703891754
25.144795060157776
26.670827388763428
25.20148855447769
25.63555598258972
25.552260279655457
25.143719375133514
25.671569228172302
25.84461498260498
25.61778086423874
25.164178431034088
24.99141365289688
24.619857490062714
25.945939898490906
25.36377900838852
24.864952087402344
25.145273864269257
25.086422502994537
24.842797338962555
25.62735342979431
25.23668485879898
25.891129076480865
25.727798342704773
25.41913741827011
26.084120094776154
25.499823570251465
24.99799144268036
26.00206983089447
25.515342235565186
24.29769003391266
25.652832746505737
25.443317115306854
25.019969880580902
25.080903232097626
25.22157233953476
25.27700912952423
25.266086101531982
24.822038054466248
25.06034964323044
24.69243234395981
25.818115055561066
25.902579486370087
26.185945749282837
25.82071477174759
25.95313572883606
25.627914249897003
26.009706377983093
25.225522458553314
25.140387773513794
24.52862673997879
24.980360865592957
25.488538026809692
25.565054416656494
25.41931712627411
26.26137363910675
24.807370901107788
26.229633927345276
25.649879038333893
25.259690284729004
25.72786921262741
25.05211967229843
25.245979964733124
25.166190028190613
24.024978578090668
24.71130859851837
23.153473377227783
24.322973370552063
22.284927427768707
21.439850509166718
19.20248258113861
16.76731699705124
16.850908398628235
19.22688353061676
21.79138296842575
23.548047721385956
24.91657304763794
24.88467127084732
25.799871802330017
26.048076808452606
25.466461718082428
25.969277322292328
25.612996339797974
25.936603605747223
26.155546009540558
25.6745787858963
25.99010694026947
25.447939455509186
26.497561991214752
26.412030696868896
25.797648191452026
24.803829848766327
24.799712419509888
24.268177032470703
24.124169647693634
23.096302390098572
20.52105540037155
17.47804546356201
15.746728360652924
12.538890272378922
11.449018150568008
11.948023438453674
11.173087269067764
13.610924899578094
16.304509937763214
19.6830176115036
22.481454014778137
24.66168838739395
25.837434470653534
25.701214909553528
26.450023889541626
26.011945724487305
26.514568150043488
24.921595752239227
24.69757968187332
25.976493179798126
25.411724865436554
26.23891794681549
24.912128806114197
26.19751650094986
25.749294936656952
26.40391856431961
26.271479964256287
26.215052902698517
26.198046565055847
25.842651188373566
26.210932672023773
25.98880660533905
25.55402362346649
25.996426463127136
26.612957000732422
26.875939190387726
25.0344278216362
26.095225036144257
25.74052268266678
25.602157056331635
26.0590717792511
26.77586305141449
26.58334058523178
26.048759937286377
26.76208621263504
25.66133862733841
25.057727813720703
26.177679896354675
26.00760680437088
25.16331672668457
26.053947389125824
26.54943346977234
26.305662751197815
25.984440565109253
26.478264093399048
26.308260560035706
25.536014676094055
26.718207240104675
25.716648280620575
25.082818567752838
26.36949348449707
25.905258297920227
26.107639610767365
25.939626395702362
25.733600616455078
25.541392743587494
25.851855218410492
24.617208182811737
23.480159759521484
20.340183317661285
18.15493994951248
17.33791697025299
19.00032901763916
21.297312140464783
23.322975277900696
24.401089370250702
24.163080751895905
25.84795707464218
25.662889420986176
25.003446102142334
25.448161602020264
25.811618447303772
25.16595458984375
25.881852746009827
25.51489681005478
25.336734235286713
25.815357625484467
25.568645894527435
25.05510103702545
25.216619789600372
25.224980056285858
25.991457521915436
24.266585052013397
24.877587497234344
25.206147730350494
25.520925641059875
25.457675337791443
24.172749996185303
25.974595487117767
24.036274671554565
22.88493436574936
20.624722361564636
17.20231920480728
18.608779072761536
23.43815940618515
23.75804352760315
25.510349452495575
25.661500215530396
25.970386922359467
26.821568310260773
25.943506717681885
26.164539754390717
26.03930926322937
27.108902513980865
25.475043654441833
25.549946129322052
25.355081856250763
27.082025706768036
26.027734875679016
25.721637547016144
25.095075368881226
25.9348806142807
25.73060142993927
25.871896386146545
26.48468714952469
25.865160167217255
26.203240990638733
26.981158316135406
26.45697969198227
26.012772500514984
25.82516348361969
26.06773465871811
25.776954531669617
25.61300653219223
26.275046586990356
25.133776128292084
24.66184115409851
26.177407205104828
26.08664709329605
26.205704867839813
25.84688687324524
26.84314078092575
26.34966868162155
25.405877709388733
25.855329990386963
26.303182303905487
25.642895460128784
25.58669286966324
25.23367428779602
23.356652200222015
19.61207205057144
17.820478856563568
17.84729027748108
21.29280424118042
23.218806624412537
24.720619797706604
24.53191339969635
24.579754769802094
25.153501331806183
24.898881196975708
25.363079011440277
25.33226376771927
26.028876960277557
25.836408138275146
25.28050172328949
25.388642728328705
25.583154797554016
25.80232059955597
25.38363391160965
24.782747983932495
25.862607955932617
25.838063716888428
25.384467840194702
24.834046006202698
25.932759940624237
25.04209566116333
25.03532975912094
25.85927516222
25.813841998577118
25.997320652008057
26.107544720172882
24.685781240463257
25.685990393161774
24.976646542549133
26.489214718341827
25.07676887512207
25.680725514888763
25.137959599494934
25.103926122188568
25.679179430007935
26.206085085868835
25.537841856479645
25.147221326828003
24.261106610298157
25.866452634334564
24.71610391139984
25.022034525871277
24.9377703666687
24.43794536590576
23.982498228549957
22.867397367954254
21.725431263446808
19.858381927013397
20.578363299369812
18.655275106430054
18.064671754837036
17.63104486465454
17.273774802684784
16.79516839981079
16.682540476322174
17.375867784023285
17.246387362480164
17.945396661758423
18.514094173908234
19.3004931807518
19.60128802061081
18.839241445064545
17.851867079734802
16.21048802137375
17.609191417694092
20.047432959079742
21.982756674289703
25.538116931915283
24.821817457675934
25.611829161643982
25.253707766532898
25.330571830272675
25.691902816295624
26.16683530807495
25.504182636737823
25.71336328983307
26.001453816890717
26.335455179214478
26.956927001476288
26.680148422718048
26.11093246936798
25.289402902126312
26.410255193710327
25.919903874397278
26.02386975288391
26.060473024845123
24.936418533325195
25.777717769145966
25.42459225654602
26.11159586906433
26.231940031051636
25.691568851470947
26.38645339012146
25.98997074365616
25.762911796569824
25.728067994117737
26.405106723308563
26.105165779590607
25.3864004611969
25.392108261585236
26.050283312797546
26.318302631378174
25.697306156158447
25.64090782403946
26.13204139471054
25.941967487335205
26.561155140399933
25.747707068920135
26.32656842470169
26.857520937919617
26.074249386787415
26.360382437705994
26.231688499450684
26.202190697193146
26.09997457265854
25.938245475292206
25.68273627758026
25.56429696083069
26.196382522583008
25.510862112045288
25.886931240558624
26.31892555952072
25.293691992759705
25.081264913082123
25.814406991004944
26.12785130739212
26.226041793823242
25.633751928806305
25.819947838783264
26.24863088130951
26.419255137443542
25.8812113404274
25.778113901615143
25.051925241947174
26.010201811790466
25.74208229780197
26.36534947156906
26.389451444149017
25.650790095329285
25.42025738954544
25.817921578884125
25.601464569568634
25.20101398229599
25.401913344860077
26.246110379695892
26.503462612628937
25.928029358386993
25.679971754550934
25.89719784259796
26.693794786930084
25.93933606147766
25.367250502109528
25.95488053560257
26.35457468032837
26.412292957305908
26.514322519302368
25.76055872440338
26.290084660053253
26.948316514492035
25.77495127916336
26.91728550195694
25.67738252878189
26.85502427816391
26.360279381275177
26.580975890159607
26.144390046596527
26.694128572940826
26.21340584754944
26.432446897029877
25.80475205183029
26.707362413406372
25.97238302230835
25.92079597711563
26.973537623882294
26.32252597808838
25.74111157655716
26.34457701444626
26.677899599075317
26.05755716562271
26.673085033893585
25.265041768550873
25.432383060455322
26.099316239356995
25.86379873752594
26.306075930595398
25.938145697116852
26.022350013256073
24.716642796993256
26.200259923934937
26.485871970653534
25.241868793964386
26.495896756649017
24.918039917945862
25.91373920440674
25.54598218202591
26.337502002716064
26.263531267642975
25.34491717815399
26.808287143707275
25.091513693332672
27.055542290210724
25.486953616142273
24.58776146173477
25.72519826889038
25.69566637277603
24.995260179042816
26.167876183986664
25.762299418449402
24.924116373062134
25.608553290367126
24.883919775485992
23.720195412635803
24.53973698616028
22.947001338005066
22.21320730447769
21.471332371234894
21.154657304286957
19.762139916419983
17.988541543483734
14.543672263622284
14.377886891365051
13.880945026874542
16.86478817462921
18.820723950862885
21.16149777173996
21.94139051437378
24.048999309539795
23.440795242786407
24.283372163772583
25.611585199832916
24.66200417280197
25.97483330965042
26.12383270263672
26.373427093029022
25.386243104934692
26.536333441734314
25.105159878730774
25.684860169887543
25.668369829654694
26.027657628059387
26.46100550889969
27.208832919597626
26.684316635131836
25.338938772678375
24.987680435180664
25.718811988830566
26.29659080505371
26.95498478412628
25.29603463411331
25.556800305843353
26.29246073961258
26.852410435676575
26.164694488048553
25.942854523658752
25.69590973854065
25.747178494930267
25.84627789258957
26.738081693649292
25.219470500946045
25.18030208349228
24.283523559570312
22.835113644599915
22.29615890979767
20.550354599952698
19.625480890274048
18.76264464855194
17.297708451747894
16.954219579696655
17.403141975402832
17.725400865077972
17.40632128715515
16.780748665332794
16.43021869659424
16.29908275604248
16.33182853460312
15.467010915279388
15.561139345169067
16.247264683246613
15.191280484199524
14.596094250679016
14.22604215145111
12.767717063426971
13.199299842119217
12.232975095510483
12.48157274723053
11.113463759422302
10.554582864046097
10.208632409572601
9.963219374418259
9.89056384563446
9.857141852378845
10.478679239749908
10.21350473165512
10.579843491315842
11.088869422674179
11.374366909265518
11.454536467790604
11.63049578666687
12.698019862174988
13.02381581068039
12.266183763742447
12.847490936517715
13.408496797084808
14.651150345802307
14.428204387426376
14.51246851682663
14.791901588439941
15.101423442363739
16.323544323444366
17.488923370838165
16.39957946538925
17.71716696023941
17.11952632665634
17.20890361070633
19.57273668050766
17.986775517463684
19.716677486896515
20.054740011692047
19.95325917005539
20.255987346172333
20.654239892959595
20.405728042125702
20.501411080360413
21.55077040195465
22.018824636936188
21.571925044059753
21.382756233215332
20.77860653400421
20.620066583156586
20.52503216266632
20.245733618736267
20.082695424556732
19.046733558177948
19.301353931427002
18.876247465610504
17.348285615444183
17.55130171775818
17.70972728729248
17.832623541355133
16.055689573287964
16.163866996765137
17.125289738178253
16.316574335098267
16.779801547527313
16.718258380889893
17.310927748680115
17.818981051445007
18.658350348472595
17.488480925559998
19.23364394903183
19.425442814826965
19.833166003227234
19.721073269844055
19.929316341876984
22.238311231136322
20.928803384304047
20.72182136774063
21.636042654514313
21.628884375095367
22.491842567920685
23.588344156742096
22.152970373630524
23.655866503715515
23.563131034374237
23.94331330060959
23.520162224769592
23.5047065615654
23.237670838832855
21.566493690013885
20.641257882118225
19.657309234142303
18.589744210243225
17.876030147075653
17.369700014591217
16.676730632781982
16.417350709438324
18.058478832244873
18.885940551757812
20.047017753124237
21.224476635456085
20.96311068534851
22.02962738275528
23.39618057012558
23.12278527021408
21.08344393968582
19.321373641490936
17.79497468471527
17.091547787189484
18.383560478687286
18.580364763736725
19.748685717582703
19.559647023677826
18.318801641464233
17.66430115699768
18.189608693122864
16.35174137353897
17.615039825439453
17.623547077178955
18.80345344543457
19.749927282333374
21.243014931678772
21.882191061973572
22.172719359397888
21.834098398685455
22.103769600391388
22.07682466506958
21.71661204099655
21.488415122032166
20.36461991071701
20.100520968437195
19.499707520008087
18.129385769367218
16.97281002998352
16.544100880622864
16.28071963787079
16.94057959318161
16.54953968524933
18.0200417637825
16.728119671344757
16.707225441932678
17.01184844970703
16.046299934387207
16.776133060455322
15.420159757137299
16.22985601425171
14.220550000667572
13.872717469930649
13.67741584777832
11.938448339700699
11.60054025053978
12.336559176445007
14.065515577793121
15.655344605445862
19.292304754257202
22.16795814037323
22.020803332328796
22.802201569080353
23.301535487174988
24.359176874160767
24.59617280960083
25.16507351398468
25.744773983955383
25.199631452560425
25.658871829509735
25.43765950202942
25.489228129386902
25.84007978439331
26.126836717128754
26.53274440765381
26.23125123977661
25.86485928297043
25.552400171756744
26.069897890090942
25.069083333015442
26.01785969734192
25.666462242603302
26.63671863079071
27.03075671195984
25.97066044807434
26.428360164165497
26.66821777820587
26.327973544597626
25.126284778118134
25.858479738235474
26.206348955631256
25.433425426483154
26.307102143764496
25.3351913690567
26.22922784090042
26.216715812683105
25.995024383068085
25.86247831583023
25.372602939605713
26.604418694972992
26.035143435001373
25.863355934619904
26.647739052772522
26.264744699001312
26.507493913173676
24.941978335380554
26.150742769241333
25.377961456775665
26.572480618953705
26.021770238876343
25.83535325527191
25.781931936740875
25.720248997211456
25.94628018140793
26.850280463695526
25.151066720485687
25.740942001342773
26.80228179693222
25.492187321186066
26.16789209842682
26.675036132335663
26.6621236205101
26.084276795387268
26.11853790283203
26.18153327703476
26.02673989534378
26.097720503807068
26.852915167808533
25.171641647815704
25.665428459644318
25.13452899456024
26.628877878189087
26.055308401584625
24.949776649475098
26.53686934709549
25.6026713848114
25.417884647846222
26.12710529565811
25.863759756088257
25.849379241466522
25.772830486297607
25.18947458267212
25.435786843299866
26.180923998355865
25.64453548192978
26.019392251968384
26.57564252614975
25.649018943309784
26.918242156505585
25.23979824781418
25.314476490020752
26.531125843524933
26.62004828453064
25.494023144245148
25.913616061210632
25.995977461338043
25.939137279987335
26.65843778848648
26.366723835468292
26.036689460277557
26.403605818748474
25.76179736852646
26.536499857902527
26.429229140281677
26.072657346725464
26.19354599714279
27.146447122097015
26.152043640613556
25.441790461540222
25.6394704580307
25.463377058506012
24.578246355056763
25.747227370738983
25.572803735733032
25.75650930404663
24.328470170497894
24.45072340965271
22.712472200393677
22.471031963825226
21.013460755348206
20.77119916677475
21.35707050561905
20.02129966020584
18.808568716049194
18.35837149620056
17.225723922252655
16.89922934770584
16.923426806926727
17.05030107498169
15.33235377073288
16.53091388940811
16.502948760986328
16.337683618068695
16.235770404338837
15.208231925964355
16.355880081653595
15.671098053455353
15.80499941110611
16.056764125823975
16.003737032413483
15.660519540309906
15.372993648052216
15.242453217506409
15.303485333919525
15.73486053943634
14.754608929157257
15.708310663700104
15.49591726064682
15.208345770835876
15.89447420835495
16.0982568860054
16.276705980300903
15.03674829006195
14.144283682107925
13.496175557374954
12.284132719039917
11.981852352619171
11.828146576881409
12.105443865060806
12.207752615213394
12.459463268518448
12.52417242527008
13.35655289888382
13.311511725187302
13.055795043706894
13.159865975379944
13.667988866567612
13.164348393678665
12.890454977750778
12.704155176877975
12.535461515188217
12.072964996099472
11.331959426403046
11.755442023277283
12.262577205896378
12.623240321874619
12.83304014801979
14.430563628673553
14.527490139007568
16.494214296340942
16.612714767456055
18.807307302951813
20.108245611190796
20.424834966659546
20.63354182243347
20.35513973236084
17.501536905765533
18.774209082126617
16.743419528007507
16.466518342494965
15.063206613063812
14.114953130483627
12.008384555578232
11.50481167435646
9.270574390888214
10.924457877874374
12.16219648718834
15.487774312496185
18.209916949272156
20.183497428894043
21.34870958328247
22.53504055738449
23.65195107460022
24.08101111650467
24.57496041059494
24.847308337688446
25.545510709285736
25.42773699760437
25.60577028989792
25.036788880825043
24.630818903446198
24.683129906654358
23.665704369544983
23.577751636505127
24.189488470554352
22.44483494758606
22.145421087741852
19.69145792722702
17.65617287158966
13.77008518576622
14.522559642791748
18.984054684638977
19.970238208770752
23.091516375541687
22.743558764457703
23.861176252365112
24.773815274238586
25.332504153251648
25.499094247817993
25.35588812828064
26.249766528606415
24.683872938156128
25.504214704036713
25.37075036764145
25.786678314208984
25.67030370235443
25.411177098751068
25.653126299381256
24.60428935289383
25.292411386966705
25.023152351379395
25.081142246723175
25.793152511119843
24.8843714594841
25.487955033779144
25.14050817489624
26.00952249765396
24.445302963256836
22.889154851436615
22.72678416967392
19.91250616312027
17.672967076301575
16.087932229042053
16.995635986328125
19.583199560642242
21.45589977502823
23.391399264335632
24.02141636610031
24.319721221923828
24.913367986679077
23.983596444129944
25.746023654937744
25.79638761281967
25.874472975730896
25.724018692970276
25.522188305854797
25.526897192001343
24.423708081245422
25.207181870937347
24.82775855064392
22.792577743530273
23.94310075044632
21.997794091701508
21.933652639389038
20.305906057357788
19.645496785640717
17.478857398033142
15.004763185977936
12.384008079767227
11.407248824834824
11.091858714818954
10.954843550920486
9.489340901374817
8.22310620546341
8.733298271894455
9.354086875915527
8.862875878810883
7.0686705112457275
7.994628697633743
7.6749633848667145
7.65393590927124
7.0266585648059845
7.092047899961472
7.647708505392075
8.138216942548752
7.7913538813591
8.273804008960724
7.955098897218704
8.816588580608368
9.557635635137558
9.648548871278763
10.757064551115036
11.962387800216675
12.519977450370789
13.36985069513321
12.314108669757843
11.497872084379196
11.178597182035446
9.707441300153732
8.837330132722855
9.095131486654282
9.058497577905655
7.5161168575286865
6.491365745663643
6.431017652153969
6.258820816874504
5.873256906867027
6.811709254980087
9.48744848370552
12.506826221942902
14.875768899917603
17.624581515789032
21.16587072610855
21.81139236688614
22.372973561286926
23.55503273010254
24.889713525772095
24.828806400299072
22.479202389717102
21.10486125946045
19.198075771331787
17.779055058956146
13.931695967912674
10.241659194231033
7.008433565497398
5.310258582234383
6.725854441523552
11.355353653430939
16.02688366174698
19.244260847568512
21.96706873178482
23.30722552537918
24.539581954479218
24.766555070877075
25.990568578243256
25.355265974998474
26.164128184318542
26.131529092788696
25.731963634490967
25.341816842556
27.123118579387665
25.617836833000183
26.16625690460205
26.083338379859924
26.6190248131752
26.495668470859528
26.07805645465851
25.394458055496216
26.18725961446762
25.860657036304474
25.77888798713684
25.683768928050995
26.378560841083527
26.727219879627228
25.296174228191376
26.908279240131378
26.49896615743637
26.461611926555634
25.42475861310959
26.07572615146637
25.62907713651657
25.52573573589325
25.961705803871155
26.32430785894394
26.84357875585556
26.083588778972626
26.086896777153015
26.527141094207764
25.657331228256226
25.832059264183044
26.105543673038483
25.8858380317688
26.102229475975037
26.265655159950256
25.352950990200043
25.501760244369507
25.528620302677155
26.160406231880188
26.231149315834045
25.663700878620148
26.298888981342316
26.344585299491882
26.559748589992523
26.1341792345047
26.363861739635468
25.129794776439667
25.676251888275146
26.328786075115204
25.09615981578827
26.927061140537262
25.41010820865631
25.799076914787292
25.664826333522797
25.802348971366882
25.72006231546402
26.27372658252716
26.43031543493271
25.972090899944305
26.818862557411194
25.99784916639328
25.593458235263824
25.500694036483765
26.179322600364685
25.482965171337128
25.487039864063263
26.81836038827896
25.752540469169617
25.98384779691696
26.116417288780212
26.22905832529068
25.86645770072937
26.0004261136055
25.41561895608902
25.774455070495605
26.047381222248077
25.314387142658234
25.619658589363098
26.81437247991562
26.35467427968979
26.014562249183655
26.29929280281067
25.655952155590057
26.037074744701385
25.85434579849243
25.73936003446579
26.660815179347992
25.102843642234802
25.628352284431458
26.585331559181213
25.704221069812775
26.511270999908447
26.132671356201172
26.793612778186798
25.913613498210907
25.94058358669281
25.737926721572876
25.58415287733078
26.667288839817047
26.347459316253662
25.833547711372375
25.85308974981308
26.309953808784485
26.53318840265274
25.99643510580063
26.553144812583923
26.27051740884781
26.046909630298615
24.992902100086212
26.345623075962067
26.248824298381805
25.566338539123535
26.16297048330307
25.957378685474396
25.26856952905655
25.747270941734314
25.608807384967804
27.066851258277893
25.507517993450165
25.805042684078217
26.24436241388321
25.927339553833008
26.088328063488007
26.141531229019165
26.434228241443634
25.44310575723648
26.4608913064003
25.301902949810028
25.30847954750061
25.6063614487648
26.06478226184845
25.866066873073578
27.187563836574554
25.32739907503128
25.512989401817322
26.193362414836884
25.865504145622253
26.90526646375656
26.31912225484848
25.966547310352325
25.04904192686081
26.184702694416046
27.483075380325317
26.77248227596283
25.74299818277359
25.728987336158752
26.539644479751587
25.799988210201263
25.27542680501938
25.991380393505096
25.75871354341507
25.247090101242065
25.956943333148956
25.337132394313812
25.419648706912994
26.956993401050568
25.30362719297409
25.14564049243927
26.283509731292725
26.26862919330597
26.066892504692078
25.20845103263855
25.964718222618103
26.104436218738556
26.16015088558197
26.8418128490448
26.423442482948303
25.749313950538635
25.642182290554047
26.016879856586456
25.734773695468903
26.08604794740677
26.84546858072281
25.617239952087402
25.791633903980255
26.450576961040497
25.97434163093567
25.83015137910843
25.774645686149597
26.257928669452667
26.790089309215546
26.01656985282898
25.65915209054947
26.448493540287018
26.66237187385559
25.44474595785141
25.79096084833145
26.083686411380768
26.0802743434906
26.088922798633575
25.310872793197632
23.83437615633011
22.01254242658615
20.66612219810486
20.289577662944794
18.953421890735626
16.570062220096588
17.10527741909027
17.635680675506592
18.91555279493332
20.002331912517548
21.585120737552643
22.19512152671814
22.906364798545837
24.5118750333786
25.01534765958786
25.476529002189636
25.795416474342346
25.33398324251175
26.015946984291077
24.85586017370224
25.896987438201904
25.730631828308105
25.035843789577484
25.063305914402008
25.516538977622986
25.499049067497253
25.753837764263153
26.240018904209137
25.00511223077774
24.548187375068665
24.68984717130661
24.20565378665924
24.443737864494324
23.646613895893097
23.64768809080124
22.621776461601257
21.56516170501709
18.98478192090988
16.683696150779724
14.601256310939789
15.107510566711426
18.262787878513336
21.49255359172821
22.3525333404541
24.547992765903473
24.428155720233917
23.855150997638702
24.978096187114716
25.120004296302795
25.60012322664261
25.445822536945343
25.919170260429382
25.027842581272125
25.243737161159515
26.105295181274414
25.912965059280396
26.05184441804886
24.81822168827057
25.60186380147934
25.387631237506866
25.536602199077606
24.784573197364807
25.110913395881653
25.91112792491913
25.002237498760223
25.10233736038208
25.2449192404747
25.763829588890076
24.34303206205368
25.56439244747162
25.01208794116974
25.217694401741028
24.767366886138916
24.926678478717804
25.17682456970215
24.309642136096954
24.235082268714905
22.50693643093109
21.886407434940338
21.209593296051025
19.694273114204407
18.13048368692398
16.83139318227768
17.1042178273201
18.28466784954071
21.063559472560883
22.62883996963501
24.25168889760971
23.757346868515015
25.21808010339737
25.340091109275818
25.815623998641968
25.551513671875
25.84705662727356
26.16896516084671
25.659425258636475
25.75516653060913
25.941939115524292
25.641144037246704
25.40226686000824
24.835575759410858
25.69382232427597
24.738204777240753
24.26394820213318
22.613632380962372
22.775036931037903
20.42708545923233
18.804689526557922
17.834050238132477
16.010540425777435
14.299684941768646
11.850767135620117
11.567865818738937
9.802182078361511
9.129064828157425
9.185059636831284
12.154167473316193
13.777228891849518
16.574449479579926
17.644749701023102
19.300109446048737
21.062102615833282
19.528906285762787
18.526311457157135
17.278065502643585
15.830732643604279
13.911583185195923
11.811876982450485
9.650445014238358
9.632168620824814
9.273538678884506
9.172722399234772
8.336472570896149
8.572948545217514
8.153135478496552
8.047119408845901
8.074909687042236
7.283436089754105
6.734508648514748
7.087175518274307
6.583923324942589
7.024845451116562
6.729532480239868
6.187999486923218
5.526904612779617
5.5670865178108215
6.81392428278923
7.879650413990021
9.986494451761246
12.529558777809143
13.910632014274597
15.386938035488129
17.677929639816284
20.030130624771118
19.142654240131378
20.78192049264908
22.129360377788544
24.149082958698273
24.001932859420776
25.31740003824234
23.675922214984894
25.159747898578644
24.818908035755157
24.865219175815582
25.405853629112244
25.69305384159088
25.915027141571045
24.75944149494171
25.784576773643494
26.159656703472137
26.33247208595276
25.396453619003296
25.47248649597168
26.15648853778839
26.465789318084717
25.827222287654877
26.14538073539734
26.171491265296936
26.02956247329712
26.228205800056458
26.09946596622467
25.61321711540222
26.439623773097992
25.636158764362335
25.708342969417572
25.610210418701172
26.022879362106323
25.896151542663574
25.901546239852905
24.73252499103546
24.490630328655243
24.147390842437744
20.92308682203293
