2.9235193729400635
3.394689939916134
2.477659083902836
2.7094577699899673
2.7120446413755417
2.8089442253112793
4.4552852511405945
4.9858058989048
7.471194326877594
9.0129773914814
10.7055184841156
12.490489155054092
13.904828011989594
15.903653919696808
16.681796371936798
18.766088902950287
19.402221620082855
20.42681360244751
21.509980618953705
22.591075778007507
22.924475967884064
23.815162539482117
23.639994204044342
24.205406069755554
24.163535058498383
24.49522352218628
23.92549580335617
25.812994122505188
25.961127042770386
25.174312233924866
25.271576642990112
25.96244376897812
25.319419741630554
25.058604955673218
25.747933089733124
25.836050510406494
26.20525372028351
26.404490113258362
25.753760814666748
25.50824797153473
24.938628613948822
25.28416407108307
25.05173748731613
25.736098885536194
26.004002571105957
26.224456250667572
25.048210084438324
26.307388424873352
25.35076516866684
25.307436406612396
26.17721277475357
26.736843526363373
25.634767830371857
25.40082335472107
24.960441768169403
25.289810359477997
25.112542629241943
25.144187808036804
25.96270728111267
25.79279327392578
25.763664186000824
25.53089088201523
25.28487241268158
24.71799898147583
23.992254734039307
20.305693089962006
16.83255559206009
17.338196337223053
21.54956591129303
24.220436990261078
25.215215981006622
26.338768482208252
25.795414090156555
25.229342341423035
26.030655086040497
24.6481796503067
26.742621660232544
25.462381780147552
25.93251246213913
27.256957948207855
26.393495976924896
26.52068132162094
26.452210247516632
26.551686584949493
26.446972966194153
25.68688404560089
26.882940709590912
25.750872254371643
26.66941487789154
26.339905440807343
25.789751827716827
25.329964458942413
25.976678669452667
27.043404400348663
25.71911519765854
25.640401899814606
25.6988987326622
25.518542885780334
25.5525004863739
25.943267226219177
27.057259261608124
26.092659652233124
26.762383580207825
25.891947746276855
26.1290825009346
25.545013189315796
26.6905699968338
26.405063271522522
25.6346452832222
25.80490756034851
25.467102825641632
25.919600784778595
26.370788991451263
26.817806601524353
26.413420617580414
26.105918049812317
25.749828696250916
26.471018970012665
26.300210177898407
26.203924000263214
24.87114107608795
26.227977097034454
26.189677834510803
26.034901022911072
26.348392844200134
26.432065069675446
25.769496381282806
26.466796040534973
26.00184792280197
26.018177330493927
25.507514595985413
24.771859049797058
26.5237717628479
25.84581983089447
25.971924781799316
25.581381261348724
26.255969643592834
24.073884189128876
23.704375326633453
23.111369609832764
21.32592910528183
20.19999462366104
17.132014513015747
15.142328321933746
13.71440264582634
13.913528591394424
14.398327648639679
15.787474870681763
17.595140635967255
20.66786116361618
21.615922689437866
24.03144747018814
25.030911028385162
25.405407667160034
25.407265543937683
25.87059211730957
25.0053848028183
25.629513561725616
24.91951334476471
25.43848091363907
26.94598776102066
25.790287911891937
25.351269841194153
25.62232130765915
25.90433156490326
26.02762508392334
25.593619346618652
27.07653933763504
25.276571452617645
25.861197471618652
25.40875655412674
25.971276104450226
26.04224455356598
26.243748545646667
26.09228217601776
26.314402163028717
25.987132966518402
25.834108591079712
25.993806183338165
26.584527134895325
26.43986213207245
26.459114730358124
25.40188419818878
25.575680911540985
26.142962098121643
26.392040133476257
25.131625175476074
27.43770158290863
25.480130791664124
26.419738471508026
24.356177151203156
24.979846954345703
25.086043536663055
21.402051210403442
17.776507258415222
17.286138772964478
22.223821580410004
24.193883419036865
24.46511536836624
25.39399689435959
25.533513844013214
25.78380811214447
26.14339977502823
26.09078073501587
25.34895569086075
24.43331629037857
26.200838088989258
25.753213107585907
25.776395738124847
26.19200909137726
24.68755453824997
25.051726937294006
25.317561328411102
25.14800065755844
24.44452053308487
25.413956880569458
24.537396907806396
25.219295024871826
25.641121745109558
26.781287789344788
24.810665547847748
26.134208858013153
24.479001104831696
25.226219356060028
25.791913866996765
24.739191114902496
25.402829587459564
24.55400460958481
25.772387206554413
25.02821582555771
24.919568121433258
25.39061588048935
25.500467538833618
25.799163043498993
24.61260098218918
25.622890055179596
24.7888320684433
25.38934415578842
25.543429732322693
25.150114834308624
25.079792499542236
24.791101038455963
25.840079307556152
26.268153369426727
25.786542117595673
25.957157731056213
25.339958250522614
25.49699693918228
25.53071963787079
25.284045040607452
25.623376786708832
26.265651285648346
25.691092789173126
25.079382359981537
25.590666830539703
25.96104621887207
24.918473660945892
24.8752161860466
25.624851942062378
25.038458585739136
26.05744433403015
25.48160833120346
24.970255970954895
24.77930235862732
25.49472278356552
25.563264667987823
24.87375682592392
25.51895236968994
25.393829584121704
25.23315179347992
25.531734883785248
25.90291130542755
26.401685416698456
24.890769064426422
25.34138709306717
25.964603006839752
25.998239159584045
25.466588735580444
26.141239285469055
25.965633511543274
25.500735998153687
25.69222891330719
24.90280431509018
25.537269711494446
25.985537886619568
25.361313462257385
25.324329495429993
25.85124397277832
26.180696606636047
24.86481010913849
25.32524996995926
26.394955277442932
25.95597153902054
25.563530921936035
25.32389235496521
25.895293295383453
25.957675457000732
25.43743544816971
25.415660202503204
25.285229861736298
25.322414100170135
24.922791063785553
25.72016203403473
25.59783101081848
24.745435297489166
25.02345961332321
26.107059836387634
26.15168672800064
25.02201533317566
26.02158033847809
25.784387528896332
25.605298817157745
25.35164302587509
25.767778396606445
25.045223832130432
25.264096081256866
24.687845289707184
25.32923811674118
25.561735153198242
25.66744464635849
25.232467234134674
25.341068267822266
25.365885615348816
25.739742815494537
25.421368300914764
25.35814392566681
25.993949234485626
24.89086252450943
25.732321679592133
24.861970722675323
25.56451290845871
25.57159274816513
25.71893662214279
25.53767418861389
25.320038735866547
25.897413432598114
24.76056432723999
25.657223880290985
25.363842487335205
25.911075830459595
25.179101824760437
26.22148323059082
26.014232337474823
25.354074001312256
26.83381623029709
25.954043090343475
26.195684790611267
24.745209753513336
25.536873519420624
24.799615383148193
26.145495235919952
24.62894642353058
25.881133258342743
25.688734769821167
26.09017127752304
25.93769359588623
25.09760320186615
24.721232056617737
25.211876332759857
25.00359559059143
25.062885403633118
24.78388637304306
26.357136070728302
25.24533325433731
25.15446001291275
25.878229916095734
25.886191308498383
24.956724107265472
25.39636731147766
25.115790247917175
25.814802408218384
25.894827961921692
26.170972764492035
25.616170644760132
25.166252553462982
25.920735716819763
25.40490025281906
25.743265211582184
24.804630517959595
24.794435679912567
25.964016139507294
24.956669807434082
25.63403081893921
25.820643305778503
25.435637950897217
25.107670426368713
25.076764941215515
24.395761489868164
26.054562628269196
24.64607483148575
25.191448867321014
25.894563257694244
25.088501155376434
25.75316447019577
25.993816196918488
25.603297352790833
24.74642676115036
25.633123457431793
26.235219180583954
25.945735037326813
25.76487225294113
25.245212137699127
25.374155044555664
24.51246464252472
25.25684678554535
25.959148645401
24.91876596212387
24.76557946205139
25.22471797466278
25.89321333169937
25.03234225511551
25.179327607154846
25.77866393327713
26.02210032939911
25.720047175884247
25.5339252948761
25.71388977766037
25.09268319606781
25.552148699760437
25.411971747875214
25.768178820610046
24.512641847133636
25.9918874502182
26.747864186763763
25.832256019115448
25.435889065265656
25.680713891983032
25.028873324394226
26.416759729385376
24.72229039669037
25.080906748771667
25.327102661132812
25.827849686145782
25.121365785598755
25.137364149093628
25.654843866825104
25.26642084121704
26.36312109231949
26.019588589668274
25.68209218978882
25.89415204524994
25.09119361639023
25.57659661769867
27.020293176174164
25.217422425746918
25.255926430225372
25.219027280807495
25.268673837184906
25.193901658058167
24.940369069576263
26.053233981132507
25.426820635795593
25.558083951473236
25.496127784252167
26.430833756923676
26.131537199020386
25.004674971103668
25.818574845790863
25.03330224752426
25.36747121810913
25.051671385765076
25.435107588768005
25.84391498565674
24.431400418281555
24.553744077682495
26.22204214334488
25.80906718969345
25.847091734409332
25.727642059326172
25.96852844953537
25.28302311897278
24.86544120311737
25.508164882659912
25.30620712041855
25.92216169834137
25.3318994641304
24.928532898426056
24.901070654392242
25.6660897731781
24.87141513824463
25.722124874591827
24.232772886753082
26.1139834523201
24.969049274921417
25.81451255083084
25.500910878181458
25.123489558696747
25.935845851898193
25.090065956115723
25.651443660259247
24.6092666387558
24.303892731666565
24.127607583999634
23.71588110923767
21.691830039024353
20.847789645195007
19.542633831501007
18.191868603229523
15.332267999649048
14.680738091468811
13.878468811511993
14.222249865531921
16.99270671606064
18.872878789901733
19.873666048049927
21.445985019207
22.54360556602478
24.148875772953033
24.621228575706482
24.21477437019348
25.111789047718048
24.420789182186127
25.49827527999878
24.754571974277496
25.141694247722626
25.019702196121216
25.21430194377899
26.279234886169434
25.012690782546997
25.216220676898956
25.836275696754456
24.575902104377747
26.182694971561432
24.93446159362793
25.778116106987
26.315716803073883
26.32745736837387
25.875710010528564
25.664021909236908
25.577678203582764
26.236244082450867
26.132864236831665
26.820143938064575
26.302814960479736
25.741705656051636
26.097471117973328
25.35390466451645
24.293441593647003
25.586851119995117
26.369696080684662
25.360756993293762
26.383467972278595
25.87714833021164
26.105499625205994
25.7510843873024
25.72786647081375
25.396173775196075
26.589579820632935
26.197087466716766
25.186386168003082
26.25448977947235
25.0164515376091
26.703819751739502
25.5453360080719
25.82591950893402
26.130617380142212
26.011085748672485
24.745621383190155
26.92750597000122
26.236611485481262
25.40376615524292
25.73887199163437
24.160522401332855
25.050701916217804
25.288035988807678
26.063899219036102
24.881592571735382
26.293578147888184
24.878293335437775
24.466781437397003
23.43854182958603
23.041848063468933
21.149457812309265
18.618963479995728
15.957508325576782
14.066792011260986
17.27353346347809
20.135384678840637
23.34746140241623
25.2126424908638
24.29791235923767
25.779138505458832
24.981070637702942
24.414036631584167
25.314335465431213
24.358547806739807
25.578868985176086
24.698080718517303
23.010630130767822
21.02468693256378
18.795880615711212
16.770492255687714
14.89907455444336
16.73090237379074
19.080988347530365
21.161623001098633
21.97637313604355
23.91197907924652
24.07388722896576
24.13687562942505
24.320736706256866
22.975069224834442
24.68342751264572
24.992016971111298
24.989439129829407
25.23373520374298
25.3748100399971
23.675622165203094
24.577525973320007
24.27458816766739
26.17661839723587
25.205315053462982
25.307930409908295
26.34907341003418
26.624020636081696
26.468180537223816
25.550000607967377
26.156952798366547
25.63275980949402
25.844481825828552
25.432324469089508
26.2354856133461
25.657054126262665
25.25497657060623
26.024695694446564
25.579558968544006
26.165461480617523
26.026667654514313
25.88064157962799
26.157380402088165
26.38720828294754
26.362300515174866
25.086346209049225
26.15671956539154
27.169967710971832
26.42850363254547
25.505882620811462
25.822774052619934
26.078756749629974
25.695914566516876
25.576619505882263
25.124905705451965
25.886550068855286
26.122512221336365
26.230366945266724
26.297078907489777
25.714657425880432
26.384685218334198
25.40756756067276
25.601883471012115
26.325411558151245
24.885998129844666
23.674034118652344
19.98136329650879
16.66050559282303
18.17438906431198
22.719547748565674
23.9598348736763
26.469958007335663
25.291375637054443
26.684905767440796
25.489967167377472
25.522809982299805
26.255551636219025
25.641375958919525
24.957073867321014
25.91809171438217
25.966210067272186
26.923636376857758
26.166286528110504
25.889904022216797
25.790344715118408
26.417227268218994
25.986000061035156
25.099071383476257
24.966132402420044
23.050221145153046
21.60920113325119
20.271850764751434
17.482972145080566
16.59708470106125
13.52577868103981
14.605551540851593
14.586630940437317
16.05438905954361
15.299642086029053
17.159761667251587
17.036250829696655
17.387137055397034
17.273607552051544
17.038017332553864
17.68378973007202
18.349344730377197
17.53725427389145
16.970094561576843
16.70060682296753
16.538013100624084
17.144486248493195
16.762911021709442
16.704187154769897
16.086865782737732
16.04615718126297
17.22879308462143
16.45737624168396
16.46318930387497
15.023430943489075
15.511616051197052
14.318452417850494
13.589837580919266
12.508439183235168
11.521120816469193
9.957958102226257
10.112661987543106
10.47714614868164
12.568391889333725
12.98325976729393
15.1934894323349
14.943754613399506
17.659317016601562
18.133933901786804
19.763678014278412
18.657403349876404
19.36186695098877
21.12874960899353
20.58190393447876
21.391120433807373
20.407253444194794
23.193018972873688
22.175999522209167
22.34679889678955
21.274141669273376
23.394898533821106
23.592233955860138
23.10929811000824
23.23904114961624
24.15509456396103
24.767775237560272
23.57626038789749
24.43984317779541
24.738511979579926
24.82895588874817
24.623430609703064
23.21776932477951
24.483726024627686
24.8213192820549
24.88546395301819
25.105841279029846
25.13039141893387
26.24472665786743
24.88991665840149
25.401122331619263
25.50952810049057
24.816715836524963
24.348018050193787
26.603150010108948
24.33470469713211
25.360186100006104
24.918635368347168
25.29457926750183
24.251968801021576
23.81408804655075
24.233681797981262
21.981857895851135
22.03665691614151
20.326530814170837
19.138539493083954
17.99380201101303
16.451186299324036
16.038272976875305
13.341523796319962
13.106855869293213
14.644220232963562
18.64070212841034
20.867906153202057
23.453649818897247
24.18749314546585
24.882227957248688
25.068611800670624
24.70179635286331
26.0171200633049
25.39792764186859
26.205320060253143
25.69991147518158
25.534641981124878
25.894723773002625
25.237487494945526
25.412688672542572
26.194813787937164
26.238571107387543
25.904890179634094
26.78931474685669
25.921094179153442
26.398145020008087
26.51623386144638
26.527003526687622
25.852793037891388
25.93452686071396
26.538219273090363
27.190270721912384
25.484101593494415
25.3926619887352
26.083226680755615
25.92863804101944
26.88448429107666
26.797936618328094
25.4161114692688
26.36254596710205
26.3713840842247
25.870889484882355
26.3706077337265
26.23437339067459
26.104241967201233
26.06230890750885
25.62252104282379
26.300377547740936
25.707007706165314
25.422654032707214
26.750816762447357
25.40761435031891
25.811838388442993
26.05223798751831
25.001091599464417
25.748325407505035
25.659670054912567
24.68100732564926
26.21656847000122
25.409608900547028
25.984581887722015
26.404246270656586
25.436074197292328
26.422791361808777
26.30449903011322
24.978523433208466
26.388507902622223
26.200949132442474
26.590596199035645
26.21180748939514
26.501901030540466
26.707933843135834
25.540087521076202
25.770403504371643
25.758499920368195
26.34433686733246
26.619183123111725
26.67307311296463
25.299576222896576
26.14871174097061
26.484588086605072
26.502072751522064
26.07879114151001
25.63017076253891
25.37683743238449
25.08299958705902
26.18488520383835
26.24336725473404
25.771532714366913
25.461522161960602
26.665682554244995
25.120396435260773
26.407768428325653
25.231143951416016
25.543230414390564
25.679982244968414
25.58744388818741
26.581812858581543
25.759565889835358
27.140878438949585
25.659500777721405
25.707725048065186
25.342586755752563
26.260267555713654
25.758193790912628
26.369008243083954
25.704729795455933
25.568578124046326
26.294157922267914
25.919768452644348
25.558008551597595
26.29522478580475
25.209218621253967
24.102930665016174
23.054266273975372
19.398393750190735
17.16042584180832
18.043573081493378
17.36129266023636
17.00304400920868
17.814920127391815
16.626742124557495
17.870270311832428
17.356009244918823
17.34653228521347
17.53411716222763
17.811112582683563
17.054719865322113
17.51869833469391
17.526362419128418
17.51970660686493
17.73458594083786
17.464461028575897
16.59939742088318
17.819955945014954
17.788786351680756
16.3943452835083
18.288989543914795
17.60486775636673
18.28569233417511
18.428876996040344
18.87668013572693
18.91401982307434
19.740764021873474
20.06145566701889
19.73327201604843
20.69967293739319
20.07256418466568
21.024577975273132
21.212487995624542
21.57147651910782
21.312633991241455
22.107747793197632
20.884959936141968
21.98673105239868
21.821759819984436
22.230614006519318
23.029978215694427
22.889517545700073
22.820261240005493
22.305425345897675
22.87785440683365
22.534260094165802
20.88736993074417
21.430483520030975
20.939266622066498
19.294967532157898
18.597404778003693
17.69992822408676
16.643665194511414
15.473181903362274
15.824597835540771
15.559659719467163
16.083732187747955
15.567292332649231
16.312208831310272
15.839204132556915
17.460130155086517
15.876505255699158
16.178049445152283
16.158534824848175
15.26725709438324
15.198582530021667
14.458913147449493
14.93962275981903
13.541075825691223
13.642135083675385
14.030672430992126
13.909643769264221
13.743966817855835
12.15372583270073
13.475350588560104
12.456455916166306
12.826945185661316
13.398821026086807
13.114691525697708
12.505352795124054
12.384401589632034
12.17217293381691
11.596470057964325
11.388119459152222
11.208224594593048
11.838118582963943
11.188390970230103
11.444095611572266
10.400943607091904
10.979433059692383
10.15354111790657
10.819554477930069
10.35188153386116
10.210063397884369
10.89834862947464
10.348278015851974
10.358945935964584
10.67943149805069
11.358189970254898
10.064048260450363
10.501521617174149
10.836195707321167
10.136029362678528
11.95866522192955
11.001606285572052
11.35193845629692
11.697149246931076
11.841637372970581
11.144301861524582
11.39328357577324
10.321071594953537
10.516017377376556
10.127229779958725
9.541536450386047
9.62043383717537
10.194687128067017
10.776456832885742
10.395144701004028
10.477070838212967
10.044994473457336
10.151084750890732
9.90106812119484
10.634167701005936
9.496347963809967
10.181638807058334
9.614902883768082
10.650845408439636
10.343154102563858
11.260964959859848
11.328684955835342
11.95981702208519
13.538215667009354
12.984484791755676
15.611684501171112
16.392176389694214
18.07405948638916
19.093987584114075
20.24382483959198
21.413956344127655
20.15277487039566
21.54717868566513
22.401783168315887
22.688150227069855
23.887099742889404
23.16574275493622
24.634997367858887
24.335085093975067
24.51839691400528
25.14163362979889
25.15517634153366
25.942366540431976
25.509454250335693
24.810159623622894
25.453533113002777
24.97043526172638
25.005822956562042
26.339579701423645
25.823698580265045
25.3385990858078
25.849969923496246
25.094759225845337
26.299160182476044
25.812860667705536
25.82051420211792
26.40005213022232
25.594080090522766
25.263243973255157
25.172387897968292
25.208136677742004
25.533696174621582
25.321662604808807
25.630368769168854
25.282913982868195
24.765161275863647
24.234437882900238
24.098324418067932
21.504488110542297
20.793902218341827
18.74563103914261
17.16855627298355
16.5770103931427
16.85714215040207
17.86693835258484
19.961299777030945
20.645924270153046
22.430716335773468
23.43804168701172
23.30283510684967
23.944774448871613
23.661575496196747
23.897322058677673
24.36604332923889
23.9016415476799
21.906177043914795
20.284417986869812
18.564114034175873
15.95621520280838
12.051913559436798
9.549390017986298
8.565231531858444
9.558117121458054
12.345725417137146
13.299470752477646
15.218390941619873
18.1894052028656
17.794227361679077
20.339294135570526
20.214117228984833
21.755960524082184
22.92851811647415
24.05727505683899
24.900038182735443
25.31554651260376
23.60045725107193
24.812815368175507
25.023580491542816
24.75993323326111
25.38274198770523
26.007236123085022
25.28638654947281
26.60236006975174
25.68520277738571
25.615036368370056
25.058892846107483
26.008442759513855
25.035327434539795
26.352169036865234
25.73237121105194
25.649080753326416
25.250009953975677
26.097534596920013
25.84689474105835
26.10322767496109
24.980969786643982
25.76478260755539
25.840211153030396
25.507954478263855
25.310601234436035
25.025610744953156
25.179351806640625
25.05738115310669
23.98301202058792
22.486981451511383
19.853355884552002
17.304700791835785
17.362921118736267
20.128066778182983
23.344780564308167
24.128082156181335
24.39591497182846
26.0945662856102
25.790135145187378
25.368244171142578
26.618790566921234
25.222039818763733
25.829104840755463
25.76941442489624
24.865283489227295
26.506753385066986
26.275683283805847
26.01724660396576
26.556616008281708
26.41598618030548
25.830718100070953
25.93879622220993
25.61322194337845
26.586638629436493
26.498623490333557
25.891487419605255
26.309532344341278
25.809627413749695
25.866076827049255
26.1556538939476
25.90703058242798
26.109762728214264
25.925426065921783
25.8582404255867
26.235158026218414
26.15818190574646
26.49993073940277
25.651101052761078
25.444441437721252
26.256227135658264
25.270188570022583
27.30760568380356
26.22292447090149
25.249651193618774
25.004565834999084
26.986831486225128
25.56758862733841
25.696824431419373
26.001575350761414
25.72794771194458
25.520781993865967
25.700781106948853
25.980496108531952
26.228789269924164
26.4894101023674
25.991763591766357
24.970385551452637
26.310839116573334
26.020398199558258
25.227806568145752
26.573583662509918
26.85885488986969
25.572508990764618
26.404300689697266
26.264134466648102
26.16420716047287
26.347056984901428
25.24604642391205
25.262455463409424
25.590708255767822
26.37069743871689
26.04409295320511
25.953129768371582
25.945029616355896
25.247757375240326
25.83656144142151
23.98983585834503
23.915764272212982
20.550661206245422
17.309266924858093
19.27458244562149
21.541811645030975
25.03857135772705
24.86017096042633
25.107977986335754
25.37296575307846
25.865707755088806
26.107814848423004
25.2295583486557
25.389124810695648
25.047915041446686
23.97399550676346
24.291586220264435
22.70424050092697
20.99278974533081
18.267102301120758
16.448624670505524
16.60330045223236
18.282690107822418
20.267258286476135
22.986886143684387
23.433820128440857
23.835948705673218
24.81827473640442
25.1862770318985
25.279869616031647
25.557669758796692
24.029383659362793
22.982872426509857
21.297221899032593
17.912803649902344
15.912859499454498
15.292202949523926
16.727632522583008
20.908732771873474
22.382100522518158
22.149613678455353
23.37609189748764
24.037713587284088
23.948591649532318
24.59527689218521
24.79121619462967
24.30477237701416
25.422488152980804
24.921197772026062
25.00405442714691
24.63196760416031
25.331917643547058
25.427861392498016
25.87518000602722
24.59810358285904
25.057259678840637
25.346795856952667
26.34318917989731
26.514319241046906
24.816523492336273
26.219103395938873
25.862256348133087
25.60216510295868
25.03677386045456
25.269171595573425
25.736097812652588
25.957499861717224
25.657775819301605
25.782623767852783
24.96127539873123
24.63374763727188
25.188760817050934
25.899399757385254
25.796019196510315
25.148719131946564
25.051568150520325
25.68720781803131
25.50077474117279
24.907557129859924
25.76679289340973
25.316724121570587
25.11819565296173
26.22731453180313
24.83689260482788
25.070964872837067
23.383450627326965
22.800416469573975
21.041158437728882
19.64706528186798
17.40358394384384
15.105624318122864
14.541962146759033
15.00880342721939
18.47901052236557
19.69326490163803
21.239989161491394
22.768723249435425
22.415127217769623
23.064648389816284
23.53027230501175
23.973365306854248
25.133842527866364
24.81617933511734
24.95242989063263
24.2383651137352
26.22311234474182
25.74719399213791
25.247277915477753
25.64654517173767
25.757941961288452
26.789286375045776
26.907604932785034
25.567430794239044
24.663432478904724
27.19673252105713
25.459161937236786
24.94504541158676
26.886994183063507
26.292169511318207
26.016491949558258
26.431116044521332
27.190723717212677
26.175805926322937
26.43922710418701
25.97623735666275
26.090456545352936
26.441051125526428
25.862854778766632
26.698168396949768
25.610139667987823
25.66892284154892
25.291604936122894
26.167968153953552
26.068732619285583
25.92117190361023
25.879270195961
26.305173456668854
25.352200090885162
26.346941590309143
27.202465295791626
26.004796981811523
26.08358943462372
26.738292038440704
25.938931107521057
25.476170778274536
25.13166457414627
25.790003955364227
25.685014486312866
24.958643317222595
26.76295679807663
25.84118950366974
26.337812304496765
25.63461536169052
25.118358314037323
25.075490176677704
25.72580051422119
25.699265241622925
25.881968021392822
25.810653567314148
25.84283435344696
25.449981451034546
22.833171546459198
22.557582795619965
19.87353605031967
18.67692881822586
17.117780923843384
18.7024307847023
18.97324228286743
21.981425642967224
23.205751478672028
25.124754011631012
24.800543785095215
25.672307312488556
25.488424360752106
25.843091428279877
25.387582898139954
25.727315485477448
25.50464117527008
25.99865299463272
25.538519382476807
25.69829124212265
24.87923264503479
25.893189251422882
25.345592141151428
26.296023428440094
25.447667181491852
25.011529743671417
26.352721512317657
25.465947926044464
25.544174909591675
25.792971789836884
25.69793325662613
25.670859277248383
26.053969621658325
25.909110188484192
25.95575612783432
25.294622123241425
25.012144207954407
25.40645122528076
25.846580147743225
26.494074940681458
26.158091604709625
26.00349235534668
25.60328221321106
24.915696144104004
25.748575448989868
25.51126605272293
26.371474385261536
26.047944843769073
25.966496884822845
24.782821655273438
24.741193532943726
25.777653515338898
26.077625632286072
26.069162845611572
26.067435085773468
26.217656314373016
25.590258598327637
26.082927703857422
25.424861788749695
25.877918601036072
26.086520969867706
25.390990614891052
24.866337656974792
26.198911428451538
26.51164984703064
26.088309824466705
25.28416609764099
25.331659078598022
25.334262132644653
25.302813172340393
25.44628894329071
24.907503247261047
25.884415566921234
25.61671257019043
23.772659480571747
26.457062125205994
25.44203132390976
26.14861434698105
25.860676109790802
25.852651953697205
25.837218761444092
27.143547654151917
24.685778617858887
26.52152293920517
25.14109492301941
25.974116563796997
25.05488383769989
24.354207515716553
23.473092555999756
23.08022052049637
22.625021815299988
19.990408897399902
18.23960030078888
17.083087146282196
17.118993163108826
17.847952723503113
18.12188094854355
19.18887025117874
21.23971402645111
23.097563087940216
24.146165549755096
23.874434769153595
25.156202793121338
24.6820347905159
23.918254375457764
24.021832764148712
22.399141490459442
21.32319813966751
20.3271621465683
18.841082751750946
17.27836525440216
14.020404756069183
13.633180916309357
13.24203696846962
12.862131267786026
12.778481036424637
13.505628168582916
13.622382909059525
13.761652171611786
13.04859670996666
13.080857038497925
13.059579491615295
13.660290598869324
13.670027494430542
13.750734984874725
13.644986391067505
13.50133791565895
13.735582947731018
14.672592997550964
13.559673398733139
13.959092438220978
14.024948418140411
13.802352786064148
13.887919276952744
12.51591882109642
12.996271163225174
13.33534824848175
13.455605447292328
13.185071796178818
13.169382482767105
13.726680755615234
13.521868079900742
13.995267152786255
14.364698588848114
13.765619337558746
14.19351452589035
14.020102798938751
13.978622436523438
14.251916348934174
13.757983386516571
12.312410414218903
11.036640882492065
11.069010496139526
13.395058989524841
17.17401874065399
19.383395731449127
21.656822085380554
23.05838167667389
25.39279741048813
25.134576439857483
24.514678180217743
25.64884489774704
24.30372589826584
24.395933985710144
25.707809269428253
26.099685668945312
25.832209408283234
25.169970870018005
25.68445175886154
25.22849029302597
25.077005982398987
25.63406080007553
25.657369375228882
25.96129274368286
24.458124697208405
25.10454773902893
25.18927764892578
25.62001121044159
25.179955303668976
25.204167187213898
23.688136756420135
22.5630823969841
21.402645528316498
19.770999908447266
17.754212081432343
16.584838807582855
16.022721230983734
17.17604559659958
20.65509182214737
21.131504893302917
20.416647791862488
19.665302276611328
17.562206029891968
16.910341143608093
15.1055309176445
14.15950459241867
14.205352008342743
12.862620741128922
15.489345908164978
14.491401731967926
14.986230790615082
15.422310769557953
16.141863584518433
15.585774779319763
15.497366845607758
15.964104115962982
15.771772742271423
15.469863414764404
15.421895384788513
14.584649801254272
15.36472773551941
14.65600973367691
15.409896433353424
15.130614697933197
14.633029222488403
14.381627321243286
13.867251455783844
14.378132998943329
14.608604848384857
15.052476048469543
14.36762547492981
14.895354330539703
14.798445463180542
14.769618153572083
14.903902351856232
15.148373365402222
14.071212410926819
14.45983076095581
14.222454875707626
15.075997292995453
14.77397745847702
14.130844295024872
13.778853356838226
14.216698050498962
13.431870847940445
14.015849232673645
13.673620074987411
12.993221759796143
11.863140046596527
11.659268319606781
11.505940228700638
13.346033245325089
15.724960505962372
18.218800008296967
20.689682245254517
22.068800806999207
22.998831391334534
24.32688343524933
24.118255078792572
24.214507460594177
25.28222280740738
24.686659336090088
26.320908665657043
26.304163455963135
25.298707127571106
25.222152829170227
25.422536194324493
26.10126507282257
25.497491657733917
25.682866513729095
26.01930868625641
25.839889883995056
26.307288587093353
24.80419832468033
25.211435675621033
25.229558765888214
25.90868067741394
25.58696162700653
26.57136982679367
25.889509558677673
25.86083561182022
25.238373517990112
25.853685796260834
25.51694142818451
24.923784255981445
25.636751770973206
25.471912384033203
24.657126128673553
24.11978042125702
25.824523270130157
25.51563972234726
25.269919514656067
25.96772861480713
25.905595362186432
25.899187862873077
25.480820894241333
26.270680487155914
26.008232712745667
25.834131598472595
25.628928065299988
26.51888543367386
26.52785414457321
25.557484328746796
26.308890223503113
25.57845562696457
25.96105033159256
25.746768951416016
25.974793136119843
25.766565442085266
25.40191239118576
26.10458344221115
25.595579266548157
25.799455046653748
25.694700360298157
24.612047374248505
25.392139792442322
25.97575479745865
25.085114657878876
25.317956387996674
26.061970055103302
25.57161444425583
25.01553624868393
23.008810222148895
23.65990537405014
22.11110669374466
20.472603976726532
20.991016745567322
20.15272158384323
19.15176087617874
18.824267387390137
17.299002945423126
16.592172026634216
16.51869887113571
15.85902601480484
15.761472225189209
15.601632475852966
15.234538793563843
16.351077437400818
14.84544152021408
16.001174747943878
16.594396591186523
16.741747319698334
17.640622437000275
18.154797971248627
17.62058961391449
18.812357902526855
18.394021928310394
18.439142107963562
18.621499717235565
18.270144402980804
18.47572922706604
17.883704125881195
17.522042274475098
17.62662023305893
17.066967248916626
17.572280168533325
16.462802946567535
15.662604629993439
17.09591853618622
15.981416821479797
15.898186326026917
16.514310657978058
17.047040820121765
16.838505744934082
16.62886393070221
17.19587630033493
17.13232809305191
18.962175250053406
18.93503439426422
19.17367446422577
20.325048685073853
21.46283107995987
22.284081399440765
21.82650727033615
22.515002191066742
23.04190093278885
23.00055819749832
23.1162149310112
24.290434181690216
22.783973395824432
23.740941762924194
24.712949514389038
24.921465039253235
23.804173350334167
23.64406728744507
23.99862140417099
23.651603639125824
23.69619643688202
22.628946900367737
22.747846603393555
21.632281601428986
20.890914857387543
21.348162472248077
20.35816526412964
18.143366277217865
16.417930901050568
16.072018265724182
13.014930844306946
12.317054748535156
10.6901293694973
10.930386364459991
12.02148899435997
12.781964242458344
14.444533348083496
15.33797562122345
16.39649134874344
17.03049671649933
16.418473720550537
17.408151268959045
17.443094789981842
16.320193827152252
15.735137045383453
13.950107514858246
13.4109648168087
12.996820092201233
12.093072384595871
12.830796092748642
11.865350425243378
11.193827688694
11.592437744140625
11.478415340185165
10.338187992572784
10.628713577985764
11.584081441164017
11.817211478948593
11.641500055789948
11.250822573900223
11.9845911860466
11.892388761043549
12.296815127134323
13.051909178495407
12.854489296674728
11.149771571159363
12.708395302295685
12.070868879556656
10.583512663841248
10.881989896297455
9.758225291967392
9.363553285598755
10.260530203580856
8.723339974880219
8.341147869825363
7.913313090801239
7.012815088033676
6.049363628029823
6.505754858255386
6.817522689700127
9.955292224884033
9.76249897480011
11.695394366979599
9.608956128358841
10.661976218223572
8.422041356563568
9.153057366609573
8.544240653514862
8.02638852596283
7.415738135576248
7.475497052073479
8.13065242767334
8.790279984474182
8.926406502723694
8.533730000257492
8.728388577699661
8.73826602101326
9.234220266342163
8.843347430229187
8.01449704170227
8.269479274749756
9.882126450538635
12.591091811656952
16.447531163692474
18.820473670959473
21.83535248041153
23.693230032920837
23.970287322998047
23.935892283916473
22.79983079433441
21.08821475505829
19.160419464111328
16.82759201526642
12.681386500597
10.693538963794708
7.824156224727631
8.655118018388748
9.062014251947403
9.321202248334885
9.966937750577927
10.132110446691513
10.45812663435936
12.071561962366104
11.653282344341278
13.237234354019165
13.77294659614563
14.533063471317291
15.985083222389221
17.42944025993347
17.314037442207336
18.048267602920532
19.077990114688873
20.25380766391754
20.94438111782074
21.153003692626953
22.504798889160156
21.85538774728775
22.8256773352623
23.734201073646545
23.174579203128815
24.223837852478027
24.097825050354004
24.717959880828857
24.39251297712326
24.265344500541687
24.956751346588135
23.44356268644333
25.989910781383514
25.66808992624283
24.875618815422058
25.959648430347443
25.28130316734314
25.469451546669006
25.666007578372955
24.035620987415314
25.753574907779694
25.978946149349213
24.455784380435944
24.553357362747192
24.648286759853363
25.0537348985672
23.06893354654312
23.40174973011017
22.692058980464935
21.43081045150757
20.624234974384308
19.004292726516724
18.325898349285126
15.41889488697052
12.912627160549164
14.051915794610977
17.07503378391266
18.904695868492126
22.064502596855164
23.228324472904205
23.90241187810898
24.492808997631073
24.56431245803833
25.199498891830444
25.451477348804474
24.178354918956757
25.29080629348755
25.575156807899475
26.650856971740723
26.022251546382904
24.613746166229248
25.317711293697357
25.79855763912201
25.14780616760254
26.159640073776245
24.826481342315674
25.278582274913788
25.52072036266327
25.25877946615219
25.30854320526123
24.998082756996155
25.09827548265457
25.10060828924179
25.502736628055573
25.42263913154602
26.10172063112259
25.112995624542236
26.369727432727814
26.231581330299377
25.78190916776657
25.779782950878143
25.2185075879097
24.64966768026352
24.917779743671417
25.945396184921265
25.441746532917023
25.082802057266235
25.34443289041519
25.466366171836853
25.525545299053192
25.125487565994263
25.18850415945053
24.91651290655136
25.78344452381134
25.05138909816742
25.911368012428284
25.041647613048553
25.77977615594864
24.916381120681763
24.793812334537506
25.704147517681122
25.77704828977585
26.618006467819214
26.537990391254425
26.360690355300903
24.71204113960266
26.191007137298584
25.34177565574646
25.986146688461304
24.93456929922104
25.001337826251984
25.471891283988953
25.762299418449402
26.404471278190613
24.940804958343506
25.916335940361023
25.11585760116577
25.084377348423004
25.61362326145172
25.265685558319092
25.278987288475037
25.255490839481354
24.794552445411682
26.075281083583832
25.057465732097626
25.284019112586975
26.290579557418823
24.77232939004898
26.40117633342743
24.840469777584076
25.683470606803894
25.363634288311005
25.83685076236725
24.8151136636734
25.478621184825897
26.34268468618393
25.93436425924301
25.848238825798035
25.175911605358124
25.76771515607834
25.333608210086823
26.11103004217148
25.11293065547943
24.722215950489044
25.59375298023224
25.756265103816986
25.04239934682846
25.858978390693665
25.052014410495758
25.69426590204239
25.04428368806839
24.71828031539917
26.30879831314087
24.828397631645203
