3.0912858843803406
2.6473123133182526
3.4533022344112396
3.1468135118484497
4.002138733863831
6.329963698983192
7.230938538908958
10.579966574907303
12.920667141675949
14.013393104076385
16.44321447610855
19.434521973133087
20.174060583114624
21.13427233695984
22.309807240962982
22.330500185489655
24.506804049015045
24.489881098270416
24.068030774593353
23.520016849040985
22.585956871509552
20.60076755285263
17.630552053451538
14.201265394687653
10.613352954387665
7.341650575399399
10.032598853111267
11.176220804452896
12.481226205825806
13.762816041707993
16.739331007003784
17.21893697977066
18.433233678340912
18.856971085071564
19.4804550409317
20.329439163208008
21.573109090328217
21.552597641944885
22.635886311531067
22.502011716365814
22.89977788925171
22.90058535337448
23.73592585325241
23.933371543884277
23.747896432876587
23.92329692840576
25.426566898822784
23.93483793735504
25.451071619987488
24.486361861228943
25.649597764015198
23.978614032268524
24.41697645187378
25.296225249767303
25.361199855804443
24.394416570663452
24.023814618587494
24.32470542192459
23.604106962680817
20.91993099451065
18.79962968826294
17.19886887073517
15.003337621688843
12.267033904790878
9.451647818088531
6.843728393316269
5.570745870471001
5.884404256939888
6.673195526003838
8.033452183008194
10.009023874998093
12.571284353733063
15.549509525299072
17.79475998878479
19.358510494232178
20.216474890708923
22.144931852817535
23.359053552150726
22.581341862678528
24.53972613811493
24.965959072113037
24.272117137908936
25.216415882110596
25.32935929298401
25.606397330760956
26.012782096862793
25.011021435260773
24.853578507900238
25.68916642665863
25.560112476348877
25.280881762504578
24.702036440372467
24.373743772506714
24.99537092447281
24.58329290151596
22.48738819360733
21.20656281709671
17.520939588546753
15.52743661403656
11.338370203971863
8.741970300674438
7.954956144094467
7.769745498895645
9.675604939460754
13.054651260375977
15.662084817886353
19.998269081115723
21.512259423732758
23.76466590166092
24.76489967107773
25.059944212436676
24.435620486736298
24.941021025180817
25.07279521226883
25.533055126667023
24.862207233905792
26.564669132232666
24.989533245563507
24.59974455833435
25.861908733844757
25.64844238758087
25.745706379413605
25.614836990833282
25.238621413707733
25.68001079559326
25.97616147994995
24.9613636136055
25.65630453824997
25.40089762210846
25.509128153324127
25.781109154224396
25.95957213640213
25.555134892463684
26.477230310440063
24.95062553882599
25.335277199745178
25.42854881286621
25.230935513973236
25.052900433540344
25.559667885303497
24.526429772377014
25.489591479301453
25.459338784217834
25.509202301502228
25.877525568008423
25.188807606697083
25.247841358184814
25.62576472759247
25.200055420398712
25.266718089580536
26.07878875732422
25.300383985042572
26.02626919746399
24.70264858007431
25.479572236537933
26.127610862255096
25.472997307777405
25.78613793849945
25.47690498828888
25.571904182434082
25.39232349395752
25.087905704975128
25.544739842414856
25.055932819843292
25.04867720603943
25.68753558397293
24.54950714111328
25.58893793821335
25.737253844738007
25.86622381210327
26.287907898426056
25.845403134822845
26.11390906572342
24.74791383743286
25.2921342253685
24.936870276927948
24.869437038898468
26.15428137779236
25.510382771492004
24.893467605113983
25.61113280057907
25.38348162174225
25.23449271917343
25.201358020305634
25.545267581939697
25.581300795078278
25.326841413974762
25.397672951221466
25.33622372150421
25.697624444961548
24.92187088727951
26.03148776292801
26.853199362754822
24.534042358398438
24.4888414144516
26.84070712327957
25.65779858827591
26.258883476257324
25.29918724298477
24.850100100040436
24.797885298728943
26.16796052455902
25.53405064344406
25.90394413471222
25.728074967861176
25.294395327568054
26.52110457420349
23.538941383361816
25.703601479530334
25.401084780693054
25.58327716588974
25.574323415756226
25.055328249931335
25.25241506099701
26.529715836048126
25.275267899036407
25.067203879356384
24.926802456378937
24.923147916793823
25.287117421627045
25.533361315727234
25.130752980709076
25.74689757823944
25.417668998241425
25.14227271080017
25.42072868347168
24.770192623138428
25.75153559446335
25.380523324012756
25.475192368030548
25.494706630706787
25.394873797893524
25.014159083366394
25.397394478321075
25.34888219833374
25.372782945632935
25.142868220806122
25.462703466415405
24.696292400360107
25.91081303358078
25.468783020973206
25.887327551841736
24.873375058174133
23.5913645029068
19.63331228494644
16.834358990192413
21.720502495765686
24.060668289661407
24.903551995754242
26.57404375076294
25.25485074520111
27.02562642097473
25.74422949552536
26.08210599422455
25.62962555885315
25.48905849456787
26.350466310977936
26.102411150932312
25.940502762794495
26.90622878074646
25.052943408489227
25.755636155605316
25.795306622982025
25.31324005126953
25.083731174468994
25.849931597709656
26.24717789888382
26.38756161928177
26.154822051525116
26.73986154794693
26.057081401348114
25.87545794248581
26.551044523715973
25.749386608600616
26.69994282722473
25.779873728752136
26.586519956588745
25.602333784103394
26.626374006271362
25.984101355075836
25.607727706432343
25.43598699569702
25.210790157318115
26.15869677066803
25.675650358200073
26.110811948776245
26.82420778274536
25.662119388580322
26.6082102060318
26.173823833465576
26.39961713552475
25.629152536392212
25.82355034351349
25.97039258480072
26.42779564857483
25.277361571788788
26.542646408081055
25.38355439901352
25.738145172595978
26.2178937792778
25.511370360851288
25.87396478652954
27.18382877111435
27.104636788368225
26.293243169784546
25.927769482135773
25.216439723968506
25.71685701608658
26.046094357967377
26.074835181236267
25.346521854400635
27.072950959205627
26.176079511642456
25.062922954559326
25.398678839206696
25.396588921546936
26.399005234241486
26.440293192863464
25.56463611125946
25.86963576078415
26.588408291339874
26.223347783088684
25.737717926502228
25.98393839597702
25.581960916519165
25.918172895908356
25.92483741044998
26.343302965164185
25.715452551841736
25.98999297618866
25.651471614837646
26.062651932239532
26.082940220832825
25.95524311065674
25.232263922691345
25.930578470230103
26.424071788787842
25.327859103679657
25.72676032781601
25.4639972448349
26.284382700920105
26.408193945884705
25.74631905555725
26.771755158901215
25.637481808662415
26.201952815055847
26.66976308822632
25.916637122631073
26.013306319713593
26.038849353790283
26.17559164762497
26.162673592567444
25.202878713607788
25.67217230796814
25.545163810253143
25.397662341594696
26.453634083271027
26.46679401397705
26.147576868534088
26.139381229877472
26.066469490528107
26.094924569129944
26.137801587581635
26.19547003507614
25.91150653362274
26.927452623844147
26.837743759155273
25.45358157157898
26.245007038116455
25.571126103401184
26.054446280002594
25.681282341480255
25.728159725666046
26.28873085975647
25.84722012281418
26.067177951335907
26.256926894187927
25.21842509508133
25.361530542373657
26.322026252746582
25.116088926792145
25.990560829639435
26.103518068790436
26.030333757400513
25.862239003181458
26.408283472061157
26.099643349647522
25.93425041437149
26.52582746744156
26.393308877944946
25.31162327528
26.973435759544373
26.994314312934875
26.077214241027832
26.251775920391083
25.254114866256714
26.0434832572937
26.59570300579071
25.694244265556335
26.130175292491913
26.761260509490967
26.437440812587738
26.38905918598175
25.646342396736145
26.21765226125717
25.319031715393066
25.597823679447174
25.29728388786316
26.23747056722641
25.635949909687042
25.948517501354218
25.7507404088974
25.471544325351715
25.965308904647827
25.429085671901703
25.805543899536133
25.9684436917305
26.11237597465515
26.86327201128006
27.12975174188614
26.455147862434387
25.70267105102539
26.109135270118713
25.83175551891327
27.02402889728546
26.741613566875458
25.193387925624847
25.95638346672058
26.22461861371994
25.284589767456055
25.3683842420578
25.912919342517853
24.857028603553772
22.14292961359024
20.0771803855896
17.059388041496277
20.82222068309784
23.441773891448975
24.929437279701233
25.95563179254532
25.670744836330414
26.153169333934784
26.082887887954712
25.264376044273376
25.359171986579895
25.695858120918274
25.667299389839172
25.795791268348694
25.64726370573044
26.480504631996155
26.055891692638397
25.27138215303421
26.06130486726761
26.013903558254242
26.304932355880737
26.086105823516846
25.850265383720398
26.33188545703888
26.709007382392883
25.941030263900757
26.265272736549377
25.045878052711487
25.436399459838867
25.73763144016266
25.836216509342194
26.591192841529846
26.942558884620667
26.21252828836441
25.490499138832092
26.67307221889496
25.644366145133972
26.050623834133148
25.10778707265854
26.02487450838089
26.279508113861084
25.774771451950073
26.03878277540207
26.574070155620575
25.1696799993515
25.514927327632904
25.63431477546692
26.238758981227875
26.141765534877777
25.745276153087616
25.776626467704773
25.935166716575623
25.953868508338928
25.504400491714478
26.247453093528748
26.563629984855652
25.43444913625717
25.78825408220291
25.564316987991333
25.361193239688873
25.76737082004547
24.47409588098526
24.47836345434189
23.97947120666504
23.70369005203247
20.711325883865356
19.861651718616486
17.53352326154709
15.282817661762238
14.576312482357025
13.084205716848373
14.171896487474442
15.053881227970123
17.565857350826263
19.612057745456696
21.887296497821808
22.79428517818451
23.95504629611969
25.392472088336945
25.3760244846344
25.87153923511505
25.37430089712143
25.607409179210663
25.215519189834595
25.47572958469391
27.068294048309326
25.924199759960175
25.864633679389954
25.631240367889404
25.85573834180832
25.742440581321716
26.764119923114777
25.238292932510376
25.652327477931976
26.050709128379822
26.84335732460022
26.741368770599365
26.0310480594635
25.671387374401093
25.32269996404648
25.66929465532303
25.292966663837433
26.7426934838295
26.114701092243195
26.47977566719055
26.136371791362762
26.86262208223343
26.00866734981537
26.49000632762909
26.101550221443176
26.162692546844482
26.320010781288147
26.297211229801178
26.337895274162292
26.47070223093033
26.738393425941467
26.61728471517563
26.306692957878113
26.495803594589233
26.39886385202408
26.826628267765045
25.550553917884827
25.87584489583969
26.050686299800873
26.473843455314636
26.792510330677032
26.450425267219543
26.110385417938232
26.701873064041138
26.543378710746765
26.408341705799103
26.55890780687332
26.436635494232178
26.91046714782715
26.69294899702072
26.173016369342804
26.163754999637604
26.486084043979645
26.47256851196289
26.59486949443817
26.688009679317474
25.574111104011536
26.750665187835693
25.74150049686432
26.390263497829437
25.391526341438293
26.843468368053436
25.610321640968323
26.126214265823364
26.246437549591064
26.366693198680878
26.801440715789795
26.869847297668457
26.727794229984283
26.243919670581818
26.277085840702057
26.295951306819916
26.059057295322418
26.22484427690506
26.321597635746002
27.181313276290894
26.853148639202118
26.52889835834503
25.952777802944183
26.04381549358368
26.8954057097435
26.10005670785904
25.09278094768524
26.473182320594788
26.39261293411255
26.035219728946686
25.563801527023315
24.956596195697784
24.106379747390747
22.095490217208862
19.19082486629486
17.361119091510773
16.37778341770172
17.819010138511658
20.442706882953644
21.21175915002823
22.919268667697906
23.640984535217285
24.559322774410248
24.55055457353592
24.161785185337067
24.687217831611633
24.794018626213074
24.639552235603333
24.26291424036026
25.19212645292282
24.682599186897278
24.844518780708313
24.79473465681076
25.488583624362946
26.05071270465851
26.178685665130615
25.835662484169006
23.983391165733337
25.87027770280838
25.732253313064575
25.888501167297363
25.640625596046448
25.963675558567047
25.503760159015656
25.444165468215942
25.476815700531006
26.35848432779312
25.71715819835663
24.987477838993073
25.077758193016052
25.560791790485382
24.738331854343414
26.25461220741272
25.273910701274872
24.932755708694458
26.034786343574524
25.202287554740906
26.008002936840057
26.886079490184784
25.338163137435913
25.71837854385376
24.971434831619263
25.07017284631729
26.85763329267502
25.661613702774048
25.724506497383118
25.952081322669983
24.5657200217247
24.66314196586609
26.205536544322968
24.566765427589417
23.72639435529709
22.775642216205597
21.508529722690582
19.275897800922394
16.820487320423126
17.57200562953949
16.820329248905182
16.827257692813873
16.87010407447815
16.862158596515656
16.535584688186646
16.305466532707214
16.111437916755676
15.80473506450653
15.09338241815567
15.27065372467041
14.82849657535553
13.850553810596466
13.797020316123962
14.863423645496368
15.08938843011856
17.07197016477585
17.500776171684265
19.27387011051178
21.16561907529831
22.95465874671936
21.945280969142914
24.094427466392517
23.35508167743683
24.63186687231064
24.342850506305695
24.55865705013275
24.98035192489624
25.437117218971252
25.217968463897705
25.66076624393463
25.68274837732315
26.066271901130676
24.90961456298828
26.269726932048798
25.97628915309906
25.864058315753937
26.368633210659027
26.41322296857834
26.64487135410309
26.062435746192932
25.904275715351105
24.957732021808624
25.5766544342041
25.684417963027954
26.707828283309937
25.374980866909027
25.95270484685898
26.095971703529358
26.59931182861328
26.025267124176025
26.36785715818405
27.016121745109558
26.655781030654907
25.51670342683792
26.00777179002762
25.596818149089813
25.727229297161102
25.561474800109863
26.198156476020813
26.316010892391205
25.851914763450623
25.95159560441971
25.454935014247894
26.942043244838715
26.647791028022766
26.301298141479492
26.194504618644714
26.179839313030243
25.85643321275711
24.830308079719543
25.95565366744995
25.97642183303833
25.68581932783127
26.418115615844727
26.018412351608276
25.779823660850525
25.572676241397858
26.15857207775116
25.166228771209717
23.32746112346649
22.049679279327393
18.447857201099396
16.30236667394638
18.364945232868195
21.322809278964996
22.905946910381317
24.253650963306427
24.925126791000366
23.936644196510315
23.52068603038788
24.898867964744568
24.501647174358368
23.898772597312927
23.25071918964386
23.91239368915558
23.6653470993042
23.80871218442917
21.561602294445038
22.47173136472702
20.94622129201889
20.726474225521088
21.42503321170807
19.78246021270752
19.415672481060028
17.749023854732513
16.992153346538544
17.089152097702026
17.642691373825073
17.432234346866608
17.70735365152359
16.593639254570007
17.112467110157013
17.391694128513336
17.841009855270386
17.658916115760803
18.597338795661926
17.28847426176071
19.543891668319702
18.92185926437378
20.212545037269592
20.1617648601532
20.57388949394226
21.28558313846588
21.92776197195053
21.971564054489136
22.585728228092194
22.25386470556259
23.261025846004486
22.800532937049866
23.0885169506073
23.820630431175232
22.909481048583984
24.23344874382019
23.7371626496315
24.094713032245636
24.581822991371155
24.47145015001297
24.033678650856018
23.36615401506424
25.10672402381897
25.195864379405975
24.989080011844635
25.586174249649048
25.326379597187042
24.36356884241104
25.899414718151093
25.13126105070114
24.495238482952118
26.210896909236908
26.002067863941193
25.50369566679001
26.02846050262451
25.42802459001541
25.188747942447662
25.24695760011673
25.5799822807312
25.391180217266083
26.034483790397644
25.600887179374695
24.918606519699097
26.113085448741913
25.336886167526245
25.86477965116501
25.462992131710052
25.428533792495728
26.008846819400787
25.832838237285614
25.393485486507416
25.501303553581238
25.70358008146286
26.179046630859375
25.110252499580383
26.446366667747498
25.65525108575821
26.023275017738342
25.524321496486664
25.27873569726944
25.61719787120819
25.876420438289642
25.57205021381378
25.34562200307846
26.091622829437256
25.60012835264206
25.248303472995758
25.116141378879547
25.935401737689972
26.10450428724289
25.42054182291031
26.350775837898254
24.5996373295784
25.788200855255127
24.916251063346863
25.02454149723053
25.188304662704468
25.60398703813553
25.830837607383728
25.414778172969818
25.139396607875824
25.829538822174072
25.835278153419495
25.710646152496338
25.80119228363037
25.5829057097435
26.135374665260315
26.528016567230225
25.730251908302307
25.599465250968933
25.95572656393051
25.88449788093567
25.11033982038498
25.25575089454651
25.180044949054718
25.749249398708344
25.63712912797928
26.591495275497437
25.051637828350067
25.60228967666626
26.348168790340424
25.842401087284088
25.754589438438416
26.403732120990753
24.969875991344452
26.37006789445877
25.610341370105743
25.144170582294464
26.136376559734344
25.19263058900833
25.863683819770813
25.872452080249786
24.831267952919006
25.893249452114105
25.997435688972473
25.603914201259613
25.503134787082672
25.314011812210083
25.809399843215942
26.16702049970627
26.52871084213257
25.67765784263611
25.03838801383972
24.03947013616562
21.938499867916107
20.149497985839844
17.215275049209595
17.38532143831253
20.942181646823883
23.81946712732315
24.515864729881287
25.374022245407104
24.92814564704895
25.033389568328857
26.292064547538757
25.14220279455185
25.804640769958496
25.965355098247528
24.38473892211914
25.45863574743271
25.790817439556122
25.52475267648697
24.47243732213974
25.39789640903473
25.10238289833069
25.841311037540436
26.373259007930756
25.39447593688965
25.7346151471138
25.648501753807068
25.795388877391815
25.843156397342682
25.192622482776642
25.704191982746124
25.636557281017303
25.584007799625397
25.569349467754364
25.483510196208954
25.051105320453644
25.044254958629608
25.955972611904144
25.93279802799225
24.68393898010254
25.269461810588837
25.613728761672974
25.247065365314484
25.316883742809296
24.990441739559174
26.323613703250885
25.682293236255646
25.748509466648102
25.556799173355103
24.795153498649597
25.14646416902542
25.902662336826324
25.238095998764038
25.65194857120514
25.933473706245422
25.024531066417694
25.508665680885315
26.062938809394836
25.436141550540924
25.258539080619812
25.613224744796753
25.48204267024994
25.096314191818237
25.814106583595276
25.822458803653717
25.597815096378326
25.593006789684296
25.67286467552185
25.70929855108261
25.843535840511322
24.611375212669373
26.01704430580139
25.871150195598602
25.248279571533203
25.543829262256622
25.158562004566193
25.730241358280182
24.972845017910004
25.42485797405243
25.730592846870422
25.345813512802124
25.90157401561737
24.652839064598083
25.916179656982422
25.634213268756866
24.881602585315704
25.584090530872345
25.27187877893448
25.29853218793869
26.122193574905396
25.085092306137085
26.195282518863678
24.892325818538666
25.45546394586563
26.013269364833832
25.040671169757843
26.52203744649887
24.928332924842834
25.33792221546173
24.821471750736237
25.600661516189575
25.678633451461792
24.42717707157135
25.29700940847397
25.665622115135193
25.33241641521454
24.686135709285736
26.562073469161987
25.33024024963379
25.83541965484619
25.89114075899124
26.116749048233032
24.97259521484375
24.8529514670372
25.578193187713623
26.143270671367645
26.18652230501175
26.24966287612915
25.480166256427765
26.6970996260643
24.406493663787842
25.868772983551025
25.17898988723755
26.303346633911133
25.837643325328827
24.79603862762451
25.516911447048187
26.031076729297638
25.834485352039337
25.474233210086823
25.32627022266388
26.396200597286224
25.797227263450623
25.646869778633118
25.114782512187958
24.792497158050537
24.938780605793
25.36407297849655
24.719107747077942
25.485098123550415
25.70318913459778
24.459681630134583
23.42493385076523
20.25923478603363
17.10086214542389
18.490619361400604
22.19904398918152
24.753753066062927
25.385937213897705
24.874808967113495
25.93474704027176
26.388552367687225
26.187970399856567
25.67141544818878
25.16493833065033
25.86029225587845
26.17865914106369
25.699940085411072
24.104315996170044
23.89300501346588
22.89701372385025
21.18610429763794
19.411100685596466
18.51469773054123
17.295219719409943
16.255866527557373
17.334590435028076
16.997762978076935
17.67227667570114
18.329715192317963
19.598060369491577
19.215254306793213
19.813322722911835
19.49945157766342
17.857223689556122
17.65629553794861
15.789171516895294
15.629350543022156
15.589010953903198
16.334203481674194
16.131205141544342
16.756169497966766
17.968014776706696
17.8210529088974
17.72735744714737
17.41327977180481
16.632839560508728
16.462098002433777
16.349713742733
17.625447750091553
16.722789227962494
17.13419908285141
16.93292862176895
16.590296864509583
15.478294134140015
15.212695717811584
15.074716806411743
14.996241092681885
13.84903597831726
12.536739021539688
12.425875335931778
11.508161932229996
10.568152666091919
10.861215829849243
11.739323288202286
11.512803107500076
11.730350404977798
12.962426543235779
14.016550958156586
14.242725849151611
15.068245112895966
15.661237835884094
16.41100585460663
16.46846604347229
17.693430304527283
17.930922269821167
16.19900941848755
15.624536395072937
16.942579090595245
16.149546802043915
15.551063776016235
16.794878244400024
15.895929396152496
16.673014879226685
15.77592808008194
16.241474747657776
17.185724556446075
16.264337480068207
16.022504448890686
17.296316027641296
15.988183200359344
16.285369873046875
15.595851361751556
15.13739961385727
15.463807821273804
15.360744893550873
17.128488183021545
17.262605488300323
18.453228414058685
20.374534785747528
22.511363804340363
22.767487347126007
23.73768663406372
24.88380318880081
23.576348960399628
24.653254628181458
25.393696427345276
25.111791908740997
25.498237252235413
25.166378676891327
23.87195986509323
25.573336958885193
24.83610063791275
24.86223292350769
24.557981431484222
23.827229917049408
24.438278555870056
23.948412537574768
24.003605842590332
23.44880521297455
22.125642776489258
20.771059572696686
21.139540374279022
19.675646424293518
19.70424473285675
17.658713459968567
17.688530385494232
17.15103989839554
17.31155890226364
18.95290905237198
20.2568279504776
21.703107178211212
22.0245943069458
23.22607845067978
23.280353903770447
23.935784578323364
23.700551092624664
24.146259367465973
23.479930818080902
22.26533156633377
21.247863054275513
21.29174840450287
19.473874628543854
19.865744471549988
18.2328280210495
18.366780698299408
17.56810313463211
17.026333034038544
17.732368111610413
17.823595643043518
17.095336258411407
17.681937873363495
17.290344834327698
16.939904868602753
16.947041392326355
17.1667622923851
17.871018528938293
16.980936348438263
16.831991136074066
17.4895920753479
17.240035355091095
16.42615270614624
16.049164533615112
15.04235154390335
14.128934681415558
12.811645179986954
14.09181523323059
15.589858770370483
17.11125409603119
17.372880220413208
20.086435437202454
20.48008704185486
22.344040274620056
23.246895909309387
23.362010538578033
24.304118812084198
23.726677000522614
24.1635382771492
24.86270308494568
25.329260110855103
25.507583558559418
25.62605530023575
25.012609124183655
24.9583620429039
25.066793739795685
25.381889581680298
24.394879817962646
24.058579981327057
24.79883861541748
24.357068955898285
24.05611091852188
22.461673080921173
22.20420104265213
21.88572210073471
19.831576347351074
18.457523345947266
15.61047476530075
12.558089971542358
12.691262423992157
14.441994607448578
16.890358924865723
18.596039712429047
19.59872603416443
21.606769025325775
22.680845260620117
22.139483392238617
22.943975031375885
23.670233190059662
23.80322551727295
23.816633701324463
23.779803037643433
24.60184931755066
24.83789598941803
25.45833420753479
25.55005532503128
24.827646374702454
24.149953365325928
25.3389790058136
25.890485286712646
25.034242928028107
25.584157526493073
26.139099836349487
26.889858961105347
26.34100967645645
25.237124025821686
25.133935272693634
24.952488958835602
25.586659908294678
26.27425456047058
25.57315069437027
25.598759531974792
25.608166754245758
26.45382809638977
25.577758967876434
25.94830483198166
25.241991460323334
25.661997735500336
26.036488890647888
25.352511882781982
25.524867594242096
24.997764348983765
26.39370459318161
25.968993306159973
25.359962224960327
25.9705793261528
25.310016691684723
25.720469772815704
26.06557333469391
25.31565010547638
25.22064083814621
24.73506772518158
26.009187817573547
25.780089378356934
24.302068948745728
26.127643764019012
24.645324647426605
25.448405146598816
25.23003375530243
25.385933995246887
25.536266922950745
25.99445927143097
26.67749720811844
25.74562031030655
25.738390505313873
25.198931992053986
24.663922727108
24.61499273777008
24.535261392593384
25.04127436876297
23.181270599365234
22.682370126247406
21.172479033470154
20.38067239522934
20.682310223579407
18.245609879493713
16.937574863433838
15.938668131828308
17.565342843532562
19.988119959831238
20.047029197216034
20.90706115961075
23.841046571731567
24.287070214748383
25.834958374500275
25.576692759990692
26.21019673347473
25.273796498775482
26.498419165611267
27.149611234664917
25.880771934986115
26.634714424610138
24.683576226234436
26.327651798725128
25.617728173732758
26.14530974626541
25.1661217212677
24.171738028526306
24.022921562194824
23.51343023777008
21.074284613132477
20.196376025676727
17.330893754959106
16.6122664809227
15.502039551734924
14.524764776229858
12.791267722845078
12.013261198997498
11.81019240617752
9.257771492004395
9.831626921892166
9.73922923207283
9.251242756843567
9.103750139474869
8.902374863624573
8.780300289392471
9.008978694677353
9.3419808447361
8.021752148866653
8.58154609799385
8.806661784648895
9.847638309001923
9.12021654844284
9.175230920314789
8.974312394857407
8.727130591869354
8.328402936458588
8.131740510463715
7.323572188615799
8.458833068609238
8.789353668689728
11.177959769964218
13.298711448907852
16.14970850944519
18.459217727184296
20.983103096485138
22.29750645160675
22.19642460346222
23.842782258987427
24.719973921775818
25.684031069278717
24.800269424915314
25.093461632728577
25.938058376312256
24.560711681842804
24.814962029457092
25.42058426141739
26.112815856933594
25.865031361579895
25.78885108232498
25.20469582080841
26.187070190906525
25.47836446762085
25.47619104385376
24.816121518611908
25.61208415031433
25.034239649772644
23.92805790901184
24.92161375284195
24.156323969364166
23.240379571914673
23.952133655548096
23.134506285190582
22.649522066116333
20.514531791210175
19.429045915603638
17.91812425851822
14.770641148090363
11.865767627954483
10.87961882352829
12.922840505838394
15.1437206864357
16.980356514453888
20.76444786787033
21.307089269161224
22.384123921394348
23.965065360069275
24.645725190639496
25.06147736310959
25.18647187948227
24.558620631694794
23.919252336025238
25.210365772247314
25.871524572372437
25.185954570770264
25.661670446395874
23.701860547065735
23.575738608837128
21.719975352287292
20.00048178434372
16.783970296382904
14.866482496261597
13.196617275476456
12.830069810152054
11.74094757437706
9.750998586416245
9.577904403209686
8.858131527900696
8.947237223386765
9.624416083097458
10.111531347036362
10.584570407867432
10.621599584817886
9.302674055099487
10.280178606510162
9.265759915113449
9.125383645296097
8.90175113081932
8.624033480882645
7.954997479915619
6.7415249943733215
6.618295609951019
7.239878237247467
9.051212668418884
10.744712620973587
14.237532824277878
15.028458833694458
17.141605377197266
19.696337342262268
18.142254948616028
16.484447956085205
13.851959317922592
11.922545164823532
10.160977602005005
9.383236080408096
7.643213361501694
6.829407811164856
7.214252293109894
7.871121972799301
8.417504101991653
8.12822961807251
8.703599065542221
9.484622448682785
9.26156035065651
9.554727494716644
10.615904986858368
9.862713873386383
10.218363642692566
10.66716068983078
10.646860152482986
11.45946753025055
11.285040497779846
12.546224564313889
11.38127413392067
10.977822959423065
9.811541378498077
10.0664421916008
9.396989107131958
9.044003307819366
8.972160309553146
8.368326246738434
9.078842401504517
9.27636170387268
10.018498003482819
8.672156393527985
8.296563923358917
8.954438120126724
8.287868916988373
8.627508342266083
8.57677236199379
8.136589169502258
8.947829484939575
8.516103833913803
9.115894317626953
9.119324296712875
8.213875085115433
8.963109314441681
8.605739653110504
8.926526606082916
9.33344042301178
8.517764270305634
7.552938789129257
7.3986386358737946
8.23535218834877
10.289420008659363
11.647147059440613
15.44533485174179
17.13256824016571
19.191557109355927
21.34932404756546
22.052994549274445
19.915692389011383
19.962876975536346
18.492031455039978
15.74320375919342
14.745145320892334
12.623334139585495
11.717750072479248
10.216564625501633
11.958749800920486
12.968057423830032
12.334469109773636
13.61675763130188
13.522801041603088
13.707777589559555
13.139344215393066
11.562057077884674
12.617624521255493
12.864889353513718
15.066054999828339
18.043876349925995
19.914260804653168
21.888325452804565
23.283962666988373
23.745213627815247
24.449259877204895
25.276151835918427
24.553370714187622
25.20418071746826
26.08198118209839
24.987942099571228
25.397558093070984
25.73723566532135
26.214869558811188
25.47781503200531
25.940987467765808
25.956529915332794
25.39396768808365
25.277375400066376
26.195244669914246
26.49819302558899
26.365453720092773
25.811654329299927
25.90924322605133
26.26317822933197
25.91035121679306
25.033010721206665
25.780965089797974
26.25629812479019
26.37912231683731
26.592672407627106
26.541982293128967
26.035258412361145
26.66248446702957
26.023443520069122
25.940140187740326
25.630325973033905
26.551844656467438
26.002678155899048
25.10155838727951
26.136647641658783
26.29872953891754
25.84207308292389
26.693373560905457
26.073093116283417
25.831263601779938
26.810179114341736
25.989417254924774
25.691260159015656
25.603014647960663
25.22671264410019
26.074291586875916
26.989068508148193
26.508912563323975
25.80798178911209
26.57638943195343
26.169867157936096
25.36608225107193
27.00043910741806
26.92252081632614
26.292095124721527
25.496711790561676
25.43137925863266
25.899681389331818
26.28576761484146
25.758614718914032
26.210578441619873
26.86973887681961
25.6123948097229
26.025043547153473
25.489156365394592
26.396113395690918
26.10176283121109
26.163586258888245
25.492175221443176
25.489145815372467
26.210183918476105
26.30919325351715
25.8444105386734
26.631485044956207
26.79319679737091
25.915292382240295
26.45631778240204
25.422634959220886
25.987441897392273
26.136488795280457
25.985913038253784
24.75053709745407
24.990643799304962
26.72105723619461
26.788538455963135
25.97177290916443
25.35541296005249
25.64354419708252
25.539850533008575
26.733644127845764
26.086596071720123
25.578936874866486
25.996426284313202
26.844443440437317
26.041556000709534
26.60392427444458
25.406975626945496
25.90788608789444
25.698532938957214
26.15056276321411
26.27504301071167
25.62891036272049
26.054809629917145
26.547829270362854
26.16252338886261
26.510140240192413
26.519716918468475
26.07683253288269
26.244583904743195
26.200296819210052
26.519189178943634
25.751773357391357
26.41722482442856
25.87769240140915
26.592985451221466
25.90973436832428
25.74893081188202
26.193476796150208
25.594727039337158
26.44826501607895
26.27199876308441
24.854191482067108
26.17134553194046
26.19233602285385
26.56750339269638
25.429274022579193
26.397642731666565
26.500224947929382
26.542973220348358
25.936074376106262
27.109051048755646
26.334607124328613
25.656687557697296
26.089262425899506
25.32593435049057
26.195858776569366
25.971478700637817
25.827309727668762
27.10238289833069
24.92556631565094
25.961637794971466
25.83117365837097
25.94959408044815
26.430472791194916
25.9458646774292
26.939569056034088
25.533641517162323
26.044932305812836
26.894012987613678
26.471305549144745
26.383396685123444
26.105697095394135
25.918198108673096
27.09224271774292
26.365345776081085
26.32790619134903
25.865907311439514
25.806305468082428
26.404494166374207
26.320268273353577
26.10745346546173
26.194126904010773
25.950989544391632
25.54205411672592
26.2303603887558
25.805964946746826
26.332686364650726
25.97010576725006
26.45220136642456
26.37746798992157
26.72329568862915
25.400552809238434
26.06424504518509
25.589464604854584
25.661729156970978
26.08526909351349
25.974108815193176
25.30342447757721
26.353915989398956
25.43735408782959
25.765492618083954
25.895311534404755
25.417478561401367
26.272994697093964
25.82174038887024
26.82277023792267
26.14397168159485
25.809421122074127
26.172086477279663
25.49632954597473
25.67811620235443
26.438715040683746
25.883801639080048
25.582837164402008
25.734483182430267
26.166478633880615
26.43313902616501
25.559226274490356
26.22992104291916
26.552625119686127
25.87370675802231
25.272887706756592
25.609782814979553
25.5904039144516
25.01328217983246
25.21223545074463
26.396454870700836
26.51876074075699
27.021125853061676
26.39439696073532
25.908230483531952
25.42550253868103
26.64969390630722
26.25739598274231
26.094892919063568
26.450611770153046
26.56310796737671
25.66413712501526
25.758646845817566
25.8298419713974
26.764352917671204
27.01288276910782
25.71306872367859
26.310617208480835
26.30542105436325
25.97420471906662
25.08713608980179
24.54442209005356
22.53194361925125
21.003557741642
18.73729395866394
17.761601865291595
17.780660927295685
18.075816452503204
20.075351774692535
21.45598793029785
22.392352521419525
23.706909358501434
24.263666808605194
25.27222114801407
24.166399538517
24.556437492370605
24.093091309070587
24.419288098812103
25.182897448539734
23.918890237808228
23.359939336776733
23.812334179878235
24.152515530586243
23.404627203941345
23.05823016166687
23.05271476507187
22.689098000526428
22.85594403743744
23.148207545280457
22.43990397453308
22.467982947826385
21.19646966457367
21.87572956085205
19.85041058063507
19.037875950336456
18.52702260017395
17.67292046546936
16.979211449623108
15.241985261440277
14.517269909381866
13.589730829000473
12.186829149723053
11.404749423265457
11.433280736207962
12.146877378225327
11.269258260726929
11.800747245550156
11.365349233150482
12.52877026796341
11.707525223493576
12.405882328748703
12.234770387411118
11.994347721338272
10.428021252155304
10.055830538272858
11.05779093503952
10.58865275979042
10.145305514335632
10.207677036523819
9.898421466350555
10.060657292604446
10.30264201760292
9.828835397958755
9.564567267894745
8.86169770359993
8.844835877418518
8.526975184679031
9.17967963218689
11.186797052621841
12.416004866361618
13.713016986846924
14.727604806423187
16.937196731567383
18.86935257911682
20.120613634586334
21.36880272626877
21.996843934059143
23.01068878173828
24.877514004707336
23.469808280467987
25.242948472499847
25.60434466600418
25.895096719264984
25.682203233242035
25.9222394824028
26.666710436344147
25.57310974597931
25.295845448970795
25.24798047542572
26.148489475250244
26.259976744651794
26.33318191766739
26.27893191576004
26.449706733226776
26.536297380924225
26.196511566638947
26.093619465827942
26.370242714881897
26.208093404769897
26.73323893547058
26.014866650104523
25.736545503139496
25.84977686405182
26.46079832315445
26.195766925811768
26.30242782831192
26.399244904518127
26.74589228630066
25.93446773290634
26.40397959947586
27.17738950252533
26.49704337120056
26.080075979232788
26.218662798404694
26.074752271175385
25.935880601406097
25.763739109039307
26.233874559402466
25.587130963802338
26.030100345611572
26.219801545143127
26.472232282161713
26.12439799308777
26.183071732521057
26.084105670452118
26.225535213947296
26.27482521533966
23.9662504196167
25.798193275928497
25.797786593437195
25.467257857322693
25.67038667201996
23.504546761512756
24.38478285074234
24.272331833839417
24.350788950920105
22.01570898294449
19.742860972881317
17.519598364830017
17.35954087972641
15.370134949684143
15.135752379894257
15.105504989624023
17.236606895923615
18.77062863111496
20.36308854818344
21.18884241580963
21.674998998641968
22.712658166885376
21.952409207820892
20.89459902048111
21.240586936473846
19.332005202770233
17.978798270225525
16.13740760087967
15.302735328674316
14.749196648597717
13.18879771232605
12.054236203432083
13.16996157169342
13.136645644903183
14.12187272310257
15.230831682682037
14.832629919052124
15.57936030626297
15.243233263492584
14.277998805046082
13.518749624490738
11.925575166940689
13.736005663871765
15.441271960735321
19.05204153060913
19.675829887390137
20.797678530216217
21.814032077789307
22.95559597015381
24.258113205432892
24.585171282291412
24.46678054332733
24.32777577638626
25.3642098903656
25.521490037441254
25.262776255607605
26.18849003314972
24.522768139839172
26.073097586631775
25.372870981693268
25.348225951194763
26.138161540031433
25.392205834388733
26.336415469646454
26.076347649097443
25.289651215076447
25.83594709634781
24.964775502681732
26.051531553268433
25.673885762691498
25.410217881202698
25.781884849071503
26.400655388832092
26.51955783367157
25.855552673339844
25.59201228618622
25.68477988243103
25.973786056041718
26.26205176115036
25.13204389810562
24.673010528087616
25.88692742586136
25.93539583683014
25.52374678850174
26.539987921714783
26.484092593193054
25.955561935901642
25.367383778095245
25.33504021167755
25.190909385681152
