3.416261501610279
2.87500973790884
3.961547926068306
3.6158760339021683
3.096332125365734
2.3532623574137688
3.3737146109342575
3.3361086547374725
4.568928897380829
6.038125723600388
6.963024154305458
8.583355247974396
9.542475879192352
11.512451857328415
12.692966103553772
12.244451612234116
8.198853969573975
7.246924430131912
5.01016241312027
3.3457587510347366
2.6954201981425285
2.0829250253736973
2.773582898080349
2.4793751910328865
3.3923846930265427
3.5782466009259224
4.403005436062813
4.163953810930252
5.4291562885046005
6.9298025369644165
7.56324303150177
8.002677947282791
9.896917879581451
10.905239403247833
11.43221628665924
12.984263479709625
13.109874844551086
14.9304780960083
16.372723519802094
17.08711314201355
17.715624392032623
18.822618782520294
19.129317045211792
20.115547597408295
20.249067783355713
20.651774168014526
20.966922998428345
21.596145153045654
21.048231601715088
22.60981947183609
22.428626120090485
23.242117702960968
22.926842749118805
23.452001750469208
23.690267741680145
24.22210067510605
23.933646082878113
23.352878510951996
23.08375585079193
20.92781037092209
17.99981600046158
14.251957714557648
9.901282399892807
8.28338623046875
11.433285683393478
16.581579446792603
19.540993571281433
21.289066553115845
23.348713278770447
24.213699162006378
24.499423921108246
25.8194642663002
24.72032368183136
25.537348210811615
25.38279217481613
25.402657866477966
25.855634927749634
26.035149216651917
25.93479496240616
24.8091721534729
26.663808047771454
25.32388299703598
25.589988589286804
25.123838663101196
24.629574060440063
25.539193749427795
25.332083880901337
26.39585679769516
25.56912934780121
25.698992252349854
25.971553564071655
25.61729657649994
25.245212733745575
25.591396629810333
25.939497411251068
24.796008825302124
24.853367507457733
22.606581211090088
19.21458226442337
16.81586366891861
21.277417838573456
23.816136300563812
24.71282708644867
24.565304219722748
26.061315774917603
25.39871907234192
26.174006044864655
25.784238934516907
25.121657729148865
25.448923528194427
24.929980218410492
25.230928659439087
25.669833540916443
24.037401258945465
23.734865128993988
23.274331867694855
21.586130619049072
18.932460844516754
18.076614797115326
13.558398067951202
11.868674546480179
10.795995444059372
9.455060511827469
9.405423939228058
7.744580328464508
8.238232970237732
8.204595625400543
7.099866569042206
7.419858992099762
7.392043769359589
7.309142291545868
6.710112273693085
6.361364647746086
6.31087563931942
6.57169297337532
6.382430359721184
6.14399291574955
6.451623514294624
5.575504809617996
5.660734578967094
5.401467010378838
4.9548406302928925
6.16608352959156
7.685042887926102
10.893631756305695
13.91334980726242
17.05706626176834
19.192481458187103
21.646615982055664
21.746628284454346
24.230760753154755
24.221980035305023
25.531996071338654
25.887980222702026
26.114983558654785
25.396475434303284
26.706340849399567
26.10145342350006
25.96081054210663
25.92686676979065
25.94189876317978
25.682511746883392
26.13733047246933
25.369881689548492
26.52860987186432
26.434966564178467
25.843341171741486
25.393667936325073
25.719399452209473
26.665405750274658
26.460069119930267
25.688670814037323
26.551205337047577
26.542747795581818
26.201824724674225
26.694491803646088
26.477512180805206
25.346876680850983
26.33929318189621
25.45922338962555
26.323721826076508
26.7626411318779
26.20487767457962
25.752556443214417
26.100615620613098
26.551818788051605
25.303151726722717
26.090049028396606
26.346568048000336
25.89166748523712
26.228409588336945
25.857883095741272
26.79944932460785
26.13054519891739
26.11191350221634
25.410053074359894
25.710225105285645
27.31826663017273
26.704668164253235
25.65939623117447
26.475622057914734
25.49700427055359
26.3771755695343
26.738709926605225
26.075641989707947
25.257012009620667
25.818189322948456
26.188433825969696
26.016820907592773
25.17234641313553
25.760198414325714
24.692315340042114
26.372965455055237
26.36853289604187
27.03629559278488
26.00547307729721
25.993703246116638
26.215996086597443
25.711316883563995
26.525978207588196
27.04650992155075
25.7503759264946
26.04951697587967
26.646305799484253
26.702659964561462
26.288068413734436
25.908308684825897
25.792340099811554
26.103890657424927
25.994903326034546
26.672155439853668
26.518390417099
25.276735961437225
25.944392383098602
25.010810256004333
24.650781333446503
21.819166719913483
17.57452017068863
20.323798954486847
23.28516435623169
25.10562026500702
25.585762977600098
25.178848087787628
25.413100004196167
26.253169059753418
25.578917622566223
25.87757259607315
26.03969269990921
25.255825459957123
26.08980518579483
26.7945037484169
26.73293161392212
26.334172129631042
25.653073847293854
25.779840290546417
26.775110244750977
26.333485901355743
25.455954551696777
25.636916160583496
23.662863731384277
20.228915214538574
16.19077581167221
21.161508679389954
23.92480492591858
24.42468023300171
25.916527271270752
25.792174756526947
25.36890733242035
25.12076687812805
25.586637377738953
25.615171313285828
26.064488351345062
25.118442058563232
25.98234325647354
24.696784734725952
25.127371668815613
25.404691696166992
25.747238993644714
26.074092209339142
25.585847675800323
25.180294275283813
26.30260020494461
25.73754382133484
25.595700562000275
25.202559888362885
25.54253000020981
25.736636340618134
25.323123335838318
25.540799021720886
24.885278403759003
25.171593129634857
25.803291738033295
25.358003735542297
25.549425184726715
25.740122079849243
25.07060080766678
24.781182646751404
24.838213980197906
24.619585275650024
24.126016438007355
25.67510998249054
25.95643389225006
25.874793469905853
25.545956134796143
25.79504829645157
25.229122400283813
24.924102246761322
25.396150946617126
24.939583659172058
25.0961292386055
25.17064130306244
26.291908264160156
24.668175876140594
24.94566410779953
25.09474402666092
23.28083086013794
22.866583585739136
19.263421952724457
16.548472225666046
17.400953471660614
20.54838514328003
22.695259928703308
24.599320769309998
25.294313073158264
25.088105082511902
24.808114051818848
25.370464086532593
24.57798546552658
26.006398677825928
25.41408008337021
25.5915647149086
25.960579752922058
25.774850249290466
24.97798353433609
25.723492205142975
25.968599498271942
26.274292051792145
25.824616849422455
25.780071675777435
25.75385719537735
24.474519073963165
26.149520099163055
25.85070091485977
26.0631884932518
25.7315770983696
24.72929149866104
25.497326374053955
25.365208089351654
25.848528921604156
25.456189453601837
26.227231979370117
25.485202610492706
25.553014636039734
24.954717576503754
25.646885812282562
25.88774824142456
25.63123393058777
25.679711997509003
25.395561575889587
26.224177300930023
26.321654975414276
26.022693872451782
26.161219656467438
26.75308930873871
25.709648966789246
24.664986073970795
26.242008984088898
25.90540599822998
25.647400379180908
25.59666007757187
26.740739285945892
25.14919227361679
26.417804896831512
25.732008695602417
25.172292172908783
25.473251342773438
25.255901038646698
25.350038945674896
24.84494775533676
24.082944810390472
24.95331507921219
22.791694223880768
22.14847242832184
20.816583216190338
18.22134304046631
16.07258278131485
17.44934433698654
20.226402163505554
20.611502468585968
21.844444513320923
22.773271203041077
24.357004761695862
23.97336721420288
24.35476291179657
24.06847381591797
24.1788090467453
23.870913922786713
24.840902149677277
24.00039577484131
24.625842928886414
23.21334397792816
23.65572875738144
23.864809930324554
22.759852826595306
22.6219579577446
20.923166930675507
20.957000613212585
20.432505011558533
18.065072000026703
17.675825774669647
17.087026238441467
16.216028451919556
16.16174602508545
15.56749814748764
15.257882118225098
15.55087548494339
14.594603180885315
14.22605562210083
14.686161518096924
14.087526500225067
14.038608461618423
13.334874361753464
13.336604684591293
13.584220975637436
14.269337177276611
14.734061539173126
15.550397455692291
16.786231815814972
16.609106361865997
17.47676134109497
16.852915287017822
16.565757989883423
15.848770678043365
14.334468424320221
14.471192061901093
16.05182194709778
19.19725227355957
19.470303237438202
21.42784231901169
23.418747186660767
24.672103881835938
24.51140809059143
24.828358829021454
24.758277773857117
25.002759993076324
26.071568071842194
25.940955102443695
25.93412584066391
25.440607368946075
25.247748851776123
25.454790234565735
25.726231932640076
25.57294249534607
25.0086572766304
25.63940840959549
25.733091711997986
24.94089126586914
24.44967269897461
24.468639194965363
25.14107871055603
24.226731061935425
24.024220287799835
22.368667423725128
19.094695270061493
15.267533779144287
18.178309679031372
21.72959613800049
23.458324372768402
25.047155678272247
24.408679366111755
25.0588698387146
24.973295509815216
25.608065962791443
24.623513102531433
25.31158083677292
25.149290025234222
24.774647414684296
25.275429010391235
23.800382435321808
25.042508482933044
23.549547493457794
20.443045377731323
17.387121856212616
15.66307944059372
16.201463878154755
19.347125232219696
22.005042374134064
22.808676660060883
24.251178205013275
25.089022517204285
24.029125571250916
25.23689901828766
26.066379249095917
24.898730993270874
26.04642814397812
25.865852296352386
25.999374270439148
25.3970907330513
25.502529621124268
24.93250924348831
25.232445776462555
25.114778757095337
25.764802753925323
24.90372735261917
26.36411601305008
25.344746351242065
24.598053634166718
25.36796462535858
25.840807020664215
26.303331911563873
26.04178386926651
26.31012988090515
25.501608848571777
24.93617606163025
26.095170617103577
25.677932679653168
24.64849352836609
25.902858316898346
25.80519449710846
26.946103870868683
25.42159253358841
25.876739501953125
25.84525501728058
25.343672931194305
25.463821351528168
25.302947998046875
24.985877871513367
24.99389010667801
25.607078313827515
25.848317980766296
25.239678978919983
25.20320701599121
24.43418461084366
23.442017912864685
23.424036979675293
21.671543538570404
19.516262412071228
17.84991478919983
14.714027047157288
10.949711412191391
11.44778123497963
14.57714432477951
12.590616166591644
11.26171401143074
10.746146410703659
9.778662204742432
10.793140023946762
8.899601757526398
9.106925874948502
9.513391882181168
8.701084047555923
8.135928452014923
8.261005818843842
7.441263735294342
6.800860747694969
6.385028541088104
5.9561601132154465
6.321727558970451
6.441989958286285
5.728967577219009
6.179485276341438
6.1618267595767975
5.917951002717018
5.685955241322517
5.870140582323074
5.906363770365715
5.293697416782379
5.396325543522835
5.163239747285843
4.802796393632889
4.513721585273743
4.978170558810234
5.273791387677193
4.773823127150536
5.891882494091988
8.265878081321716
8.329199105501175
10.583960980176926
12.839694201946259
14.789350301027298
16.86659997701645
18.171691954135895
19.764078080654144
18.442713499069214
22.18593817949295
21.764401137828827
21.633529663085938
23.695247650146484
21.816720128059387
19.954429924488068
17.923868894577026
15.100991308689117
12.337902992963791
8.796405971050262
6.363615036010742
6.849730983376503
6.627955570816994
8.004858046770096
9.387705564498901
11.088092565536499
11.679869651794434
11.973901718854904
13.040966361761093
14.147106260061264
12.482683897018433
11.80176368355751
10.117497086524963
8.236903995275497
8.219550281763077
7.629277944564819
6.929326564073563
6.442131519317627
6.99995182454586
8.251764565706253
10.26514083147049
12.871799975633621
16.173321187496185
18.260011911392212
19.8497114777565
20.75522029399872
22.27193695306778
23.336169719696045
24.66131055355072
24.398351073265076
24.569983959197998
25.677610158920288
26.208188891410828
25.363967657089233
25.79919785261154
25.93353670835495
25.838642597198486
26.260653734207153
25.707938849925995
25.628099739551544
25.57646816968918
26.61832106113434
26.332491278648376
25.76382166147232
26.214321553707123
26.844447791576385
25.302536189556122
24.643381595611572
26.149152100086212
26.513124465942383
25.86861091852188
25.403736114501953
25.45016860961914
26.182514786720276
26.142833590507507
26.354443669319153
26.1107195019722
25.927804052829742
26.240271866321564
26.67897790670395
25.49084711074829
25.193971872329712
25.906252205371857
26.49245274066925
26.354906976222992
25.859839260578156
26.554607450962067
25.810342133045197
26.511141061782837
25.957193791866302
26.214145720005035
26.840097069740295
26.19022887945175
25.98606151342392
25.483207881450653
25.42876273393631
25.546334981918335
26.49734914302826
26.589760065078735
25.203913033008575
26.451043784618378
25.87367284297943
26.244770407676697
25.379197657108307
24.978870570659637
26.399403929710388
26.244918763637543
25.66282856464386
26.60700660943985
25.59095525741577
26.333684027194977
25.693534910678864
25.660487115383148
25.590194523334503
26.90491271018982
25.732948303222656
26.106178283691406
25.90057146549225
25.389788448810577
25.851962447166443
26.11205291748047
26.430031418800354
26.261912405490875
25.967231929302216
26.485732674598694
25.13227653503418
25.913992643356323
26.23793649673462
26.02915734052658
25.572733163833618
25.33875447511673
25.841117918491364
25.737167239189148
27.2154061794281
25.551883459091187
25.740054547786713
25.437785923480988
25.936148405075073
25.582518756389618
25.4078471660614
26.21940368413925
26.166726887226105
26.125028550624847
26.436002671718597
26.175797402858734
25.439974665641785
26.52746546268463
26.059560418128967
26.185266315937042
25.368730187416077
25.546679854393005
25.35200262069702
26.045203030109406
26.215478897094727
25.87554270029068
26.443521916866302
25.631776094436646
25.744393825531006
26.125340580940247
27.385107278823853
26.22724413871765
26.345225512981415
25.072302401065826
26.17624920606613
25.96718317270279
26.3529914021492
26.567650854587555
26.0711652636528
25.240336894989014
25.85638701915741
25.104509472846985
25.677144169807434
25.121992111206055
24.312938332557678
24.01488357782364
21.44580078125
18.626051366329193
17.906076788902283
16.59627515077591
16.84114545583725
17.567915737628937
19.937522411346436
21.27342987060547
21.345723152160645
22.890532612800598
22.16889077425003
21.83201277256012
23.320300340652466
23.9118749499321
24.773446440696716
24.302654802799225
24.512136578559875
24.563891530036926
24.30127865076065
24.430014669895172
24.8605437874794
25.2687851190567
24.747587203979492
25.763561844825745
23.695055603981018
24.86458158493042
24.467265367507935
25.22705990076065
26.04059672355652
24.7690851688385
25.65704321861267
24.6334388256073
25.253798067569733
24.30354505777359
25.737045347690582
25.132290720939636
24.874587178230286
25.52751249074936
25.636299908161163
25.934755504131317
25.051925122737885
25.083833754062653
24.98555338382721
26.38182359933853
26.35869127511978
25.30993342399597
26.00255423784256
25.695714592933655
26.007982552051544
25.554925620555878
25.98956274986267
25.208777964115143
25.937085390090942
25.79926437139511
25.71137136220932
25.451924920082092
26.467139184474945
26.817377388477325
26.603814840316772
25.89449232816696
26.1255145072937
26.33772212266922
25.653631389141083
26.189542591571808
25.849342167377472
26.32500058412552
25.548332631587982
26.454312205314636
26.625680327415466
27.076691269874573
25.68819808959961
26.744727611541748
25.993780851364136
26.212352752685547
25.921825885772705
25.211641669273376
24.687369644641876
23.86597442626953
21.999581396579742
20.402356922626495
17.516908645629883
17.29649245738983
17.641410171985626
19.864621758461
21.683768033981323
22.381488621234894
23.99052482843399
23.710632026195526
25.24271047115326
24.39612329006195
26.083157539367676
25.744716703891754
26.274894416332245
26.240688621997833
25.30972695350647
25.106216311454773
25.174533784389496
24.722765266895294
25.777990698814392
25.61107623577118
26.361299455165863
24.79538917541504
25.351550221443176
25.34083318710327
25.56187802553177
25.096399784088135
23.640760362148285
22.173796594142914
20.16930490732193
16.374850511550903
15.091599822044373
12.20277389883995
11.366656512022018
12.09975415468216
12.970537275075912
14.102154195308685
13.90656715631485
14.217289090156555
14.496707320213318
15.237706959247589
14.404352217912674
13.991106480360031
13.50798112154007
13.731050997972488
13.882451355457306
14.760183811187744
14.485347926616669
14.377458035945892
13.737972170114517
14.818164110183716
13.238386660814285
12.843972712755203
13.267753779888153
11.849409371614456
10.353325814008713
10.676708042621613
10.763772189617157
9.557395190000534
10.652644395828247
10.28659588098526
10.681907206773758
10.637165039777756
11.041112810373306
11.068532168865204
11.771477490663528
11.603892832994461
12.78219223022461
11.467038184404373
11.91101011633873
13.151769071817398
12.57939413189888
11.74379014968872
12.179787307977676
11.47107419371605
11.068151623010635
11.45478355884552
11.034640491008759
10.843191236257553
10.800592303276062
12.074973970651627
11.80283471941948
11.788074791431427
12.246685892343521
12.659134238958359
11.776455372571945
12.981567919254303
12.44565337896347
12.618027031421661
11.037786900997162
10.102382957935333
12.666416823863983
16.263989627361298
19.646912157535553
17.96348774433136
16.096565902233124
13.643448889255524
13.074222952127457
11.33678412437439
10.190839648246765
10.50907787680626
10.915363103151321
10.76912534236908
9.986508697271347
11.171343833208084
9.47771817445755
10.522794753313065
11.230553656816483
12.269608527421951
12.767813473939896
13.184567391872406
14.967803001403809
15.91069906949997
17.396020591259003
18.855944752693176
19.276798009872437
20.075335383415222
21.51564121246338
22.320754528045654
21.70483672618866
22.439586997032166
22.92770743370056
23.41100364923477
25.233337938785553
24.154255092144012
24.240799248218536
24.93428897857666
24.297850728034973
26.243786990642548
24.820095479488373
25.190875470638275
23.851644694805145
23.45214879512787
24.060328602790833
23.044982433319092
21.96397304534912
19.76276707649231
16.585718095302582
12.717402249574661
12.154379487037659
14.751370668411255
18.278220117092133
20.8556250333786
20.340110898017883
21.96509850025177
23.718008875846863
24.053829729557037
24.214639842510223
24.383850634098053
24.337282478809357
25.813909471035004
25.404718101024628
26.362524569034576
25.863825142383575
25.898264706134796
25.30486172437668
25.74495279788971
25.472462117671967
25.980078518390656
25.89363569021225
26.404795050621033
26.180358111858368
26.428160667419434
25.884920120239258
26.285837173461914
26.423962473869324
25.574249505996704
25.294111967086792
25.407194077968597
26.01417452096939
26.904667556285858
25.775630474090576
25.887299418449402
26.619658827781677
25.891338050365448
27.024693489074707
24.943430304527283
25.71665334701538
24.713789582252502
26.197206616401672
26.244642794132233
26.243244290351868
26.52262669801712
26.43219780921936
25.1633722782135
25.91924226284027
26.525755882263184
25.18363070487976
25.919875741004944
25.397189557552338
25.168661236763
25.15652573108673
26.717063665390015
25.29245364665985
25.952331602573395
25.394330382347107
25.792395770549774
25.594429194927216
26.28788250684738
25.79192578792572
25.43666237592697
25.298713862895966
26.687436819076538
26.338724553585052
26.002201855182648
26.461223244667053
25.554094433784485
25.092021703720093
26.03374296426773
26.26052451133728
25.804368793964386
26.5048269033432
25.072309911251068
25.57320350408554
25.861909091472626
26.589556634426117
25.61715054512024
26.17873215675354
25.567621648311615
25.61443156003952
25.19727486371994
24.94598239660263
26.689112901687622
25.559968054294586
26.580920159816742
27.172151029109955
24.90606051683426
25.867221772670746
24.748681485652924
26.24732369184494
26.32412987947464
25.825129508972168
26.25767606496811
26.58757746219635
25.263494729995728
25.879930019378662
26.664415776729584
26.348080158233643
25.333328008651733
26.936330914497375
25.95471030473709
26.0538409948349
26.704503297805786
26.097023844718933
25.358970642089844
25.45018881559372
25.985723853111267
25.134179651737213
26.354974508285522
25.52958434820175
25.757285714149475
26.658108234405518
24.44813758134842
24.809305727481842
27.211816608905792
25.385909855365753
25.63116431236267
25.142158329486847
26.02813196182251
26.141377806663513
26.145481944084167
26.129469990730286
26.121107757091522
24.427454948425293
25.909298837184906
26.558620393276215
25.96081680059433
25.972192227840424
25.649654805660248
25.822518706321716
25.002902925014496
25.893972754478455
25.920250177383423
25.215018332004547
24.77064549922943
24.96094685792923
24.40132224559784
23.38862019777298
23.708727836608887
22.18931692838669
21.38138574361801
19.852229475975037
17.94216698408127
15.246422231197357
14.754586815834045
14.071505308151245
13.746292799711227
14.631974518299103
17.199486315250397
16.883495688438416
18.28859633207321
18.184738337993622
19.41629409790039
20.289083123207092
20.912375152111053
20.894059479236603
21.958780765533447
22.13565957546234
22.46267968416214
22.650211453437805
23.382971465587616
23.462685108184814
23.95963680744171
23.636395812034607
23.351015865802765
23.426765859127045
24.883403539657593
24.872854471206665
24.725667655467987
25.08074700832367
24.122739374637604
25.082145512104034
25.197515666484833
25.315724194049835
25.336480379104614
24.73742985725403
24.641041040420532
25.18388146162033
24.994726836681366
25.17877960205078
25.551560521125793
25.680986046791077
25.505343854427338
26.390591323375702
25.96351534128189
25.65086656808853
25.314634203910828
25.99745887517929
25.828708171844482
25.61341655254364
26.490003168582916
25.132131278514862
26.214061558246613
25.626452267169952
25.902399837970734
25.477498054504395
26.04844242334366
25.438000082969666
25.995791375637054
26.14564883708954
26.599656224250793
26.3072726726532
25.86425119638443
25.35008454322815
25.702271103858948
26.141783833503723
25.965750753879547
26.183320820331573
25.850770115852356
26.695901215076447
25.976795554161072
26.70634961128235
26.168987929821014
25.501656591892242
26.379797101020813
26.904512524604797
26.137445509433746
26.621838331222534
27.019784152507782
25.698623061180115
26.52707576751709
25.895277559757233
26.446149587631226
25.925857067108154
27.230408251285553
25.597209453582764
25.193575978279114
26.014374792575836
26.964589655399323
26.19867092370987
25.91423088312149
25.86936992406845
25.81252235174179
26.513838708400726
26.419016182422638
25.625167906284332
26.741120874881744
26.62989169359207
26.894554674625397
27.233389794826508
26.525981187820435
26.580882608890533
27.506392240524292
26.05303543806076
26.153154015541077
26.09809112548828
25.884586572647095
26.06238853931427
26.581666946411133
25.683286428451538
26.043476343154907
24.60207051038742
25.8315389752388
26.348682522773743
26.15748006105423
25.011466324329376
25.79076462984085
25.934506475925446
25.751702964305878
26.417396366596222
25.818136870861053
26.039298593997955
26.223663806915283
25.961911499500275
25.946670413017273
26.29618591070175
25.60419476032257
26.309042394161224
26.531733453273773
26.6264471411705
26.350017368793488
25.688280045986176
26.285686135292053
26.353491604328156
26.082376897335052
26.157728731632233
26.1654571890831
25.024874210357666
26.39774316549301
25.56419438123703
25.849157750606537
25.945569694042206
25.531473994255066
26.094691812992096
26.293975174427032
26.501001179218292
25.987632870674133
27.07821798324585
25.84258884191513
25.97253954410553
26.45167499780655
26.725123047828674
26.608070254325867
26.01006281375885
26.133673310279846
26.437397718429565
25.816976308822632
26.750415444374084
25.6396661400795
26.405221462249756
25.345669865608215
24.72487783432007
24.381975948810577
26.560595393180847
26.173520922660828
25.948302447795868
26.00426870584488
26.124684810638428
25.257277607917786
26.849437654018402
26.943551123142242
26.12623482942581
25.70519095659256
26.053437888622284
26.24665892124176
26.04200965166092
25.586503982543945
26.8629612326622
26.282787084579468
25.8279150724411
25.97586452960968
25.360716700553894
25.88238137960434
24.613951861858368
25.754569947719574
26.71744269132614
25.945312023162842
25.740907609462738
26.57829850912094
24.772265315055847
26.33698832988739
26.14505237340927
25.659461438655853
25.66956603527069
26.120543956756592
25.909866273403168
26.611694037914276
25.166075825691223
25.212526559829712
25.857835829257965
25.864293932914734
24.717314660549164
24.003535211086273
22.80324399471283
20.91989493370056
18.994576692581177
17.649316430091858
14.93949431180954
15.192857265472412
15.826366007328033
17.802670419216156
18.55095076560974
21.01411211490631
21.32184064388275
20.73803961277008
21.55945712327957
22.654572069644928
23.130117654800415
23.138957381248474
22.618099808692932
22.72048944234848
23.685881078243256
24.34759831428528
24.21710032224655
24.74548888206482
23.717576265335083
25.08027493953705
24.519629061222076
24.8391170501709
24.32658225297928
23.995187520980835
25.371993601322174
24.131110906600952
24.977764904499054
25.12322860956192
23.965113639831543
25.411135017871857
25.5922749042511
24.613574743270874
24.31059068441391
24.681023240089417
25.4119513630867
25.01679301261902
25.929947197437286
25.480472445487976
25.383994817733765
25.314107596874237
25.826077580451965
25.39461088180542
25.914013504981995
25.058930456638336
25.905192136764526
24.912397027015686
25.624210715293884
24.925571978092194
25.938248693943024
25.97831380367279
25.27962762117386
25.298026025295258
25.25831013917923
24.947932183742523
25.154276192188263
25.823653161525726
25.76765924692154
26.035918533802032
25.243333101272583
25.597353041172028
26.393847942352295
24.866245210170746
25.367141246795654
25.469877064228058
25.15285086631775
26.876887261867523
25.845784664154053
25.313986837863922
24.841917276382446
24.82302898168564
24.29955780506134
24.37291133403778
23.891530573368073
22.891782820224762
22.37296462059021
19.81068468093872
18.45799022912979
16.50560814142227
16.010909259319305
17.25334644317627
18.26669180393219
21.429628789424896
22.775670409202576
23.45576310157776
23.185624301433563
23.655238926410675
24.41135936975479
25.555809557437897
24.701618671417236
23.658121168613434
22.96448439359665
22.427947163581848
21.46645087003708
19.132170379161835
16.933401107788086
14.996919214725494
14.030011117458344
13.48746246099472
14.289754092693329
14.358544647693634
15.165086507797241
16.35070163011551
18.18753433227539
17.55640971660614
18.201486468315125
18.039549112319946
19.260673999786377
19.57779163122177
19.208982527256012
19.265046656131744
19.848936319351196
20.352897882461548
20.68257975578308
19.96030968427658
20.583165228366852
21.182383239269257
21.732304215431213
20.16984051465988
20.74688893556595
22.53143483400345
21.781080782413483
22.034405767917633
21.781804978847504
21.791964411735535
23.014096200466156
22.817631900310516
22.50070470571518
22.879708647727966
22.987222969532013
22.181037724018097
21.556253910064697
21.377770364284515
19.90878838300705
20.39651530981064
19.332773625850677
17.87265110015869
17.101673424243927
16.84593164920807
17.730419158935547
17.501299142837524
17.983476161956787
19.54563021659851
19.416040122509003
20.611737310886383
21.63883411884308
22.81096476316452
23.48291665315628
25.362957060337067
24.634798765182495
25.52022296190262
25.039933741092682
25.82671880722046
25.025175273418427
25.984260857105255
25.31235384941101
24.62936383485794
24.04246437549591
23.65266090631485
23.253794133663177
23.95122939348221
22.946158230304718
19.94351416826248
20.459898591041565
19.204350352287292
17.67326533794403
17.837506234645844
17.119290113449097
18.061198472976685
18.28026121854782
19.786790370941162
20.55164408683777
21.081779420375824
22.490130126476288
23.6204794049263
22.466477155685425
24.44611346721649
24.130232453346252
24.387857139110565
25.112299859523773
24.502950191497803
23.32819437980652
25.880814909934998
24.03510868549347
25.358280301094055
24.37298321723938
22.958435833454132
23.648180723190308
22.784113824367523
22.05486398935318
20.145306766033173
20.068807065486908
18.987099587917328
18.3164781332016
17.77902865409851
17.895135164260864
17.934009969234467
17.274299323558807
17.67332112789154
17.66588181257248
18.305801153182983
18.56899333000183
18.48960793018341
18.894288182258606
19.64856719970703
19.782881021499634
19.868834376335144
21.487699568271637
21.957948446273804
22.1788529753685
23.610458433628082
22.800208866596222
23.493021488189697
24.329519391059875
24.309344470500946
24.468515932559967
24.48490446805954
25.223501980304718
24.642753839492798
24.822839200496674
24.5620756149292
25.101605474948883
24.67587125301361
24.418620705604553
23.63820642232895
22.78590279817581
22.571370780467987
22.116126239299774
21.928542971611023
21.610906183719635
20.797110199928284
20.019232153892517
18.661522805690765
19.134299516677856
17.799012303352356
17.667469561100006
17.362297475337982
17.490992963314056
17.42198407649994
16.84227764606476
17.037088096141815
17.094783127307892
17.902120113372803
18.630222022533417
18.488935887813568
19.422622501850128
20.22758311033249
20.180511474609375
20.668796360492706
21.831083238124847
22.010649859905243
22.23656529188156
23.09284597635269
22.561457574367523
23.229645550251007
23.364638209342957
23.245749771595
23.980350077152252
23.811302423477173
24.142524480819702
24.35594141483307
24.239650785923004
24.95022851228714
24.426628589630127
25.006064116954803
24.38726681470871
25.89305567741394
24.851070165634155
25.441100239753723
24.7796168923378
25.365531504154205
25.601958632469177
25.00117439031601
24.887483954429626
24.918270587921143
25.304410934448242
24.880012929439545
25.901903450489044
25.150611639022827
25.377798557281494
25.391035795211792
26.029909491539
25.964349925518036
25.509279906749725
25.04048001766205
24.89355307817459
25.86643010377884
26.03857773542404
25.716686367988586
25.96270924806595
25.665543735027313
25.671777486801147
25.82760852575302
24.958227038383484
24.57181292772293
25.720543444156647
25.398237347602844
24.55688977241516
26.03242266178131
25.822563767433167
25.859300017356873
25.695352017879486
26.006578505039215
25.460765540599823
25.178302109241486
24.50729912519455
24.881300032138824
24.95320725440979
25.079577147960663
24.98312896490097
25.06063723564148
23.849944174289703
22.746761739253998
22.350510954856873
18.49283504486084
16.219617128372192
17.700693428516388
20.04117864370346
22.62739497423172
25.91667914390564
24.335842311382294
25.94234812259674
25.818349361419678
25.638006448745728
26.146283864974976
25.345865845680237
25.65415757894516
26.21624231338501
25.551934003829956
26.76431542634964
26.054973483085632
25.518875777721405
25.949564933776855
26.30408889055252
25.28619772195816
26.370258271694183
25.569504499435425
26.114496648311615
26.011989414691925
26.74736338853836
26.098465144634247
25.967860519886017
25.585714280605316
26.82807755470276
26.085548043251038
26.285881280899048
26.076557874679565
26.618461847305298
24.910594940185547
26.458080410957336
25.796614110469818
25.92158269882202
26.423682272434235
25.93302196264267
25.627206802368164
26.169843196868896
26.054506063461304
26.74025022983551
27.081275284290314
25.770805954933167
26.166920065879822
26.366918325424194
26.498202979564667
25.258534252643585
26.28346425294876
26.78556877374649
25.31740254163742
26.70973175764084
24.769294381141663
27.257532060146332
25.62091475725174
26.279527723789215
25.742295682430267
26.266864359378815
25.967894732952118
26.924309074878693
26.699978709220886
26.08013743162155
26.448654115200043
26.54438441991806
25.39023929834366
25.659067809581757
25.312547385692596
25.346247494220734
25.963484466075897
26.135185182094574
26.57065922021866
25.753652334213257
25.76997995376587
26.33400398492813
25.351695656776428
26.490634500980377
25.320112347602844
26.67692404985428
25.675799190998077
26.456922829151154
26.075672805309296
25.00887006521225
26.540036737918854
26.761260211467743
26.199822664260864
26.753266751766205
26.232244729995728
25.68751060962677
25.973981738090515
25.782842099666595
25.524146676063538
26.830620229244232
25.512296617031097
25.452536523342133
26.035706222057343
25.829748690128326
26.2298966050148
25.97417712211609
25.24345177412033
25.179336845874786
25.781132757663727
25.763569593429565
25.765426218509674
26.2181214094162
25.569735944271088
24.489111006259918
22.503726303577423
20.923853397369385
16.746605396270752
19.56101232767105
22.48618346452713
24.75463491678238
26.3078693151474
25.555897653102875
25.695180118083954
26.309750735759735
26.09238713979721
26.047611594200134
26.43535143136978
26.20774734020233
26.004390239715576
26.18199050426483
24.858699142932892
25.450924575328827
25.712448239326477
25.582924962043762
25.76969164609909
26.002135753631592
25.58895081281662
26.090072214603424
26.38087910413742
26.703332781791687
24.44691389799118
23.85312181711197
22.097810804843903
20.331007182598114
18.042564392089844
17.03909730911255
18.071320712566376
20.79628300666809
21.700416564941406
22.790521264076233
24.177066028118134
24.902797877788544
24.50101751089096
24.935946106910706
25.286982238292694
26.04388576745987
24.977853655815125
25.157102048397064
25.921223521232605
24.860674798488617
24.80548506975174
26.0262753367424
26.459879398345947
25.16166365146637
24.197710812091827
24.73868030309677
25.443337321281433
25.206510424613953
24.778853237628937
23.890720665454865
25.19922548532486
24.324009835720062
23.755185961723328
22.774430990219116
22.04399734735489
21.086033046245575
21.10644882917404
19.41542422771454
19.441362500190735
19.170553267002106
18.994467794895172
18.499075829982758
16.81696790456772
15.675909459590912
13.738051801919937
13.83507764339447
14.46573257446289
17.142848134040833
19.233781695365906
20.380165338516235
21.277219414711
22.490543603897095
23.58269214630127
24.876425802707672
24.34426987171173
25.84525167942047
25.5612735748291
25.824402809143066
25.81824642419815
26.21773135662079
25.458679378032684
26.612175464630127
25.816503822803497
27.099160254001617
27.12973976135254
26.175060272216797
26.17722189426422
25.28437888622284
25.42035311460495
24.278227031230927
23.722039818763733
22.84580534696579
21.86350780725479
19.555799186229706
17.373100996017456
16.869946897029877
15.254852414131165
17.4771426320076
19.857357800006866
21.82681494951248
23.16926884651184
23.903450846672058
24.016015827655792
25.08923900127411
24.96228551864624
25.41752940416336
25.588438153266907
25.21791172027588
25.633870661258698
24.70220160484314
25.916843056678772
25.40394276380539
25.78815495967865
26.452537775039673
25.85715901851654
25.450300216674805
25.670894145965576
26.292609751224518
26.342128217220306
25.916245818138123
25.765533983707428
25.675792932510376
26.587976813316345
25.843584716320038
25.89267647266388
26.219736456871033
27.386016249656677
26.27397334575653
26.6071919798851
26.082360565662384
26.261444628238678
25.151205003261566
26.108084201812744
26.579293608665466
26.02618980407715
24.77867865562439
25.86341083049774
24.306908190250397
25.332496464252472
24.20740181207657
23.423058092594147
22.082053303718567
21.032698273658752
18.632912576198578
17.10794860124588
15.89150983095169
16.152800858020782
17.3820281624794
18.475767076015472
19.311560690402985
19.55578988790512
20.572708547115326
21.877982258796692
21.170642018318176
21.708064794540405
22.090816259384155
22.244847178459167
23.605886816978455
22.318353831768036
21.935887277126312
22.171933233737946
21.067671597003937
19.00256896018982
18.522563815116882
17.745584070682526
17.696339309215546
17.00528085231781
16.41210651397705
16.23439109325409
16.127572655677795
15.171685814857483
15.218820929527283
15.933031260967255
15.783031821250916
14.601524889469147
14.851541578769684
14.832331657409668
14.61664992570877
12.870129019021988
12.404315948486328
12.646849393844604
12.495036005973816
12.570637553930283
13.062802940607071
11.965693444013596
12.610743135213852
12.351141721010208
12.099077641963959
10.883433729410172
12.285065352916718
14.236487746238708
15.970248997211456
18.809981286525726
19.931439757347107
21.967176735401154
21.935807168483734
23.35333126783371
23.14634907245636
23.79349547624588
24.397907555103302
24.630842924118042
25.642573595046997
25.093277096748352
25.154542922973633
25.63075751066208
25.253414034843445
25.61968094110489
25.823152124881744
24.95627933740616
26.408201932907104
25.738388419151306
25.416241347789764
25.52364718914032
25.188506484031677
25.714596927165985
25.699191451072693
25.50583291053772
24.651418149471283
24.859643936157227
24.962592899799347
26.241168677806854
25.46308082342148
25.34978288412094
26.0106583237648
25.158403396606445
25.9241840839386
24.209519267082214
26.17770630121231
26.080865502357483
24.889659464359283
24.938532054424286
25.847620725631714
25.60251235961914
24.628835082054138
24.09787279367447
24.724117875099182
24.48940908908844
24.47407227754593
24.26572322845459
23.298619866371155
23.826836943626404
22.322932839393616
21.535124361515045
20.8505779504776
19.092950403690338
18.028332591056824
15.295172691345215
13.652655065059662
12.696045219898224
10.089606493711472
9.829914569854736
10.445650964975357
11.162282288074493
10.167265832424164
10.973370164632797
10.46755787730217
10.515739053487778
13.504186391830444
