2.157724130898714
2.4192587248981
3.485301986336708
1.8331747576594353
2.4165984764695168
1.8342836685478687
2.23661370575428
1.8828676268458366
2.630956418812275
2.20528531819582
2.01946859061718
1.7599124237895012
2.0937631614506245
2.404616318643093
4.84556120634079
6.621378853917122
10.236093640327454
12.796211242675781
14.152372866868973
17.256007134914398
18.888161838054657
20.875041246414185
19.219523787498474
17.011334240436554
13.643198400735855
11.214668035507202
8.586846202611923
6.993945986032486
6.246119797229767
5.931351333856583
4.778372868895531
4.782201215624809
3.7464055716991425
3.402836076915264
2.9374305084347725
3.0428704917430878
3.279479816555977
3.1556224301457405
2.342498168349266
2.503147780895233
2.0846513360738754
1.8491081520915031
2.3580699488520622
2.908813551068306
3.380020283162594
3.992259845137596
5.741093426942825
6.981170758605003
7.451968640089035
6.42135414481163
5.906849026679993
5.097178339958191
4.602755010128021
3.3381886705756187
3.2372089475393295
2.853507421910763
2.0832788050174713
1.9735383987426758
2.2964320331811905
2.359714776277542
2.9094709903001785
3.30291835218668
3.339772514998913
4.488563433289528
4.040033474564552
4.193754032254219
3.7612089663743973
3.6869670301675797
2.9048807993531227
2.8945611864328384
2.6730249524116516
1.6561537943780422
2.504696398973465
2.1970202922821045
2.4220364093780518
2.7820963859558105
3.748836934566498
4.034361660480499
5.742250353097916
6.545897021889687
5.844744950532913
4.853727176785469
4.655911758542061
2.9380545243620872
3.860673889517784
3.6342906653881073
5.939170777797699
7.884159803390503
6.819701015949249
4.799406111240387
5.202865839004517
4.3028479516506195
3.7031076326966286
3.576290987432003
3.0853621438145638
2.534062184393406
1.7544136941432953
1.5636054165661335
1.9968408346176147
1.7584858760237694
1.878108948469162
1.7012913525104523
2.5717336907982826
1.7888159044086933
2.0404253602027893
2.1363423839211464
1.4059492088854313
2.106804646551609
2.179847240447998
3.3076019436120987
2.541722483932972
2.98645943403244
2.6748810932040215
2.823367267847061
3.8593640476465225
3.3717904537916183
2.8064904138445854
2.72024392336607
2.4076614379882812
2.290867254137993
2.8176750242710114
2.59065193682909
3.5042213201522827
4.225365936756134
6.233947157859802
7.785279750823975
9.513209640979767
10.41732668876648
12.133971095085144
9.66105341911316
8.240723580121994
7.573108464479446
5.4164257645606995
4.710829272866249
4.719695687294006
5.575300306081772
7.47129026055336
9.758129119873047
13.051561653614044
17.180620670318604
18.789268970489502
20.945904850959778
22.60796171426773
20.50029283761978
17.608538508415222
14.845978438854218
12.670975297689438
9.63415989279747
6.059543713927269
5.536725863814354
5.697365075349808
4.642852157354355
4.733687147498131
4.4599476009607315
3.638456977903843
3.6442250162363052
3.447452835738659
3.245400182902813
3.1595743149518967
3.8292460441589355
4.326522469520569
5.941227108240128
7.397524818778038
8.756370484828949
11.248983532190323
13.419494539499283
15.639837265014648
16.75620549917221
17.03915709257126
13.77235022187233
13.714873701334
11.125314950942993
8.814587265253067
6.6507308930158615
5.975132063031197
5.4195739179849625
4.6486480087041855
3.405969627201557
3.7472700625658035
4.328321114182472
2.900866873562336
3.2173324078321457
3.184029057621956
2.8018530756235123
2.817398600280285
2.783248148858547
2.8106035962700844
1.5982485562562943
2.3602656573057175
2.05216995626688
2.394371137022972
2.894824765622616
3.1053007543087006
4.003689847886562
3.2592138051986694
3.7609264329075813
2.853340744972229
2.0190319642424583
1.6902233138680458
2.4159887731075287
2.7885779589414597
2.024620931595564
2.325623609125614
2.248263619840145
2.062666155397892
1.9031280726194382
1.2925811484456062
1.9093500897288322
4.039853915572166
4.799597352743149
6.3717911541461945
8.324447512626648
7.511429578065872
5.535361602902412
5.414615720510483
4.238925099372864
3.7562476843595505
4.065009489655495
3.695955291390419
3.7503400444984436
3.3837643936276436
2.7498239502310753
2.9564306885004044
2.810767911374569
3.758795976638794
3.052022345364094
2.954744391143322
2.460196018218994
2.535104736685753
2.3828795477747917
2.089833550155163
2.1879153698682785
1.952487550675869
2.6260923743247986
2.468809723854065
3.0548428297042847
2.5059327110648155
1.983454629778862
2.528755098581314
2.682496599853039
2.6389885917305946
2.176559701561928
1.8408939689397812
1.8986766710877419
2.58611361682415
1.730499029159546
2.2744460999965668
2.5341853201389313
3.312628097832203
2.805087871849537
2.7178860753774643
2.331074081361294
2.8045129403471947
2.449509635567665
1.706916593015194
2.1452424600720406
1.924506738781929
2.880064718425274
1.9851056262850761
1.9149272814393044
3.0905316174030304
4.080777153372765
3.6211545914411545
3.8920463919639587
2.9129670038819313
4.286989361047745
5.042330399155617
6.52514261007309
5.003429487347603
4.663344755768776
4.100999012589455
3.704026773571968
3.8359817266464233
3.638033591210842
2.7466396167874336
3.342580661177635
2.5975580289959908
2.630001053214073
2.0289615392684937
2.3148908764123917
2.4837653040885925
2.6402798369526863
2.5423541590571404
2.257172144949436
2.247410014271736
3.0646779388189316
2.9810372218489647
3.864832490682602
4.7731484323740005
5.243204489350319
5.655905246734619
8.082305788993835
8.72184932231903
9.05728942155838
7.5297814309597015
7.34017388522625
5.3578769862651825
4.8498926013708115
4.733281463384628
3.356422372162342
2.5389107018709183
2.8952494710683823
2.333891399204731
2.7944555953145027
2.989154078066349
3.284749247133732
2.481554262340069
4.167450428009033
5.151004403829575
3.924823522567749
4.149283021688461
2.8407416492700577
3.0967185273766518
2.7771162688732147
3.0308400690555573
3.5899104326963425
4.287480279803276
4.2150172889232635
2.980006530880928
2.9962218329310417
3.131187431514263
3.012242302298546
2.887626014649868
2.918918587267399
2.091425806283951
2.2159179896116257
2.1268781274557114
1.6797180734574795
2.030222624540329
2.0798869505524635
1.766933336853981
1.7912857085466385
3.4326579868793488
3.616188108921051
2.363794945180416
2.506554327905178
2.0813486501574516
2.39248189330101
3.362176477909088
4.626764938235283
3.68927064538002
3.2826164290308952
2.727876752614975
2.4908878058195114
2.436465173959732
2.547424830496311
2.1017170548439026
2.71223296970129
2.130784161388874
2.6283755153417587
2.9796808287501335
2.3483354970812798
2.449783258140087
1.363292172551155
1.830053061246872
1.0631782785058022
1.595606092363596
1.3482235185801983
1.2377307750284672
1.9566956087946892
1.9631368145346642
1.8875325992703438
2.1915057450532913
3.542995683848858
3.4958546683192253
5.690940588712692
7.438310608267784
6.506881400942802
5.04000960290432
4.9273246973752975
3.6655335053801537
3.1649359464645386
2.232975050806999
2.3490735441446304
1.7009057216346264
1.5801337100565434
2.162871465086937
1.6537972204387188
1.9787681847810745
2.2861656546592712
2.4099247455596924
1.6033895276486874
1.8267006538808346
1.3912098743021488
1.831611305475235
2.788023315370083
4.768513917922974
3.14504711329937
2.6960240975022316
3.0378066897392273
2.8760353922843933
2.2917931750416756
3.194185420870781
5.68112351000309
6.846488133072853
6.221909388899803
4.662760972976685
4.854116752743721
4.438452765345573
3.3669813126325607
3.5029774606227875
3.151440180838108
2.23184847086668
2.993993952870369
3.1394823640584946
2.8604473620653152
2.9337656795978546
3.5933860391378403
3.1325007528066635
3.9997486770153046
4.266363933682442
3.1005875021219254
3.20549938082695
3.1839715391397476
2.873496860265732
2.9942105934023857
3.25458013266325
5.182266682386398
7.3148312866687775
6.482174322009087
6.021053344011307
4.596785873174667
4.821987360715866
4.559792414307594
2.8888464495539665
3.3209142610430717
2.5720458552241325
2.0241948142647743
3.266305558383465
2.1727604046463966
1.9916127398610115
2.1348535269498825
2.4613137170672417
1.8319800570607185
1.8311575204133987
3.0457101836800575
3.7552163004875183
5.576197221875191
5.150013089179993
3.8297460973262787
3.5058788061141968
3.2447939068078995
2.74910931289196
2.535506933927536
1.8934996165335178
2.7625598460435867
2.3971517607569695
2.9860550463199615
2.5365370959043503
2.6727375388145447
2.3881576508283615
2.249385617673397
2.1571891978383064
2.571358099579811
1.5048434026539326
2.04413228854537
1.72479547560215
2.4123181626200676
1.8768198192119598
1.735723789781332
1.9581530168652534
2.0343090631067753
1.5787711665034294
1.142425112426281
1.4962424486875534
1.806739628314972
1.7220699526369572
1.5394298657774925
2.0877216830849648
3.488320842385292
3.03740556538105
2.989467903971672
2.828580640256405
2.5260769724845886
2.6033038049936295
2.6816022992134094
3.2666455879807472
3.692742273211479
6.835698828101158
8.861086070537567
11.807333558797836
13.796420127153397
16.014125049114227
13.295543998479843
11.610598474740982
8.364934980869293
7.844288498163223
6.849656701087952
6.232825458049774
5.093614161014557
3.575866721570492
3.885944053530693
3.9044246077537537
3.117291420698166
2.3711829632520676
3.2374837175011635
1.8741229176521301
2.251848168671131
1.827830396592617
2.037043020129204
2.3858126774430275
2.0374408215284348
1.682919953018427
1.7711439356207848
2.182287357747555
1.6918707713484764
1.7386627197265625
2.0838931500911713
3.1586877405643463
4.704910978674889
6.286090582609177
8.778108984231949
9.58526536822319
11.960073113441467
14.391188830137253
15.798317313194275
17.506397008895874
19.005820989608765
20.04104870557785
21.349144458770752
19.62529945373535
16.230780363082886
12.574055880308151
10.225003898143768
8.968284100294113
6.968571692705154
5.920535609126091
4.5921650826931
4.993529945611954
3.7873828411102295
3.7647351026535034
3.377440854907036
3.6724870279431343
2.604726940393448
2.8982714489102364
2.7358609586954117
2.5237866044044495
2.3093971386551857
3.2323907241225243
3.403220973908901
2.471495918929577
2.668038487434387
2.2582357600331306
2.9136971905827522
2.52413509786129
2.1833816915750504
1.932668525725603
2.4776067659258842
1.858249370008707
1.5356654785573483
2.359046421945095
3.516743578016758
1.7666457444429398
1.995639607310295
2.3482565209269524
2.1875725090503693
1.4170460030436516
1.6933029294013977
2.76965893805027
4.0970278680324554
3.3448643684387207
2.974720500409603
3.752879112958908
2.276411660015583
2.94782342761755
2.3707583472132683
2.2472388818860054
1.6460187248885632
2.764220006763935
2.2382717803120613
1.9535825476050377
2.9513057470321655
3.115351475775242
2.0946246162056923
3.3400117084383965
2.6192469224333763
3.168658345937729
4.018026247620583
4.51414068043232
8.424786150455475
10.21333435177803
13.128147274255753
16.655620276927948
17.91196060180664
21.402578830718994
20.878032207489014
19.55356228351593
16.58629882335663
12.198161959648132
9.044864267110825
5.410269096493721
4.251528784632683
4.991111576557159
4.384108155965805
3.370178773999214
4.029494747519493
3.0613962933421135
2.8772695884108543
3.3777536377310753
2.6358807533979416
3.207457110285759
2.3455493450164795
2.7808958888053894
3.404317021369934
4.838996335864067
6.760689318180084
9.111101120710373
11.275814026594162
14.005551248788834
12.297376811504364
9.308206677436829
7.563989967107773
5.249682158231735
3.5837764889001846
3.9602657854557037
2.742698512971401
2.5753997191786766
2.2123007476329803
2.638234980404377
2.328651763498783
1.9221836030483246
1.987634927034378
2.335911326110363
2.19038163125515
2.627295471727848
2.5061749443411827
2.1375228464603424
2.265054538846016
2.3149982169270515
2.484752207994461
2.536226339638233
2.5769636556506157
3.3315630480647087
3.6130692064762115
3.0410132110118866
2.8388556241989136
2.1820796951651573
2.1691952645778656
1.7314035072922707
2.028707627207041
2.9385212138295174
4.946292608976364
7.368840008974075
7.175685495138168
5.3074076771736145
4.458136320114136
3.586534768342972
3.3548856526613235
3.6609697863459587
3.3468005508184433
5.907188579440117
7.647333920001984
6.411024495959282
5.646418869495392
4.630254000425339
3.4735163524746895
4.1173930168151855
3.2354539558291435
3.1019433438777924
2.4663719907402992
2.600294455885887
2.4456938356161118
3.0778902620077133
1.7573685199022293
2.2164891436696053
2.2862159088253975
1.7382046803832054
1.7838383913040161
3.24115476757288
3.510062374174595
5.6802194863557816
4.649638369679451
4.428537115454674
4.454460993409157
2.701069764792919
2.481759764254093
3.28005850315094
5.432008504867554
5.02300289273262
4.066260740160942
3.9993725419044495
4.004814624786377
4.279483959078789
6.486451759934425
8.63044947385788
6.638133853673935
5.765751853585243
4.906936064362526
5.73308427631855
3.830804020166397
3.8082239627838135
3.5007283240556717
3.917475536465645
3.031334266066551
2.3637048229575157
1.7264071479439735
2.6066176369786263
3.076589211821556
3.889785557985306
4.968180418014526
4.0251030921936035
4.086732000112534
4.252440586686134
4.0607001930475235
2.408446714282036
3.088269457221031
2.072536028921604
2.580051377415657
2.188165098428726
2.2298345640301704
2.147219456732273
1.9655540734529495
1.6798758059740067
3.1672750636935234
4.514652028679848
3.823979988694191
4.225328132510185
2.534592017531395
2.4894222915172577
2.3066273480653763
3.0950232446193695
3.31484267860651
4.546306297183037
6.4527109414339066
8.58546569943428
10.829636305570602
14.30627778172493
16.486584901809692
18.699083507061005
19.398067235946655
20.99275177717209
18.916578471660614
16.78802192211151
13.864932656288147
10.115461856126785
6.87027782201767
4.649653524160385
4.354506865143776
4.937910243868828
4.383772477507591
4.035312592983246
3.362968198955059
3.7433354407548904
3.377482868731022
3.255526512861252
2.7868909165263176
3.1441234722733498
3.5011566653847694
3.912310265004635
4.998863860964775
5.746095344424248
7.608343124389648
6.875826448202133
5.353435039520264
3.8170293122529984
4.482398182153702
4.962111979722977
3.9691570550203323
3.2785184383392334
2.489990308880806
3.0776862129569054
2.5849200189113617
1.923006311058998
2.7216758504509926
2.3530409932136536
2.0467585027217865
1.6111133731901646
2.011249393224716
1.3851787205785513
1.882028989493847
1.584725484251976
1.5931720659136772
1.1856730617582798
1.9702323451638222
2.16935683041811
1.7385175749659538
2.7421643510460854
3.030598573386669
2.562676787376404
2.636257156729698
1.8234556317329407
1.8157878890633583
2.5023214668035507
2.7176527231931686
1.943650983273983
1.5351491384208202
1.836295522749424
1.6906403303146362
1.8071686401963234
2.319686658680439
1.8428750187158585
1.6044005863368511
1.2938384637236595
2.4666404724121094
3.095426306128502
3.72147673368454
5.791004225611687
7.112944394350052
5.934753388166428
5.110577836632729
3.9368005841970444
3.4914062172174454
4.32208251953125
4.20242714881897
6.636176750063896
5.371125712990761
5.175723910331726
4.828119903802872
4.586894556879997
3.487075090408325
2.866175837814808
2.994810961186886
2.967388227581978
2.674399308860302
2.086627032607794
2.656324155628681
2.1415519565343857
3.1446853056550026
2.198737293481827
1.53120681270957
2.381220944225788
2.139891803264618
2.67355228215456
2.183416433632374
2.4819586500525475
2.6813147217035294
2.2792852260172367
1.7597212307155132
1.6599582731723785
1.3555198311805725
1.6240895874798298
2.4270858243107796
3.585926577448845
5.738945722579956
7.704834073781967
10.07849645614624
12.148292988538742
13.828049421310425
16.973350405693054
13.294568806886673
10.724487662315369
9.181846618652344
7.378652662038803
6.073316439986229
5.638289093971252
4.573568969964981
3.737533926963806
3.4942592456936836
3.379703052341938
2.920976124703884
2.512396641075611
2.1200723201036453
1.8960148729383945
2.0676006451249123
2.8772755339741707
3.1508049741387367
4.820479437708855
3.974522277712822
3.228019043803215
3.247125208377838
4.383941933512688
4.683094218373299
4.049549952149391
3.700142130255699
3.750635012984276
3.413350000977516
2.837353214621544
2.5978669226169586
2.603121943771839
2.505390889942646
2.7238743752241135
2.656899817287922
2.9769705832004547
3.049111694097519
2.4951825216412544
2.113499514758587
2.1095864921808243
2.9276319965720177
2.8062210083007812
2.760356515645981
2.8339450359344482
2.3137069940567017
2.2905267253518105
2.6439850479364395
3.291726775467396
4.02538999915123
6.038417354226112
4.943580314517021
5.585452884435654
4.106217607855797
4.501507788896561
3.2702992856502533
2.4997214898467064
2.902662619948387
2.4475245997309685
3.0883245021104813
1.8586425930261612
3.3837346732616425
4.208061695098877
7.031695246696472
5.653363823890686
5.714158967137337
3.737228885293007
3.230743668973446
2.958827592432499
2.25769080221653
2.9171254709362984
2.762992851436138
3.7375615388154984
2.920047551393509
2.7076111137866974
2.692914441227913
3.0907952710986137
4.07996729016304
3.5586265325546265
3.118241213262081
2.38688862323761
2.3862410485744476
2.2564481049776077
2.3073524311184883
1.899478442966938
1.7535115107893944
2.4354025796055794
3.0608131512999535
2.677844859659672
2.297983407974243
2.6863212287425995
2.4281439930200577
2.4104463383555412
2.181763306260109
2.827944152057171
2.1195219457149506
2.2695357128977776
1.9636430963873863
1.9202616512775421
1.8423698656260967
2.2297226414084435
2.190621107816696
1.8160680532455444
4.052136212587357
4.53010830283165
6.20477868616581
9.682751685380936
11.814102292060852
8.73189315199852
7.0802125334739685
5.695624008774757
5.311986669898033
4.4670456647872925
2.828576847910881
1.4904508516192436
3.089613139629364
4.151712849736214
5.4640011340379715
7.07232129573822
8.954494506120682
9.822353810071945
13.22094875574112
10.64151006937027
8.447725117206573
6.323387771844864
6.257514700293541
5.370962411165237
3.47062323987484
4.343098863959312
4.225111022591591
3.262511894106865
2.6336162611842155
3.4950632452964783
2.413071095943451
2.5603031665086746
1.8683267384767532
2.2257645428180695
1.9089494720101357
3.1881123408675194
2.9862752556800842
3.571585565805435
4.417231306433678
5.691853538155556
6.85676334798336
7.906233221292496
9.056648403406143
9.92727741599083
11.570425242185593
13.72174197435379
14.890184998512268
11.696529656648636
10.858938246965408
8.773491233587265
6.411123916506767
5.63803730905056
3.135087989270687
5.134598478674889
4.489055380225182
4.771020084619522
3.852692812681198
3.0233403369784355
3.3032383918762207
3.626697361469269
3.4016371071338654
2.862694837152958
2.8235263004899025
2.9641110599040985
2.6387379094958305
2.4655500277876854
2.686051979660988
2.345584772527218
2.5707906931638718
2.3691854625940323
1.5956620946526527
1.3574769385159016
1.1053683422505856
1.9236593171954155
3.32313784211874
5.39347767829895
4.635016679763794
3.7978105545043945
4.525209873914719
3.763179250061512
5.145405977964401
7.543184161186218
6.081283405423164
5.25032801926136
3.9210687801241875
3.5473760291934013
3.55985027551651
2.996083214879036
3.3562777265906334
3.605801500380039
2.9037465155124664
2.6886175870895386
3.19511878490448
4.086770310997963
3.3534825518727303
3.747851699590683
2.9234005138278008
3.45382346957922
2.4962721168994904
3.0753102228045464
2.552968330681324
2.62303027510643
2.6270913779735565
2.317893423140049
2.034522883594036
2.27131737023592
1.8855647817254066
1.7851228564977646
1.8941198512911797
1.7574999555945396
1.846069049090147
1.6161414310336113
1.4770511984825134
1.6622121557593346
2.3289796635508537
2.273447535932064
3.144082047045231
4.293516546487808
5.420551002025604
6.349292173981667
8.641280055046082
10.340180099010468
8.36016970872879
6.9041075855493546
5.634728223085403
4.8211240619421005
3.7386143654584885
2.838824152946472
2.436839260160923
2.4600611180067062
2.997220017015934
2.2244967594742775
2.856148138642311
2.155082583427429
2.6782600581645966
2.882413499057293
3.692932605743408
4.73755444586277
4.397040694952011
3.1375554725527763
3.226935178041458
3.120852380990982
2.930065795779228
3.8695362508296967
6.166430354118347
8.339491724967957
10.88497269153595
8.276725113391876
6.425410285592079
5.721293166279793
4.928186342120171
4.1803614646196365
4.058586373925209
4.8805417120456696
6.077017650008202
7.404081284999847
8.59268981218338
9.707957208156586
10.908837229013443
8.941686600446701
7.316374838352203
6.73541134595871
5.669652059674263
5.192028358578682
5.150173768401146
3.6810867190361023
3.4818349480628967
3.507128670811653
2.958913415670395
3.2893746122717857
2.5530639365315437
3.592277944087982
3.3682495430111885
2.3605442941188812
2.5584027841687202
2.0280610024929047
2.216427780687809
2.160084366798401
2.682031847536564
1.7995329685509205
1.964252457022667
2.294998288154602
2.7812812849879265
1.947508804500103
2.780476599931717
1.959068588912487
3.619724750518799
2.6289076432585716
2.650802366435528
2.678304001688957
1.597344484180212
2.4106342792510986
1.982450120151043
2.4720999747514725
2.614190451800823
3.2895893678069115
2.9503780156373978
2.095025919377804
3.444479078054428
2.1170613020658493
2.185215763747692
2.0050097554922104
2.4344824254512787
2.443438872694969
1.7539225779473782
2.5960586443543434
1.8801729790866375
1.7083073444664478
2.1250322982668877
2.4474188685417175
2.2833219543099403
1.6882833763957024
2.4090711921453476
2.1675580590963364
2.4001188948750496
2.299506403505802
1.8159087896347046
1.4611161425709724
2.103524625301361
2.3826627880334854
2.9380601942539215
2.513974145054817
3.0662757605314255
1.8913428410887718
2.945593684911728
2.4201321825385094
1.8917312696576118
2.1079520732164383
1.7783888764679432
2.074393667280674
2.2881245091557503
1.1032604351639748
1.5121221579611301
1.9238520935177803
1.4910193495452404
1.7722390927374363
1.652424044907093
1.7257461920380592
1.5461536049842834
2.6474847719073296
1.1810142137110233
1.954495470970869
2.0669969618320465
1.7273346297442913
2.2439913153648376
2.864485017955303
3.688125118613243
3.611031286418438
2.3391671776771545
2.3105241656303406
3.8497196584939957
3.547199547290802
5.49091599881649
4.582135036587715
4.457809895277023
4.144138425588608
3.6493596732616425
3.597240887582302
3.3924156799912453
2.7242616713047028
2.439006194472313
2.5895141437649727
1.9724263399839401
2.857035830616951
3.069765254855156
3.7250168174505234
4.920088529586792
3.5353576466441154
3.4008668288588524
2.665269151329994
2.6418190971016884
2.2700913324952126
2.5158410891890526
3.2733567655086517
5.603150799870491
8.324090898036957
11.360414236783981
14.707447618246078
16.61415547132492
19.024144411087036
14.288092911243439
14.12927132844925
10.954277992248535
8.23437812924385
6.264116004109383
4.8703919649124146
4.518167942762375
4.446975961327553
3.5070528835058212
3.5047002881765366
4.445793181657791
5.871832430362701
8.646262437105179
10.449052333831787
13.035822600126266
15.562619984149933
12.940173774957657
11.404347509145737
9.534632980823517
6.844908177852631
4.709821656346321
4.045305132865906
3.101608119904995
2.949661046266556
4.196487918496132
2.4358254447579384
2.806915983557701
2.77918691188097
2.364987663924694
2.3140565678477287
3.312425471842289
2.1259442940354347
2.3131816685199738
1.744839496910572
2.4393706247210503
2.1504502072930336
1.4805044382810593
1.8815802708268166
2.017827555537224
2.2117991149425507
3.9181968420743942
3.0295550152659416
3.0704650282859802
2.3712454214692116
2.795306384563446
1.6962337866425514
2.264623388648033
2.4085329473018646
1.570927757769823
1.1769474223256111
1.138032205402851
2.5892170071601868
3.130278557538986
4.212136000394821
2.60577954351902
3.1238915100693703
2.471543475985527
2.5794059336185455
2.151626378297806
1.8520993180572987
2.4980803802609444
4.61231204867363
6.18534554541111
5.1294639110565186
5.2827282547950745
3.998736187815666
4.73586069047451
3.6975788846611977
3.1109837666153908
2.553200125694275
4.648258358240128
3.340383194386959
4.320134714245796
7.9730084836483
8.683057755231857
11.138920307159424
9.402046740055084
8.689178764820099
6.103033021092415
5.626041367650032
5.229663610458374
3.9658162146806717
4.541435688734055
3.9161227494478226
3.3692975863814354
3.396591529250145
3.064922958612442
3.2105094492435455
3.3896779119968414
3.295595645904541
2.5959347859025
2.650852881371975
2.9521104842424393
2.4091326370835304
2.180601306259632
1.6865762956440449
1.4064371958374977
2.54877258092165
1.4080925323069096
1.9441969096660614
1.4007713496685028
2.416894279420376
1.888112485408783
1.3568348847329617
2.0254781171679497
1.6963649801909924
2.562876336276531
2.884108819067478
3.1707394123077393
5.001681208610535
6.130285143852234
4.5537679344415665
3.2047481164336205
3.567491039633751
3.5440408512949944
3.8066793233156204
2.328484669327736
2.26701308041811
2.610389456152916
1.718627706170082
1.8084642216563225
2.0342214927077293
4.087677165865898
4.973413169384003
7.254698634147644
9.422986775636673
12.528001308441162
10.46038481593132
7.874441713094711
6.450474828481674
4.852018058300018
4.504495725035667
4.341725647449493
3.4622004479169846
3.7767682522535324
2.905771419405937
2.8641354143619537
2.158270627260208
2.278049446642399
2.05953711271286
1.8959027752280235
2.502453848719597
2.3498134836554527
1.9602606147527695
2.084793381392956
2.183493711054325
4.10308250784874
4.7350479662418365
4.944830238819122
4.454577699303627
3.8530734181404114
3.1189423501491547
2.8906031250953674
3.1639754623174667
2.92412331700325
2.3484373167157173
3.4770528972148895
3.7974019944667816
5.585322335362434
7.968801349401474
9.994234144687653
12.456876009702682
14.725256592035294
16.571169257164
18.86091285943985
20.56917703151703
18.55178940296173
15.921124756336212
12.305197596549988
9.250275254249573
7.713865727186203
6.2802741676568985
5.158130034804344
4.623738840222359
4.1400556564331055
3.565438836812973
3.1711514219641685
2.5072672739624977
3.144876942038536
2.712368056178093
2.2825024500489235
2.694849468767643
2.4485416784882545
1.3933199271559715
1.7975377403199673
1.187967974692583
2.230052798986435
1.9265786185860634
2.4807576090097427
2.2677745148539543
1.501157272607088
1.5130787901580334
1.847064770758152
1.7313852310180664
1.4490838088095188
2.1610360965132713
1.829284157603979
1.8161587081849575
2.6061941832304
4.025931298732758
6.242358788847923
5.143260568380356
4.492350816726685
4.237199082970619
3.6751463413238525
3.8853859454393387
5.018486022949219
6.0203185975551605
9.013462096452713
6.610442668199539
5.853025138378143
5.295031890273094
4.081140428781509
5.157521441578865
3.8538849502801895
3.036338359117508
2.9090513437986374
2.493350885808468
2.756579838693142
2.0576714500784874
3.123893715441227
2.767156705260277
4.306065604090691
5.537334188818932
7.490155979990959
10.275382965803146
11.516067266464233
14.479516923427582
10.254131764173508
9.459778934717178
8.932526409626007
7.8114452958106995
5.979630008339882
4.639496877789497
2.556344725191593
2.8936538249254227
3.2388284876942635
2.6798999458551407
2.488590583205223
2.143240548670292
2.0117003843188286
2.581454873085022
2.131247229874134
1.9797638058662415
2.324503518640995
1.8520741313695908
1.737395279109478
1.5213858857750893
1.2553124390542507
1.7906904444098473
1.4412248842418194
1.5066705457866192
1.4419923201203346
2.3081449940800667
3.290807068347931
2.634697176516056
2.7239580675959587
2.3358588442206383
1.819662407040596
2.9125970378518105
2.0595456063747406
2.2016789466142654
2.611208215355873
2.668787933886051
4.788671106100082
5.966135412454605
4.710798680782318
4.298622667789459
4.084326326847076
3.736081898212433
3.7253546193242073
4.821705237030983
6.078211143612862
8.703044772148132
11.22108581662178
9.585385769605637
7.991960644721985
6.141191154718399
4.780874505639076
4.5734919756650925
4.35224586725235
4.476501598954201
3.735416740179062
3.434755466878414
2.8989730030298233
3.2293886691331863
2.8173153325915337
3.1578457579016685
2.278344951570034
3.2011734396219254
2.7883963137865067
2.3431750163435936
2.121812082827091
1.5478440262377262
2.662315085530281
1.6897901184856892
1.815697118639946
2.2354941591620445
1.9083955809473991
1.6601547971367836
1.5850499086081982
1.6011904403567314
2.0508675798773766
2.4387838914990425
2.2161579206585884
1.5246108584105968
2.1229436695575714
1.347884114831686
2.3501319512724876
1.2295122258365154
2.0530982241034508
2.776922918856144
4.222301468253136
7.2475233525037766
8.613758474588394
11.110600799322128
9.357030063867569
7.424123585224152
7.181531175971031
5.278904467821121
4.504113987088203
4.526388198137283
3.695968508720398
3.2757832631468773
3.1070165783166885
3.3344371020793915
4.582083538174629
6.875781819224358
9.59133830666542
12.407643258571625
15.493720293045044
18.004171669483185
19.01857990026474
20.57012301683426
19.838384568691254
16.575383961200714
12.253944128751755
9.52620181441307
7.606740474700928
7.142441660165787
5.575996220111847
5.017095535993576
3.5511219650506973
4.169807448983192
4.216752156615257
3.4296493902802467
3.892947241663933
2.590943843126297
2.6645343974232674
2.777218595147133
2.3976663053035736
2.003795847296715
2.1115019991993904
2.1601449325680733
2.4570052176713943
2.919780842959881
2.54704387485981
2.3504114001989365
1.8062063977122307
2.0799268633127213
2.763972759246826
2.212521083652973
2.0781601518392563
2.020411215722561
1.8938400372862816
1.770375795662403
2.1789157278835773
2.0144102573394775
1.8013657592236996
1.6590362936258316
2.845565840601921
2.4107707887887955
3.130323402583599
3.276191756129265
4.333891972899437
4.202301487326622
4.800330281257629
6.376382663846016
6.422271952033043
7.0162932723760605
7.908149644732475
8.09958267211914
9.921717554330826
9.184924393892288
11.132772088050842
10.975608140230179
12.831446200609207
13.611543446779251
14.359446614980698
13.862816631793976
14.172117710113525
16.761634409427643
15.410146176815033
17.099742829799652
17.12919294834137
15.291202068328857
12.306844711303711
9.970575600862503
8.23701399564743
6.688494712114334
7.997117877006531
12.179271191358566
15.750543475151062
17.542653441429138
20.38700795173645
18.208305597305298
15.600098550319672
12.878920465707779
10.40711623430252
8.61614739894867
7.366350248456001
5.2812648713588715
3.700114816427231
4.910311624407768
7.2235253900289536
5.820189371705055
4.530155926942825
4.6909655928611755
4.510193467140198
3.5198855251073837
3.0756853446364403
3.119740813970566
2.7443355470895767
2.7735372707247734
2.6385791450738907
2.4175714030861855
2.1072912737727165
2.3803584799170494
1.349470417946577
1.507248304784298
1.3503947593271732
2.369128718972206
2.1336738243699074
2.9173802733421326
2.938887231051922
2.845192976295948
2.7834299728274345
2.211408145725727
2.7262700870633125
1.5152629651129246
2.2401675954461098
2.5703345611691475
2.5732182636857033
2.336769960820675
1.9847458451986313
1.782634124159813
2.6645117923617363
3.393618032336235
3.9886839166283607
6.303613185882568
6.269152939319611
5.013266131281853
4.573756039142609
4.299623534083366
5.315875947475433
7.998825877904892
9.11758503317833
12.922417551279068
15.265996515750885
17.45016175508499
15.134961009025574
12.593568444252014
9.586093008518219
7.875178337097168
7.496406063437462
5.785932332277298
4.829233139753342
4.300066277384758
3.9073955416679382
3.1697135493159294
2.7096088752150536
3.9823994487524033
4.02989998459816
5.102735385298729
6.875448539853096
8.909553468227386
8.674929231405258
5.661529123783112
5.689869537949562
4.655383497476578
4.414855241775513
4.715123474597931
3.241598963737488
2.8313136398792267
2.734572283923626
3.125771977007389
2.3480472564697266
2.1393527537584305
1.4900149069726467
1.7095986381173134
2.3053707256913185
4.100186243653297
4.501069322228432
6.694261968135834
9.326658725738525
8.455331563949585
5.873733758926392
5.4528413116931915
4.615953743457794
4.1737266927957535
3.3872716277837753
3.7532634139060974
2.447163611650467
2.4079276099801064
2.0695907548069954
1.792459961026907
1.9741626232862473
1.6517723090946674
1.2475796937942505
2.740160383284092
2.535992056131363
2.5994425639510155
2.0877839252352715
2.572575882077217
2.5078749135136604
2.2588189840316772
2.150072403252125
4.036315828561783
5.350334897637367
4.9497059136629105
4.732701510190964
3.1987742856144905
2.181864954531193
2.8726363480091095
3.109503887593746
2.8889094963669777
1.774311114102602
2.3280921578407288
1.5779383964836597
1.980992317199707
2.0204863511025906
1.9246030785143375
1.7308391630649567
1.3173147067427635
1.9182865172624588
3.485718607902527
6.060147270560265
5.273656755685806
4.9719546139240265
3.435828536748886
3.553071089088917
3.312793515622616
2.4998185709118843
2.703354187309742
2.4197072833776474
3.3520893678069115
5.497220873832703
3.8235417306423187
3.691266268491745
3.8651083409786224
4.160497650504112
4.46554371714592
3.3346741050481796
3.318554513156414
2.4106930568814278
2.6187573298811913
3.0542473047971725
2.6114594787359238
4.524223625659943
4.169965922832489
3.2560394629836082
3.8574459105730057
2.5957163348793983
2.8346499875187874
2.6080845966935158
2.9966545924544334
2.3704689666628838
2.2584757953882217
2.7295524030923843
2.3373973444104195
2.518652804195881
2.5372039452195168
3.3866886124014854
3.5102941542863846
4.5145649164915085
4.043570518493652
3.614753305912018
3.406516596674919
3.5352657437324524
2.9254584312438965
2.588519461452961
2.6921794414520264
2.3631380945444107
2.986540086567402
2.4122301414608955
2.873329535126686
2.7211409583687782
3.942959889769554
5.315195605158806
4.630063638091087
3.129474364221096
4.11224664747715
3.9242491722106934
3.125639371573925
3.139881819486618
3.136988766491413
2.1764861792325974
2.5851017087697983
2.802064172923565
3.0172209218144417
2.384072683751583
2.9044349044561386
3.2338861003518105
2.2888882756233215
2.1322040781378746
2.372010260820389
1.765615850687027
2.185275748372078
1.4925666898488998
1.2881585620343685
2.3156385347247124
4.463231265544891
7.586816757917404
6.272553384304047
5.4084343165159225
3.9099784046411514
3.4499792009592056
3.3112960159778595
3.360695093870163
3.0486293956637383
3.4200219064950943
3.041535623371601
5.351723074913025
7.649288505315781
10.099302142858505
9.097296744585037
7.739677876234055
6.398794859647751
4.963141307234764
4.604599058628082
2.7625169157981873
4.086482405662537
3.5401410833001137
4.877564385533333
4.847406581044197
3.1240776777267456
2.7545788064599037
2.9793790206313133
2.857312984764576
3.9031517952680588
5.508909270167351
6.314325526356697
7.620013326406479
7.4731422662734985
6.203003212809563
6.009028181433678
4.133272469043732
4.171158716082573
4.0846923142671585
3.1757843643426895
3.2833330407738686
2.7253370136022568
1.9821658581495285
1.674910619854927
2.591888055205345
2.6584532260894775
1.868333287537098
1.7985982820391655
1.6252839677035809
2.7595023959875107
1.8691304624080658
1.2986677661538124
2.7668766230344772
3.814212918281555
3.2508359253406525
3.1522007435560226
3.192561089992523
2.1400722190737724
1.9823966696858406
2.309985764324665
2.2479028925299644
2.4364757388830185
2.819187209010124
3.5889706686139107
3.866184324026108
6.340331867337227
8.133258193731308
9.122316479682922
8.168626815080643
6.618064880371094
5.696344688534737
4.517440378665924
4.481728240847588
3.326797805726528
3.1144114285707474
2.4483791440725327
2.9490163177251816
2.632986754179001
2.0146387591958046
1.994040820747614
2.3705749809741974
2.0128529965877533
2.3415293246507645
2.886031612753868
2.1692634150385857
1.9905640482902527
1.7756151109933853
2.1968758329749107
2.205406665802002
1.7688446678221226
1.8861163184046745
2.0767032131552696
3.5436868220567703
3.758336842060089
3.470220923423767
3.089395508170128
3.2401504144072533
2.654249630868435
3.1213589683175087
3.0793405547738075
4.874377906322479
4.193392798304558
3.6755047366023064
3.6098606660962105
3.1395098119974136
2.7365081310272217
2.6349624916911125
2.7397956550121307
2.1095755845308304
3.3025676012039185
4.532467246055603
4.2870017141103745
5.269833713769913
6.039081647992134
6.129973322153091
4.057400092482567
5.43607297539711
3.5046504139900208
3.341551572084427
3.3512589409947395
3.3053884506225586
2.3364748284220695
2.6918323636054993
2.058122992515564
2.1522934064269066
3.0535961389541626
2.056333690881729
2.7555203437805176
1.6727451458573341
1.8414513766765594
1.9377286806702614
2.397472396492958
2.5756788700819016
2.041280686855316
1.4932515397667885
2.112846165895462
2.80120050907135
5.646144554018974
4.742494523525238
3.695659250020981
4.060554206371307
3.572155088186264
2.817068137228489
2.986921012401581
2.764651820063591
3.2529163286089897
3.0238059610128403
5.09999842941761
3.993048533797264
4.157912909984589
3.5170624405145645
3.3909997940063477
2.4814523085951805
2.691527836024761
2.543380506336689
2.7111214697360992
2.2761203348636627
3.5897347554564476
2.4964885115623474
2.305977262556553
2.5777923092246056
2.2220144122838974
2.8645172268152237
3.447423130273819
3.831575147807598
3.216171368956566
3.0689576119184494
2.744073286652565
2.891160733997822
3.0574452877044678
3.221179388463497
