2.7928067669272423
3.481011800467968
3.5540347546339035
2.2995870262384415
1.9600829593837261
2.3116741813719273
3.1186708882451057
2.775131769478321
3.077614888548851
3.414499409496784
3.9751502126455307
5.262299060821533
5.279075264930725
6.199044361710548
6.695028722286224
7.851344555616379
8.968417555093765
10.241146266460419
11.867424875497818
9.084172040224075
7.6615694761276245
6.218111842870712
4.956262469291687
4.015531837940216
2.814992055296898
2.308257170021534
2.3024251237511635
1.646030519157648
2.116063989698887
2.2770421355962753
2.1520182713866234
2.9806550666689873
3.056082122027874
3.447989694774151
4.1184228509664536
4.9722182005643845
4.11534358561039
4.8611320704221725
5.209411337971687
4.183370396494865
3.5330666303634644
2.6210494711995125
3.864876478910446
3.0427428260445595
3.615309417247772
2.847113251686096
3.5241233482956886
3.1062082797288895
2.7600836232304573
2.2085455134510994
2.4760872423648834
1.6633736342191696
2.581329382956028
2.53212384134531
1.912226926535368
2.4569258838891983
1.4631623402237892
1.297595776617527
2.081681877374649
3.258769080042839
7.229166761040688
10.196193277835846
13.28100699186325
15.457395076751709
19.61046862602234
15.963453710079193
13.30782625079155
10.996879816055298
6.580880686640739
6.905367791652679
10.078150421380997
14.978770315647125
17.115096271038055
14.025490403175354
11.825949341058731
9.943022787570953
6.726525768637657
5.689062848687172
3.7930691093206406
2.359142489731312
2.5812453776597977
2.9155378565192223
3.5235436260700226
3.872605085372925
5.505438461899757
6.06195393204689
6.784180894494057
5.631237506866455
5.4215686321258545
5.312471926212311
3.6126822531223297
3.814699172973633
4.233538419008255
3.7982440814375877
2.9745650216937065
2.684509314596653
2.7399613708257675
2.8209580779075623
3.9893058240413666
4.413551405072212
2.9597765803337097
3.0644609481096268
3.6081596314907074
3.1508078202605247
3.437642313539982
2.6716035157442093
4.2277413457632065
3.740383267402649
5.630828693509102
6.853067860007286
7.762799888849258
7.730204731225967
5.251838684082031
5.340074181556702
3.8802387565374374
2.596194565296173
3.2264261469244957
2.4199545308947563
2.305291600525379
2.2917006090283394
2.1692763343453407
2.182467520236969
1.8649089708924294
2.577066160738468
3.0380894914269447
3.8870089799165726
4.171736970543861
5.240612104535103
6.045940116047859
8.290881186723709
6.065370872616768
6.2070102244615555
4.809338063001633
5.118492007255554
3.4667128548026085
3.2601037323474884
3.308878779411316
3.878648027777672
3.154569834470749
3.166955806314945
3.8298946395516396
4.332449480891228
5.852425262331963
7.666295409202576
9.09478610754013
11.249076545238495
13.05849775671959
15.380158543586731
16.86784714460373
13.541482090950012
10.779418736696243
9.924132883548737
6.7669579684734344
6.331649452447891
5.940235763788223
4.602848097681999
4.454195141792297
3.3773316219449043
3.2347759902477264
2.6131747886538506
2.260652519762516
2.639834500849247
2.1178548261523247
3.0861436128616333
2.6407810151576996
2.3571018427610397
1.9136375561356544
2.491621784865856
1.7946402579545975
1.9242944419384003
1.937395140528679
1.631326925009489
1.2859845981001854
1.4082799330353737
1.6953876540064812
1.488298550248146
1.6268278285861015
1.4196026995778084
1.875151116400957
2.859004497528076
1.8300213813781738
1.6813108436763287
2.0419770255684853
2.632467493414879
1.420030564069748
1.7381507344543934
2.433094836771488
2.4966944083571434
2.686737284064293
3.4588586688041687
4.805157825350761
5.349552944302559
5.439328983426094
6.286733388900757
7.118538662791252
8.428093791007996
7.867217928171158
8.526628881692886
10.069343864917755
7.803027719259262
7.13552662730217
6.141587316989899
4.877440631389618
5.544011980295181
4.374995931982994
4.063827648758888
4.404562398791313
5.627714529633522
5.051402881741524
4.7302544713020325
3.9649397134780884
3.7762665450572968
3.5451110154390335
2.920888528227806
3.5061041191220284
3.5238048434257507
4.164706125855446
5.087320491671562
5.722412630915642
9.169604241847992
11.393996179103851
9.616415619850159
7.657343745231628
6.174039453268051
5.606343597173691
5.065126925706863
4.528631091117859
4.6505174189805984
3.6920684427022934
3.615915283560753
3.678470194339752
2.786608450114727
2.9503686726093292
3.564225986599922
3.7055347710847855
4.3440119326114655
4.0826650857925415
3.543959990143776
3.4631799310445786
3.0509737506508827
2.863700285553932
2.96391411870718
2.6868209689855576
2.0353766456246376
2.641058899462223
2.1119452342391014
1.6124505773186684
2.5125055462121964
1.690543569624424
2.9353581964969635
2.9206280261278152
3.7851819545030594
5.646379351615906
7.628639787435532
9.532269328832626
11.2746202647686
8.851814717054367
7.375385224819183
5.979174822568893
4.083140701055527
3.1035622134804726
2.8281947523355484
1.862153697758913
1.8632964007556438
1.9902215078473091
2.244115859270096
1.7846613489091396
2.227965362370014
1.649778064340353
2.111983858048916
2.266225479543209
2.2665487229824066
1.9296852201223373
2.990018844604492
3.6929517090320587
4.224381446838379
4.79421204328537
6.515346139669418
4.87773197889328
4.643480971455574
3.892052501440048
4.873332470655441
4.510529965162277
4.34114445745945
4.573062792420387
5.639833390712738
8.51476988196373
11.785658061504364
13.117782801389694
15.012421309947968
17.275204837322235
19.334524512290955
21.568933725357056
21.153718888759613
19.298089861869812
17.279850482940674
15.319173991680145
12.464869678020477
7.967125743627548
6.2302305698394775
5.989576578140259
5.238998934626579
5.425035715103149
4.944593474268913
3.933979958295822
3.697831131517887
2.664890877902508
2.708224333822727
2.8047708868980408
2.5790099501609802
2.6383763775229454
2.4389527440071106
2.1656841933727264
1.6626845598220825
2.1365533471107483
1.7877296134829521
1.95032899081707
2.5483797937631607
2.6677360087633133
2.353800192475319
2.9673630967736244
3.116835430264473
3.3239794075489044
4.441205129027367
4.305513709783554
5.0975149273872375
5.832561284303665
5.865126833319664
6.938427180051804
7.486837029457092
7.968142181634903
6.51207609474659
5.810986548662186
5.624299421906471
5.151807546615601
4.029075860977173
3.785371422767639
3.0375331193208694
2.626419425010681
3.11339121311903
2.634938769042492
2.600933112204075
2.6351535990834236
2.407836861908436
3.012671135365963
2.5963714122772217
2.704714812338352
1.9813318252563477
2.1640141680836678
1.7700142338871956
2.467382088303566
1.8385584726929665
2.3124073445796967
1.6278370171785355
2.1887141838669777
2.4617265835404396
1.0679996199905872
2.1834543496370316
1.6985354125499725
1.6345381923019886
1.4984022490680218
1.4791657701134682
2.403658650815487
3.937339186668396
4.298396289348602
4.6452639400959015
6.025229960680008
7.138111636042595
9.045722663402557
9.839609771966934
11.8214450776577
12.001226514577866
14.430300086736679
11.566013932228088
9.734467148780823
8.253979086875916
7.514725103974342
5.963548764586449
6.726757720112801
10.867297321557999
13.977248400449753
12.055411547422409
9.473563104867935
7.590338736772537
5.115821644663811
4.669025719165802
4.173446625471115
4.045324414968491
4.192615881562233
3.819313272833824
3.169477641582489
3.513199955224991
3.018655076622963
2.437141664326191
2.628718949854374
2.2684753462672234
2.916528567671776
3.952709600329399
3.5800935849547386
5.113480851054192
6.1417993903160095
6.742536589503288
8.325747787952423
10.075253248214722
11.940488934516907
12.500368177890778
14.26715436577797
14.833685219287872
15.480943202972412
14.402350336313248
11.644031941890717
10.0832479596138
8.586181372404099
5.840952813625336
4.80565519630909
4.599432244896889
6.778855070471764
9.2121362388134
11.574780732393265
14.318460404872894
11.380388975143433
10.470570415258408
7.904021769762039
6.905732497572899
5.419088676571846
4.4662206918001175
4.81214414536953
6.165008544921875
8.54677301645279
11.623965680599213
13.624269813299179
16.387340188026428
17.217877686023712
19.971956372261047
20.17582619190216
20.974493324756622
19.183930337429047
17.444378316402435
13.852751702070236
11.386522710323334
8.427980661392212
7.669336885213852
6.531100630760193
7.012369707226753
5.680652037262917
5.2626030296087265
4.634207338094711
3.9765875712037086
4.53117448091507
5.446014165878296
4.940386936068535
3.6134098321199417
4.10039272159338
3.9841959178447723
4.239159032702446
3.653522275388241
5.46955431997776
7.4249617755413055
9.734396785497665
11.573959738016129
14.198026865720749
16.019486904144287
18.245915949344635
18.63618165254593
20.64602667093277
22.001135885715485
21.341177940368652
22.052052676677704
24.06574112176895
24.750380754470825
24.583411037921906
23.997617661952972
24.776752293109894
25.087412297725677
24.6103053689003
25.893844068050385
25.48573797941208
24.72366166114807
23.96934539079666
22.995060086250305
21.11635947227478
18.608148515224457
17.283734917640686
16.06961762905121
12.113272488117218
10.315007001161575
8.775897443294525
6.4886093735694885
7.047041893005371
6.535360366106033
6.3214143961668015
6.8104133158922195
10.831915318965912
15.403214871883392
19.487333238124847
21.349462747573853
23.106901168823242
24.448011577129364
25.02500343322754
24.894322156906128
25.787590086460114
25.264484584331512
26.42359721660614
25.614874243736267
26.50326532125473
25.628136456012726
25.05093914270401
25.10276472568512
26.076487004756927
25.132335364818573
25.664715707302094
25.33023715019226
24.596315264701843
25.19888871908188
25.62833732366562
24.078624069690704
23.36480712890625
22.573572635650635
21.305567800998688
19.957185983657837
17.376189529895782
14.273265779018402
10.607777208089828
8.099173575639725
7.081477135419846
7.221652656793594
7.9122477769851685
8.212079465389252
8.037941813468933
7.523440599441528
7.756879091262817
8.38862332701683
7.381735175848007
7.805274575948715
8.074772208929062
7.813188523054123
7.671925246715546
7.87609738111496
7.431431382894516
6.551930665969849
7.940778166055679
6.421447694301605
6.622343093156815
6.3816560208797455
7.005036562681198
6.466142401099205
6.504155904054642
6.130328521132469
5.7721408903598785
5.015622600913048
4.877034813165665
4.541441664099693
4.763608992099762
6.437872409820557
10.721609443426132
14.364221513271332
17.481983721256256
20.037151873111725
20.59700757265091
19.839778900146484
16.436553120613098
13.852511405944824
11.741480022668839
7.942868560552597
5.474177286028862
4.760410383343697
3.5067823231220245
4.4066030234098434
4.8482100665569305
5.078151077032089
6.015253514051437
5.533505454659462
6.426858142018318
6.233871102333069
6.216057360172272
6.117293208837509
5.9645722806453705
6.245609357953072
5.919778943061829
6.300691574811935
6.229510962963104
7.062425717711449
6.291804283857346
6.166552171111107
6.116185888648033
6.109795451164246
7.041796982288361
7.042120814323425
6.346114069223404
7.166825950145721
6.220464080572128
5.862723916769028
5.95870965719223
6.555831342935562
6.320790782570839
6.481264844536781
5.65754833817482
5.533427596092224
6.1714082807302475
6.7048830687999725
6.5745935291051865
5.342035323381424
4.899608239531517
5.144849047064781
4.549060210585594
4.58932489156723
4.281550571322441
5.131140559911728
4.737560793757439
5.775398761034012
4.702615812420845
5.60498671233654
5.653781533241272
6.4608931094408035
5.18895797431469
5.123020842671394
5.698066517710686
5.654776334762573
5.428378686308861
5.099349945783615
5.546312093734741
6.039429724216461
5.157773330807686
5.0885942578315735
5.600954324007034
5.417619302868843
4.9079569876194
5.067064359784126
4.984069257974625
5.954096078872681
5.529136911034584
5.694950565695763
5.430470570921898
5.566531032323837
5.75909748673439
5.948408097028732
5.066646948456764
5.8269549161195755
5.325662225484848
4.774939730763435
5.95782183110714
4.659584581851959
5.68415729701519
5.471752628684044
5.841889932751656
5.378544986248016
5.144410416483879
5.806519657373428
6.272776171565056
5.9962828159332275
6.259086966514587
5.838326171040535
5.267632693052292
5.290347173810005
6.009783819317818
5.035000190138817
5.5478581339120865
4.581486716866493
4.865022152662277
4.474043115973473
4.370621666312218
4.298211172223091
3.780801475048065
3.3320296853780746
3.657258376479149
3.5340141281485558
3.258163809776306
3.6018516421318054
4.334505379199982
5.161578431725502
6.296391889452934
7.859169960021973
8.624971717596054
11.376738995313644
13.700328260660172
15.076019287109375
15.964391350746155
18.13796055316925
18.635766327381134
20.090879797935486
20.97172462940216
21.52510577440262
23.03510683774948
20.264868676662445
18.183761477470398
16.345387756824493
13.789746195077896
11.778118401765823
8.4746513068676
7.151533782482147
8.680386930704117
6.799829199910164
6.171593070030212
5.946313947439194
6.318366721272469
5.602511942386627
5.440995156764984
4.588002175092697
4.499391108751297
5.798945188522339
9.656317383050919
12.697067320346832
17.65306967496872
21.02803349494934
21.92692071199417
23.613164365291595
25.850751280784607
26.205893516540527
25.002856194972992
25.198272168636322
26.138194739818573
26.0270157456398
26.018674850463867
26.212826371192932
25.994351744651794
26.63055419921875
25.840934574604034
24.237513780593872
24.048002123832703
23.734944462776184
20.322860658168793
18.05387318134308
15.161141574382782
13.281676143407822
11.739639341831207
10.936047852039337
9.808294981718063
8.795260071754456
7.420104742050171
6.350513190031052
6.500169038772583
6.159223437309265
6.222486421465874
6.560032337903976
7.1549681425094604
7.521046131849289
7.984373331069946
7.06607985496521
6.873685538768768
5.714410290122032
6.097834035754204
6.193556219339371
5.49554768204689
5.03931237757206
4.814082935452461
6.09919735789299
8.746017932891846
13.464673638343811
16.756568551063538
20.314387619495392
23.90127742290497
24.40797084569931
25.084446132183075
25.012056708335876
26.198758840560913
25.811474919319153
24.9943630695343
23.557035207748413
23.292288303375244
19.470070838928223
17.125469505786896
13.813907146453857
9.772169321775436
9.646201640367508
8.12701290845871
8.214580088853836
7.1839034259319305
7.389915287494659
6.971890598535538
7.078076660633087
7.018369257450104
6.0095489621162415
6.294785812497139
5.812086522579193
5.467409193515778
5.578684151172638
5.649616077542305
5.712660908699036
4.9979672729969025
5.107503190636635
6.879211753606796
11.530414402484894
16.078356623649597
18.95512169599533
16.569349467754364
14.548141330480576
11.21519547700882
9.4248366355896
7.590897351503372
6.268380120396614
6.558669164776802
6.301026478409767
5.337498188018799
5.106789395213127
4.596131131052971
4.697771444916725
4.644973993301392
3.8622545152902603
3.999371826648712
4.269975736737251
6.935720533132553
7.936309665441513
10.818499475717545
12.122312992811203
10.573095977306366
8.810699552297592
6.948003679513931
6.600788101553917
4.378041580319405
4.603329956531525
4.376459375023842
3.852179154753685
3.9173941761255264
3.6174561083316803
3.7028326392173767
4.212527632713318
3.7998097985982895
3.3077065274119377
2.9196154847741127
2.643012300133705
2.8340985998511314
2.5849004834890366
3.101049430668354
3.3398450314998627
2.2754122763872147
2.1419159173965454
2.7312294393777847
3.052752837538719
2.293593019247055
2.5035725235939026
2.6175283044576645
2.7098581194877625
2.5740206465125084
2.841066852211952
3.4969727471470833
3.925172746181488
4.216000512242317
6.358048260211945
7.092498019337654
7.951920688152313
9.535504251718521
11.33439153432846
12.057472914457321
13.749176651239395
15.099545538425446
15.475102186203003
17.537229657173157
18.566836059093475
19.861491799354553
21.241004765033722
18.13684242963791
15.523219764232635
12.270388036966324
9.9434295296669
8.171923369169235
6.537972390651703
5.224944174289703
3.582783728837967
3.8274972289800644
3.601162239909172
3.3911033049225807
3.1392969638109207
2.6359441354870796
2.252309665083885
3.236934505403042
3.4421831518411636
3.391187384724617
2.5873554348945618
2.7748179212212563
3.2869778275489807
2.6697809621691704
2.6252731382846832
2.872959278523922
1.54483313113451
1.2770149894058704
1.4515309035778046
1.3829208575189114
1.2553266510367393
1.952004387974739
3.959320843219757
6.1686991751194
8.345078527927399
11.717042475938797
13.157091617584229
15.924625277519226
18.378448128700256
17.2984836101532
13.037605196237564
11.170237421989441
8.653997093439102
6.02628593146801
6.210084781050682
5.240440025925636
5.175707995891571
3.9543669372797012
4.002471163868904
3.6781518757343292
5.1012958735227585
6.5316494554281235
8.532715857028961
11.054744243621826
12.881787806749344
15.451251983642578
15.899136006832123
18.70665192604065
15.865587711334229
13.473523616790771
10.049183398485184
6.884031191468239
5.83783657848835
6.918982431292534
8.90196368098259
13.051369994878769
14.90697169303894
17.208582818508148
18.585683822631836
19.82024759054184
21.176935732364655
22.40979427099228
22.691846013069153
22.766205489635468
23.681571006774902
24.83176362514496
25.87113130092621
25.093021392822266
25.42434161901474
24.51184344291687
23.613401532173157
24.33564841747284
23.986084699630737
22.27222579717636
19.54347413778305
17.78971838951111
13.532412499189377
11.597336828708649
12.11475744843483
15.060081720352173
18.355481207370758
20.69025820493698
21.23068070411682
22.39991867542267
22.767718255519867
24.173342645168304
24.80888855457306
25.052086055278778
25.886348128318787
25.47320258617401
25.432470202445984
25.240171194076538
24.76387983560562
25.373609602451324
26.247032463550568
25.908580422401428
25.235841631889343
25.81281268596649
26.630350708961487
25.796180307865143
25.051519572734833
25.91530454158783
25.89627516269684
25.91179597377777
25.87695223093033
26.412226974964142
26.27297669649124
25.762608110904694
25.928681254386902
26.512657403945923
26.613024175167084
25.95033836364746
26.404717803001404
26.539176881313324
26.119480431079865
25.535354733467102
25.959879457950592
26.889752864837646
25.334469437599182
26.083515465259552
26.983235120773315
25.728598654270172
26.779904782772064
26.31011974811554
26.154711484909058
24.54696238040924
24.278516829013824
22.176088094711304
18.368599236011505
16.992586135864258
15.984556019306183
15.421886324882507
15.105793237686157
14.366430103778839
14.009514451026917
12.006250739097595
12.180681556463242
10.966225773096085
11.356781125068665
11.006503134965897
10.827708303928375
9.547995030879974
10.017857551574707
9.688490748405457
9.827444016933441
9.192599833011627
9.009340971708298
9.587771266698837
9.320719569921494
8.745461851358414
8.809934973716736
8.882347136735916
8.856596380472183
8.173655658960342
7.9203658401966095
7.695886462926865
7.343203663825989
7.24098539352417
7.592776268720627
6.669936016201973
6.846793919801712
6.815042778849602
6.626391649246216
6.702650845050812
6.593702360987663
6.7439412623643875
5.858723878860474
6.255520015954971
5.943652480840683
4.8515597730875015
5.844847336411476
4.917495533823967
4.247912630438805
4.984672918915749
5.967349126935005
7.966076582670212
11.12850096821785
13.607930213212967
16.161262035369873
18.248562574386597
21.437136352062225
21.88351219892502
23.208134472370148
24.66921502351761
24.685395896434784
25.49652850627899
25.015676975250244
25.15511918067932
23.963342785835266
22.140681087970734
21.03116202354431
18.504050314426422
15.91132664680481
11.719100773334503
6.689797639846802
4.068870529532433
4.149057611823082
4.285706043243408
4.562031701207161
4.346496477723122
3.5223209485411644
3.956932306289673
3.560397058725357
3.1956834197044373
3.5142329931259155
3.120143011212349
3.4722709134221077
2.7886054813861847
2.1971205174922943
2.823253773152828
3.3892948627471924
3.8811178356409073
4.3293775618076324
5.026067271828651
6.4757484048604965
7.624661833047867
7.6977746188640594
9.153074085712433
10.660429924726486
12.248718231916428
13.573118209838867
15.16110771894455
16.109485626220703
12.622447222471237
12.01843947172165
10.43326136469841
9.638620734214783
7.269864067435265
6.316081315279007
5.3059795796871185
5.089973360300064
4.205631151795387
4.762341573834419
3.5372845381498337
3.5130547508597374
3.7353322729468346
4.642452746629715
4.743366464972496
5.230073913931847
5.5011457949876785
6.5249791741371155
5.499339252710342
5.473369941115379
4.229894891381264
4.282873317599297
3.7759411185979843
3.759331628680229
5.0393121391534805
6.320754304528236
8.19945976138115
10.766398698091507
13.277144491672516
13.540807753801346
16.38072633743286
18.072585463523865
19.015549957752228
21.187956988811493
20.973221600055695
21.315788090229034
23.278433918952942
23.204669415950775
23.536908984184265
24.678252160549164
24.1397665143013
24.493799805641174
25.004185020923615
25.137881457805634
24.289148330688477
25.06202530860901
25.656055510044098
25.396462082862854
24.456160962581635
25.1081600189209
24.623996376991272
23.972501516342163
23.57127493619919
22.920357704162598
20.65806770324707
18.697671830654144
15.336180984973907
11.71098443865776
8.176302760839462
6.156852975487709
5.9772258549928665
7.395317584276199
8.544513046741486
9.540999561548233
9.733611583709717
10.291853904724121
9.8113933801651
8.300884693861008
7.9841234385967255
7.132666200399399
7.020733714103699
6.451660215854645
6.187529936432838
4.641209810972214
5.108109578490257
4.7738029062747955
4.884919196367264
4.894560724496841
4.168266087770462
4.236671656370163
4.310037612915039
4.117079004645348
3.516028553247452
4.0242582112550735
2.5040581822395325
4.144756510853767
3.508887968957424
3.171579286456108
3.9908716529607773
3.2348381653428078
3.5113993361592293
4.037968724966049
4.020861923694611
4.0470767468214035
5.249305874109268
5.498959869146347
5.905671328306198
6.265414193272591
7.287902057170868
6.5050710290670395
8.121364206075668
8.566888183355331
9.197138518095016
10.589763402938843
11.263498216867447
12.200797349214554
11.581169664859772
12.845403224229813
13.374200224876404
14.21036747097969
14.631400644779205
16.17412281036377
15.240559101104736
16.507029592990875
16.244144797325134
17.788838326931
18.28578346967697
17.822536885738373
17.819755792617798
18.876627802848816
19.171325623989105
19.440071940422058
21.15859282016754
20.498207092285156
20.45121842622757
21.409767270088196
21.614405930042267
21.998676300048828
21.99877220392227
21.937341809272766
21.750100255012512
23.103783786296844
22.972134351730347
23.30288738012314
23.615194022655487
22.855706334114075
23.653248250484467
23.900961339473724
23.339154839515686
23.684736251831055
23.013932168483734
23.841342210769653
24.328062295913696
24.498241007328033
24.272301375865936
24.622391879558563
24.03329360485077
25.051534056663513
24.029960989952087
25.728219270706177
23.88096284866333
23.90298891067505
24.39589524269104
25.76241821050644
24.311195850372314
24.971559762954712
25.234797716140747
25.315518021583557
24.651192247867584
23.224125683307648
22.13323223590851
21.26465141773224
19.697459042072296
17.8654403090477
15.808415055274963
13.743722915649414
12.615658313035965
10.090804725885391
9.118264198303223
8.363891631364822
7.69539150595665
7.631428480148315
6.942295804619789
7.578780621290207
7.075168803334236
6.808747559785843
6.60449555516243
5.951535388827324
6.069794937968254
5.936265558004379
4.434819579124451
5.130878776311874
4.877363979816437
5.098372891545296
4.975483030080795
6.616334915161133
7.92586949467659
10.87691929936409
13.095279484987259
15.470992922782898
18.259745001792908
20.386888921260834
20.51664310693741
21.623590409755707
24.370498299598694
23.43946897983551
24.199233055114746
24.61783856153488
26.03548687696457
26.321967244148254
25.611451268196106
25.598712742328644
26.456805646419525
26.20209527015686
26.434636533260345
25.762261927127838
25.63241618871689
25.943545937538147
26.81937402486801
26.01448369026184
25.794563055038452
26.902697384357452
26.395105361938477
25.9062882065773
25.277320325374603
25.264765799045563
24.59036672115326
23.858550548553467
20.070353388786316
17.070847153663635
14.813162744045258
17.150910198688507
20.647317469120026
23.60752010345459
23.461534678936005
24.306018352508545
25.05499756336212
25.53185075521469
24.662653267383575
25.5841304063797
24.778643488883972
25.113986909389496
24.931028723716736
25.232158064842224
23.40435403585434
24.618839740753174
22.790898084640503
22.162363052368164
20.39154613018036
19.179205238819122
17.254379153251648
13.036162674427032
10.916680455207825
8.53600561618805
8.37305572628975
9.586979329586029
11.00857600569725
12.647641390562057
12.691667556762695
15.6937997341156
18.395166039466858
18.94349193572998
20.660497426986694
20.601523756980896
21.663036108016968
22.536183536052704
23.24480938911438
22.212295830249786
24.263728976249695
23.522528290748596
23.712944507598877
25.248358249664307
25.455326795578003
24.376488029956818
24.660513520240784
24.580549359321594
24.69068682193756
25.26568055152893
24.419725954532623
25.21130633354187
25.699391722679138
25.555984318256378
24.953856945037842
25.615501821041107
25.092108130455017
25.117117047309875
26.050417721271515
25.350638806819916
25.707764208316803
25.701801300048828
25.634285628795624
25.78815346956253
25.145588397979736
25.740860044956207
24.630863308906555
26.229578912258148
25.63058429956436
26.47549194097519
26.127956748008728
25.417375683784485
25.31597912311554
26.166938185691833
24.477470219135284
24.839071810245514
25.589896082878113
26.017186641693115
25.963708519935608
26.075731575489044
26.183853805065155
25.239270985126495
24.980894327163696
26.211513221263885
24.750419914722443
25.91244500875473
25.632317006587982
24.465866148471832
24.733944177627563
24.445939540863037
24.21294891834259
22.973317980766296
21.584338784217834
20.224901378154755
17.532412111759186
14.514236807823181
13.882955223321915
15.916637003421783
16.63778668642044
15.478605687618256
13.167694389820099
11.860627979040146
11.284262031316757
9.428598582744598
8.788811296224594
7.897819846868515
7.913399338722229
10.117526710033417
12.699321240186691
16.497391045093536
18.809358537197113
22.02235460281372
22.88497519493103
24.028556168079376
24.668406128883362
26.260345697402954
24.16411578655243
23.22445446252823
22.463208377361298
20.480395078659058
18.277329802513123
15.718332707881927
12.72773990035057
9.580660879611969
7.638910681009293
8.302579671144485
9.926155835390091
12.91801455616951
11.422380864620209
9.846884608268738
9.14729169011116
9.862491339445114
8.131232410669327
7.5779003500938416
6.97495798766613
6.546627029776573
6.162259668111801
5.685897812247276
5.4590233117341995
6.023214787244797
5.103626072406769
5.580487221479416
5.4920720756053925
4.535410672426224
5.193653181195259
3.9255099296569824
4.320599228143692
3.810821682214737
4.253594845533371
4.406798079609871
4.577394664287567
4.635876804590225
5.161812737584114
5.503405809402466
4.971590101718903
5.304193317890167
5.77808777987957
5.59206148982048
7.050733491778374
6.037441581487656
7.26833114027977
6.588697135448456
6.231785252690315
6.797656327486038
7.563729494810104
6.9316039234399796
7.203635394573212
6.973287805914879
6.82805997133255
7.13808086514473
7.787450611591339
8.446369111537933
7.125507563352585
7.316202700138092
6.795260339975357
7.415948122739792
7.029603570699692
7.564007610082626
6.677195101976395
6.889686241745949
6.694693103432655
6.615893483161926
6.845878913998604
7.6672704219818115
7.314366370439529
7.208703815937042
6.138311877846718
6.195803627371788
6.1786816120147705
6.737859666347504
5.274656563997269
5.889793783426285
5.046190947294235
4.69505475461483
5.807055592536926
5.465191036462784
5.711733505129814
5.256321758031845
5.931071117520332
4.89166958630085
3.9731318205595016
4.614375472068787
4.724237769842148
5.857691302895546
7.175426676869392
9.491455078125
12.395086914300919
13.908364742994308
16.660556375980377
17.46847838163376
15.596752882003784
14.070769965648651
12.828045815229416
11.513321429491043
10.310089826583862
7.518567323684692
6.293381065130234
5.259376019239426
3.814649350941181
3.7850656509399414
4.418964743614197
3.8134340941905975
3.998592421412468
4.081397771835327
5.040705770254135
3.901250347495079
5.453843742609024
5.842560186982155
5.464954033493996
6.871069923043251
6.910168424248695
9.375056564807892
9.231155902147293
11.259350091218948
12.014265179634094
12.894719123840332
13.762700498104095
14.269900470972061
16.726414799690247
15.615572571754456
14.698040187358856
12.093477964401245
10.543238878250122
9.20792230963707
7.316573679447174
6.9831895381212234
6.472203552722931
6.491333469748497
5.772481992840767
5.712119296193123
4.7914800345897675
5.522314891219139
6.138421207666397
5.005182281136513
5.072405099868774
5.046469584107399
4.205509856343269
4.401944026350975
5.860385611653328
8.662684798240662
10.997648626565933
13.798416078090668
15.879751801490784
15.255340814590454
14.312897264957428
12.479588657617569
11.337850898504257
10.683421522378922
9.481745451688766
7.789991706609726
6.891578257083893
7.356964975595474
6.403810128569603
6.0890443325042725
5.791155204176903
5.647243574261665
6.062717393040657
5.245699197053909
5.264862105250359
5.341745615005493
5.175137907266617
5.414055198431015
4.572455197572708
4.734871909022331
4.201826825737953
4.207296133041382
4.566043794155121
4.011659510433674
3.782471112906933
3.832813560962677
4.573918342590332
4.686726748943329
3.7567110136151314
4.069813698530197
2.9595331624150276
3.4711545258760452
4.412125766277313
3.956820547580719
6.203439801931381
7.013622775673866
8.115867167711258
10.499873518943787
12.1267871260643
12.991218119859695
14.577318251132965
17.48241525888443
18.098688781261444
19.208459615707397
20.603398859500885
20.837294280529022
20.883875608444214
22.657967448234558
23.586680352687836
24.031087934970856
23.2399982213974
24.928821563720703
24.993774592876434
24.2126282453537
25.174383282661438
24.12997269630432
25.819510757923126
25.526633501052856
25.062758088111877
25.203089594841003
25.208757281303406
23.619232714176178
24.021483957767487
22.04803603887558
21.95301455259323
17.02860063314438
15.959050059318542
12.287240028381348
10.707228779792786
10.429751306772232
9.856537014245987
8.943026304244995
9.623933047056198
7.457019627094269
8.92677167057991
8.106418132781982
6.602136701345444
6.049287274479866
5.310563251376152
6.545963376760483
10.083816438913345
14.634195894002914
19.061471223831177
20.74938052892685
22.949657917022705
22.990164637565613
22.811921298503876
22.41993397474289
20.569450080394745
19.022664785385132
15.692586064338684
13.219806879758835
11.21668627858162
10.234711855649948
8.769089251756668
7.512535184621811
7.191753685474396
7.506331443786621
6.292151287198067
5.049705788493156
5.356250241398811
4.5882512629032135
4.499236986041069
5.100204631686211
6.6304687559604645
9.809554427862167
12.801297664642334
15.536901295185089
19.3828267455101
21.18307900428772
23.067893266677856
24.715108811855316
24.850192844867706
25.018080353736877
26.175310015678406
24.844683170318604
25.784762740135193
26.800252377986908
26.010809779167175
26.509261190891266
26.387884438037872
25.612225770950317
25.97902339696884
26.328347206115723
26.05129635334015
25.167726755142212
25.862338304519653
24.74095755815506
23.79943311214447
22.337067008018494
20.02605777978897
17.51494610309601
14.880245506763458
15.15794724225998
14.464463531970978
17.12690681219101
19.65583485364914
20.441059947013855
21.796592712402344
21.953194856643677
20.98263293504715
22.99747085571289
23.32535594701767
22.258587419986725
23.614762783050537
24.52340942621231
24.232084155082703
24.135258555412292
25.39317035675049
24.51716536283493
24.45589190721512
25.24248605966568
24.98156613111496
25.1259987950325
25.133220732212067
25.00874763727188
24.834956884384155
26.200963735580444
25.598257303237915
25.660008490085602
25.111380577087402
25.79740411043167
25.861378848552704
25.647159218788147
25.705661296844482
25.29871690273285
24.17076152563095
24.561530709266663
23.477259814739227
21.440119683742523
20.565315306186676
17.34670388698578
15.025240778923035
13.395265221595764
12.260499864816666
11.620981991291046
9.755520105361938
8.77064323425293
8.037496984004974
7.410972833633423
7.083651274442673
6.95781996846199
7.041716709733009
6.480316534638405
6.536928743124008
5.767871096730232
6.2426760494709015
6.026983171701431
5.049963623285294
6.013155609369278
5.214187324047089
5.83543786406517
6.0038361847400665
6.565136596560478
5.714465841650963
7.073955535888672
6.964460551738739
6.188217207789421
6.458252623677254
6.635471060872078
5.8357473611831665
6.328041419386864
6.074774011969566
5.4588263630867
5.44090011715889
5.855480805039406
4.922416716814041
5.099423870444298
4.886351063847542
4.8213755041360855
4.479506090283394
5.151084885001183
4.141687631607056
4.673059582710266
3.8647623658180237
3.362170957028866
4.440546318888664
4.25749833881855
3.9670427590608597
3.631077855825424
3.743734434247017
3.7546165585517883
3.835341513156891
4.626676604151726
3.9130239486694336
3.5454340279102325
3.6467352509498596
4.293986991047859
3.878724381327629
3.379652053117752
4.239099234342575
4.382065325975418
3.866861268877983
2.8628939986228943
3.948149785399437
3.121531166136265
3.1025907695293427
3.3203651010990143
3.8123622834682465
3.255761004984379
2.2992977127432823
3.4966185986995697
2.8804890513420105
3.4246519804000854
2.800157278776169
2.8150286599993706
2.999278776347637
3.445281684398651
3.6694310158491135
2.669611521065235
3.2030841261148453
3.2716069370508194
4.0285052210092545
5.430291995406151
6.456905886530876
7.558028340339661
8.542095065116882
9.881448239088058
8.688992857933044
6.052636831998825
5.401441767811775
4.901740148663521
4.514105662703514
4.643624022603035
3.4854907169938087
3.4142747595906258
2.750536359846592
3.129566691815853
3.6438796669244766
2.82559971511364
3.2507496178150177
2.471302628517151
1.8561066314578056
2.1429947912693024
2.1036091670393944
2.522156409919262
2.478356972336769
2.1787999644875526
1.2011525854468346
2.804745227098465
1.1520643457770348
1.9825190007686615
1.4980371370911598
1.3692562505602837
1.4004075601696968
1.8468705005943775
1.5455794855952263
1.181763906031847
1.7603320479393005
3.391989767551422
5.907688170671463
8.185786545276642
12.579535841941833
15.007124781608582
17.316630125045776
19.98927330970764
22.57770675420761
24.345933258533478
24.084613025188446
25.03127831220627
25.057626962661743
23.825277090072632
23.987524569034576
21.835800409317017
19.079855799674988
15.383613049983978
11.364545494318008
8.979662954807281
7.549567639827728
7.809811294078827
6.347251087427139
5.51483353972435
5.5345750749111176
4.887491598725319
3.7770879566669464
3.2285473942756653
3.3818988651037216
4.419481575489044
4.7311190366744995
6.7168488800525665
8.357586652040482
9.877831786870956
11.447466731071472
9.165993690490723
7.79842945933342
5.887955859303474
5.596378147602081
4.118321463465691
3.609294056892395
3.209792897105217
2.645160771906376
3.383743979036808
4.228876560926437
5.639283508062363
6.964402213692665
7.77831494808197
8.742557287216187
10.357683509588242
12.173949897289276
13.223709642887115
15.253638446331024
16.179737150669098
13.22729316353798
11.443214803934097
10.612942904233932
8.167948871850967
7.416326463222504
6.40566548705101
4.63694740831852
4.833715304732323
4.240700602531433
3.054308943450451
3.2359627783298492
4.681257247924805
6.076615065336227
6.412831366062164
7.643631726503372
10.03636160492897
11.018834203481674
12.072007775306702
13.550885379314423
15.970223665237427
13.152877449989319
12.25435820221901
9.20209851861
8.015680760145187
6.850123882293701
5.646180376410484
5.12433035671711
5.172775074839592
4.6178509294986725
4.576219588518143
5.146798267960548
5.447721004486084
4.890405550599098
5.532335638999939
4.966770231723785
4.898572489619255
4.729833647608757
4.059226706624031
4.268943592905998
4.084420725703239
4.188422575592995
4.185340836644173
5.830067306756973
6.4222433269023895
8.289721488952637
9.162875950336456
10.121501684188843
13.02763432264328
14.447320997714996
12.32244023680687
9.74918606877327
8.86866706609726
7.4637822806835175
6.850699827075005
4.963927015662193
5.38155534863472
4.493989706039429
3.954239457845688
3.600220248103142
3.9527040272951126
4.862007290124893
6.673993915319443
5.4735846519470215
4.9584483951330185
4.29396615922451
4.7522770166397095
4.453233033418655
4.667327329516411
4.498236835002899
7.07723993062973
9.153516262769699
8.172727078199387
6.468980044126511
5.827880173921585
4.024534747004509
4.418941706418991
3.595383644104004
3.3508425280451775
3.4885319024324417
2.651247926056385
2.5605857372283936
2.411266952753067
2.3060218691825867
3.6955442056059837
2.6355673372745514
2.5198029279708862
2.7688081562519073
2.806526333093643
3.5693770200014114
3.5688550919294357
4.506573528051376
4.70757794380188
5.950299024581909
7.428176015615463
7.872525274753571
6.770513474941254
