8.788007968571037
8.55212815105915
8.236621119081974
8.117308015935123
8.466418255586177
8.148337080143392
8.285032641608268
8.015658244490623
7.86467089690268
7.85371146723628
7.6061041401699185
7.725371413864195
7.283750413917005
7.266057971864939
7.306983659043908
7.179774365853518
6.840924706310034
6.885284701362252
6.924489613622427
6.6824817499145865
6.549215702340007
6.761596910189837
6.2905682628043
6.443090068874881
6.300427591893822
6.391759922960773
6.071184734813869
5.94196605309844
5.900801481679082
6.015876739984378
5.591744989156723
6.028614187147468
5.849199539748952
5.67019048682414
5.875961552141234
5.639095374150202
5.364840351743624
5.565940118860453
5.639515653252602
5.832438187208027
5.392722953576595
5.651894848560914
5.534569714218378
5.206667530816048
5.4924181923270226
5.243895166087896
5.293771258555353
5.294965093024075
5.026158872293308
4.942371679469943
4.971436404855922
4.981546498602256
4.940025984542444
4.786162334261462
5.124891628278419
4.757363247917965
4.6462162882089615
4.791666825534776
4.8522688136436045
4.64617804903537
4.675251075765118
4.730527718085796
4.817529133055359
4.849696051795036
4.635808260180056
4.929034768836573
4.832054611295462
4.701794842490926
4.719519168371335
4.733172185719013
4.3493623388931155
4.777343867346644
4.599471063120291
4.984121919609606
4.546000450151041
4.59601100650616
4.797946993727237
4.611762696877122
4.582853575004265
4.642151578096673
4.603893770137802
4.28543669055216
4.360587448813021
4.585341178812087
4.592823214596137
4.373552551493049
4.633416760247201
4.562668829225004
4.2636108309961855
4.761460756184533
4.623752768617123
4.753364295233041
4.383422107202932
4.459207365522161
4.595143921673298
4.461356878746301
4.341922505991533
4.663372824434191
4.657412315020338
4.425805578241125
4.401410361286253
4.156961981207132
4.459745587781072
4.6863992407452315
4.5775376812089235
4.888430930906907
4.488381394650787
4.724231441738084
4.60841273330152
4.491208283696324
4.384957965929061
4.102851507719606
4.335259012877941
4.317233916837722
4.385649257572368
4.5345434511546046
4.536344190128148
4.360746776452288
4.401257587829605
4.453640921739861
4.579192859586328
4.276803866960108
4.286474178545177
4.250192256877199
4.364681320032105
4.5893133278004825
4.278272316791117
4.632509398739785
4.306753808166832
4.507760401815176
4.49109359504655
4.307279157219455
4.61547738709487
4.678758220281452
4.441675215726718
4.437142166076228
4.896207350306213
5.250355732161552
4.851578952278942
4.68355892598629
4.542437951778993
4.356549902819097
4.079817628255114
4.245653038378805
4.228907749522477
4.464071496855468
4.136229230090976
4.334797082236037
4.532428946811706
4.262488299747929
4.331351820379496
4.495650451630354
4.098897627322003
4.035860980628058
4.4801546728704125
4.484200541628525
4.63023744081147
4.363645224831998
4.313781674951315
4.22926354361698
4.275493039982393
4.444266373291612
4.28850408224389
4.814108623890206
4.404313692590222
4.325047261081636
4.607193996431306
4.420180949615315
4.414326349273324
4.576039134059101
4.34035402815789
4.57042670622468
4.027161129750311
4.9031897271052
4.6400681412778795
4.219137943582609
4.134196456987411
4.645259930519387
5.041144913760945
5.041486062575132
4.661066739354283
4.798304854892194
4.543557554949075
4.329267539316788
4.45744961546734
4.585295047610998
4.495996299898252
4.377893779426813
4.287455476354808
4.05568142561242
4.461690376512706
4.136167705524713
4.568996289279312
4.707628522999585
4.309069059090689
4.113978093955666
4.45501176151447
4.401406228309497
4.51569165289402
4.367941555334255
4.439788787392899
4.1561956894584
3.7573384498246014
4.025344458874315
4.02453784015961
4.428462017560378
4.371656786417589
4.5589259043335915
4.813894029008225
4.629457104718313
4.381682438543066
4.531710470560938
4.0795146538876
4.856045197462663
4.66627568542026
4.199054088909179
4.06570234335959
4.389071761164814
4.099115872057155
4.301611304981634
4.243549288716167
4.518556815572083
4.736038814065978
4.70111764781177
4.447359707439318
4.048837646609172
4.425867439247668
4.5039550012443215
4.40521418210119
4.281924947397783
4.120346307754517
4.746611568843946
4.2628292792942375
4.390892177820206
4.220415189629421
4.640262329368852
4.317052679369226
4.473615393042564
4.740422683302313
4.025769569212571
4.35560067044571
4.903511786600575
4.9288807397242635
4.78048985125497
4.4977668228093535
4.435567915439606
4.542256421409547
4.54221295309253
4.496763052651659
4.259823781903833
4.57475188956596
4.8553249118849635
4.457470726687461
4.9790271441452205
4.278090765466914
4.53959448565729
4.706437394022942
4.264592320309021
4.738690474070609
4.552504168590531
4.624402839224786
4.32978502381593
4.5503228509332985
4.537934122607112
4.789601867087185
4.8618124653585255
4.4273835744243115
4.318671308690682
4.4253446334041655
4.72290738299489
4.2217609398067
4.334047949174419
4.500431177439168
4.663934654556215
4.126302721444517
4.803037884877995
5.464209620608017
4.9696583927143365
4.376042406540364
4.512826181482524
5.02329174336046
4.171768720727414
4.508485354948789
4.383675846271217
4.743983501452021
4.329007549211383
4.257944118464366
4.476386048365384
4.72515144967474
4.682790054241195
4.634304710663855
4.2692569443024695
4.892565503367223
4.895455329446122
4.543336426373571
4.336425726301968
4.826729669934139
4.039338795701042
4.5683486592024565
5.214463296113536
4.815564389107749
5.32950509339571
4.272835518233478
4.464610849972814
4.550162071594968
4.973527756519616
4.7084387838840485
4.734940854366869
4.545080932788551
4.78705795831047
4.270010514184833
4.853306136094034
4.681776128243655
4.6676628773566335
4.448570747626945
4.2035064024385065
4.764747406356037
4.507885688683018
4.538839681772515
4.507000427460298
4.541280742269009
4.861359964357689
4.59043904999271
4.6425094592850655
4.906556736212224
4.635175199713558
4.4234550832770765
4.771557850530371
4.543287059990689
4.738834706135094
4.700679892906919
4.091789726051502
4.864736667368561
4.772438199259341
4.502342683728784
4.701082305517048
4.302799022290856
4.555836896644905
4.686613366473466
4.493770456407219
4.6657336181961
4.710917502176017
4.641831200104207
4.615426359465346
4.887289838632569
4.722035588463768
4.513786474708468
4.55170199717395
4.372593292267993
5.0460311255883425
4.215947389486246
4.0764207993634045
4.371703650802374
4.847741894191131
5.068515038816258
4.402928684139624
4.56775478029158
4.963214760646224
4.509201891487464
4.863027956569567
4.728218479081988
4.787570624379441
4.986344116274267
4.5625290418975055
4.549005267675966
4.844492071075365
4.2808543865103275
5.432392666814849
5.1254795209970325
4.590949341421947
4.563674787059426
4.3277122972067446
4.819144951412454
4.921739916317165
4.463811703259125
4.580073469085619
4.6065057053929195
4.7918331327382475
5.066761850845069
5.512486087856814
4.652236727531999
4.533050489844754
4.886909499997273
4.927236461313441
4.47428236331325
4.923157037934288
4.888894732343033
4.755494489101693
4.264488629763946
4.792591576464474
5.060221437364817
4.180268557509407
4.727871180512011
5.140064893523231
4.676426499150693
4.594496824312955
4.321119660511613
4.855146994348615
4.967123958980665
4.856488617835566
4.763139883754775
5.148530574282631
4.370352967642248
4.415065353619866
4.291784550063312
5.497561243595555
5.418836401076987
4.729262117296457
5.075256414944306
4.572375710820779
4.563215324655175
4.533975644153543
5.177709392504767
4.665491775376722
4.552739624399692
4.992533291457221
5.523405675543472
5.352860621409491
4.786009289557114
4.984518500044942
5.672687640180811
4.855112005956471
4.7960698758251965
5.411535228602588
5.1033294619992375
4.939442973351106
5.445149568840861
4.709366674069315
4.146527225617319
4.459811269538477
4.783747105160728
5.032253993675113
4.860690600587986
4.620872775791213
4.534125024918467
5.14146435353905
4.892957608215511
4.685525899054483
4.739638713304885
4.862521413248032
4.684352995944209
5.226905658375472
4.817183293402195
5.468325272202492
4.495550442254171
4.932902451837435
5.978100964566693
5.757940258597955
6.423871716717258
5.671713440446183
5.642014376120642
5.0730491855647415
4.290759587660432
4.7220934219658375
5.102647460298613
5.190637729596347
4.536304824054241
4.784970472333953
4.741292555583641
4.958653434179723
5.590529130073264
4.82932516024448
4.834593712352216
4.938087067566812
4.681444027926773
4.826685790671036
4.560063890181482
5.2009094138629735
5.153534025303088
4.875302743166685
4.80426025018096
4.685177461360581
5.416827216977254
5.197684618644416
4.748353707836941
5.176118531497195
4.750299634877592
4.5223370203748345
4.89915739139542
5.042767494684085
4.761677287751809
4.9046548726037145
5.093949748785235
4.916071448940784
4.640580449486151
5.425224144710228
5.766580952331424
4.8795104215387255
4.753920904011466
4.574442200479098
5.1564618539996445
5.056289189262316
5.3619867220986634
4.725567137822509
5.482270798762329
5.0402342767920345
4.629683943465352
4.439368711551651
4.783623766852543
4.864145274506882
5.31828963640146
5.527244974393398
5.441950258798897
4.805299290688708
4.929979715263471
4.994609834160656
5.096428417833522
4.650418058037758
4.960136156529188
4.597449366003275
5.03825514158234
5.289037950569764
4.895233842078596
4.895562818041071
4.941496280254796
4.625488901510835
5.2865768051706254
5.2364137708209455
5.166319361422211
5.36628101603128
4.9532148614525795
5.241691968170926
4.673138724407181
4.5844952802872285
5.300438211415894
4.587121996562928
4.810255432850681
4.989266813267022
4.786961520789191
4.895319503732026
5.072642226004973
5.418109925929457
5.486547100823373
4.477921008132398
4.872980178333819
4.819983161985874
5.48474431456998
5.188623822759837
5.569946054369211
5.311801218194887
5.422159510664642
5.165031587937847
5.073917362606153
5.649307453306392
5.410687824711204
4.7416935140499845
5.5939435109030455
4.748953940114006
5.447267632232979
5.03283266001381
5.039506664033979
4.821511345915496
5.376234925352037
6.114080163184553
5.956330265849829
5.154687799280509
5.328180774813518
5.4186358557781205
5.226685147499666
5.586315581342205
5.785046137869358
5.146579107153229
5.019739566836506
5.267896793084219
4.8878731331788
5.276625058497302
4.700876114540733
4.8259608298540115
5.308831868926063
5.3111411386635154
4.63501883437857
5.338434650562704
4.793695753556676
5.364761743461713
5.704718875000253
5.166235470795073
5.083122571464628
5.6362405200488865
5.705444409279153
6.364229070255533
6.295084888348356
5.305678842123598
5.590362207964063
5.308402933878824
5.213840286014602
5.1606915045995265
4.992826387286186
5.132091885665432
4.8185239031445235
4.959992153337225
4.951585333561525
5.627108142711222
6.736368034267798
6.127033947966993
5.734616171102971
5.236879657022655
6.084676808677614
5.1850293159950525
4.857583337230608
4.694849210558459
4.518097695079632
4.661134612979367
4.565740150283091
5.200386671116576
5.256206984864548
4.769608896342106
4.889336468651891
5.641718677710742
5.117694881046191
5.6657660668715835
5.596646355697885
4.9569726682966575
5.3115992394741625
5.377667356049642
5.26931143947877
4.450240475824103
4.818689274368808
5.773359031183645
5.888083507539704
5.337947896216065
5.4232681528665125
5.965308782178909
5.485501437913626
5.199584393296391
5.563459113473073
5.518146582879126
5.643281846540049
4.817873482126743
5.48169284965843
5.230090514058247
5.2714815645013005
5.330789795611054
5.12748669879511
4.934566690586507
5.33014020184055
4.907545034424402
5.745444264030084
5.993595301406458
5.527508124709129
5.283805344486609
5.182248499826528
5.29693029099144
5.710792700061575
5.406720547704026
5.221957705449313
5.864732041722164
5.486284072045237
5.745607198681682
5.829501050291583
5.784857458202168
5.372490265639499
6.393719747196883
5.570329932495952
5.009801148902625
5.277996611781418
5.276605036575347
4.853744144318625
5.656220659147948
5.9302480379119515
5.817615892039612
5.147651188541204
5.383298908127472
5.822486812947318
5.292421999853104
5.412005221005529
5.66738331806846
5.603968064766377
5.910475390963256
5.9121348755434155
5.424680542200804
5.280623406521045
6.134081609547138
5.1293178086634725
4.714949676766992
4.817773099755868
6.124684666283429
5.853022156981751
5.652966878376901
5.046880501555279
5.757320931996219
5.040971878916025
5.195261528715491
6.290553146507591
5.324692125432193
5.1015067036496475
5.832075096201152
5.0457847628276795
5.485871529206634
5.781197257339954
5.32639816403389
5.340767648536712
5.619884862564504
5.535867231199518
5.864541728282347
5.58503984392155
5.689499084139243
5.909758433001116
5.1920517852995545
5.55482805497013
5.980750113958493
5.069285865640268
5.8141469759866595
5.541624925099313
5.699363333405927
5.936335055856034
5.036162507720292
5.325814553070813
5.5080567507538944
5.653642218094319
5.208689687307924
5.0152508285827935
5.724215627182275
5.844922424992546
5.227378730662167
5.688861358445138
4.505303925368935
5.347333430778235
5.369103143224493
5.590120192384347
5.41557862283662
5.211631767451763
5.82924132887274
4.811220325995237
5.654216263443232
5.333370770327747
5.160495015908964
5.843850206118077
5.670083869248629
5.759610677137971
5.333565380075015
5.461336663225666
5.91271487204358
5.087612050818279
5.624579540453851
5.838537089060992
5.445056647062302
5.724608209915459
6.018472072435543
5.248719786759466
5.887143574655056
6.277309589786455
5.617398623842746
5.782044183462858
6.346982583170757
5.858679049881175
5.530424928292632
5.607932938961312
5.301226973999292
5.800501987570897
5.555253967875615
5.758749556494877
5.263390000676736
5.945220978464931
5.859498630510643
5.756721656653099
5.697671824833378
4.951940308557823
5.360936618875712
5.6444634147919714
5.511554413475096
5.813050255179405
5.924267092254013
5.657750956714153
5.986127677839249
5.449049508897588
6.033066587289795
5.532392363995314
6.413091545924544
5.164390325546265
5.393403489142656
5.500553745776415
5.834828509716317
6.326818966073915
6.368530160281807
5.866931966273114
5.857133891433477
5.821888960199431
6.16738693206571
5.738970406353474
5.998470158549026
5.7665918045677245
6.19880199059844
6.006911130622029
6.3313144508283585
5.808615991845727
5.783191104885191
5.509544959058985
5.73738139483612
6.089736388530582
5.4093962092883885
5.799519003834575
5.344068294623867
5.304614968597889
5.7142972447909415
5.819473040290177
6.53908687341027
5.540184479556046
5.187083099735901
5.404483723454177
5.749463143991306
4.344386770855635
4.8874212828231975
5.090125123271719
5.072629666654393
5.411377817159519
5.47857634711545
5.287055414635688
5.424559595761821
5.730477627599612
5.9432899442035705
5.3465584486257285
5.844260195270181
5.7490843161940575
5.80615928187035
5.88339878898114
5.458211455028504
5.476555221481249
5.439427588833496
5.090406947070733
5.794826826546341
5.415186716476455
5.75211262376979
6.517067197011784
6.12537588365376
5.120454192627221
5.943171351682395
5.55781747540459
5.613360269926488
5.520081259775907
6.051793900085613
6.271166184451431
5.908439453691244
5.217786636902019
5.336982840904966
5.570953181013465
6.176881719380617
5.313581739668734
5.609714452642947
7.3659079854842275
6.205038033891469
6.375182458432391
5.623944743536413
5.703012753743678
6.340683953370899
5.202128880890086
5.529569297330454
6.369021289749071
5.771899749990553
5.642692034831271
5.894301947206259
6.044737751362845
5.84781604167074
5.692837837152183
6.202691504964605
6.1805289320182055
5.784914660267532
5.93270761333406
6.0328886557836086
5.971522613894194
5.886504165828228
6.240594387287274
5.888732362538576
6.272422464797273
5.941744934651069
5.237679355312139
5.523988732602447
5.508638775558211
6.407778660301119
6.090482360916212
5.818638634169474
6.511368246516213
6.330327291041613
5.575461817206815
6.339307825313881
6.082180763594806
5.832436305936426
5.8915335609344766
6.062567367916927
6.353685875423253
6.095273985294625
5.828802053350955
6.036132792942226
6.415004623355344
5.555000273976475
7.040295644197613
5.810387046076357
5.795627967920154
5.825026611564681
5.943935804301873
5.878544862265699
5.697863100329414
6.5090024885721505
5.609462738502771
6.194714828161523
7.028695250395685
6.987416869495064
5.452056614332832
6.304963839938864
5.78544737235643
5.523490156978369
5.752787681063637
5.60098385438323
5.09787153697107
5.233817114727572
5.802725781220943
6.13364216289483
5.248937356285751
5.65770795266144
5.802597428672016
5.224807696184143
5.28084556851536
5.014742686995305
5.155032226582989
5.515884168446064
5.661196209024638
5.621050314977765
5.8296621239278466
5.679426511516795
6.240589069202542
6.423355214996263
5.221767448470928
6.096304997103289
5.284218312939629
5.947821813868359
6.497765579726547
5.62050138390623
5.175628470489755
5.208808638737537
6.89785226341337
5.566357322502881
5.64198295888491
5.986761392094195
5.412137519102544
6.42214306187816
6.4424013590905815
6.360973360948265
6.398360783467069
5.609359824564308
6.332777388161048
6.496874708449468
6.12799487519078
5.917030832497403
6.715288522071205
6.773439207812771
5.44920924003236
5.849980780854821
5.585620490834117
5.989201077958569
6.494124960154295
6.346426544012502
6.237852070480585
5.467630545143038
6.671741077676415
6.249854789348319
5.5881471508182585
6.129657490644604
6.023189974599518
5.848313713911921
6.173413645476103
6.54774171160534
6.535907609388232
6.520444229710847
5.791481714695692
6.272792536998168
6.449736196547747
6.365353569854051
5.555112593574449
5.617507814662531
5.74638586724177
6.6634808904491365
6.6850535336416215
6.372546308906749
6.2691781364846975
5.939756337320432
6.050404886249453
6.73200447903946
6.747533507877961
7.2113886955194175
6.659958972362801
6.108943127095699
6.251299128169194
6.5824462370947
5.736999242100865
6.18183878576383
5.739070239942521
5.9101133805233985
6.85394315677695
6.470667607849464
6.35347924544476
5.932976177427918
6.536715303780511
6.729119272902608
6.014726680587046
6.413239115150645
6.42468404979445
6.138063772581518
6.360931772738695
6.376210177550092
6.174876649398357
5.64598299167119
