7.863142061047256
8.204132601618767
8.09177334047854
7.956862090155482
7.948895801324397
7.91713036224246
7.715991877485067
7.550269971136004
7.04359116172418
7.310958674177527
6.915707704611123
6.596292216796428
6.599057441111654
6.42773252306506
6.108552135759965
6.293528414564207
6.040105037856847
6.035756973782554
5.622803749982268
5.8792140716686845
6.139058454427868
5.4860392396803945
5.513924361206591
5.52860202989541
5.645548410248011
5.461536132264882
5.559955227188766
5.246768362354487
5.280754463979974
5.609598721610382
5.368475477444008
5.433977574342862
5.076942751882598
4.892200934002176
4.966439442010596
4.70816376642324
4.911217514658347
4.895686880219728
4.895033375360072
4.77498414227739
4.888787503121421
4.553898974554613
4.506923858309165
4.582398405298591
4.711151958443224
4.774430716875941
4.3994559845887125
4.809319760650396
4.845055733807385
4.639277148526162
4.548148690024391
4.529388674534857
4.401278966339305
4.557984660379589
4.738339714473113
4.630534623982385
4.7180315144360065
4.624794143019244
4.392386123305187
4.31919625448063
4.659053395502269
4.707761457422748
4.566383623285219
4.371676911134273
4.482284917961806
4.476210381835699
5.354207853786647
4.52441558917053
4.110839316388592
4.368829172337428
4.662069285288453
4.629027977120131
4.940195663599297
4.644755576970056
4.726945131085813
4.652423664694652
4.2938644657842815
4.538596028229222
4.5744948831852525
4.571612128056586
4.828287980752066
6.089333081850782
5.136676548747346
4.440101745072752
3.9389536899980158
4.348268624395132
4.4575674324296415
4.120014743646607
4.410237345844507
4.781593395164236
4.4364309383090585
4.419518078444526
4.408435176825151
4.5955837841611356
4.319898597430438
4.647805536864325
4.4205914828926325
4.532551278825849
4.536676161922514
4.1600231502670795
4.416240879334509
4.197012282209471
4.085672349669039
4.4264358163345605
5.43728294945322
4.554586404468864
4.216132559115067
4.605860754614696
4.665879929438233
4.23413694743067
4.316377977374941
4.59153960715048
5.517214582767338
4.604669845663011
4.208173294086009
4.558336175978184
4.430258657317609
4.273462378187105
4.230242320103571
4.1416357413399965
4.444597657537088
4.379700580378994
4.351766054518521
4.1936865041498095
4.28406724636443
3.79950977943372
4.563487317413092
4.698165952926502
4.051487667951733
4.507819959893823
4.211327290860936
4.411287271883339
4.356778763933107
3.964372110320255
4.20589421200566
4.16293682763353
4.387444920139387
4.4444416363257915
4.772601451491937
4.922299049561843
4.490133148850873
4.470879185479134
4.288804680574685
4.034727655583993
4.572806499665603
4.2628760791849345
4.35699089569971
4.2817338646855205
4.457943718181923
4.8468516857828945
4.842333999229595
3.8493453168775886
4.06350167025812
4.781169140012935
4.48972586565651
4.281546543119475
4.30536098475568
4.253571895183995
3.959914417937398
4.7348093069158494
3.9094236292876303
4.30941690900363
4.2343089915812016
4.3225941432174295
4.420148220146075
4.474232217296958
4.195923892781138
4.652667839080095
4.714624301763251
4.94157605082728
4.685488892020658
4.3585233392659575
3.9300506855361164
5.011004501255229
4.343403025530279
4.670297353761271
4.587426434853114
4.928312895121053
4.621629898902029
4.039050911087543
4.824642077786848
4.452243972336873
4.372103420086205
4.293879360193387
4.335863957181573
4.172281102859415
4.275471252738498
4.112317537656054
4.242309570545331
4.574527044547722
4.037488816073164
4.206657276954502
4.222017934080213
4.40782192396
4.83263192512095
4.816045059589669
4.843883668771014
5.288479903945699
4.848210905911401
4.71689728833735
4.345045873429626
4.340453190496191
4.159860006882809
4.028077157214284
4.148326096357778
4.206187136238441
4.310376608278602
3.564594459021464
4.086977706756443
4.347431251779199
4.231895298231393
4.521493710344657
4.457573413848877
4.059648329159245
4.410291633568704
4.326352178817615
4.390487784985453
4.0234387407545
4.412104318384081
4.898987790569663
4.370804269332439
4.3456705822609365
4.575974250212312
4.621717025991529
4.307577773695812
4.379337640479207
4.392386000603437
4.24457990238443
4.264883640687913
4.126912755891681
4.219069181242958
4.369632758432999
4.950977056287229
4.637887618038803
4.267161887837574
4.322088582906872
4.135439836420119
4.356783945695497
4.932371020782739
4.740932608721778
4.71857955865562
4.668269228423014
5.020798373036087
4.372590388869867
4.685950220329687
4.323669259669259
4.553375383839011
4.509787802118808
4.643368241377175
4.905243619577959
5.320715802256018
4.882139544002712
4.326357164885849
4.615004618419334
4.3429121512454
4.288366388529539
4.288749675499275
4.36636026087217
4.639469177694991
4.564899994526058
4.575149896088988
4.518630732316524
4.25805346458219
4.914210837101564
4.582160860532895
4.725503898924217
4.767703938530758
4.616235544672236
4.714907099725679
4.228513860492967
4.25469003780745
4.734560406766832
4.507710081292316
4.527140906546265
4.292013683356345
4.468634031713009
5.183541865320876
4.979636862874031
5.416693102568388
4.700293225701898
4.662849933607504
4.662293276051059
4.235069043003023
4.305936552584171
4.877043592510745
4.9741719528101385
4.784951367997564
4.810511032352224
4.966764296637848
4.846510770730674
4.237803739495575
4.4565777473617345
4.961959457490593
4.617048795684241
4.554715681122616
4.160860764561221
4.569118877639994
4.744907174492255
4.452420945628546
4.429758969461545
4.66187697625719
4.989165463019162
4.644314821111038
5.0407786190044135
5.004179465118796
4.527847558958456
4.367318829172291
4.326707613188773
4.980518965516239
4.614757212577388
4.747707578353584
4.675417905906215
4.569260905496776
4.630547516047955
4.420530369738117
4.659956697723828
4.991299219196662
4.8591017874423414
4.673468468012288
4.987379328580573
4.957630423014052
4.794788455590606
4.862670514034107
4.757634675130248
4.566452103899792
4.50830952799879
5.190730743575841
5.303514988627285
4.627106685889885
4.570574113866314
4.80413824133575
4.608860507141799
5.061883757822216
5.052780001424253
4.818638652213849
5.2962555843405426
5.027593777980655
4.515281256986782
5.040802418952808
4.972432752721943
5.035395415266976
4.538662603357807
4.683926912257448
4.812145420000888
5.292231599101797
4.33075913740322
4.513838599901646
4.579038895433769
4.525580938672647
5.042803673073649
4.578245579381473
4.489697819342837
4.883198605733924
5.056223978055641
4.906548397615552
4.406972410506569
5.732993345241994
5.0595541161019355
4.7736463353503495
5.199706215877086
5.010209712898359
4.643057836219668
4.93025669362396
5.462368547683582
4.678985815262422
4.883426817832515
4.785611432977021
4.602492927806452
4.725712207960896
4.845512902131304
5.08930526394397
4.882463998859748
5.2145033970009536
4.834853887325153
4.591082585975528
5.232043749885634
4.876172852003947
4.94138379371725
4.511502718552947
4.736621423857287
5.171776497969404
5.099436293588951
4.679390259319916
4.691723668714985
5.185446648392826
4.880336194764823
4.645974401850253
4.857331090373918
5.277396749705076
4.817640706431121
4.414932269137353
4.984548790263943
4.609632741427049
4.387609019759111
4.5460376793053
4.613133191596717
5.79714985890314
5.236370480502956
5.028726865071803
5.004414420342073
4.842082400107756
4.861642549047247
5.051821463275701
4.915887711104006
5.118623020825908
5.335314715979621
5.099665054352954
4.090331243351102
4.204992098966613
4.3288820593152195
4.947449496947229
4.916195967700332
5.117530828574672
5.465480136452243
4.591816436499357
4.658713643439114
5.2485509214457124
4.584006121847779
4.927379942731932
5.029534709872678
5.151272878749296
5.055830160621554
4.838154633762315
5.34567219670862
4.708770910510793
5.273639657301828
4.839453773805872
5.257294537732378
4.897160138469189
4.721657728194259
5.641936648171395
4.907288559363224
5.155396335758269
4.795176760992035
4.670468982541934
4.519421835197136
5.256270035402849
5.538903853157535
5.527386902133003
4.844940911978483
5.400167752522975
5.436163566075265
4.801150713348761
5.711635615443811
4.807385583175346
5.231493007158861
4.558364583645016
4.973756572580896
4.9056744943372905
4.935241008759476
4.828186661237851
5.708725146017969
5.0959350659977645
5.027000567410141
4.684034959413111
4.979130082530901
4.571087406249717
4.934857505606487
5.396282203029841
5.129838808905333
4.995797312352806
5.3627556341234595
5.298596711130813
5.1807540154550225
5.5164164456073195
4.936782582663
5.044426325242966
4.521619324106723
5.0550059881061316
4.9863894793670624
5.294964616885409
5.150062720989808
5.041207715403289
5.092690697638318
4.985883451066911
4.552003044402227
4.560284957755357
4.641863390104845
5.231935447314754
5.382216612109914
4.690949615323916
4.9821864541154355
5.077585119521245
5.344911528285593
5.306712017627433
5.2545388378202915
4.698476104182191
5.426074750721455
5.390974985901266
5.240262136561796
5.159890285693109
5.384013127535582
5.331210640026256
4.820291699492373
5.288728679995984
5.413332876283675
4.8563802188728005
4.3666719298344105
5.5377113302238286
4.9087518700398505
5.622972390148789
4.914054642198607
5.464678626740351
4.700562857557088
5.459479625802487
5.367698437534273
5.344787016743794
6.076205063611269
5.220138075295836
5.268146730493754
4.94304166873917
5.282986297272146
5.452980735804886
5.429075269261375
4.767147956881672
4.981941260397434
4.74012833670713
4.731423513265327
5.070532605517656
5.164772864431143
5.283514168346301
5.327359724557027
4.931084600044414
5.487205269746482
5.317271982552484
5.11480895569548
4.944006803212687
5.604288649512455
5.051155395573005
4.741988547728397
4.991357992170379
5.471381620969623
5.102788081159815
5.046319799730554
5.201407490530983
5.519980092998594
5.030489944154397
5.476980911567807
5.5140182410832494
5.432946541113779
4.867778042098507
5.189478525659069
5.167369942180812
4.922354961861856
5.88058110838756
5.329373110318556
5.246819094521925
5.474838899215683
5.19087294023484
5.524268227862194
5.626313906395808
4.913850238663144
5.508041427470744
5.132247181609273
5.379132786998525
5.73066978296265
5.358131761895493
5.247427526162937
5.226599044864997
5.562538487138227
5.512338847853243
6.048266107914969
5.46091620484367
4.7927698905114084
6.055632173083723
5.541474383557215
5.102086776634678
5.275049876654521
5.318457473535091
5.178743648342788
5.420843234285712
4.975718009984121
5.379285431466997
5.106743726413697
5.630917152157053
5.033215667121112
5.4799800619948655
5.2902777842246
4.95261727378238
5.615352145861834
5.35367297520861
5.090013680281118
5.585025831358507
5.194794583134353
5.311961391591467
5.74283672333695
5.425602515926585
5.673902190523222
5.3154204558813944
5.363575332565233
4.97433928726241
5.825033735251054
5.6555817949119955
5.5353036758024246
5.171607962343842
5.276296505704522
5.633222914999351
5.621278912760317
6.284669623011723
6.49669674038887
5.101934053236619
4.580070978263393
5.200054852291942
5.2177985440939665
4.892553453333676
5.586583848576993
4.729816013015807
4.635055433493108
4.729502278263681
5.046153553295881
5.881613450590521
4.943570172647014
5.572973084868863
5.014920251676813
5.316350445151329
5.3821896044537425
5.373456701869145
6.032588564092293
5.2405169871635735
5.314368793857284
5.306639943970367
5.467632791493088
5.214713875902817
5.056579409400001
5.353107788832858
5.343771082349122
5.591485464014113
5.4348695611115545
5.61901918426156
5.627762858290225
4.8840307937934995
5.443978093797341
5.628801026148722
5.319273502798751
5.494324533268809
6.677210586378351
5.738549982663244
5.470692103728652
5.984657990280539
5.15402480692137
5.544369058217853
5.074565873481333
5.281436747056432
5.81205348088406
5.891613342333585
5.768120674882084
5.5781185394153
5.049170093610883
6.227722782175988
5.159067669766955
5.647556541953236
6.056230377405882
5.394037113990635
6.015835888218135
5.8154124626889825
5.2035095517057925
5.286221502232365
5.4895496792159975
4.947016301914118
5.350237010745332
5.599632618948817
6.163368192501366
5.668926206184551
5.758612360339612
5.736572120105848
5.215834804810584
5.509728717850521
5.649615261470899
5.494024192681536
5.299759780988097
6.285574784968048
6.852226593764499
5.489109834539704
5.440495518851094
6.05778898159042
5.426683515775949
5.710731886560097
5.545471782330424
5.944084241753444
5.046017545857467
5.7039059058297426
6.0494134509935975
5.107396980863996
5.248715631430969
5.6177446926012635
6.199505445314571
5.984806728782132
4.810317205148749
5.839041136438027
5.761364390375093
4.849470913410187
5.024835957097821
5.988455922110006
4.960744789335877
5.565188031643629
5.954280688194558
6.600433603860438
5.431038128212094
6.457403301028535
5.399496593279764
5.008668080205098
5.138079058029689
6.116566844051704
5.116861790418625
5.589791302103549
5.419133564922959
4.843585294205695
5.239377026678994
4.835167326848023
5.368029253557324
4.832326908130199
4.835272976430133
6.166684462688863
6.692984807770699
5.901275832671672
5.794996266718954
4.850394966080785
5.325112598948181
5.598708056844771
5.427928096149117
5.790445681428537
5.921088750706986
5.559566987678409
5.520426609087735
5.46336788777262
4.933772803284228
5.8123251046054065
5.5750984435435385
5.981689754873514
5.1246978144627064
5.819423432229087
5.69524909555912
5.176899456419051
5.973312152316794
5.580482228193432
5.988892036722973
6.253619228489697
6.230651780962944
5.82330994005315
5.673730314243585
5.802131463773549
5.944451628020033
6.474970108014531
6.088699454441667
6.415068339323625
5.720488287741318
5.982159563223831
6.037488425150514
5.8918175040744245
5.66615936299786
5.550087810610421
6.078028667252511
5.634044392267242
5.878833411377855
6.0940602156333625
5.946364583913237
6.138302524574101
5.657676304108463
6.189801431261003
5.95702007249929
6.292173926485702
5.74986302643083
6.223934619221836
6.064319229917601
6.159839923726395
4.756386095425114
5.856704319245182
6.4251625798642635
5.477845857152715
5.73777562379837
6.042818105546758
5.831405364908278
6.115044655743986
5.868857382563874
5.015123849734664
5.596606025239453
5.275214986409992
5.754089476540685
5.919847224839032
5.26979357865639
5.425326761207543
5.146199719514698
5.70376797975041
6.337044942425564
5.558550075627863
5.868786461185664
5.736763524822891
5.711184084182605
5.6704386381898075
6.322927240747958
5.989293431164697
5.026133198989555
6.009179334854707
5.971111180493608
5.847431216388941
5.9252774198539555
6.206790117314085
5.637149108806625
5.664116212399676
5.964047311106697
4.786071601789445
4.930683980928734
6.1961939942557365
6.003960796166211
4.190226241480559
5.641674990183674
4.929965858813375
5.94731705263257
5.136046324972995
5.02143873507157
5.203385922592133
5.699484943877906
6.33235995285213
5.965420583728701
5.235180992167443
5.74707030178979
5.569546966580674
6.123036049772054
5.513457145541906
5.987160791410133
5.501683759735897
5.30910664901603
5.965957601321861
5.678118113079108
5.899477913044393
6.289338369853795
5.72177277947776
5.99995795940049
5.67426596628502
5.800718979910016
6.149139540735632
6.36487908102572
5.643482689978555
6.784804725088179
5.781822153599933
6.1598075174260885
5.925212675938383
6.8265701124910265
5.8657385755795985
6.320530854864046
6.36483202711679
6.546191010857001
6.744938448769972
6.073670925339684
6.212255475576967
5.642955320770852
5.767947206040844
5.746582888299599
6.12380996288266
6.187629887834191
5.176895382348448
5.583886113483459
5.774318675510585
4.722279024193995
6.055095344549045
5.6351828968618065
5.5773252656217664
5.7067458066158
6.019976211711764
6.212444265605882
5.955458060023375
6.681014304282144
6.103382204193622
5.5817778734490275
6.223272631876171
6.12623145012185
5.850639825686812
5.59942872216925
6.189628481399268
5.7271163132973015
6.05690512212459
6.189204490277916
6.139639372006059
5.826295638456941
5.927825153339654
5.140437532798387
5.206515245954506
5.873242865083739
6.048178775701672
6.691793162608519
6.525691779330373
5.366398498066701
6.015121479285881
6.050874667707831
5.356465295655653
5.78236774681136
6.625960647594184
5.959056762745604
5.630718736210838
6.4921149061992764
5.912144266301766
5.663515331922099
5.674924518214539
5.7013528876705095
5.787515199626796
6.219150530640036
5.665914338664152
5.965819712495431
6.346065437654033
6.711391942575574
4.9388447316596285
5.8552128651645035
5.863907361403108
4.531075865146704
5.464006838388741
4.102851717500016
4.6804026055615395
4.537167364032939
4.811308228294365
5.491108617046848
5.182413526577875
5.294672738411464
5.914280114462599
6.109577846014872
6.6070887765381485
6.268863993464038
6.698410729179159
5.499136115424335
6.601924953400157
5.70977439195849
6.274962270865217
6.287415958940983
5.9934608929324895
5.367998118046671
5.767521780682728
6.055520554538816
5.792655584635213
6.480868472252041
6.100189506309107
7.149546473287046
6.016688636271283
5.879151915898547
5.8485471362946555
6.434153589652851
5.34037924988661
5.931739449501038
5.1940375892445445
5.9535286265891045
6.033755465876311
5.304526485851966
6.618995466968045
5.843883150955662
6.845182697754353
5.758163678809069
5.851448858738877
6.888489505974576
5.9748298089252785
6.877007901435718
5.310045981081203
5.760587647557259
5.680586668313481
6.287247353000566
6.69844724657014
6.655761650530621
7.11211869167164
6.333200181368738
6.112914704950526
5.5837307786569
5.462980914162472
6.964765910524875
8.605981319677085
7.268661843845621
7.3320525323506445
6.290102526079863
6.072168337763287
6.333615557523444
5.924645182676613
5.588265628553927
5.577750060940161
5.898029935546219
6.72182449279353
5.9157661942299455
6.42604885622859
6.268795349635184
4.819229600252584
6.361961186630651
5.519760062452406
6.322870051837526
6.625582684762776
6.4906703545711935
6.697492545936257
7.35540567478165
5.704662986681797
6.052483332226984
5.769362214254215
6.430608155904338
6.447057296987623
5.837090687826276
6.082896211184561
5.997729449998587
6.329623059136793
5.764564172131941
6.303211254766211
6.19964006356895
6.124241256155074
6.7181082592578605
5.945706092519686
6.141980011714622
6.1364342658780515
5.503868895000778
