8.466879561077803
7.177917909342796
6.466485666576773
5.359256241237745
5.088840930024162
4.9351861495524645
4.498678638366982
4.412795123877004
4.924978000111878
4.383233067346737
4.78167161042802
4.10914092627354
3.9244937784969807
4.73859028192237
3.5787573629058897
3.614804176148027
3.912860262906179
3.6841475209221244
3.6942243590019643
3.3788818209432065
3.2639460205100477
3.452509638154879
4.659112726105377
4.153013540431857
3.461875335080549
3.5911302545573562
3.457651744829491
3.602671860018745
3.732807988766581
3.396249009296298
3.8852132223546505
3.5214871435891837
3.326631704112515
3.0514997171703726
3.1897436396684498
3.345537179382518
3.0302946420852095
3.170725376578048
3.1050548925995827
3.3147429772652686
2.470030231634155
3.1174545544199646
4.257993231294677
3.4992672950029373
3.02921600965783
3.157810138305649
2.7421095286263153
2.9997840860160068
2.8742671944200993
3.1537411301396787
3.380864241393283
2.8760955936741084
3.227773237042129
3.484445604728535
3.510027863550931
3.9792047331575304
3.2401555131655186
3.0468574640108272
3.1950766837690026
3.2444537044502795
2.977396218571812
2.676739349262789
3.19137703103479
3.0109376832842827
3.287135176360607
2.9103470823029056
2.9306364100193605
3.2286463177297264
3.7375618959777057
3.5145434867590666
3.7475523876491934
3.629424085840583
2.504930219380185
2.8149871262721717
2.7160479578888044
2.855478458106518
2.8846125156851485
3.0816611852496862
3.456431715283543
2.737508977763355
3.1860151888104156
2.606874947901815
2.4572702879086137
3.2294480588752776
2.9605986915994436
2.6084541799500585
2.757703304523602
2.997253213194199
2.7826276910491288
3.0759394059423357
2.82612293807324
3.172421589610167
2.9435787363909185
3.107546250335872
3.3452799401711673
3.085023110266775
2.701374670723453
2.7260609295917675
3.067628944758326
2.578612390672788
2.785982419969514
2.975694641005248
2.8738342865835875
3.043569439323619
2.6475821406347677
3.1166520955739543
2.9348086387617514
2.8135330923832953
2.2855831783963367
3.0794103988446295
3.2507754880934954
2.802851796732284
3.21391640487127
2.6328572249040008
2.993766075465828
3.3126176549121737
2.8472277825931087
3.0797795550897717
2.846416924148798
3.1378909004852176
2.889778017764911
2.6821401289198548
3.1383388894610107
2.7344372515799478
2.834612514474429
3.2369016886223108
3.280919671058655
2.904591159662232
3.077572939917445
2.761830070288852
3.2123906274791807
3.756843866314739
2.9328739903867245
2.9500732506858185
3.417724808678031
2.9119457617634907
3.1100373866502196
2.777800908777863
2.9325472762575373
3.17585750692524
2.8586364353541285
2.764822023222223
3.101459704572335
3.3637788370251656
2.979660026030615
2.8767372998408973
2.8427319527836516
3.1965082213282585
3.2000834081554785
3.332000713329762
2.87029702833388
2.9804311353946105
2.8629169452469796
2.895260488265194
3.300510693108663
3.2234298805706203
3.1316225735936314
3.4362020392436534
2.8789782230742276
3.196626214077696
3.0224131705472246
3.0263521613087505
3.3014291618019342
2.747412124997936
3.1937384374905378
2.6841984449420124
2.905999000999145
3.0494829149683937
3.0827492168173194
3.238576035713777
3.2917085422668606
3.537845019483939
2.7088332349667326
2.6211037238826975
3.058889588806778
3.207028375007212
3.7157940620090812
2.943358908058144
2.9315783213824034
3.046669555362314
2.8118922748835757
2.8005801683757454
2.965282586403191
2.78683907922823
2.6694469967624173
2.7502674447605386
3.1607296938309446
3.628816975047812
2.9760443749837577
2.4835650383029133
2.9959029856836423
2.972085467306897
3.0056355149718
2.822815408464521
3.1099637397564948
2.8187023400096223
2.8024465532507747
3.211116705322638
3.395310780033469
2.925517195602879
3.1616389798000455
2.580968387424946
2.7619930395158008
2.7474909279262647
2.9551206458127126
2.89440785034094
3.089843312744051
2.5942114711506292
3.3079879214055836
3.170175790321082
3.3944927554111928
3.139262103359215
3.2514539947733283
3.1604037459474057
2.5942281098105013
2.8412543889135122
3.174653020920232
3.0304334990214556
3.422404977492988
2.948078292189166
2.620811664382927
3.306361209601164
2.6531643646303564
3.464334257412702
3.6883829454891384
3.0806159884668887
2.855801598285325
2.9883978134021163
3.0097475729417056
2.6457063858397305
2.9733810567995533
2.7138225107919425
2.7897782454965636
3.2614670294569805
3.618590048979968
3.4441662384197116
3.440982825239189
3.0708712318446487
3.0931172207929194
2.6938961828127503
2.6250318564707413
2.911503444542177
3.183921005576849
3.2205617604777217
3.251921901013702
2.7592049858067185
3.0899066565325484
3.002732959575951
3.142042605439201
3.1696561720455065
2.710550392512232
2.841639048885554
2.751349752768874
3.0822664422448725
3.2960935418959707
2.9454415576765314
2.80113075429108
3.5073267705738544
2.6736801743973047
2.827813221490942
2.834341782378033
3.1994733281899244
3.0179009835701436
3.0119213215075433
2.6961949662072584
3.0552421658067033
3.100100859766826
3.2761973780579865
3.3774198770988733
3.7971794167533517
2.685806358931586
2.838946502073668
3.524328139843419
3.1729032120201737
2.7798402581829578
2.95959641772788
3.7164398843888193
2.7342480211518705
2.6719354793895036
2.871278103441
2.823972135549411
3.4907459050882608
2.8695947433589026
2.8806392601691186
3.4871626656968147
2.558104088762775
2.9786782399751246
3.0481752107152715
3.175339682493359
2.7088573403889313
2.836961527587846
3.3168706595897675
2.9813586842501536
3.2191772896330804
3.369977393420413
2.7428932253969833
2.648199594928883
3.205846208613366
2.8639621797483414
3.1304089066106826
2.9059490240179002
2.927966977469623
2.8617537195095792
2.9644230272388086
3.161204162053764
3.3405824108049273
3.0109546774765477
2.5232553395908326
3.1722007653443143
2.983144403784536
3.2734376357402653
3.37819894682616
2.9338792813941836
3.0107026604237035
3.114408574299887
3.639197699027136
3.6375085306353867
3.0799140406306833
3.019805747200735
2.9229898115154356
2.7766820973483846
3.174181554466486
3.423963372828439
3.1926134198438376
3.203384091029875
3.1177344645839185
3.212698274408467
3.0303913201205432
3.0920258128317073
2.9800754084717482
2.8105906824348494
2.7622038081754
2.9955202548298985
2.815479554585181
3.4663531410042197
3.130857424577698
3.3233876421581954
2.9926368587184697
2.6069382848218083
2.960457895649597
3.0572561809094623
2.9879082604311407
2.9360297777457163
3.072358742589131
2.8198278242489323
3.2010478593874723
2.874786660191603
3.225339127588086
2.894768772413954
2.929673920851201
3.010390640469268
2.9751411338802427
2.915255820378661
3.0245094519341365
3.119500073720701
3.5236279397504404
2.8504720063647255
2.6210507581708953
2.807231462094933
2.858609131304547
3.2268210488837212
3.3944352867547423
3.396677074022591
2.908302087453194
3.2942815074929968
3.3970999617595226
3.0043979733018205
3.363219901220873
3.2993373926728964
3.10142577951774
3.782763807103038
2.457530631683767
3.378919113893062
3.2767678793752566
3.607685285853222
2.421126729110256
2.7950524450279772
2.9131814404390752
3.1018768346402794
3.203751861001365
3.013149013509974
2.571542585385032
3.153932200046256
3.490068318671547
3.2387529115658253
3.2386900996789336
3.0101840090937912
2.6421324100811034
2.8627153034321964
2.832419880083762
2.783093543490395
2.995813527610153
2.9245718370657414
3.276456005172804
3.4224713060539216
3.023735014605336
3.9600200140848756
2.7834420730359852
2.6806308306986466
3.108923122519627
2.9461890178499743
3.0994100889656693
3.0862361022736877
3.1174093739828095
3.5194222517311573
2.6976196543546394
2.3857669002609327
2.7658170197391883
3.4163402502890676
3.3541414092760533
2.8488920010859147
3.5881361486390233
2.8120063366368413
2.994361952645704
3.1195699136005715
3.168706054566428
3.0631974650314078
2.58057250501588
2.9553164596436545
3.0611899993382394
2.632907618302852
2.985779397538863
3.228529460611753
2.999656500876881
2.526750804623589
3.059227282414213
2.940987561712973
3.0788943304214627
2.955094216275029
3.1163083533756435
3.3726431496907026
3.0138997001340613
2.83903290447779
2.796840709866956
2.8755575357936323
2.976000862661749
2.978082870831713
2.7856245785951614
3.147089083911851
3.4863388079684228
3.715160386171192
2.9494060719152912
3.22106948972214
3.6857748827897012
3.2541898275958374
2.89648163842503
2.9465543871046975
2.8408764990745112
2.7809069756185636
3.2900397517951205
2.6104698893614113
3.2213545307749882
3.437397269764915
3.2881725357146934
3.077463371446356
2.6781853107968345
3.097413699841127
2.7472532235551625
2.7950829616747797
3.298107612878084
3.452306298306212
2.961920337867923
3.07471513049677
3.2217557455878705
3.4179589236155152
3.2333995976950973
3.212383892154321
3.1165575195336714
2.8456258790101856
3.806665978161618
2.9322511421050876
3.22453014657367
3.210567756323144
2.8028709259815514
3.3547576792770997
2.7100359556498006
3.472133042057976
3.267256062477827
2.7153213425772265
2.9667339688166976
3.0442491055000573
2.751604750053957
2.6855732338735834
3.294637857703492
3.721976164728403
3.1735753224929795
3.6614129731897265
2.916823713341728
2.885582873946987
3.1062869295710698
2.9639872269472107
2.8978213070658967
3.0095271760364994
3.0338120757369325
3.420135234715417
3.1744218214880675
3.000704736681655
3.548367211362347
3.252001096494496
2.8849462893558666
3.2594082740833983
3.550861523486674
2.9428063061786816
3.6668018277268857
3.4092629929073155
3.333361824392341
3.390317549696192
2.9876734321005642
3.3362983555998653
2.6343434603186324
3.0364404640858993
3.2102826244663447
3.1229833404067904
3.4055311928968877
2.653562892577611
3.4755434214603156
3.2312146787298843
3.0664259844925255
3.2054838532349095
3.1655962499789894
3.0469516429584473
3.651778657687828
2.6142222761409357
2.9115177353378385
3.116793071734719
2.83773050759919
2.6540977322729304
2.8679428276373073
3.1729135003406554
3.131738236756064
3.427901253919117
3.013242892571725
3.28425806586165
3.347328570438549
3.4090576333692297
2.8694517264375463
3.2513080813223496
3.411798454122618
2.9134705051546916
3.192592167528346
3.0632885498926044
3.21767580229789
3.2908110085409135
3.306019696756266
3.0468908697366714
3.3719931428786367
2.97283949656412
3.021461467258632
3.4683500034734607
3.167389909620397
3.2564237157348543
2.7851086588343605
3.1641075044171885
3.7426386134466156
3.475787504343316
3.258609544020146
2.671574349864386
2.8704028060892597
2.7092183862114325
3.0323957158252597
3.747523912694305
2.9228775477968156
2.8777298742206767
2.8711701651336625
2.519495403044857
2.8881461571436375
3.320261021028273
3.7592498583253473
2.9416473536984995
3.2488624746911228
2.9103631279431283
3.2949086314765736
3.137072430225089
3.170691183069721
3.082624554866925
2.613066291087307
2.9388733516680077
3.0619198823114857
3.062336969189346
3.1951526096090674
2.8207894316874444
2.960718664806336
3.232011826476082
2.57476216473151
2.873426911304705
2.856383743113838
3.624197236960754
3.399865281768143
2.829458754044026
2.6492819944396615
3.548663151683286
3.002423914382234
3.2779127111425623
3.0228732109535486
3.2279390149051324
3.039193769567646
2.833003999432549
2.92110064427834
2.9261073991656303
3.5731810327852145
3.1764322456438094
2.609361937851645
2.8739295756677166
2.9394525695824996
2.4554039468057454
3.2266130594071
3.524289743974805
3.2964291523676366
2.8619709766935557
2.9612029616255313
2.9963304712437093
3.302432325319387
3.118214344140142
2.8759471473749727
2.5763522583292797
3.1087381445104256
2.7769832893973216
3.19275869440753
3.0784043084131554
3.556323411874473
2.6002041075844318
3.0078326375223696
3.0514253713190556
3.3508147491374984
2.9595695401076227
3.4731634280178696
3.0501590109197423
2.7908383239991963
3.323666948825121
2.7814728328958154
3.6341563654132187
3.009331441950053
3.279407160356641
3.3302295587491244
3.023464403813705
3.0320173300569877
2.8530463294591755
3.227821555105038
2.945017362362705
3.1650278551969677
2.730690057040192
3.1982990296091884
2.8091145686339587
3.1111711361445487
3.119236132479273
3.1692366753704846
2.92924351117108
3.2126340911490843
3.5989781108219177
3.062014306196943
3.1670824754983187
2.67616148898378
3.2883160992059857
2.947903592721559
3.041807135916315
3.469126831041649
3.750533976824954
2.534086806117557
3.1452488055219874
3.2553449149709195
2.961367297335528
2.933298155781813
3.1129864343674853
2.913099100929685
2.994227478047833
2.9742389239836484
2.8100642905337736
3.3468544225906953
2.9790387545945123
3.1902663971995935
3.14629990037065
3.3387181910220534
3.0718847872922197
3.0307663953863084
2.995780582074076
3.1174361157463863
3.0566552620148286
3.557117234217003
3.4573963317088783
2.6385053525445983
3.7032209122553468
3.471442685695365
2.8854680822696537
3.1208747475175187
3.5317157071549445
2.932064446154982
3.190244728466496
3.5281737875193357
3.0466804190073162
2.887971338350326
3.3040465133963153
2.8753770453622565
3.0146515233209357
3.34378042712342
3.23720213258639
3.2148340605199337
3.563016386469826
2.751342128496617
3.036758145550266
3.0888640070334077
2.400824962882325
2.113798988284543
2.500366758671589
3.1457786966348067
2.752862552413717
3.2497438018908724
2.952624792815186
2.9050213490845636
3.143578198621981
3.225498281652108
2.8669508900493383
2.880580576369539
3.637627827352844
3.4918661925476044
2.61607531493064
3.01378559472505
2.8573011743137613
3.3213663527276367
3.366927257156931
3.266978894127533
3.1493709753267467
3.2748127665836364
2.740462007932365
3.319731605821289
3.0415535834617913
3.4373897183686495
2.8042380765546113
3.2707871320890263
3.4831170411780477
3.259945155470632
3.528940691612661
3.519395525334403
3.7614481626078486
3.002825938514434
2.9797648157691583
3.0736897637834772
2.7533783077960834
3.1631912931334227
3.090383533271961
3.1483822318259627
3.2186964323045686
2.549869207199663
2.9970821778988466
3.213043818017468
3.2023973322939128
3.060734259779565
3.611799609847367
3.092238503275439
3.0347585271811113
2.9149147308198735
3.004213781096041
2.9534631047863513
3.8250128882937133
3.1240119971334934
2.6791584320599213
3.103589716833085
3.1566264752764255
2.5151156530482695
2.7675703916465864
3.2291706398827955
2.936963939573616
3.084731273702346
3.8729043984785676
3.2123106656363234
2.391770677175373
2.8767195919062942
2.894486742443405
3.101968746865168
2.856899426667951
2.977365229744464
3.262511036824435
3.1200123751768842
2.661013754666783
2.9914507508510724
2.951174259535037
3.2619481686269864
2.8508043389301747
3.146194610511884
3.3597341985441744
3.5647385532502085
2.776644475525245
2.9240912740351632
3.165672052768059
2.8670945076737553
3.1582468998385593
3.1939627960091457
3.2232272053370252
3.619908603024669
3.042484982870519
3.2800092371180654
3.450191688258201
3.145341284107417
3.4622850777814165
3.2365615559974685
2.9790885127149522
2.8652518906164914
3.2858076344127767
3.296200908604078
3.352257146150805
3.305367690278217
2.616272149258293
2.807136826100759
2.5972124319523573
2.781398087274283
3.3924764978000894
2.979127319296822
3.0019101505167782
3.254997104173526
2.737553660874255
3.0276073559653014
3.352883967687376
2.8750709587475285
3.089185030083172
2.496558799990453
3.03259823739063
2.767105886596255
3.521842982270755
3.042351586278528
3.1086304400814697
3.0705493905115873
3.4789424698101357
3.4643529567401856
2.7359225375112146
2.685726975556463
2.9999438411323354
2.964968824526295
3.0100789478747174
2.676701217191294
2.655135120032355
3.4705295542953536
3.477129871607758
2.9012670307420194
2.81348622078076
3.016732481890358
3.028373392764479
2.604309475980699
2.901251715258695
3.2471611618530005
2.662490118178539
2.5105344048934057
3.1385613980237395
3.5855161814251915
2.773372018826194
3.1183240701211616
3.527926954673603
2.737478676950559
3.7017184488940984
2.8690262128366157
2.86111635225825
3.217346701771021
3.167892433644738
3.388964885030873
2.978734832489863
3.0458991274936125
2.853110187803395
2.640193338622339
2.891132813761942
2.7941966229118407
3.8469883585348725
3.235259243287146
3.1153610280016437
2.744394478853792
3.0203574900515378
3.1638523500878364
2.6311289275763556
2.941093372181058
2.7052066712640226
3.035109294927679
3.3298528876621276
3.148976837634109
2.9941774101462215
2.888140046852641
3.4506670210976154
3.3865674023982137
3.551692943321541
3.7688296114793047
2.7690761061385274
3.310863999882713
3.3837897531921044
2.683562053833157
3.0036646086955443
3.150536051951349
2.6625922463135794
3.2748319843085483
3.5205019847489893
3.2647495802957565
2.775855948566459
3.3111195185920224
2.775968683185056
3.3386268350295722
3.7336125635774806
3.2328232515137643
3.6825284373480827
3.8685701563954353
3.2318031083559617
2.8561041672946885
2.6792830106569454
3.423878478584811
2.6327205991838127
3.635448927991092
2.956646536127664
2.770082759670913
3.0303900169674307
3.074707694235258
2.741443887236528
2.8232017705449834
3.4096301902318373
3.181041013682261
2.7060197382234037
2.6934864606009796
3.7507589664310217
3.3946596295572817
3.1128815175034106
3.4316426957957447
2.8760812514228746
2.396482442622073
2.652306596748531
2.9286671618465334
3.5154977871570736
3.36077327223029
3.1484368281671777
2.838011211482808
3.0181020570453256
3.3035347500117496
3.0575050690677017
2.886692145722918
3.0896869843127206
3.7242468951735646
3.40693967230618
2.6994255122262985
3.0832601147703826
2.3386730550555512
2.716410329565406
3.004762005642988
3.0518493409035727
2.9447445668047294
2.903555442695506
3.304618930327706
3.343836038839072
3.039441420463845
2.937093932996504
3.1095134223578498
2.8340071635320783
2.782003629836254
3.216374765150249
3.6141490289010108
2.828291809069924
3.1175960997352377
3.143105085939169
3.334841446368955
3.348692854400724
3.5660581898409873
3.327931635431014
2.823351532453671
2.6746976712020114
2.8181047877296805
3.769580673892051
3.5591938899597153
3.530892231850885
3.3687477748608217
3.609534300281666
2.8155740093206987
3.665549239492975
2.814097633585334
3.5066871515009552
3.4191793932113796
3.0809810500359163
2.7658329971600324
2.922658739844337
2.5647116085747257
2.788351387134753
3.133314175880514
3.3767408503917977
3.2319241925142705
2.8323477966478094
3.215830101747997
3.237585515365936
3.3288124572718516
2.8287279409123585
2.9599946042289957
3.113095941138454
3.2486973986960948
2.781162004102953
3.569602683186531
3.141155396704562
3.398321784916334
2.869983521173708
2.5964392060413957
3.3878743023378775
2.8458521604770795
3.8828857833286747
4.239281733520329
3.0522019506897777
3.419859836343676
3.3869366160361096
2.9220045240363106
2.7297762697562575
3.2858675410971045
3.0116880940040573
3.295911939465441
