8.262979531195015
8.272496584337205
6.938401754479855
6.699967419728637
6.30998240201734
6.027496049180627
5.916389889316633
5.337114438181743
5.41881683212705
4.647121034329757
4.6448289945255965
4.7692952449433506
4.467241626465693
4.711255741072819
4.366466123145074
4.343899154104292
4.173798199277371
4.42641153302975
4.335924943210557
4.300495465984568
4.631875408347696
4.542208986124024
4.634528661612421
4.376295113237575
4.433949303347617
4.105063022812828
4.446811565198004
4.040363320847973
4.150214502355084
3.92092134966515
4.425767983542755
4.396391895366833
3.9352227624040097
3.8362651641946286
3.93162786308676
3.9774139856453985
3.8661556290462613
3.9879979880061
4.109336276771501
3.924948576139286
3.8909978726878762
4.518997960723937
4.415871574310586
3.887286441400647
4.016984538873658
4.515463458141312
4.0725982543081045
3.62368216086179
3.7144065708853304
4.093920211540535
4.047867310931906
3.8305156498681754
4.1151839008089155
3.7259629413019866
3.90533732669428
4.274311052402481
3.726561757037416
3.5809497153386474
4.222525965189561
4.0849906811490655
4.191739367321134
4.260010203113779
3.8518765149638057
3.9380909570027143
4.267327974550426
3.9595149441156536
3.906355940969661
3.7962757748318836
3.7004420596640557
3.904274309752509
4.269099809462205
3.8137193999718875
3.9302246894221753
3.556358307832852
3.964560726424679
3.532308479771018
3.497612890205346
4.102433590451255
3.8628204779233783
3.5973188061034307
3.9459280841983855
3.6756405571941286
3.807736449642107
3.8080450494308025
3.9627404497005045
3.5874327879864722
3.6391387110343203
3.7623417181894183
3.9665629353839904
3.9385051517747343
3.6789311938919127
3.7140061147511005
3.8506039208732545
3.6002856373088434
3.83445232687518
4.236394829349592
3.826558086439036
4.055580619489774
3.852514910395257
4.005782537860796
3.659026158042252
3.662318259710446
4.0878330387640744
3.438955309567973
3.816428640857339
4.117934987647459
3.825968279503286
4.457645210670307
3.842365151271224
3.5681083609815687
4.014748433372006
4.030394353438169
3.832037376239896
3.6938251667888835
3.775218142196536
3.6632714201696217
4.375065566971898
3.423736923839897
3.9349570204503834
3.6882871731650084
3.7206623930251226
3.613587036030367
3.364158639102243
3.598314145579934
3.465397001011297
4.0389657826162875
3.6180149144493043
3.746886354405433
3.808661143295467
3.9352702496107668
4.11359307798557
3.330745029845275
3.4874839237891138
3.5183070787461475
4.02208189945668
3.445037380908616
3.93519861693494
4.397020976757631
3.564253490534611
3.6551579531515017
4.02782674273476
3.8386694422224537
4.035079100402072
4.200061446288601
3.9313964430475608
3.9618439450860023
3.8354024838190526
3.60882535984274
4.050516148330644
3.829993600025773
3.6899274776224047
4.116938820225187
4.0341105631086975
3.7878225829917938
3.841227143537253
3.5102018469478935
4.321321111638099
3.8468038155697286
4.030053186463192
3.5602617115946487
3.615900735021569
3.4229453661246225
4.821998929372057
4.034327627508901
3.9977506736759096
3.807713193120435
4.451852289959788
4.315054415725172
3.994997337460518
3.873360712546855
3.379194895969704
3.830292748170905
3.7375418381998315
3.4936794699169695
4.21736982325092
3.92512553348206
3.947630369104445
3.3768468637717888
3.8841565472539514
4.0580685865134
3.8790935166180134
3.6842275850940496
3.9215769426664338
3.643885114463046
3.786656021140516
3.6793810959206894
3.3561369186500087
3.599038820946589
3.6479014547076076
3.589226603275165
3.4755605231039226
4.495881171198562
4.322147751459852
4.298535207984969
4.015403860481456
3.7785335420630872
4.2053589462302625
3.4975208793766797
4.045766686089337
3.754727571737021
3.4011598069919273
3.501017769565806
3.863554847659543
4.0621377162169665
4.084010738413781
4.065573487430811
3.745906634372659
4.035965959308669
3.8613818782614544
3.9550480828620493
4.225235721329227
4.393838707823306
3.9525579130277038
3.783948003081605
3.930134739726782
3.814859883626923
3.9787565243896097
4.113855483708903
4.036699529970065
3.746658640448004
3.733253691229038
3.882168745389208
4.024421124951914
3.682238024077378
3.576664882944897
3.872634378494695
3.9761665603145957
3.6672917475225404
3.940149983158335
4.123081270605326
4.8852434360887855
3.914020610973239
3.7376730130054057
3.861850743298419
3.9820794059196487
3.9223201430868357
3.932862777612172
3.6298740438651294
4.069160894025117
3.7438576580025256
4.430792283499613
3.781465634936467
3.7176417612936348
4.1516958749853075
3.6683250102214515
4.1179414400830865
4.412450576550327
4.146730613894761
3.9758610271383077
4.4152773974929005
4.057603177148849
3.7543431841768324
4.020141378277913
3.8207939486019313
3.62356328824535
3.6438747968059033
4.053097106283531
4.296502634184435
3.705844927811995
3.8214938463643193
3.845831501064822
4.06488811946474
4.195905216503888
4.021260512294248
3.777806841302663
3.4807965508662164
4.285950048826635
4.596008714637719
4.067602135939524
3.919545651995577
3.7215556621085852
4.153775912243873
3.789450542535633
3.5988256743876263
4.155858896439895
4.3335595794487745
4.108405572595075
3.5857270158594474
4.39346151612699
4.56264504045248
3.61183456343133
3.740456208237447
3.8520803179126233
4.029188368236646
4.406824711128138
4.449021986685693
4.2646295432932675
4.317739201709628
3.8404078606981784
3.8139876449713483
3.854903169441968
3.9601144979242235
4.190929308068007
4.07342159608379
3.865321302553639
4.038320797495544
4.294487233506516
4.444387058261782
4.179780369391665
3.3282375559210777
3.8160024306271225
4.305589072871953
4.304908357094973
3.6106000038562343
3.544221988413483
3.8106366811553016
4.090749692637473
3.785870658233762
3.7346480330452323
4.264643735717982
3.753852788824588
4.115654377616011
3.5139666575705633
3.7707696455763653
4.529392648139037
4.504118888638914
5.009134748252109
4.55359979136847
4.000534540973604
3.3935491387965158
4.198719501961023
4.2926829878706485
4.370507637737319
4.120298804016784
3.901279425015673
3.8433206205954775
4.638812938239425
4.230590692255646
4.45060652284883
4.175933142192662
3.92762189602945
4.458443205570802
4.000833003548905
4.188946980051696
4.051056685624644
4.209489095490426
3.8336417438695207
3.7483456381596625
3.9151136360596865
3.9383124609012157
4.0836586016230285
3.8816478570224717
4.182990673230961
4.814278048695996
4.535546626430005
4.272917351685464
4.708327561151236
4.275534021900967
4.670889117522165
4.0946765845874324
4.971593333641067
4.4579529176699
4.090955588617362
3.803095413953997
4.300169272813946
4.509520686697215
4.1363769073504955
3.691818235325627
3.8787360885180533
3.6644939373945817
3.7590972253819928
4.1980229002656415
4.007167560048401
4.2175365895964205
4.425958479405381
3.9122066516429186
4.315063843270764
4.2730215191841125
4.6725601432845
4.31379660917446
4.075687216361985
3.941292154137045
3.9765455564484
4.202170622069389
4.368432871997356
4.275671531679109
3.538209156715311
3.984216439537704
4.1422518998151645
4.039466662332416
4.261399465845898
4.573943472467363
4.19277553469874
4.408556644804776
4.0407346684951335
4.022375049768016
4.432141331024468
4.44180132704787
4.261700608301908
4.281733331503347
4.234484342392534
4.559416400967166
3.7314675786765292
4.150760679855011
4.736725180526264
5.071113306330517
3.7668646993115544
4.00955303455703
3.90080900141038
4.232973168371245
3.575038337148726
3.8572353043127805
3.977030952461064
4.118069981224835
4.110003198496997
4.037227552500553
3.9449337447294965
3.8414177875965834
4.085083965794183
3.6499397301813588
3.970506534096785
4.017130666878074
3.923853059532121
4.857345360098407
4.617605975829065
3.440729715512134
4.040187199949287
4.296600298257545
4.141422250075266
4.51338317268528
4.741205303929746
4.439337963471189
4.369621235644445
4.119557707337663
3.832115624914877
3.8981388966785744
3.913754667970352
4.6378742281813174
4.548694694880396
4.062675346503966
4.244093146291561
4.176341011887416
4.620354506419972
4.816404198529199
4.319765374297276
5.157389029394835
4.034952441812493
4.27503374312073
4.333428798709065
4.0361050352221355
4.600354814669117
4.386085940757766
3.9716565533308312
3.760206671897322
4.189382525393739
3.7315384733956307
4.789128701784648
5.108750304207206
4.0706683152820915
4.009086873615161
4.875524722505361
4.529543740907684
4.329941106727347
4.274144549155608
3.990257067140192
4.5792841674992815
3.8395064333453774
3.7570295855402946
3.7264386899769306
4.025415379204787
4.303999017807655
4.436945873778313
4.052433411008678
4.851715879747644
4.4108055997639894
4.323799910140224
4.138181060203351
4.147363601601683
3.893382986076176
4.560009780572727
4.324729931424372
4.307755092973821
4.604756353306584
4.6937019400065765
4.238260597689077
4.725273546995595
4.3509098892100155
4.574166218051687
4.693915985524654
4.963053397135809
4.6530235435348
4.268088890006766
4.44592684158124
4.910354319261387
4.595947204856202
3.9161551379365847
4.029360865359195
4.588089602184482
4.662006212165579
4.068823802750558
3.993401465122588
4.599434844916686
3.7583340605488047
4.211340302368626
4.382125036790967
4.399867369327694
4.42628536443226
4.04638137225993
3.860899160965346
4.5280958279035985
4.186996255302802
3.9542944545391947
4.152155982679687
3.631973141338676
4.42524626175873
4.27304265415296
4.3526187929091975
4.8643465337809175
5.077055600006133
4.870129160350189
4.315796880051494
4.229681897442788
4.51615390367806
4.030443903291598
4.053886536043137
4.205352094490081
4.23272482980974
4.303842093562707
4.284981877775863
4.267100243829191
4.141605209792033
4.845298314001411
4.556338268565014
4.359260892262682
3.8604548905277625
4.130416810046881
4.216477629495785
4.545017692260444
4.266034144675359
4.243800300057046
4.427679206710309
4.53942906553857
4.673173145507462
4.784657271113247
4.461171113420278
4.046306927804835
5.282335293712094
4.03843637148384
5.034799679648131
4.525776019552723
4.220893793506548
4.004848586395383
4.23348063766025
4.036499986425042
4.343859082320705
4.875316193210892
4.836601974675432
4.2462324518710375
4.391240915749222
4.520520627615042
5.001455597113818
4.078380888560787
3.9703356977552176
3.925976583152078
4.382607163046487
4.558737577288412
4.3923930656164885
4.380835228832439
4.299195456318557
4.124737131060101
4.288766759447753
4.117911344510503
4.438502702512778
4.194750378024764
5.0280404929071665
4.857057728222571
4.9206278789788485
4.194981820764951
3.8420282278675586
3.960891780909151
4.942800132324919
4.300787051441148
4.128538203774951
4.446112226229161
4.786390077089891
4.613162484019995
4.3258171756751835
4.800253443187103
4.712366852676496
4.996719202958047
5.059788210899569
4.260699705337174
4.80335985054262
3.778756548068486
4.533691659453325
4.462155589950271
4.32454834622331
4.232690589618869
5.045364840188995
3.802370087825693
4.438300471520051
4.075920447241515
4.242802422028035
4.354440569295548
4.059633578872308
4.627519189380109
4.997890593949705
5.026640038238838
4.2788739206735045
4.168014882598072
4.116074411547743
4.7074429302010685
4.723179317545146
4.110935300588608
4.49939393484965
3.8796043916372582
4.991930628195405
4.311635615304112
4.120478824945167
4.528707718010992
3.7533954423852265
3.970515652326867
3.9745477529941127
4.14362199686002
4.623103449353948
4.392931887879968
4.7080785187426955
3.8451340050669387
4.405953275039792
4.654405133565888
4.927600910887122
4.630269250017591
3.8007010217988864
4.581844492116943
4.991053306963295
4.50622243527323
4.219366002129391
5.234852633671835
4.805566332535818
4.515209352364764
5.089269032003358
4.12389806623105
4.236834311974235
4.775069895316847
4.354277477716096
4.218330839765258
4.86455100402236
4.362820683280006
4.7091894305776805
4.6851555368630216
4.777690485818312
4.633621810004115
4.277173284674063
3.9387138064485043
4.4887237950460985
4.579938959446736
4.291815525852144
4.129123644554056
4.46108901174739
4.979865076136775
4.765934714581817
4.039701289613731
4.489833068684675
4.637049441225827
4.453727331012487
5.003962244838476
5.0555168013088405
4.627119995770045
4.552671843674034
4.200667086057365
4.087997800554149
4.267164757126011
4.392236388521269
4.622654334641993
4.76230011228472
4.712941335863434
4.04878662712872
4.303365270374343
5.460373870329931
4.501196140307002
4.79463301890064
4.545136296539567
4.553113547503017
5.000259661581367
4.471635474357754
3.9764363383874297
3.8186507620848715
4.755895167007111
4.6940072095021605
4.2170210651820526
5.004255142295733
4.679669873556122
4.855934303603135
4.643421650864184
4.933311543427408
4.505366917815991
3.922869315254502
3.989998525590636
4.958476897329092
3.9670798318693414
4.404172447742894
4.38166393910069
3.982859641313553
4.777990619302727
4.7087803145404905
5.009010473499075
4.571358670247719
4.8989159520715475
4.818480278365314
4.157407364924438
3.9450476062484086
4.376962434034795
3.6972291998099536
3.076539514120668
4.0887543321587145
4.165141998208128
4.544169831322506
3.9619973052758723
4.200721376109868
4.142968508880585
4.422096862923354
4.823969952762127
4.141881040530279
4.145543289836496
4.367074865382165
4.549692128435709
4.849713916191831
4.738941185409203
4.466099046636373
4.158773901173845
4.328339739586227
4.456341883400455
4.3714841093169525
4.247950405580923
4.940481812693179
4.705928388750181
4.742937252856791
4.250640334910713
3.9407632091315463
4.158468118170276
4.196078794193454
4.626380706322379
4.505254343384877
4.591963361133821
5.2179491590941325
4.809470736654475
3.8471483319299296
3.8788597473176196
4.347804745193571
3.8962693054927513
5.080281468573958
4.785279355943203
4.3553757052868605
4.8619373278925195
4.671956417383626
4.892058651777916
4.371370680280961
3.9709076249273494
4.335886337677948
4.920101114781573
5.201689739595167
4.653931421926245
5.106527196010575
4.129049599636346
5.496060112025589
4.560707060387358
5.213404602138326
4.8042776744114235
4.627081690356135
3.851695799967274
4.665459895739332
4.239257659879513
4.616416190285236
4.279273951193318
4.612746082013473
4.857129118172452
4.821662812260911
5.229205820010975
4.44800206751097
4.596212983364239
4.529089979710989
4.3844261155463755
4.432616515434347
4.869892282527871
4.195731330662966
4.172580508515239
4.788182078744285
4.061839475878514
4.60136678814888
4.829540845938027
4.3348349798470736
4.866640290012583
3.9771445107180625
4.0220982995815575
4.905171697493643
5.299972064560279
4.509124437114224
5.060707319760695
4.67105510015972
4.550034937215969
5.430922269588336
4.4782866860041395
4.7461973214522
4.495735838776454
4.2307103228522465
5.164046196499839
4.742562988074496
3.8552755849668756
4.191465770942159
4.263318471610546
4.108208014047705
4.159083001315594
4.189435619628057
4.569985233945772
4.687474961625412
4.805798109271564
4.20419388031587
3.961362935253419
4.11222090665251
4.7231413358822465
3.707256530644372
4.550497462740168
4.516726876026951
5.3498949283966795
4.490828754147515
3.9173263302072883
4.575434510712512
5.272771060233936
4.642719151685014
4.618914317106828
4.25114634714555
4.624548376305029
5.074733565794304
5.347118063364178
4.265962415840477
4.534221648005769
4.5878249746747315
5.286376807023771
4.689465468050912
3.570258021936752
4.647301454679109
4.4868616461753845
4.706698771100491
4.799310706788674
4.632721560890786
4.147526411572471
5.794280734611675
4.175932902027853
3.7906171766808257
3.9701178369577974
5.293923620600253
4.322596837067977
4.5533825542079285
4.407818371430039
4.313024813658558
4.467182379914448
4.087996807997115
5.182260832982138
4.935377910966054
4.790644730324857
4.815982653875835
5.385726046049967
4.804171780357137
4.563766679028049
4.542941345833242
4.559039236861281
4.003330770065077
4.125304071698338
5.009518740698695
5.20303148671519
4.864026194904
4.081565844477154
5.461992299649864
4.16321982932277
4.40020323114004
3.9013335815398023
4.690232041524723
4.126764869899489
4.406606269301847
4.682126194471493
4.332144407671876
5.17438191594556
4.050275121582672
5.642616908065975
4.4813217093469575
4.810019230702892
5.197927710134536
4.086096965242177
4.397521773353219
5.1010431533213705
5.269947531283833
4.74653623404447
4.656715625082143
4.482060806709342
4.943274575518444
5.378585191327147
4.525078231585212
4.837780735688284
4.396307028946467
4.810474319965579
4.271331197232939
4.29925442347303
5.120473092072643
4.6733762244693935
4.737779580056667
4.595189984422177
4.239790020394139
4.9318949963198975
3.844314873800613
5.157681656186469
3.549155052518472
3.6946078650653362
4.187184908776544
4.108975537237711
4.105106845730916
3.9883100672159344
4.158870123093948
4.486294423113577
4.9578604398993775
4.747818373842165
4.314072294975631
5.41410174453631
4.32068781927228
4.547257198370062
4.7231262975838035
4.214392511057667
4.204840228660032
4.261246611364186
4.632117523928173
4.199544447474182
4.661132885841653
4.5998590282397345
4.78812307829503
4.8654530248604715
4.043525733985007
4.432412434136495
4.414052119129337
3.7926055411808193
4.6682560527697206
4.870215016067959
4.9717233430128545
4.098691819119267
4.685559465549886
4.872891036327928
4.5994317822624
5.027164459810592
4.814769542310387
4.429482860257849
4.149557095719501
4.70696743146982
3.3908845874248073
5.338553239125758
4.405515147605911
5.2418577435892075
3.8863532369723544
4.174170652637258
3.9302506651729345
4.723118445603177
4.95870916149579
4.597980820806697
5.246474338462576
4.719813848845661
4.649306263541803
5.021429741056636
4.2912809394765645
4.3258140730904415
5.831487833056599
4.923957744264044
5.413834728533402
4.4980478847865015
4.914825678104535
4.882987663033418
4.334014701656997
4.23743215308059
4.409360723220743
4.786507872864604
4.757480041007511
4.082627384457737
4.520988256554119
5.245650089811534
5.029167265398428
4.920090492465533
4.203760676900856
5.217990565346554
4.421365715446882
5.1770297504263
4.082950797397643
4.496954059344716
4.509974658722058
5.194931670092046
4.135425895219669
4.275004332419485
3.9102268824353814
4.341497685061768
4.922291625873186
5.452850184286945
4.806996941217221
4.785999012645334
5.878952126018703
5.299329833127558
5.282227858668193
5.006146849598736
4.371444702730514
4.858224997180514
4.897335891495459
4.516349257784896
4.514883010997437
4.890198637498543
4.960513257887214
4.425441851373762
