8.40825997875072
8.492859099525958
8.319162843050435
8.22014880226925
8.60190870380029
8.347343841567636
8.329872171394527
8.335890082176775
8.187640503048897
8.272869892418385
8.076809551101178
8.140708598308265
8.082403506152332
7.997218951117247
7.916515822056681
7.932424300350249
8.128747269511223
7.9508055709302425
7.997205268591642
7.869792453944683
7.945928971283138
7.942015705164522
7.7760460479184985
7.688572968356311
7.781472931150347
7.6011700867675245
7.6781295938417315
7.890036987140775
7.603041940601543
7.708009344059974
7.355878684204072
7.457422884181142
7.278973447624594
7.452784541994333
7.346555492840707
7.170151843922213
7.040131907444447
7.2452774294652045
7.304077398963273
7.264040941838175
7.18703348794952
7.060672712977976
7.144065932836384
7.218067842535675
7.300317744258791
7.0071300864219666
6.9991851430386305
6.890993032837287
7.187328334432095
6.97213414683938
6.675863570533693
6.8471184086520225
6.831764612812549
6.811529980273917
7.000952486414462
6.844000935088843
6.665239659138024
6.632199071813375
6.5552363633178174
6.679917186964303
6.67577053536661
6.50367234647274
6.55973096517846
6.687495719175786
6.4943163162097335
6.353897841181606
6.3799706674180925
6.275134880561382
6.375931601040065
6.335654435446486
6.118657754268497
6.062981501454487
6.041040175361559
6.141041991300881
6.2064787819981575
6.122405391419306
6.114171122666448
6.157026794506237
5.999708001501858
6.152149899862707
6.1308636157773435
5.9014921728521585
5.917309948476031
5.8971395823173225
5.913391020614654
5.745010460028425
5.83145104511641
5.67786544165574
5.731266592629254
5.7894095776136965
5.68268859363161
5.560065146768466
5.626519017620012
5.663218608824536
5.502951298607513
5.7475443875882775
5.4563953371252865
5.611935354070738
5.704777976265177
5.437315335031599
5.382862471044064
5.457997948862612
5.3696417063474655
5.351415224839002
5.355125647969544
5.242979186121374
5.351051134057343
5.346097374334931
5.304364283103496
5.1593607808463275
5.227262128144503
5.200013894354925
5.102431439096108
5.070892297197133
5.082833534339443
5.14066304708831
4.999908789526671
5.213005370926112
5.145640515955165
4.868634751997888
5.045392033644021
4.965874168090522
5.037785066757351
4.967972664395347
5.107380393892527
4.837787601863965
4.833889717003331
4.957337968051434
4.793342337477952
4.792556188534945
4.818586897337809
4.911142623983324
4.836515009170398
4.867042617872357
4.930561005603522
4.859083951683715
4.7078416855074465
4.745144182583317
4.653384379576892
4.818759665125981
4.86877110786736
4.5958765503019094
4.628510030452162
4.551596831995994
4.488698162604123
4.839869166724384
4.63899708725512
4.665043760091066
4.485024902736768
4.7533918232657015
4.469133224338293
4.475215825950727
4.574061154387891
4.453809969127178
4.470518331276253
4.554375611245632
4.6077448015566915
4.559874730883166
4.466540209483355
4.555347496410832
4.500797172542661
4.447786069242284
4.374531515641138
4.45255129202269
4.268082274822518
4.354640914127231
4.37149431463331
4.438661918975413
4.4939210375305265
4.440587289631367
4.325624622870237
4.326768521219492
4.332417471334338
4.3921481186989695
4.124663614435121
4.222154455026612
4.169954385142773
4.23171637323685
4.299699038499966
4.091343462467194
4.4830989125184715
4.380834684474394
4.202134452061728
4.280782395973802
4.182802690658718
4.202797716716304
4.154007570352405
4.271793217165396
4.172030568588525
4.027563210343942
4.133095670025796
4.242121887160465
4.175869590835646
4.076456575654447
4.317907745018601
4.111029565101489
4.134845295920968
4.087271062890068
4.15114897210151
3.9454370711464435
4.235131499590352
4.211566091980785
4.245685861911625
3.9743629524018615
3.973749864147976
4.056232218164951
4.01983296405524
4.005235419608653
3.8050537712406367
4.111663107061759
3.973848080029711
3.9805938249919564
4.020128478994593
4.214578027836978
4.03025795170106
4.010681259678677
4.091263897716999
3.931561367120594
4.073513987939805
3.932077059755102
3.9662525160238147
4.0723197385668755
3.988428259966895
4.036289697978646
4.030621998012066
3.956014486728236
4.072983404621482
4.035017843358219
3.9873070172034204
3.9145352034829557
3.9442918018903583
3.82978768623434
3.988568915752694
3.968229231191799
4.014019628055394
3.8626563530415297
3.9424039237201214
3.956152824917808
3.8457596711814404
3.9917200175113976
3.965869953390211
3.901893950998783
3.9105385371949524
4.0863500812556595
4.001025659730658
3.931276144925505
3.929913437459618
3.8879917438607663
3.787924451287836
3.9936826550401747
3.801970873493701
4.000729316845536
3.7524273325689137
3.7585757782217115
3.790490890154615
3.8447821233421564
3.861885980470106
3.811407159548253
3.8841703510843217
3.705167670501396
3.694448848022148
3.87990994961001
3.908919424749911
3.8872395963408053
3.6658490444533527
3.7474508974701166
3.8920594598166645
3.9329972779378295
3.701718195574358
3.692043764749542
3.954431358957663
3.7960395815316588
3.8143633222207427
3.7796067006420344
3.752144349971786
3.738118426175788
3.784688373329118
3.9445254353340715
3.671544150914997
3.8121600376907736
3.649436448002234
3.7559635743964463
3.600009347544983
3.699073179392144
3.753075899090618
3.639056666987017
3.634189027128741
3.6454101318959147
3.8245781427249312
3.7515050733927637
3.68217233591713
3.6398615075740963
3.7604637751355767
3.651259997393936
3.8620897063519806
3.7257419154047966
3.7050654273480177
3.660815031733364
3.706418616697192
3.8689637777861208
3.760004411684349
3.6635442802216858
3.759951939806342
3.6560700442641973
3.5886776917614043
3.7795712132938206
3.701572597026825
3.6593991310801357
3.8630236415192485
3.6131055031437427
3.5450606318190694
3.6130262492224574
3.667501866351813
3.771416666917503
3.640695185866207
3.690112099517137
3.8683693206403404
3.7852097714785486
3.707529767882079
3.652661449275911
3.820507519179955
3.6397602676879615
3.8295028924476355
3.7875561418477446
3.799111909000203
3.515386257087812
3.656244252808392
3.7376008173450828
3.7761976988986135
3.610439770622179
3.6084673767909408
3.6909730853512883
3.9668176874984056
3.6500217271968722
3.6704020814504474
3.9276039907708764
3.7086514763068408
3.7715460839681327
3.751457871403545
3.6743967139627784
3.7434479533694685
3.6457078407984227
3.6748468389268965
3.639188351109624
3.697867267532274
3.692494578193873
3.694340927526355
3.8860436498653144
3.6024406438227743
3.7153811189346015
3.6573863548692316
3.653620453318581
3.6597456603776664
3.7537415579427034
3.758449353976175
3.639850076287985
3.745995729463175
3.7372028385289013
3.6758058255072683
3.6468668789602816
3.684271532809362
3.608177980175242
3.829272588249296
3.852874472970143
3.6384824726264924
3.8872735879849643
3.74550344934687
3.7372778423596174
3.7439930455293506
3.8120289552025497
3.6998064725194126
3.650864142458886
3.7163293971680105
3.608218069188297
3.746860242448747
3.6069152064155787
3.460148591315374
3.7422149477060884
3.7723379156086594
3.454812168609351
3.6940173297189176
3.6392167946323752
3.5412557534873486
3.8216810058802366
3.635844725649804
3.4812094317749143
3.5192681406624615
3.7305262200534344
3.7162760784849524
3.6461840516421944
3.641281151678413
3.751313271233812
3.558285510633141
3.7504911578726023
3.5747347082942724
3.697690625442192
3.7008557266090065
3.6406703318934888
3.743109297240153
3.581074405228719
3.7173747185152024
3.565466139698401
3.531129149021581
3.629986334592104
3.752984411548823
3.648988979170099
3.755739299580455
3.5018239933997393
3.6374037379864603
3.46495547471568
3.5454465225338936
3.4697373646777123
3.641634656349197
3.8351213727146387
3.7394573104102165
3.7514157618861645
3.733978944364935
3.56303272373043
3.6243337029591203
3.590256799245253
3.5714855717960745
3.8391506988555193
3.6716548611875623
3.628245511557907
3.5588990170508623
3.738509618677199
3.4833667238708586
3.6263927747495472
3.5346756167709827
3.5593234128318727
3.646393039729446
3.964723493438214
3.7459964617155492
3.654241210548207
3.7878496162593365
3.815738403238356
3.5009244619868696
3.8189250524155796
3.8679447800386697
3.6402433833573014
3.7370603166054934
3.6821063538081944
3.7150048457551748
3.673754370305687
3.8603116634767503
3.9345526681281626
3.741577241802588
3.8804235626012087
3.775786081328988
3.7701979556586593
3.510379787068814
3.6389710737857968
3.7902318828273565
3.7214402770623565
3.835451564984396
3.6522498070262372
3.7983645771164447
3.6406246970873326
3.7583483348134905
3.6851625298149884
3.780050585512072
3.618030513403937
3.8714680226985365
3.7982188428286463
3.663289255462587
3.8851448888890445
3.883137362310663
3.710867261281237
3.7101792516186833
3.8255898896604776
3.7439308930188417
3.7285824075806886
3.7778166332282126
3.7810698526445776
3.730666079092771
3.619902944425121
3.8402373217977583
3.6316619399003685
3.7163332104682922
3.7791865756735206
3.6982912926469
3.633564836345613
3.8400583162438124
3.8171580464113504
3.5823882126715034
3.602232718607411
3.7072807494550943
3.6355829550884664
3.556502779945731
3.842644870048389
3.7099986346438527
3.7871605393011123
3.6060830540955067
3.5828447823878378
3.8109867034945637
3.664857739349827
3.5970426201820374
3.7815684566739947
3.7292985529638827
3.8137638508342206
3.565135690383613
3.9758254163898528
3.7804676522500813
3.654413192998618
3.702711606398225
3.7440811812411994
3.7061185005586594
3.6000300243031234
3.5099354234989733
3.722899779677391
3.522463207365945
3.578249749727547
3.748876270605251
3.668304143473506
3.5195571857038885
3.6523872755933553
3.833342953119427
3.725322864949703
3.5643445113673806
3.826895638369024
3.87010474386625
3.7956972781103104
3.6929415073245764
3.7036176153924316
3.6153866946697235
3.683127202326432
3.7167953157331795
3.79759302129969
3.930066960165277
3.763676217989996
3.7669713457580656
3.779337130719796
4.0198045338038355
3.824574929662049
3.55144556122832
3.79127511754632
3.4611450619995594
3.602550720097497
3.9655573298223317
3.9076135859359056
3.9164284106809646
3.8434150661341846
3.842508176807314
3.715222227619961
3.595445790095255
3.627788176294416
3.8398240110836923
3.8844330348074436
3.722369721159339
3.8506511200685054
3.9132316831965
3.850788597483188
3.584966288181022
3.833553336095065
3.7472744337283075
3.665629484690726
3.6065465055871755
3.765523531474173
3.977141777984798
3.710721775656566
4.0761483234819025
3.7911491303239018
3.9852517049293965
3.8611208728980273
3.9887079561594874
3.982186183799058
4.080371930729598
3.889866949059069
3.959278725553304
3.8298790478147566
3.8088634670712054
3.6426337035372853
3.958633480593562
3.8132968875579536
3.9417675668373704
3.8584576514549553
4.219701017718762
4.113708747783676
3.8723723869770765
3.596553020644933
3.6478884839452803
3.7879320797510445
3.7745788656175137
3.867614676244557
3.741462053032592
3.7844803526531905
3.9344740863889456
3.6092601544223726
3.9251330788247287
3.6827031110879034
3.9743676050566137
3.956820564577356
3.879410403314978
4.014588069170713
3.6099537338595837
3.9252687776461244
3.916912062559277
3.909300600644201
3.9545535871293396
3.6180050366092473
3.59440412838012
3.8552038609050214
3.538530769292265
3.830212188884616
3.458740960340947
3.8337987682316452
4.006683475803584
3.74513211613521
3.742633354384452
3.849903342081234
3.831671910593286
3.6810758968349546
3.6953509899321944
3.7823163522407413
3.691532474011183
4.0147153860889375
3.7461568464059383
3.8012563777156174
3.7049992703832686
3.721461506560445
4.068095431895927
3.870441877283156
4.069452519761398
3.844140680041164
3.954969231504947
3.6794267448130995
3.962019169703126
3.6840153909288347
3.8848700104281306
3.723804527428001
3.5993139736820012
3.4885276183485985
4.016061792848632
3.884391277562827
3.511509007308632
3.9672284305561334
3.7124900256749243
3.997972988989204
4.213632337516174
3.9067013661842793
3.7560084073338658
3.8839294891804457
3.854592261603102
3.833667857106775
3.974703705869615
3.956835776101798
3.7224163417704403
3.827246139757335
3.9209028377663344
3.8164532056543976
3.861417959211394
3.7423039665445685
4.000365415355191
4.016406033420935
3.923159752972424
3.7743298918940127
3.8977024701889604
3.8637742020655423
3.9238075679168105
3.876914781983942
3.9868898096028715
3.8230517127085477
4.135081440443173
3.6334481444209814
3.8994849040172994
3.9621972334571183
3.992465154500678
3.7222689280752093
3.9616623267065734
3.672063717385754
3.9669981461483985
4.121009361697361
3.96779092727229
3.81528739631176
3.6193396034650505
3.834623138885945
3.690992332296446
3.9266420141793787
4.091371732531115
3.8556639871094376
3.8861311729997396
3.7494425801560283
3.893148949602619
4.105204609455541
4.018879434326664
4.099848685786128
3.9601923294831067
3.859517471631989
4.128913522930816
4.022804841399193
3.701557145221159
3.960684709250927
3.9931143934372813
3.8511370825581253
3.9862629347480834
4.148140825564042
4.010781630175188
3.975910822628066
3.943252614000812
4.11332130455412
3.8124487875029445
4.002600947394967
4.058918186230585
3.76139167137444
4.00346019375138
3.892334379022941
4.031300632050261
3.933988277800381
3.7332613305188715
3.961842894554138
3.9375039348378778
4.152658037608489
3.9055439692456275
3.911629498936236
3.9840098551940173
3.6531523391604424
4.1794766476377845
3.902453023241833
3.9416856800671667
4.183700344990939
3.6657871385104954
3.7192632877267897
3.9881141853984445
4.041419314686209
4.219759895699099
4.221625119447708
3.934210497653112
3.944856487913057
4.075775448232889
3.9622209903318435
4.0067860337439924
3.6491717293392867
4.027812230633572
3.8360692479182035
3.981837000697851
3.994055023416877
4.126757361693308
4.1104083973914385
4.807709869462997
4.2158089557196945
3.882266166852787
3.923602781025693
3.6578996181488037
4.120829235063866
3.9046695046126842
4.028875705553219
4.00254207290709
3.778405027696863
3.993361357366666
3.81080255843699
4.150370423682034
3.977721088565886
3.9776415741071105
3.8536766059696674
3.9626405315939337
3.8172026795800775
3.9822736885398626
4.220189074520022
3.779653426259756
3.8777388245798647
4.175520985620096
4.1597480876371264
4.094356392277405
4.260123884072527
3.952154416590929
4.138308461988345
4.334260531002656
3.7090532132424414
3.926695327507332
3.949597353581339
3.9539958126842976
4.069666843628511
4.240557815879583
3.926588469883427
4.191940255695954
4.150564067764208
4.08887733775191
3.9728142025414854
4.204774760641158
4.160798004362732
4.052760096965358
4.0934433955699205
3.926384925376624
4.4545366102829576
4.131605025148019
4.0183326995465904
3.872264500008896
3.8871793646831065
3.9018032043240964
4.06896500964649
4.150180495344102
4.435195250436664
4.297037938376889
4.174444040283561
4.024042038246989
3.9984324700199068
4.214888277696446
3.953062589513138
4.146820945898071
4.028974826913327
4.034600930521265
4.164612860884517
4.309851709287614
3.832233802881092
3.9201682878192514
3.6561770755797625
4.0300422720611095
4.367047801380977
4.326071500778198
3.87314817821607
3.8210951548535377
4.138862370280549
4.154814762994647
4.012066497700289
4.046476886840537
4.111702955560759
3.9826128652784973
4.353619672125205
4.344184465240687
4.3152155806310475
3.798549750354141
4.082916928222403
3.982825164915994
4.122030385537073
4.087034116266295
4.2452102394308895
4.716498887632042
3.8887567948549986
3.9720603460446
4.138738794252276
4.0663469936698675
4.285127629293129
4.26683864579536
3.9742206875234842
4.219207990216091
4.223441866459325
4.226068709976971
4.200160693610087
3.8797155667562038
4.2486305825877935
3.991793772438541
4.079754794947803
3.929928850149736
4.202869457192719
4.356799945700914
4.2697906971443444
4.194167867768556
4.175210269633681
4.204413615632802
4.658846728503704
4.18751188647002
4.056032421533018
4.023167927982286
4.587347425287589
4.247237045317888
3.877933980198577
4.024970050435513
4.252682499587536
4.049122120719403
4.31524868356064
4.149966700933874
3.939185233321041
3.9292962721083313
4.347073573851958
4.175469283014536
4.2579342282842845
4.415790268220007
4.084860734408721
4.018512436188757
4.301563391229138
4.198423247784376
4.131594301201403
4.3028918146155775
4.065984975313768
3.8737788847647607
4.075349375605583
4.129011862911284
4.529185569612309
4.158336633816361
3.9439263525418937
4.114151032874361
4.0186531965155154
4.322755453176796
4.102149631129578
4.119153410661966
4.080037131207064
4.068853300996125
4.1578667387366295
4.173312759725377
4.028055978938937
4.191069019259885
4.39811547822319
4.10923749441281
4.3689616622868925
3.9731261001434177
4.48574126069434
4.342916083754972
4.0768220461905
4.101630739402026
4.15892503131181
3.932330753421411
4.258229638217017
3.9393944647163153
4.931159719126299
4.718072839081287
4.169621433364227
4.109691308811307
4.06148519157432
4.064162092283368
4.2874430059455335
4.146427844651043
4.172883685678244
4.305996083421633
4.160618214868009
4.546345641370863
4.654283785261214
4.200878080446273
4.220298768486828
4.267432837747037
4.106415611458942
4.430719722062349
4.135537677677348
4.124258962227032
4.268620524788275
3.8062598053365946
4.493314377730712
4.540125018218532
4.258434985531494
4.366041610948741
4.291110121877864
4.540563762187958
4.405574154807255
3.9559605868998915
4.31735477084294
4.152526363730431
4.085326398257166
4.256307351402938
4.297446498647332
4.339030603645369
4.165583375142887
4.220406734151766
4.57204623776488
4.628609898965806
4.53996353619732
4.446031279629096
4.188330131582916
4.352394033689052
4.213896618690342
4.14359457581304
4.507948959246278
4.663978750351816
4.5162764503620565
4.506788592087105
4.266895155888051
4.006223919568583
4.22043561656028
4.250953851034865
4.292736198985949
4.265636762371287
4.352950936881825
4.657150616403669
4.2430651294998825
4.492862082552165
4.342807553242892
4.253501965198666
4.54143531434238
4.463335330830887
4.463034036802128
4.1649536120239645
4.065124833025038
4.105088917305693
4.066500320099294
4.315045254305005
4.075420038308948
4.303894954267889
4.270956006832421
4.312011229572818
4.205557067412883
4.142852086573839
4.268840642645955
4.054731478448957
4.286691955523565
4.339807684300467
4.231745291501284
4.435141644207761
4.482907340163365
4.576359172351658
4.446174761047587
4.363453063182533
4.403931496432051
4.084705849178135
4.450456116115674
4.609330570558086
4.557364226784557
4.57676608976908
4.332985730841756
3.947895265882835
4.358224490890279
4.355830097338185
4.225941417971626
4.443781606620178
4.3122480132151395
4.122132867807522
4.318686286685988
4.3909687211271375
4.469661372713745
4.131674789590761
4.4318379778414965
4.3280480082612485
4.4142483510077
4.099851570324972
4.353158787125722
4.2612364494707435
4.260631287004799
4.643166433088481
4.30200048815459
4.217395958025008
4.212474175030366
4.117719403700903
4.1421297416090965
4.204868620960042
5.0989071514923126
4.439863353734836
4.632808469701558
4.601678925100714
4.525348915485665
4.7276782197877765
4.44662957219407
4.428176553919911
4.040278368163854
4.37645425577648
4.274076065281406
4.428608184680343
4.162129286210984
4.165139966178685
4.118360474705696
4.22601888445206
4.62536654388532
4.569344372022897
4.541787467664108
4.448194131953642
4.223172692582011
4.760174831841141
4.4399927475024015
4.945619547273964
4.251511313254014
4.2695488864555955
4.318957421462983
4.092293793801218
4.075576222036034
4.235470382729545
4.649992672260851
4.617926369654015
4.308322191238403
4.365127583499998
4.373573853634298
4.518258351832628
4.592361898859963
4.468689407687634
4.379631655057892
4.608243009541184
4.489185519516468
4.467114796396345
4.6390013648197055
4.301186040509492
4.697028265800327
4.539978011744097
4.681813108036295
4.431127629475668
4.564866077154875
4.519852871308103
4.502945903688669
4.651623872574419
4.303158813621849
4.786812383914366
4.4323871014639735
4.797527596121654
4.66064081620425
4.746164370793849
4.6933098416775465
4.206816779915243
4.6752082654275
4.752905295463279
4.365451044635847
4.294413620838895
4.549871658207849
4.587043659528717
4.330942653352395
4.610038249753416
4.695667236344889
4.432945707812905
4.606327186105773
4.389181955019012
4.299477176973596
4.45468186866492
4.547085060272366
4.852969662984833
4.538949217880145
4.565530885010958
4.168716527055949
4.034748985664919
4.255986938718706
4.318998973816633
4.241138633340597
4.052485579857603
4.309091477189213
4.535406400915235
4.6058693286031485
4.523707858053967
4.379179704934359
4.33540721796453
4.441459311172366
4.537800469668582
4.533780121710151
4.3021607485134155
4.248596023069695
4.466200971277431
4.571740850806236
4.171453268965706
4.668095670640469
4.0648473827168345
4.084122934844345
4.624714219709858
4.888436689274386
4.294990041991696
4.385980679653585
4.348271873779595
4.50753628811799
4.321143774082884
4.622614626539871
4.274144992465153
4.703583286143839
4.516056390013546
4.1473764181137085
4.65670131216757
4.399339722236618
4.563729013549164
4.682406850159168
4.3139863959513605
4.458925530547276
4.445161655079573
4.533790519693866
4.5609406812582165
4.608212474035099
4.34788636979647
4.4830609750933945
4.727645596722141
4.8024202031083405
4.3196099603082985
4.536534171551466
4.6224745605140924
4.340024917619303
4.5282776965759695
4.283451229333878
4.9711877149529755
4.684544593794271
5.000954787246883
4.800660168984905
4.498003337066621
4.561221118783578
4.623188044177368
4.543960392475128
4.668493747944012
4.587336194468662
5.0447794769424945
4.954703374300152
4.822689654305577
4.935545684071258
4.644860869972035
4.867835322162136
4.372443451313302
4.769512010272592
4.562729135155678
4.499373375205323
4.435127125820145
4.539853553287685
4.453770474996418
4.336856678826734
4.508961158571765
4.642254816368222
4.742312299553305
4.45595597079955
4.768547806190327
4.43655489012599
4.637978426413611
4.662664328236133
4.898738804971799
4.639948332915083
4.686035502701998
4.726417877012864
4.591407703701407
4.652876786421984
4.914781483821571
4.860652782022953
4.488004268147051
4.613211450632662
4.695729309227318
4.825695032486692
4.389355117222294
4.672949629370123
4.18654619762674
4.688685287022963
4.487577363615856
4.873354963492602
4.546299456851557
5.270484413951635
4.8592900219373405
4.52577651431784
4.200612439075485
4.2081425904762
4.435497843427584
4.49352873605676
4.362756394548342
4.258232021005824
4.700785718392581
4.309076267294586
4.467947596218437
4.2883390637580305
4.772986304946244
4.988526417640969
4.540276778163388
4.513291067443788
4.713771270820871
4.4032230554148555
4.330324059119448
4.576443133177236
4.764065352734178
4.267990674823523
4.188974737422541
4.732713089324534
4.445242459187284
4.150887429714203
4.46474141580984
4.433504331856966
4.693409587722272
4.601496434072033
4.9492033396381885
4.724400478648022
4.67318766284734
4.623826435999945
4.687365212710574
4.452580092707649
4.514738304540515
4.447270806180313
4.484413384227082
4.861555866897106
5.04533680411987
4.718104838626459
4.579510476673022
4.870087765390053
4.880450986325741
5.0900644143112
4.565974838566035
4.625066560227424
4.94910747371614
4.858026128727943
4.679786607855931
4.778622009558603
4.526129157748073
4.738846685504541
4.626288515981287
4.727742993971333
5.0550967822782695
4.61978786252439
4.65758659155108
4.608464607503265
4.799954247660935
4.954865347594023
4.697183801559731
4.530503514455631
4.900166593492031
4.581822658190504
4.5605322127230465
4.438980563776568
4.817963431356475
4.795383577700704
4.3473812595475465
4.554792097304016
4.527862915303558
4.851817898219451
4.854711865540594
4.681968405144289
4.329281069338322
4.728365858318284
4.774533233372495
4.451008663978428
4.851844909135252
4.787459207465872
4.868554609827697
4.697449503466487
5.174407895887271
5.045731076039374
4.903705943841487
4.597123857587576
4.998719550669193
4.977377875242382
4.666109010111541
4.618437873432413
4.886735519627109
4.8608739853370935
4.416378533700481
4.423158177640289
4.333529106108472
4.356381138553843
4.43163518467918
4.36737328954041
4.59460111707449
4.712944691302255
4.720664120046422
4.686147793894634
4.799295873614028
4.6983775061089545
4.597672139760107
4.4539304447826
4.5869875946082175
4.691963046323508
4.777122012106702
4.682212812826037
4.656171909533441
4.289308745181188
5.030837393831462
4.669454902643338
4.74304398172535
4.9559748927131295
4.69431854179129
4.749369856202975
4.814848788548261
4.825304158264771
4.775518252048641
4.486981099005789
4.715178889688104
4.648648009868339
4.701973428716883
4.948823726736009
5.145886060316116
4.695465134689584
4.674076919443905
4.662413093959913
4.835587693843991
5.064505391521379
5.174233586760238
4.911861426895484
4.545807383256033
4.470931475749239
5.090343446237966
4.504208865808323
4.609207422006875
5.214587830007076
4.878509835805744
4.775256656343117
5.043323794147
5.401095021516085
5.233320689294487
5.257352902088314
5.551600969396532
4.850840917089954
4.82834698446095
4.947007902665064
4.725863613421097
4.92468046490103
4.695748244179413
4.877914203098044
4.662538341945037
4.999863997567445
5.470064903609455
5.032582969870418
4.594414281425998
4.726658976636827
4.694273887900636
4.76290861540474
5.01814682292752
5.358087444677949
4.863055701134726
4.708100808551535
4.151711024111137
4.962244825903326
4.729097455041483
4.193148878403008
4.849357693921775
4.946858826326206
4.786372128641233
4.624779779231176
4.5532564574386925
5.148083142004907
4.339233714621514
4.489270073361695
4.825774640776217
4.88965886621736
4.643444175366312
4.96477607334964
4.908550818217918
5.099858961999416
5.465691188117489
5.134793503442779
4.820801250636578
5.130499826977029
4.7963949337136
5.002326326910406
4.533713312121108
5.027437365846708
4.873225325951353
4.662529360037297
4.673471555113792
4.510994436452165
4.376993905520067
4.6832501294557005
4.711763437371701
4.987500012619421
4.896110577741638
4.493458419339731
5.049156665802002
4.702007710933685
5.352075303439051
4.752997607225552
4.506675240583718
5.333720916649327
5.2812091847881675
4.762253614608198
4.761869859881699
4.858982164179906
4.185599487507716
4.7300693828146905
4.836005586432293
5.038390023168176
5.071710173040628
4.958913629176095
5.224467966705561
5.338687084848061
5.0972362828906626
5.132204457418993
5.071203413186595
5.488197490340099
4.961430766386911
4.751113336067647
5.22178639494814
4.661809984361753
4.76676048967056
4.912947179982439
4.592192071257159
5.35489567858167
4.844776031328365
4.604903485160321
4.803637987468392
4.858626143308356
4.53176936134696
4.589311479823664
4.845881728222594
4.87880695448257
5.459978488506749
4.761423024348915
4.9432652816176414
4.768878200324252
4.487203342141584
4.887155310250819
5.047962746582925
4.7805784796364605
4.861016664886847
4.768733681412414
4.495217590825632
4.73701736307703
4.7298377871047705
5.139002833748236
5.08267254056409
5.095907595474273
4.690545368939638
5.017510852077976
4.867104670964181
4.553629484260455
4.745409549213946
4.6376460993196815
5.1175898120272905
5.042168515268713
5.035016023553908
5.020778234116733
4.7127868961542845
4.971493054879829
5.490693006897345
5.337974542984739
5.3501719566993415
5.4324198151007295
4.718283559195697
5.055714400950819
4.94074375461787
5.13298323773779
4.769729325780645
4.945646870182827
5.096961030270904
4.933813709998503
5.390622906386852
4.982913863379508
4.904984318651259
5.217691122088581
5.257142832502723
5.56243866472505
5.057852573459968
5.105819292832166
4.658335259882733
4.637925308896229
5.13165427884087
4.40954891522415
4.430228125769645
4.440035695908591
4.351015153108165
4.61639034980908
4.96558773634024
4.844515280332416
4.926476382184774
4.7169041451998055
5.016377915162593
5.204654849134386
4.40816498035565
4.481933127390221
5.111945367185399
4.6862836226355284
4.5990921296179295
5.506157900905237
5.080363761633635
4.405169742181897
4.914521424565464
4.361036175629124
5.28935862146318
5.2150582717731595
5.473559673177078
5.230839469237253
4.774472018470988
4.993566625984386
4.522790328366682
5.2759058370720595
5.161899299593642
5.010570548474789
4.666887792758644
4.6362040305975825
4.5148383064661175
4.586790974019095
5.306325047742575
5.185184768168256
5.875095516210422
4.956331673078239
5.240962042007595
4.846651766914874
4.765304931206629
4.98230415279977
5.188871742924675
5.21701164660044
4.98410677886568
4.825948151061311
4.919567943783477
5.4351122446823865
4.695364352082834
5.351179778110236
4.767301960848272
4.7788241256494075
5.0076227656099945
5.497437302256003
5.031330806901678
4.904320088913664
4.851470695575699
5.128548791399226
5.217009940650314
4.78934610937722
4.8697505672462285
5.382573132403195
5.098885142477229
5.925659406697378
5.382343600038439
5.261684206081554
5.000765209784731
4.587976904353127
5.069906902033836
5.26468628575094
4.891288737766445
4.908811416244134
5.130962835624814
4.960542458109558
5.190997843397781
4.8170007318258286
5.004352018237114
5.386120832525194
5.3845264066476375
5.854582784464583
5.325902477838099
4.933047318132594
5.077700328081846
5.5776656572707
4.653656279435381
4.7279903057496995
5.036831000354141
5.046451574657112
5.117712415987626
5.1624926219228655
5.061753896763548
4.830216824775562
4.699091964401305
4.802820340264589
5.234588907333091
5.233884379733354
5.053048820234835
4.678890659706667
4.489034158177674
4.967048590537161
4.806535843992606
4.92666980670765
4.9255117466673255
4.96709872642532
4.938268814235926
4.975866741966456
5.076754902489483
4.72961589996703
4.891047867713496
4.968433791073039
4.599937040824443
4.735239294357598
4.78840814740397
4.993034096900374
4.775111650116742
4.718443879159167
4.9579905876889825
5.002573504112661
5.166847716085613
4.662749483017251
4.949027195572853
5.592433876125142
4.828975301235914
5.23543595825322
4.849738307762891
4.481735915411264
4.74886372173205
4.75109542068094
5.202825791202486
4.945910140872002
5.178477900568396
5.003484971821308
4.650428461842239
5.03255877410993
4.901683415286243
4.821429126895964
4.988842202117667
5.177591172978282
5.079745876835659
4.74843053217046
5.177361530484632
4.744957578135654
5.207639512838796
6.31245456286706
5.241351175121963
4.885793008375913
5.147390448953956
4.814853362739086
5.073732369346544
4.892560654785484
5.416487475624308
5.065953662153333
5.4767369360197335
4.855878367088735
4.859302514465526
5.078903281129897
5.537681555375457
5.284892029827461
4.936513314023614
4.905567375943065
4.618188871070743
4.618887771386653
4.619223499903455
4.955544536467642
5.5059383902698755
6.342048649210483
5.722194784320891
5.064244659850374
4.7537419479340315
4.931049607694149
5.637270141625777
5.5482615530490875
4.879446702776477
4.904217582428828
5.005182291613892
5.004154755966738
5.097861618269235
5.359091420890763
5.067481810459867
5.0577632137574255
4.9518790047150105
5.3028211342170835
5.693770790705457
5.216662596445531
4.986075234832242
5.103149496251717
4.942782235564664
5.200875087175518
5.146307214163244
5.292179986601695
4.8534114544745535
4.9229062895756215
5.195393883623183
5.141636479180306
5.073174835648388
4.756424012826756
5.244496548548341
5.149510695133358
5.485644487431273
5.263333234703168
4.55541068315506
4.756868141470477
4.871654829476029
4.426086689578369
4.572248930577189
5.463197675999254
4.8924993788823485
4.725177672924474
5.151464724680409
4.490289963316172
4.897974099032581
5.50335325114429
5.170677378308028
4.855162394465879
5.076367730041966
5.452093667350709
5.017606195062399
4.600475929910317
4.581867704167962
4.6606904866639525
4.542794612469152
4.573381116380915
5.13077987334691
5.033912134356797
5.006156871560961
4.853567889658734
4.7736331187188625
4.956657046684995
4.9482538679149
5.3147267564199865
4.833896096330136
4.8648276114836335
4.884111362043768
4.710791660472751
4.783248681109399
4.881302183959633
5.399067957419902
5.127784416079521
4.921888162614778
5.1692851316183805
5.3453305321745574
5.383544950513169
5.274658907670528
5.271379120880738
5.401114675682038
4.886757490690798
5.674173992360011
4.9038442799355835
4.684981832746416
4.716881580650806
4.722073279786855
4.9950214175041765
4.780295097269118
4.7152723397593945
5.337719324976206
5.640230508288369
5.59193380153738
5.4114517592824996
5.4322302979417145
5.671185816405341
5.110930786002427
4.8911546466406435
5.108585347188637
5.000768800964579
5.395057240733877
5.275938984239474
5.330032935133204
4.8058425260242075
5.30403192108497
5.052216159878299
5.091363766463473
5.218424028716981
5.204909158637747
5.198931268882006
5.460372244939208
5.865004912018776
5.25412527192384
5.050976190716028
5.26709746173583
5.13300117244944
4.82741281343624
5.296226410893723
4.844392033293843
5.493764584418386
4.805600444087759
5.238334396854043
5.1698429374955595
5.477188446559012
5.600581179140136
5.483283158624545
5.546393842436373
5.469111694488674
5.487150398315862
4.899495640769601
5.216525526018813
5.169295912375674
5.054655769374222
5.542670096503571
5.400912393582985
4.764215768780559
4.82355456170626
4.8444963125512
5.086404259549454
5.226217788644135
4.745673385448754
4.60001871176064
5.019763976102695
5.037559361662716
5.681642425013706
4.745264450786635
4.760521182557568
4.92206252575852
4.9081267539877445
4.701697026612237
4.803237674757838
4.874961682129651
5.1057623161468655
5.219329363433644
5.605769764631987
4.5562372480053455
5.134963985532522
5.066593409748748
5.258933344390243
4.853312695166096
5.482926103752106
5.855832010973245
5.043815674260259
5.169207426952198
5.053314855322242
5.323613827349618
4.820932264439762
5.546721719671041
6.188926316332072
5.4118935307487845
5.580845082877204
5.270922345574945
4.908219604520127
4.859918582485989
5.2595598206389695
5.3949179102201015
5.358330441871658
5.267766798380762
5.202690400183201
5.9984981685411185
6.015724607044831
5.83800317090936
5.604072017828003
4.573933214880526
4.830365751404315
4.5839641112834215
5.385933762881905
4.8235613231081516
4.835583847947419
4.4219801421277225
5.046410822542384
5.284328453475609
5.058166936505586
5.344831697177142
5.2111734645441175
5.609625799814239
5.469302460318431
5.074417870724574
4.997651388403028
5.439375706017017
5.11509889527224
4.987090741749853
5.10630023945123
5.250010842690244
5.264254344627261
5.390212679747492
5.383704182226211
5.156019621528685
4.927203564438969
4.801931328140199
5.7783628108445555
5.2882737927138805
5.593990972265601
5.061697820667177
5.181650729617104
5.059288072399795
5.343035367317498
5.895027517573908
5.329498422564939
5.211120245978236
5.313349494012073
5.404848431237042
5.242102904478088
5.791449321899563
4.875965809915215
5.149946237681434
5.497875846689567
5.117295605828986
5.398602931527421
5.8518729521892965
5.2767617150675505
5.559234764892608
5.579749824013561
5.340351068880409
5.354443362681195
5.290570555720478
4.799471674486995
5.151323550147936
4.897672819904983
4.760017476975918
5.302921520778909
5.40997500019148
5.167218081187457
4.797110044630244
4.590254223672673
4.783967571565881
4.833741643698886
5.312641423661262
4.973314514849335
5.090101946610957
4.906094086589292
4.953225618228316
5.737017025006935
5.753378548193723
5.563494977075607
5.139208090258762
5.125659028533846
5.5145368196535856
4.894593285396695
5.051359322853386
5.352287679677829
5.145049024838954
5.279905708739534
5.41412387159653
5.235851926030591
5.398658385267481
6.103877187008038
5.162265396444127
5.3735566679388285
5.066055015427992
5.668632168555632
5.120638236170635
5.259492205223069
5.017386617138982
5.406873208936304
5.520836339099333
5.179993879515678
5.7074906141497195
5.734340647468343
5.12341323797591
5.100242146290839
4.927171810995787
4.621025882894173
5.4569335577543825
5.1921943495981395
5.098341818433255
4.658998442348093
5.194630842190236
5.187045176746324
5.243556467117742
5.6665714187547565
5.394219244364649
5.217775609809905
5.206208147807047
5.119537556776777
5.073415663326159
5.157761103240773
4.631652496987954
5.3513642703182995
5.724287670338526
5.228325252886862
5.339683196507394
4.671462257858366
5.490617522504181
5.4123271990101784
5.2820892203599215
5.808102070353925
5.2457851259969175
5.226275039138272
5.070817121304572
5.264274455606937
5.701917001511902
6.081756732892245
5.414481298532337
5.015893128700554
5.821131201926619
4.976690465118736
4.850180999143049
4.854610796784982
5.132790957344696
5.541273306822404
5.358894818928093
5.622089093085378
5.515635045710951
5.305734907044098
5.316634488059208
4.684420181205496
5.628276913659647
5.003125396557152
5.469095465261489
5.287982887588441
5.446937340311706
5.442149373702705
5.029146250104532
5.33405616437085
5.448965735267848
4.785028689540923
4.707922615809366
5.398575115716085
4.929116104030982
5.582522888435051
5.247933300212026
5.540739266667515
5.598801821004599
6.07647975650616
4.819189039990306
5.358527953270823
4.920258443104103
5.085581315215677
5.141297331312671
4.803673699963838
5.04569133091718
4.704836671007797
5.401769470190629
5.69977533374913
5.378392836777493
4.9365326694678515
5.032550019910559
5.439817759906873
5.266609366983175
5.144365964224562
5.65428624721244
5.013568376889452
4.957427791552618
5.2408941220492125
5.662175085162744
5.16686666989699
5.5493462106678635
5.442352689336985
5.053036286495626
4.748556300299242
5.731648192508146
5.260070111835375
5.538219390669838
5.491904728114605
4.750572289805859
5.18559549911879
5.624242286896333
5.3612213500309736
5.699209969956428
5.415836932370439
5.486438286025077
5.158152707852423
4.848011499969289
5.516939383232966
4.746873596450314
5.430908335605636
5.255199644016102
4.733711210777983
5.382142300019041
5.099659167928621
5.62367533496581
5.599532349500805
5.358392583439127
5.406293097883463
5.953293709084392
5.354458569083363
5.054722896544263
5.437515125144273
5.762143179774284
5.2819306356832385
5.570668161381036
5.038792145205662
4.9979467443190515
5.260512589477003
4.98354122787714
4.966480024391785
5.573203396983445
5.90851368336007
6.419760508229956
5.315250976476818
5.0675922280643135
5.303722087061033
6.129781178198755
5.784847817849368
5.239715313073248
5.343258232809603
5.717330502578989
5.188934085890651
5.291953845880926
5.454747083829716
4.995924137765542
5.277722765225917
5.725811745971441
4.568542086984962
5.426095313159749
4.701608367962763
4.985883383080363
5.175321839749813
4.876891056075692
5.512845609104261
5.052690832177177
5.073916093446314
4.566121255047619
5.396085225511342
5.321101150941104
4.610284795751795
4.499700260581449
5.114740747725591
5.209010092541575
5.176907099317759
5.480497378855944
5.42830202030018
5.485032599419355
5.064157963497564
5.179552994901314
5.379712015390396
5.02434336184524
4.754896227968857
4.303082255995832
4.499684581765905
5.031907138880342
5.787953661056235
6.05364088062197
5.976119559491053
5.655101627344266
4.95973862730898
4.871894713258371
4.859460228122771
4.409744237083942
5.295646985061467
5.477104514604434
5.831943261204287
5.25755185005255
5.552713670767844
5.425208049360663
5.13067821925506
5.210074448958039
5.339337994111702
5.2931845465209335
5.299715149914846
5.620827640173957
5.611597889801487
5.29487298312597
4.924881810089573
5.404990904731676
5.249364784453064
5.08797217044048
4.854459252674133
5.361924112541601
4.982597908005118
4.487621735082939
5.127769303508103
5.522035817615688
4.869751671794802
4.862694593612105
5.686416825978085
6.0797132414299995
5.205808012280613
5.750716613838449
6.329710302641615
6.320522876223549
6.066413937835023
5.408607646822929
5.126715954160318
4.9716761040035635
4.690446080407128
4.860320879379287
4.850220401305705
5.234395808540285
5.025327424053103
5.170978978043422
6.043266305932775
6.217832383932546
6.140408095205203
6.1399680825416
5.681301868055016
5.292452353751287
5.667241319781169
5.361769293434918
5.608197460183874
5.692244920879602
5.791330909822136
5.61547134956345
6.526526544708759
6.058743255911395
5.31467304402031
5.081597494892776
5.0036611191462725
5.344108735676855
5.3794552590698
5.609645482385531
5.446739343227819
5.433843974722549
4.639673971803859
5.175396235194057
4.86256239656359
5.314400748349726
4.865530454320833
5.498067150590941
5.950165091548115
5.881811168277636
5.78409622120671
5.660219351761043
6.0105940697249025
5.671814935514703
4.656315048225224
4.12521965126507
4.875950576504692
5.265835389727727
4.513405311852694
5.157227657502517
4.611356828827411
4.773328974610195
4.566813524346799
4.237081792671233
4.483550176024437
4.5864044348709285
4.3117411863058805
4.691578311147168
4.791753178462386
5.079996549291536
4.951762346550822
5.164510975359008
4.603710676776245
4.8143577123992145
4.676789041142911
4.977900302503258
5.099017046857625
5.006176994415
4.553339159814641
5.0881803799420595
5.447804341558367
5.950023498618975
6.009561731480062
5.54963920917362
5.14194196020253
5.384895553346723
5.251366904936731
5.428984798723832
5.2606070204637945
5.373984103789553
5.167928540147841
5.574890572577715
6.796867614611983
5.65103162243031
5.042468236526474
5.268176857382059
5.5343427076004446
5.411954277893528
5.09277267428115
5.388160392642021
4.7618588109035045
4.790623998502269
5.346907437779009
5.379445553058758
5.428728959755972
5.485771115636453
4.870379988336936
5.353796991053969
5.202582994708791
5.368822467280552
5.351152269402519
5.092662673210725
5.195939536904916
5.583788563963026
5.496353090973571
5.022936698747799
5.406183011597022
5.387362588895485
4.7340368907898664
5.0715106865391135
5.329717440996319
5.435903658159077
5.253341373987496
4.823936489410698
5.350402372190729
5.821702383458614
5.650291415164247
4.923319833120331
5.533091585151851
5.042017493629828
5.4683310692198575
4.8308594026602805
5.297818808117881
5.302291799103841
4.584419249324128
5.749052454950288
5.144444641890004
4.7141539035364985
5.361481956904754
5.481012801639736
6.154181515797973
5.748228771146387
6.303655502386391
5.661855158163235
5.425279211485758
5.567017532186583
6.099986326880753
5.143997311824933
5.6946758984122425
5.4855704959481955
4.97166512417607
5.016852610046044
4.90265307482332
4.965397651307285
4.708802822045982
4.821460320148617
4.5895626419223845
4.4778920949902385
5.809871353441849
5.617665167199448
5.134918027324602
5.013867629459128
5.73673889413476
5.34563749586232
5.560594967566431
5.508797544054687
4.566828184877522
4.806755473371595
4.3510912720812485
4.765277592930943
5.3131875968538225
5.3597287277225405
5.788557935738936
6.308706626761705
5.250373066170141
5.356618893099949
5.486177881015465
5.6401414456777275
5.064564808271825
5.176829880103469
4.758604319533333
5.292759481351823
5.578218846581876
5.197218424873427
5.3202867126092315
6.288104838458821
5.55738162365742
4.833622320787981
5.143710888689384
4.750474447617307
4.848839900223538
5.6025005772244185
4.3070178180933
4.939216382801533
5.122959077358246
5.2321460149250925
5.341909088427201
5.3211028759833425
4.787365598836914
6.052414773032069
5.125452835811302
5.188013440463692
5.346833358053118
4.792974009877071
4.693594821030274
4.7070017324294895
5.31802787585184
5.010538432747126
5.6174917875323445
4.85980368219316
5.162440954474732
5.43718448234722
5.445624668383971
5.163582349428907
4.652557464782149
5.286925302585587
4.69690202944912
5.415076884208247
4.902926703682169
5.720595806371421
5.615870823152363
5.097990125417709
5.830176251940429
5.716596516780555
5.520174799254164
5.0445730404462665
5.870419581886381
5.4269805466756225
6.493947979994118
6.414236318087205
5.531926131341606
5.04427464469336
5.804264957085252
5.923638524254784
5.692405786598101
5.272355641005561
5.007046218728647
5.775516904657707
6.348668576683849
5.510346552357078
5.423236740287393
5.267715726047754
5.6714390642009676
5.355508110951632
5.507041943492368
4.844132041558623
5.257742141606286
6.066937355091795
5.294515573652461
5.766714988276362
5.168339797994122
5.300328864715993
5.077791410963982
5.35318550048396
4.419950648210943
4.660278026945889
5.480826531769708
5.577646908350289
4.879644025117159
4.658280495670624
4.64968374138698
4.521080769365653
4.353510977234691
4.446510052541271
4.873075764859095
5.279084003064781
5.082857225090265
4.684086610563099
4.411528501776047
4.898111266549677
6.550160795915872
5.3286520631518215
5.469424965325743
5.719826139044017
5.275528030470014
4.940834138076752
5.38016978581436
5.638917639153078
5.058148855809122
4.974228464765474
4.963300711009651
4.691256992286071
5.26434363424778
5.08741676597856
4.813351830700412
4.436718838522211
4.564038037555292
4.988953367108479
4.527526017976925
5.037032997235656
4.984067729208618
4.81766194710508
5.104280309518799
5.032948391512036
4.611703304341063
4.6325638447888196
5.251043702708557
4.985054599121213
5.455538602080196
5.1225914403330535
4.987768756924197
5.6678091620560735
5.021161690587178
5.108523553120904
4.860690031433478
5.643972830148414
5.018016416812316
4.896481930161826
5.270630985731259
4.911842476809397
5.337823081063107
5.108978329459205
4.808839518111199
5.141671078745276
5.100725829368457
5.411882606334984
4.935299277771264
5.2085775984451175
5.911832096986473
5.212636782322079
5.584553103428334
4.97504890547134
4.981068531516939
4.868869733880274
5.827092284569517
5.892785968026146
6.140323315281421
5.663636265322566
5.461385132512078
5.6309438166208565
5.083453823346645
5.04952832357958
5.592243486084044
5.451048549264669
5.602332748938352
4.998736112844199
5.715020025381818
4.919304133625701
4.919842681381851
5.3027833320666105
5.626944123301655
5.352023682091385
6.044814354740083
5.358959773555398
5.760268597630784
5.389660755172372
5.698019751813263
6.179582700133324
5.308192709926516
4.845414835959673
4.948425364680588
5.614560840185732
5.087750116130337
4.72208232851699
4.758354399818927
5.109684515511617
4.2355656697181985
4.294848241377622
4.776015727780759
4.470889653312042
4.8378809886053205
4.714896995108575
4.595889132237062
4.658453270909376
5.270049332641065
4.973407124518417
4.905756087042391
5.45185019960627
4.8140069275395945
4.630958719877526
4.312056332360953
5.060983323259279
5.218654055846855
5.311868662480265
4.710462111514062
4.579151851008646
4.976603446062654
4.994032169925049
5.03744105482474
5.07573690218851
5.824567453470081
5.867472072830424
5.227170161670074
6.136507243849337
5.107496455311775
5.3504568815696985
5.742467168951407
4.897201579529792
4.829753634985536
5.4129107657354325
5.2720092865638435
5.301546599017456
4.771318637882359
4.826598474057391
5.690300857415423
5.033487203065306
5.125931846443564
5.0516908573918045
4.839715990936384
5.196249826811254
5.144397585652769
5.031234374502674
4.82591583323665
5.619329640408978
4.7898198942421
4.754931665956974
5.046556554734707
4.792031071614474
4.636108486680314
4.777680535102263
5.710790641373023
5.597097108140588
4.30789107712917
4.805902917636558
5.009575106669217
5.18523349519819
4.60593403771054
4.329470639466308
5.278472868492827
5.138704654760659
5.12119903229177
5.24836376006715
5.651285152649507
5.560226537054405
5.473268076078966
5.706457847496495
6.334954839432612
6.749018544098362
6.853325559059158
5.895286856917664
5.5371257869992405
5.0288678905926645
5.494896792108193
5.343346262350678
5.617639316711575
5.7145896658767015
5.885136616881937
4.914889675332233
5.431841681711376
5.197481360053644
5.454464981099591
5.313668949529529
5.253380024572834
4.780936695286073
5.020640030736104
5.834221666911617
5.948335576336831
5.053150124149397
4.972495650174096
4.963989778421819
4.798367727315053
4.950360409449786
5.571376908337697
5.762143235653639
4.519154176698066
3.9660726781003177
4.213347863405943
4.198943236726336
5.000953709473833
4.8161367499269545
4.076569129247218
4.802454401971772
4.983076561242342
4.625235669431277
4.024482426815666
4.029065483016893
4.906953060999513
4.371554120210931
4.210110869142227
4.314294011797756
4.990315961651504
5.979777733795345
4.911271353019401
4.371437898022123
4.718066448695026
5.119366602273658
5.166998964967206
5.682594250654802
5.368989760987461
5.709645286668092
5.733919057296589
5.705821601906791
4.9250791722442955
4.704746708041057
5.118034933926538
4.4859812068752944
4.837106575141661
5.4334298928733915
5.002547758631408
4.885067451978102
4.958915232913569
5.0218682459089905
4.880491291405633
4.949876805068925
5.371366757666692
5.935279049212113
5.061689715832472
4.247158899670467
4.86011280096136
4.841764579294249
5.29870392405428
5.148475189227611
4.503498541656882
5.569481051759794
5.241435251897201
4.983215986285359
4.744962259661406
5.262430457398295
5.497128696646541
4.808154148049653
5.485385539010167
5.283286581514403
4.950740826083347
4.730518768890761
5.196882589021698
4.974039373919368
5.485083508770913
5.060598454670981
4.720871301135048
5.06221428187564
5.48409925121814
5.188811029307544
4.977340069366619
5.814843276981264
4.702381947543472
5.533343958668411
5.239692635368556
5.274039040319622
4.912829016568139
5.225406868616119
5.6668133260682225
6.053818710613996
5.80661558592692
5.123912282986566
5.179976982763037
5.34875007183291
5.700135025661439
5.264571172418073
5.572987241437659
6.1329862002749
5.8289374525193125
5.562100284267217
4.615000012330711
4.701964919222519
5.707100793719292
4.887454146752134
5.170473593985662
4.68040129984729
4.986421017674729
5.005005136597902
5.924458465306088
5.899634395958856
6.123329910915345
5.157076908275485
5.12346661684569
5.136669697007164
4.5743432770250365
4.897462535882369
4.803064409876242
4.629869601805694
4.708660593023524
4.98467903258279
4.395264487247914
4.14486639702227
5.081143291899934
4.720040509710088
4.253513610106893
3.941549667622894
4.777900203829631
5.059942791122012
5.232963608810678
5.180799579713494
4.9484069988830015
4.446048542507924
4.949730224208906
5.012728287838399
4.703053769655526
5.290791421663016
4.9278031485155225
4.953151386464015
5.314014904666692
6.167667202185839
5.509523229440674
5.953083084430546
5.728971465257928
5.464047106914222
5.663564660353586
5.886567416135222
5.1606822474859655
5.079429919249378
4.46499399014283
4.071603025193326
4.470157072297297
4.702433785423636
4.978922460577451
5.079778109793551
4.6619326412910596
4.37044848757796
4.633541627321392
4.73487651173491
5.456576761323959
5.028165208757855
4.793588237836957
4.602546751033515
4.7107686751987785
5.274618660565466
4.665108561399393
4.947404628968798
5.1408825777471066
5.27387831825763
5.043807780602947
5.717327594524249
4.779053031816147
5.464760401984677
5.664458833634853
5.711391753517091
5.467634680680931
6.349545152392238
6.312577376142144
6.563294089399278
6.863258728990331
5.793376662535593
4.98928937013261
4.677481595077552
4.88305403245613
5.186266756383702
5.0440565585158765
5.128586617298424
5.15237972419709
5.504448735155165
5.820706999395043
4.880771055119112
5.285549633437768
5.093946659239009
4.993079215986654
5.008467908017337
5.531153630465269
5.095111506758258
4.951429159613326
5.545373752480373
5.745750034460798
5.517916313838214
6.511202021036297
5.581037843134254
5.859515252290294
5.210389621090144
5.159286845475435
5.262425690656528
4.50002713908907
4.575132222380489
4.968269710894674
5.126233510207385
4.445083364844322
5.164387255907059
5.3527232254855335
4.2147936024703085
3.979558950755745
4.525200177333318
4.296929815667681
4.879937748773955
4.485052977921441
4.38622774684336
4.637096476973966
4.603918012813665
4.633542491239496
4.698365023825318
4.650859848130494
4.911485613789409
4.7336459391517565
4.4666956710862
4.520797322504222
5.356991316657513
5.180070585338399
5.386647128965706
5.9578058193437755
6.346860222518444
5.793773459503427
5.186095827026293
4.836398124461994
4.9815417437348515
4.841366202803329
4.425671534612775
4.245563122094609
4.678825368522666
4.846972242696211
4.419016528991051
4.54316988424398
4.458046913612634
4.284768428886309
6.268982556881383
5.464389622211456
5.290563977090642
4.2750391537556425
4.626441605971195
4.728918844601139
4.60164463869296
5.433718069456518
4.65108799689915
5.147075311746448
4.76478412153665
5.496197251137346
6.164946598932147
5.705679332604632
5.0877516532782465
5.125780704664066
5.446512003429234
4.91549787344411
4.68643903080374
5.017506050644442
5.3177742682164535
4.883712228387594
5.423768449109048
4.758218855364248
5.339560771593824
5.766377356601879
5.099565033335239
4.847835031221621
5.115513822529465
5.551207499578595
4.81743417493999
4.396350500523113
5.179606307530776
5.358649985166267
6.3508287579752505
5.729856883874163
5.034555971855298
5.289455829421058
5.218050351599231
5.12402846745681
5.1534111144719645
5.087231810903177
5.797959779156372
5.055789039935917
4.883524360018782
5.224214188056067
5.048223390011117
4.8093248072545975
5.231231599114835
5.135140318889171
4.719589924556203
4.978727439884096
4.848046691739
4.847117503173649
5.6168364740442485
5.564484124304727
5.744680312694982
6.456521987915039
6.1505529310088605
5.532643696758896
4.826947052497417
5.653261655475944
5.082775317598134
4.573859574040398
4.876442331820726
4.571940896799788
4.386198213673197
4.443322924314998
4.121327451895922
4.17560873052571
3.8414854989387095
3.9390671657165512
4.404994617565535
4.146144211641513
4.670561607345007
4.98308611556422
4.7890433901920915
4.519921961124055
4.768037871574052
4.064994305372238
4.771271615754813
4.2885286619421095
4.347179943928495
4.198331112042069
4.236990378820337
4.3875502542359754
4.671210924745537
4.679388914373703
5.255391414044425
4.98530156922061
5.701361866435036
4.799621622078121
5.191503294510767
4.346978774643503
4.431669261772186
4.586868981830776
4.358345901127905
4.909368718392216
4.164273530477658
4.9005500241182745
4.874734873767011
4.859969488228671
5.6440049624070525
5.082464186474681
4.409188978257589
4.479099211283028
4.405247629270889
4.620552971493453
4.6380905421683565
4.843328634975478
4.857527169864625
5.704809096409008
5.3001475791679695
5.0069563935976475
4.945283306064084
4.864680831087753
4.579100774950348
4.721413286868483
4.413302889443003
5.61063226335682
5.385698563419282
5.214761051815003
4.994381831027567
5.655061000143178
5.914880618220195
5.525410902919248
4.6803397121839225
4.366430138121359
4.862556774634868
4.931709040887654
4.998371480382048
5.225475160172209
4.56142469344195
4.6723570342874154
4.707036056672223
4.7277316028485075
4.654403359279968
5.211552216205746
4.9699274632148445
5.675597393419594
5.225908647291362
5.0851189906243235
5.011845545610413
5.700727506075054
4.746900072437711
4.610246351105161
4.521762724383734
5.006320051266812
5.601725775981322
5.5163107784464955
5.125079293502495
4.810357455164194
4.6966171086532995
4.551840339787304
4.7956034718081355
5.38369972887449
4.9146263943985105
5.021672458620742
4.980908250669017
5.083843495696783
6.24302428169176
5.46563443983905
5.9451312988530844
6.284478769171983
6.200412526261061
5.229854475008324
4.054822729434818
3.9474198610987514
4.405118785449304
3.5996224391274154
4.93174079968594
4.649989588535391
4.818707095924765
4.125356448465027
5.296834468725137
4.944470316637307
4.634418561006896
4.0123509500408545
3.566286757821217
4.658091706223786
5.160944770555943
4.830687452107668
4.489950980641879
4.9171843368094414
4.115637901239097
5.174405669327825
4.97072949889116
5.529337884741835
5.511403598356992
4.427078145090491
5.061245415476151
4.57719463785179
4.249159407336265
4.390116372029297
4.368981686653569
4.127551838988438
4.522166904294863
4.902836720691994
4.095865351613611
4.658683041459881
4.575145935406908
4.907023016246967
4.603263242403045
4.987481522955932
4.474941603373736
4.286014542798512
4.853505043894984
4.443830185686238
5.146284635644406
4.787747674505226
4.515799174900167
4.845284307724796
4.966679480741732
6.113337378716096
5.098865298205055
5.148980101104826
5.226901436690241
5.564510230906308
4.581436664215289
5.792182904202491
5.122914819628932
5.580684615997598
4.997833690489642
4.925777563010342
4.942358002415858
5.455520797753707
4.809509480954148
5.076891212491319
5.15997802792117
4.556232606293634
5.004199241637252
5.376934067811817
5.730026282602921
5.405175871332176
4.89020901825279
4.774301304947585
5.258342432323843
4.977576924487948
5.209842460229993
5.831101219635457
5.075839914265089
4.824739521369338
5.5204396962653846
5.248126822407357
5.157107475330122
5.454972065752372
5.685453922254965
4.557515736785717
4.558055342058651
4.49336465774104
4.574892402626574
5.227059261407703
5.270530104404315
5.000438053160906
4.689207805902697
4.382809476344846
4.932688069762662
5.367406436242163
5.34559616772458
5.139628589618951
4.469915542053059
4.432007616502233
5.144576778635383
5.506106354063377
5.174057028722018
3.7849591459380463
4.481878235121258
4.514370713382959
4.577017883071676
3.8817360686371103
4.172043136088178
4.387500848388299
3.9737559525528923
3.971666661906056
4.342777474434115
4.2251599070150405
4.326593413366936
4.812250269460492
4.6822269222466275
3.9870725226355717
3.936380014172755
4.164715029299259
4.720803659409285
5.087547018425539
4.325360865215771
4.971410532714799
5.486893832916394
4.718503735028207
3.758877029758878
4.7411037957062945
4.700550169334747
4.8647793646669015
5.114398464211263
5.631558138062246
5.528420033399016
5.083623730461113
4.226451230817474
4.669876895030029
4.153607565443963
4.784506511408836
4.425443201558664
3.9136940229218453
4.643788217334077
4.719415077124722
4.366904112976044
4.4647373899351805
4.955112395691685
4.523615638143383
4.350921775680035
4.873522568610497
5.723277342272922
5.421387243783101
4.337497360771522
4.52553597476799
4.83918311924208
4.445743407122791
4.465711379889399
4.5943482459988445
5.654181679477915
4.689715665881522
4.839448033715598
4.988758458290249
4.308855461655185
4.7087588988943025
4.705036557279527
5.876844129292294
5.266548563609831
5.646057562669739
4.806854789261706
4.836371994228102
4.638087683473714
4.756505232537165
4.2688147376757115
4.590761887608096
4.543059559422545
4.345672426861711
4.519819715525955
5.039069583173841
5.638522730441764
5.274590199813247
6.5448439319152385
6.040191777981818
5.653186819399707
5.252366204513237
4.979598952806555
4.427585797617212
4.880425924318843
4.797630002372898
4.702143703121692
5.035473700845614
5.05301580671221
4.718741756398231
4.681905428762548
5.897427250631154
5.389597590314224
4.813810162246227
4.586265231366269
4.3065287177450955
4.898093368858099
4.994754753308371
4.994611912989058
4.909541897010058
4.779239472118206
4.759168822434731
4.339809067430906
3.7605665053706616
4.5998807415599
3.979848325601779
3.703302740585059
3.966891282238066
4.045784238958731
4.7362860082648695
4.145960391731933
4.020686182659119
4.001289224950597
4.339755823370069
4.404132082592696
5.044429010828026
4.508212189306505
4.665997550589964
4.3659811115358025
3.5563407868612558
3.935757110710256
4.281622961163521
4.083514203783125
4.77860372827854
4.909325047046877
4.787262181867845
3.928902149084024
4.042538841953501
4.40077517577447
5.573820844991133
5.120811892556958
4.814389610197395
5.128188227536157
5.06785034108907
4.203060467378236
4.2065635424805805
4.438957009231672
3.7405373249202967
4.179153397097252
4.30080764030572
4.5827868464402854
4.784458013717085
5.3215101272799075
5.060746131348424
4.576218696078286
4.5222727440996096
4.484135646838695
4.07663543173112
4.039743544533849
3.9221367257414386
4.544375692377798
4.280550726922229
4.372421632986516
4.560121137998067
3.962559193256311
4.838834247668274
4.757180599030107
4.205240326933563
4.485432905261405
4.439681111602113
4.758760336670093
5.001267720712349
4.427710905205458
3.89398956426885
4.48680683108978
5.096637100097723
4.48083383962512
4.184676806908101
4.126605812576599
4.600359895848669
4.477967540035024
5.742992322193459
4.481283382861875
4.758965604822151
4.293386130128056
4.434417636599392
4.505393316037953
5.2450761863728985
4.942304716445506
4.91236574947834
5.67775870335754
5.2034760194364935
4.8078497524838895
4.146928645786829
4.280159018933773
4.527349230949767
4.6450794046977535
4.821670394623652
4.146911772782914
4.405686300597154
5.144821943249553
4.5165368935558945
5.681904109893367
5.664407526375726
5.7257999090943485
5.075202902313322
5.232688453514129
5.530493655707687
5.434967815876007
5.442609836696647
5.92993258475326
4.607131428900175
4.555155938258395
3.945018804864958
3.842060651979409
4.220850276527926
4.031930992263369
4.003075093962252
4.226228377199732
3.9244733531959355
4.457219669478945
4.826207032194361
3.8955524172633886
3.187587827327661
4.015999051160179
3.7118353280238807
4.173949660267681
3.9912203014828265
3.4415926634101197
3.6919554240303114
3.967564267804846
4.243011693004519
5.065085616661236
4.146646562963724
4.796423311112449
4.317802275647409
4.176330941380002
4.422120585804805
6.0696770045906305
5.114798797410913
5.232520180987194
6.866898170439526
5.626146096969023
5.0237164872232825
4.745586348930374
3.782837938866578
4.409404677571729
4.62176438968163
3.5434120567515492
4.295366452308372
4.296507507911883
3.982216175412759
5.290877140359953
4.752178519964218
4.9456993049243465
4.3165456058923155
4.396417551673949
3.6256838992703706
4.693585984641686
4.887775149312802
4.377080647274852
4.74323557887692
4.295012282091193
5.596477963263169
4.052017450449057
4.3037257549585775
4.04917803092394
4.182646700879559
4.379429229302332
4.612993840011768
4.5411717150127515
5.394971385714598
5.743174576200545
4.9429137610131875
4.240360727766529
4.941468738717958
3.9232529925648123
4.621658562100492
5.046686242334545
4.751409469405189
4.577109112171456
4.235725246719085
4.470335534657352
4.087308645015582
5.27507338358555
5.459275239962153
5.978897131048143
4.689936317619868
4.4874233461450785
4.2479228063020855
4.601489724125713
5.303362394915894
4.349881550297141
4.179122127592564
4.710857007536106
5.13578644185327
4.348104331293143
4.8539442520122975
4.434490149258636
4.282896458753385
3.5150091846007854
5.532763502560556
5.379277758067474
4.5824299230007455
5.069619331276044
4.789938009693287
3.9853241450618953
4.333226983551867
3.8955793203786016
4.844830529415049
4.213314324966632
4.369220011518337
4.67640883824788
4.104080025921576
3.7294236915186048
3.4734546300023794
3.668180227978155
3.8208319498226047
4.402193430578336
3.7790676141157746
3.865986356860958
4.1154724538791925
3.7184885032474995
3.538591720163822
3.7458114601904526
3.578064944129437
3.8197938957018778
3.8005287959240377
3.4687534181866795
3.4309506095014513
3.684731117915362
4.154822160024196
4.079069335246459
4.622268627514131
5.338822865625843
4.498297095764428
4.345910838688724
4.356375597883016
6.803154088091105
5.060602276120335
4.757594593800604
4.405381005490199
4.154724013991654
4.898560486268252
5.105561239179224
4.483655556803569
4.093594690435566
4.797616093419492
5.630468651652336
4.87787154992111
4.631159810931422
4.6835096928989515
3.843579799635336
3.8978507906431332
4.626238692202605
4.3051039326237515
3.951939819729887
4.362480135052465
4.748495552223176
4.240175860119052
4.850501501234248
4.705806030076928
4.853331623133272
4.451218237983994
4.639399255160242
3.8650319199077785
3.793354236520827
3.9774484739173204
4.480519585660659
4.348857075441629
4.783908781129867
4.356870372197591
4.592028648359701
4.607958436827175
4.359532244619913
5.52660875080619
6.364119139732793
5.846810647170059
5.518248798092827
5.54613698401954
5.755812130402774
5.156062740716152
5.993442561011761
4.645145136630163
4.371071046567522
4.16171958076302
4.088702463195659
4.3303850227966905
3.976338818552904
3.982653788640164
3.941717584966682
4.751097149215639
4.262866273405962
4.245091866352595
4.143521072808653
4.275506774079986
4.30850829964038
4.717251116875559
4.745300161186606
4.623403497971594
4.657946021994576
4.720764916855842
5.021442394005135
4.176836763275787
5.27601345803123
3.9541648901067674
3.9153429473517463
4.710994951543398
4.162884731660597
4.385266132536344
4.183266743319109
4.445240844390355
4.7263184756739065
3.8187832984840497
3.787788057466969
3.8366376945050433
3.9427825041348115
4.576297192368656
4.358892822056077
4.468842827365734
3.91075188445393
4.033771867514588
4.5285233742324635
3.3171351443743333
4.28131327254232
3.7345106151187792
3.4364372389391065
3.645399209926836
3.6613597662653774
5.218218136345968
4.5821964762872085
4.292104268213734
4.368579644127749
4.077683908864856
4.067820453434251
4.282433002488688
4.46062299166806
4.257074348977767
4.832071330398321
6.067024384159595
4.731873094569892
4.88773316226434
4.370741766644642
4.271990479552187
3.9230369994184002
4.957640765700489
5.350989988539368
4.213684096350335
3.94932476663962
4.5871359325246885
3.9908508871449158
4.317824348574504
3.773852546233684
4.272157349041663
4.731941241072491
4.969501773011871
5.907190982019529
4.629727819235995
7.165572167141363
5.932400826364756
5.23082495178096
5.000329945934936
4.936857576947659
4.736820224090479
3.460579429520294
3.8708517921622843
4.18253908935003
4.69294814276509
4.075777627760544
3.4817749506328255
4.55731713748537
4.217673654202372
4.076971614500508
4.064239874947816
4.042291032732464
3.7336726398207247
4.0642631786176935
4.590720910113305
4.2519274490186945
4.836288470542058
4.862323588691652
5.104852067423053
4.469022259581834
4.462259410298429
4.391250025830232
5.1686580122914165
5.303584722569212
4.874961786903441
4.689805486239493
5.241005063056946
4.95311476464849
5.258037757012062
4.710511450306512
4.214274265454151
4.970706094522029
4.437803237233311
4.323331185267307
4.9481467072619125
5.038578405044973
4.7488625718979165
4.0538180557778105
4.106833521160297
3.603143202373758
4.265110357431695
4.510884910007007
3.901214938843623
3.8192288029240444
4.502652212046087
4.333661760902032
5.065549272461794
4.6536635883385316
4.7319443637970835
5.019237166387029
4.355193387717009
5.2242805156856775
4.449225917109288
3.863372865249403
5.635729396017268
4.048255207599141
3.815011821570806
3.6210881676524878
3.775271721649915
3.71922243013978
4.117266418994404
3.2957503382349387
3.9772799842758104
5.024965326418169
4.822207058547065
3.635144527652301
3.3174125235527754
3.4542548987083137
4.172806592192501
3.896459483890794
3.99435254978016
3.3385326181305572
3.6486043471377343
3.7233497591223568
3.8319862600183114
3.7989156991243362
3.7064590987283736
3.8044175433460623
4.10407747712452
3.876621551113203
3.256644131615758
3.8629252879181877
4.753929438651539
4.838216513860971
4.566216673469171
5.0768499507103115
4.917155313538387
5.009678171132691
6.2407760948408395
5.02923737524543
4.6731515971478075
4.422746131313033
4.453279502922669
4.202965964796022
4.321155708748847
4.237746418220922
3.6238478280138224
4.264306754805148
4.074788109166548
3.9643823752412573
4.591532214777544
4.857893747743219
3.8572720502270386
5.132862825295888
4.176564462366514
3.7901297712232918
3.3423675526864827
4.069242074736394
3.1997397587401792
3.8459653868339956
4.436187975807115
4.647100117523223
4.5542003808077425
4.169721003854647
3.933699908782728
3.8015147077385336
4.941253984463401
6.211525904014707
4.85179334890563
4.28716982039623
4.767658072290942
4.934896258637309
5.663209553924389
4.694130494259298
4.602254369063303
5.697514784988016
4.447549793869257
4.223357368144207
4.0175884327618405
3.911358449724503
3.9994017084827647
5.828511881176382
5.091210222104564
4.675127891940065
4.4610391040332615
4.64174111711327
4.292233171057887
4.056674668448977
4.307016851729713
3.9473181996727362
4.383792604203336
4.678757246467285
4.861665603239089
4.739699999219738
4.725241967942566
4.768884852062911
4.383058671141043
4.974665511166677
5.360239590052515
4.8443574390839785
3.4287745649926364
3.3927170840324834
3.785687545314431
3.038727730163373
3.335923723061569
3.655503409449011
3.443538798717782
4.013058700365946
5.021916524274275
3.640642147511244
4.474706627079286
4.310163116664626
3.8270176239311695
3.671376596787013
3.9163850754266605
3.6745099178515375
3.517577340011485
3.470563874114305
3.7910831007175148
5.199249085737392
3.8923567126039416
3.9316634265705943
4.0655715765897185
3.5804751713294536
3.935928148799576
3.994812856428325
4.561055499361828
4.589822900947183
3.751990970573388
3.477306165266782
4.027141665457748
3.5060722450725734
4.003834271454252
3.882526361499913
4.230966381379403
5.7893738590646535
4.310754243168049
3.933191489079036
4.039318975294009
3.9163579461164773
4.075057597830892
5.312554546631873
3.558894560788758
3.5943073872476816
4.115507916198112
3.83747893339023
4.837083732825704
3.8563356153899804
3.6166320083430037
3.87201645411551
4.284015964367427
3.865590261062607
3.5297744628041983
5.201308005489409
3.741082739434205
3.8689960092306137
3.7208631760440767
4.414782257634215
3.7895215692697093
4.024063300224952
5.340343288029544
5.208526168717071
4.040751582127996
4.016309444094077
4.586577292531729
4.094569050124846
4.326147121144459
3.727561879553832
4.195664447033778
4.260568016441539
3.7729107149643824
4.641597297275439
4.934704197337851
3.9304281278746203
6.375323984306306
4.917238949681632
4.233442359836772
4.153018084238283
4.207099300343543
3.828904783469625
3.9323338579852134
4.714164520148188
4.59944040433038
4.624151163850911
4.679107760428451
4.43457572767511
4.298425672343001
4.142079364974052
4.54983863781672
3.962316052056849
3.3494617176475003
4.313500337884761
5.431436998886056
4.975617747986689
4.457078068284318
3.7786327737849206
4.513796357554384
5.375818335567601
5.588233825750649
4.6315096446778625
5.238569399341941
5.066361679928377
4.769464539829642
4.039376827306114
3.927417862578295
3.858291646465659
4.126146449591033
3.343962825485505
4.279581987531856
3.56422984728124
3.46063111606054
3.0765831312164664
3.438090081210248
4.28712223446928
3.4752400659490377
4.718965208507143
5.0278618114534765
4.66693678079173
4.670508050126955
4.14355481241364
4.318879314581864
4.461694533820264
4.02599897433538
3.7732938622357324
3.3565329818520695
3.9858318772166967
4.755709506687708
4.449381310027093
4.630386308534071
3.6728957255836576
3.7855478334240615
3.337520256638527
3.922569787246175
3.415154859307222
4.168701646034606
3.961968984687701
4.605601367773488
4.052626847755164
3.6438909185817465
4.1617648873943835
3.632579603465274
4.280403732671402
3.3292454158654436
3.447109019267373
3.6696418416686356
3.576604451285675
3.856455747038126
4.5966287716291845
3.751111144782044
3.7022370651829988
3.8067267136648297
3.863897765171714
4.166458785999566
4.741253216052428
4.3724324440117925
4.848031005472876
5.072706604376435
4.442140303901397
3.9816315786447376
3.7874701766995713
3.6962657931726426
4.988811160903424
4.044990551657975
4.300308866193518
4.095571253215894
4.658109961776063
4.379838034627028
4.37185931915883
4.517012199619785
3.9110492013860494
3.935271330992691
4.606705473386683
4.046469637774862
3.989876717561856
4.159151554922573
5.812592237722129
4.974978689104319
5.712135532870889
5.268849133513868
4.531782599398866
4.188798924908042
4.5781037013512105
4.673754328396171
4.538476093206555
3.2178381799021736
4.582284854259342
4.210311522823758
3.4713573325425386
5.533650640631095
5.0033900934504345
3.8659297499107197
4.15412700548768
3.78296436520759
3.791695879539475
4.443952318746597
5.386230746051297
4.8507444561691955
4.545900939614512
4.557811139267869
4.21039780206047
4.129542369861156
3.7630198274273425
3.7243700296385214
3.8512265604222193
4.265856871381402
4.238784577115439
3.5776273185620084
2.878598826704547
4.220898778759874
3.818418016890064
3.4545718723675236
4.090275653055869
3.450590876629576
3.9048569485312328
3.4900163027923554
3.7140894213225693
3.906428594258614
3.1746987032238394
4.38903398020193
3.8830659833038226
3.7932218249188736
3.5976173306116834
3.9015310528920963
4.168777991551906
3.4437042532954365
3.7425674431724474
3.1310798403574154
3.5323375803418458
3.758760317461565
3.6799325032625347
3.1943843502085656
3.4028427535668015
4.129273239872418
4.156698978855275
3.7364693437702954
3.9686477824579924
3.760145515203476
4.099885271163657
4.9409627362620085
4.179402278503403
3.4467141698114574
3.510004315059632
3.3475401509786025
3.052788855973631
3.320154749788344
3.865708013647236
4.473120171576738
3.8027378268307075
4.011024018283933
4.05226674338337
3.623455249820836
3.6401711993385106
4.435993734165095
4.867402108735405
4.028088584309444
3.698912176885642
3.64311607030686
3.6556617533788085
4.027474218630232
4.125285714515485
3.7302125989226624
4.677428133785725
4.346195240155794
3.973521431093104
3.6725740956608206
3.696816659416072
4.347199451760389
3.6347102391300723
3.4877820055698976
3.2567998797167093
4.356336254742928
4.600252203876153
3.6637805748032406
4.138409785926342
3.9634741713525727
4.31961635267362
3.7101943712914363
4.241008649929427
4.734055207809433
4.536554353078827
4.929177537444048
3.9925905191339552
3.8018718421226367
4.1753680212423205
3.8613789377268404
4.103541633230634
3.65248156466987
4.393345096963458
4.1544691973831505
4.679292102344334
4.155981739750132
3.5819728911155835
4.245321674738079
3.8038484988501295
3.381684359861538
4.0282330008922145
4.221872877795249
4.434235213557258
4.852973407600075
4.5330130946822464
