1.8774591162800789
2.692622385919094
5.7173976600170135
4.62912355363369
2.467368319630623
24.33189183473587
11.688371121883392
25.97182160615921
26.809337437152863
17.599371910095215
26.75747060775757
26.422824323177338
25.713961958885193
24.935479283332825
26.75783497095108
24.980223834514618
18.603251695632935
26.37128609418869
27.258983612060547
26.058256804943085
25.93325710296631
21.137237906455994
25.775423169136047
25.994272112846375
26.63368707895279
26.25250220298767
22.925705313682556
25.508352279663086
25.452984631061554
24.648179411888123
22.342964708805084
18.24109673500061
26.410244464874268
25.630327820777893
25.536805987358093
26.099811255931854
26.826666593551636
23.71685403585434
24.371432900428772
24.630627512931824
26.4523566365242
16.914637863636017
20.143321633338928
26.25309109687805
25.46330428123474
20.378292500972748
23.325822591781616
18.19661819934845
27.005945563316345
25.261803805828094
20.993900537490845
26.67535012960434
26.0854669213295
26.07908058166504
18.664994299411774
25.078693747520447
25.908354103565216
26.188023030757904
14.486700296401978
25.66664606332779
25.76871693134308
15.922294199466705
25.88322651386261
20.770309805870056
21.606220245361328
25.816025972366333
25.663861751556396
25.539214372634888
18.13858526945114
26.92340463399887
25.405961453914642
26.408055901527405
25.87840908765793
25.755858898162842
25.89517605304718
22.52163189649582
25.72445374727249
27.45129942893982
25.91964101791382
26.047863721847534
26.36184138059616
25.302103757858276
21.97751134634018
24.807000398635864
21.07878577709198
17.896815836429596
19.179860413074493
25.299118757247925
19.510369300842285
23.68008863925934
22.112967610359192
26.978730499744415
25.883053302764893
23.925851345062256
23.82481300830841
20.994937300682068
23.789961099624634
15.577007710933685
25.636372566223145
25.923989057540894
22.78386014699936
25.814349830150604
25.81940370798111
25.706450283527374
25.27394449710846
26.193066716194153
25.882438600063324
26.26370334625244
26.799275636672974
26.89026814699173
26.917179822921753
24.966719567775726
25.350095450878143
23.919079303741455
24.38212764263153
26.025172233581543
25.08103311061859
25.67347365617752
25.768969774246216
25.774893045425415
25.239904642105103
15.56289392709732
24.949104070663452
25.979432582855225
25.411379277706146
25.786530911922455
25.346423268318176
25.75858384370804
25.819441735744476
18.938532829284668
17.75692528486252
17.230861127376556
17.745693564414978
24.1572847366333
15.88728153705597
21.592208743095398
24.278587222099304
14.8030406832695
23.373211681842804
14.389820277690887
15.597167670726776
12.529094010591507
26.032673358917236
15.576619625091553
16.266778230667114
20.17489778995514
23.563147246837616
15.656992077827454
15.066126763820648
18.323220670223236
23.870786249637604
25.87920445203781
26.24973702430725
18.765231549739838
25.970636546611786
26.923023283481598
25.46901500225067
25.9553884267807
25.08034837245941
25.91873389482498
26.47802245616913
26.029243648052216
26.210524559020996
26.557254374027252
27.004077970981598
26.747835516929626
19.809045791625977
25.914079308509827
10.166520029306412
26.904667496681213
11.317702114582062
26.49660950899124
27.47862684726715
26.93516480922699
25.804407954216003
26.794633626937866
25.056804418563843
25.54343330860138
25.30566692352295
24.946091055870056
24.996948778629303
24.83555257320404
24.884341299533844
26.510998845100403
24.90216463804245
25.902208387851715
26.09558415412903
25.821297466754913
24.109583735466003
25.22114646434784
26.359208643436432
26.053809106349945
26.160205483436584
24.479950070381165
25.667148292064667
25.292550206184387
25.26767188310623
25.66141974925995
21.787574887275696
24.3990261554718
24.87028330564499
25.250227987766266
25.361358165740967
26.039171278476715
25.060765087604523
25.340909719467163
25.052180290222168
15.640694677829742
26.652825832366943
26.281372785568237
25.06035351753235
23.567349076271057
23.417476415634155
23.897297620773315
22.8473961353302
23.131027936935425
22.402198493480682
26.015010356903076
26.500329196453094
25.61047601699829
25.550189971923828
25.757173538208008
25.52456134557724
26.06903386116028
26.602847933769226
26.917571008205414
26.403534710407257
25.93839406967163
25.607603549957275
24.64448243379593
26.434382677078247
25.77121877670288
24.433799505233765
24.78056138753891
17.27747333049774
17.86911416053772
17.975038707256317
20.90469181537628
14.160151958465576
18.617357552051544
14.570744454860687
24.840412378311157
24.01409524679184
23.439807176589966
24.24567574262619
14.6304492354393
25.06207126379013
13.918712794780731
24.954512178897858
24.565719485282898
24.67175132036209
24.39482182264328
13.17315337061882
23.9857919216156
24.580641984939575
16.10307490825653
18.551402986049652
16.606228053569794
16.811889469623566
11.32515263557434
26.443364083766937
13.67792722582817
24.925106048583984
19.20100438594818
15.24565875530243
26.035304605960846
24.419717252254486
14.337822020053864
17.444771945476532
17.989501416683197
15.386927247047424
20.494194984436035
15.915361106395721
23.85555899143219
17.87942409515381
21.729498863220215
14.358637809753418
20.791017770767212
15.024815082550049
17.897586047649384
13.150760650634766
23.567408323287964
18.242753207683563
23.172587871551514
21.450945794582367
17.98445826768875
20.693987488746643
15.765899002552032
14.283363938331604
10.013886094093323
12.109023481607437
8.658850312232971
25.191412448883057
11.222073286771774
25.816284716129303
21.155499637126923
24.442070424556732
14.399846076965332
20.86085045337677
12.643488973379135
8.343137502670288
24.322251200675964
13.746735036373138
24.67181694507599
24.286436200141907
24.86409491300583
23.7125643491745
22.993444442749023
22.66806787252426
23.603586077690125
23.400460183620453
15.24811738729477
10.810753971338272
13.467114865779877
10.578758955001831
26.10061091184616
14.0390944480896
25.83090704679489
16.915541172027588
25.36253732442856
14.92525339126587
10.55204039812088
8.899648159742355
20.181318402290344
14.419075340032578
17.244835197925568
9.607428401708603
11.8071848154068
11.78859257698059
16.76512449979782
12.062027990818024
18.173539638519287
15.273419380187988
17.156056344509125
12.724245846271515
19.299760043621063
9.763697028160095
22.691631495952606
11.069054514169693
25.360219657421112
22.625875294208527
23.752946197986603
19.79673683643341
23.991943418979645
12.495066732168198
22.99630904197693
23.416844606399536
22.023206651210785
22.81653481721878
20.343670070171356
23.22077250480652
19.577630698680878
25.376311540603638
13.09218692779541
24.80947256088257
24.5993412733078
19.066740036010742
22.537450671195984
13.869721829891205
24.451950311660767
15.294108211994171
25.487876534461975
26.203210651874542
25.862508237361908
15.707504153251648
26.36879950761795
14.217052161693573
12.145204722881317
25.13315910100937
11.300170809030533
26.788112699985504
25.602951109409332
25.809536516666412
18.952933609485626
14.928671300411224
26.154485762119293
25.223452746868134
23.078518748283386
24.724801182746887
16.15184885263443
24.93011248111725
25.794294953346252
19.784799218177795
15.72346019744873
25.95576637983322
23.201898217201233
17.907697916030884
12.031679391860962
26.69874495267868
22.79513317346573
16.446276247501373
24.661161959171295
16.384425163269043
25.862536072731018
19.002057373523712
13.775879800319672
24.68942439556122
23.03905552625656
10.639545738697052
26.049254059791565
25.3409281373024
26.110206127166748
25.356267035007477
26.72590810060501
25.275585651397705
25.979896008968353
25.405943512916565
24.6819207072258
24.70345765352249
25.105816066265106
25.878941237926483
24.960380852222443
23.599682092666626
25.083137214183807
24.612108886241913
24.436794877052307
24.557761013507843
25.48048371076584
22.994185090065002
25.183884739875793
16.231040716171265
26.280359745025635
18.01450538635254
24.893749952316284
26.31768649816513
26.196901679039
25.963904321193695
22.944473683834076
25.087647020816803
25.11115473508835
25.729655861854553
25.680967271327972
25.148528337478638
26.364457368850708
26.213811218738556
25.83671486377716
23.612344086170197
25.26572549343109
26.21529310941696
20.55782288312912
25.401337683200836
26.663119971752167
25.66563731431961
25.2467600107193
17.329846680164337
11.952102333307266
15.307044684886932
15.05450165271759
18.422079920768738
17.924426436424255
14.820794224739075
21.12397050857544
16.975502371788025
15.353444457054138
22.702486038208008
20.13299137353897
21.761875987052917
17.653252959251404
14.836208403110504
17.317762196063995
18.219465494155884
21.02273792028427
23.2993625998497
14.870575606822968
25.954861402511597
14.376798510551453
24.947941482067108
25.86406660079956
20.16124188899994
24.837124466896057
19.75328367948532
25.176229178905487
26.50067913532257
25.791539192199707
26.068434476852417
25.333848536014557
25.155654788017273
26.675534427165985
25.109616458415985
25.84054845571518
13.94284301996231
24.879578471183777
26.49051994085312
25.93056422472
25.772522151470184
26.243051946163177
25.51748478412628
25.901809751987457
25.247115552425385
25.953741014003754
25.94111955165863
26.099796950817108
26.2691051363945
21.60601133108139
14.217554926872253
22.197505116462708
18.097832024097443
21.510141015052795
15.619339942932129
14.635453939437866
11.909371167421341
11.009073346853256
22.55782151222229
11.772844821214676
21.09532856941223
14.073586463928223
10.906577825546265
19.017551064491272
17.938854098320007
20.485182225704193
18.760493993759155
21.222331821918488
18.35961538553238
25.62699592113495
22.191480576992035
11.890343248844147
26.273527681827545
26.023148119449615
25.568216145038605
21.208823442459106
24.4428750872612
26.12449163198471
25.703546941280365
25.291369080543518
25.798499286174774
24.243063926696777
25.133243322372437
25.872238278388977
25.065908789634705
14.718213438987732
26.068919360637665
25.07446587085724
10.41911232471466
25.12341207265854
15.476408243179321
25.349081099033356
25.494023203849792
24.66088557243347
25.02765864133835
25.437876999378204
24.912355303764343
25.221985936164856
17.42807364463806
25.241260170936584
25.870340585708618
26.725430846214294
26.499359846115112
26.39677083492279
25.650828897953033
25.812619388103485
26.148229837417603
19.47525382041931
16.061017394065857
24.098794400691986
21.447189033031464
21.351061820983887
21.039997816085815
21.814231872558594
22.43704777956009
19.564780294895172
20.233681082725525
20.49595057964325
20.73078864812851
20.888750731945038
19.46230709552765
10.361879348754883
24.16003680229187
23.30567044019699
13.838694214820862
23.82317405939102
22.821635723114014
22.381596088409424
20.712674736976624
25.252448439598083
24.996947467327118
16.582609832286835
25.342466056346893
25.712516844272614
25.959894359111786
25.927772104740143
18.960219740867615
12.38406628370285
25.35516256093979
18.818656980991364
17.449296057224274
14.816825568675995
25.676678359508514
17.83659142255783
21.44584834575653
14.895810067653656
25.126719117164612
18.068103313446045
21.391403138637543
15.783676743507385
22.14636653661728
17.033272624015808
20.943113386631012
16.909555971622467
25.382814645767212
21.741016268730164
19.599327504634857
19.305728673934937
19.808013379573822
18.469224214553833
15.00677353143692
20.988009214401245
19.10605698823929
12.724710047245026
23.561285853385925
12.932827144861221
24.147521495819092
15.689763307571411
24.61663681268692
23.89169269800186
23.764979660511017
24.398134171962738
24.44259250164032
11.186998754739761
25.361120641231537
25.742049753665924
23.336279571056366
12.750203043222427
23.10138112306595
14.595728278160095
25.396198213100433
13.921819865703583
14.18856281042099
15.453797399997711
11.642004519701004
19.962512731552124
17.078324377536774
16.928843080997467
14.316375374794006
18.711704075336456
14.684958398342133
16.46320515871048
15.353258311748505
9.293349713087082
22.871911823749542
10.813160091638565
7.834508091211319
19.07253623008728
10.53494417667389
17.88453507423401
11.986905336380005
9.400649905204773
5.753323554992676
23.398961782455444
18.011673152446747
16.065888106822968
8.083766728639603
24.257048308849335
16.946855187416077
18.01283371448517
25.70989066362381
17.767899692058563
15.770634591579437
22.657359421253204
17.99104678630829
16.450971603393555
24.847008526325226
19.9553399682045
18.789683043956757
17.709950804710388
22.886810839176178
19.308996558189392
16.717642903327942
15.885062158107758
18.493808031082153
24.99464303255081
20.31835514307022
16.571106374263763
13.059305220842361
10.506560325622559
21.7119060754776
16.285976827144623
18.561733722686768
15.501324236392975
9.270869702100754
16.616123914718628
12.273204684257507
19.75799733400345
15.991859197616577
8.911248415708542
22.201947271823883
16.739185631275177
19.077592253684998
8.969446361064911
21.91787737607956
20.323010206222534
17.591956079006195
22.004725754261017
17.73713254928589
18.52509903907776
22.036270320415497
19.241307497024536
20.984772562980652
17.50893473625183
21.000482380390167
18.07200562953949
22.607288658618927
17.57046526670456
22.056605339050293
19.65091699361801
10.832087844610214
24.212208569049835
22.17013543844223
14.458985179662704
12.455558240413666
23.63956606388092
8.87963354587555
26.00507962703705
26.03243601322174
25.279821455478668
23.288889825344086
22.12668550014496
25.838522017002106
25.546801328659058
26.093516767024994
24.147195398807526
24.43498134613037
26.80545938014984
22.629856050014496
26.63320291042328
26.811388731002808
22.866698503494263
24.30996745824814
21.015648365020752
23.57885867357254
20.674282610416412
18.645353734493256
24.286891520023346
24.98219072818756
24.09361708164215
24.477084517478943
24.419993996620178
23.524727702140808
23.492280304431915
24.003648817539215
23.255899488925934
23.939664602279663
20.669269919395447
15.971258401870728
26.159875810146332
22.83017098903656
13.314343810081482
9.496940463781357
21.990910172462463
16.122538924217224
15.775912940502167
12.518972009420395
21.930594563484192
13.343368232250214
10.478678554296494
19.463608622550964
11.747934877872467
16.153624832630157
12.821698665618896
17.12921166419983
9.18475165963173
8.94195568561554
22.860716998577118
9.432108521461487
25.17295217514038
22.44722944498062
23.779602229595184
9.65392479300499
6.060450434684753
14.881224989891052
10.975941509008408
11.667830556631088
6.273799046874046
24.2843199968338
8.480802536010742
24.5937482714653
12.564889341592789
11.3673315346241
17.580801904201508
20.679754436016083
13.349001675844193
6.145344749093056
5.164347916841507
9.836013793945312
8.97793784737587
9.66313424706459
8.71702355146408
7.734588444232941
9.24253660440445
9.302224725484848
7.405500829219818
10.747833788394928
6.126154989004135
23.756703078746796
12.953143566846848
11.579185456037521
12.109858840703964
21.476411044597626
14.569019556045532
10.97928637266159
25.13925337791443
20.284579753875732
16.600366830825806
26.557421147823334
13.927436113357544
25.209329187870026
26.219283759593964
9.563604891300201
26.093391597270966
26.054547607898712
25.409788966178894
13.489249885082245
25.37956267595291
25.379718542099
25.159132301807404
26.209443032741547
26.62326353788376
12.819436103105545
26.627069234848022
26.943399012088776
25.418033719062805
26.446032464504242
24.47453385591507
16.18021845817566
25.201331913471222
25.584621608257294
17.303913474082947
24.547291696071625
18.52958655357361
25.7010115981102
15.6432546377182
25.38412344455719
25.963114202022552
25.996744990348816
25.624862790107727
25.912107527256012
25.919649720191956
25.99034732580185
26.088037073612213
25.825373888015747
27.037267982959747
25.5528125166893
24.68899428844452
25.22902226448059
26.1261465549469
15.293075621128082
25.033266127109528
24.9901784658432
26.697398483753204
26.05833464860916
25.482942402362823
26.119649410247803
25.870861053466797
25.38657420873642
16.209018409252167
22.377747058868408
18.998712062835693
21.454509913921356
15.384994566440582
25.37495130300522
12.539852797985077
9.535733431577682
26.16284066438675
12.474747866392136
25.87890362739563
19.393770694732666
14.299222111701965
26.320454835891724
20.748582899570465
23.822489500045776
17.68998557329178
25.27357292175293
23.263674914836884
21.64399415254593
11.110619843006134
27.172206163406372
21.20330947637558
14.78341829776764
25.73832106590271
24.24895304441452
23.404909908771515
12.875016152858734
11.014259189367294
8.96551525592804
15.909030079841614
10.077009290456772
23.697385132312775
17.896729290485382
15.556588530540466
25.826011896133423
15.379864275455475
25.038367688655853
25.682353675365448
25.51721876859665
26.638181567192078
26.156335532665253
25.451316356658936
24.784874081611633
24.90487492084503
24.38369917869568
13.427559196949005
24.889708280563354
25.17641967535019
25.9778009057045
25.04700207710266
26.32248705625534
25.73219984769821
25.345833361148834
18.81847071647644
26.072355210781097
26.25139284133911
26.181261599063873
26.7088640332222
15.889500617980957
14.21058452129364
22.144779801368713
16.023124396800995
23.115009665489197
16.311928391456604
23.83082741498947
14.069985151290894
25.460777521133423
25.069224953651428
25.167292416095734
25.654041051864624
25.559645354747772
24.618797183036804
24.645736932754517
25.703258872032166
24.509172797203064
23.836151778697968
23.447501063346863
23.575031399726868
23.075527489185333
22.571990132331848
24.70702338218689
23.439977645874023
22.79311966896057
21.529248297214508
22.826370120048523
23.149970293045044
23.13196235895157
12.38440290093422
24.61436027288437
24.375176072120667
24.246218621730804
23.96655410528183
10.07889649271965
10.48670893907547
14.994301915168762
14.394332945346832
13.585530161857605
12.239573538303375
9.21798050403595
21.77617257833481
15.68146687746048
19.072937786579132
13.123639106750488
17.451454639434814
13.97829481959343
13.941388070583344
12.911298543214798
22.585021436214447
14.509019672870636
11.074527382850647
16.634456038475037
17.253893613815308
14.088875353336334
20.71570736169815
13.864256113767624
9.126878798007965
21.626086592674255
13.3260158598423
14.303647637367249
18.055692970752716
14.60319471359253
11.722452342510223
23.048086524009705
12.80087149143219
24.90096890926361
15.759908974170685
7.3571440279483795
25.132972359657288
20.715276062488556
17.567962288856506
21.78693526983261
25.900019884109497
16.846336126327515
26.02734798192978
14.741788566112518
25.594360172748566
10.87893396615982
7.7574766874313354
5.035619482398033
18.131826400756836
12.043256640434265
12.515045642852783
10.212606102228165
15.204824209213257
9.39639437198639
5.727877229452133
21.923669278621674
9.686386376619339
9.623673647642136
11.52334812283516
13.006509602069855
14.10104638338089
13.088867396116257
15.053792119026184
13.407205522060394
13.367867767810822
13.316116988658905
13.354408740997314
12.547672301530838
12.875096797943115
11.101180702447891
9.881895929574966
18.89705640077591
14.628905415534973
9.761537939310074
15.92658805847168
12.95597419142723
16.92240935564041
20.983145475387573
16.974636614322662
19.793216168880463
18.338927268981934
21.298794865608215
18.42416340112686
18.944000780582428
17.68595415353775
13.006359994411469
19.69612979888916
18.417640805244446
12.350724458694458
21.813517451286316
11.846732199192047
11.389133602380753
9.804010391235352
23.614649057388306
12.672949075698853
21.402917981147766
10.325463443994522
25.995735585689545
24.501394629478455
22.370454967021942
12.964432746171951
10.628843545913696
17.592622935771942
16.731139600276947
17.45694810152054
14.368110358715057
7.574734956026077
7.191377609968185
15.088700890541077
10.22751036286354
14.196820855140686
5.595838814973831
23.82997155189514
17.09017300605774
7.977107346057892
26.114668428897858
9.857132345438004
26.013286292552948
25.79808735847473
26.614419877529144
25.290425062179565
10.080973893404007
9.65944293141365
9.126427233219147
9.956875085830688
12.222589164972305
18.509224593639374
10.269147872924805
18.827173590660095
12.116836994886398
16.46305912733078
12.936182111501694
13.818565011024475
11.93092629313469
11.46843096613884
14.278404325246811
7.674074739217758
24.47163623571396
9.798364818096161
25.305246889591217
12.321152001619339
21.226332247257233
14.699438512325287
7.428761869668961
24.4733048081398
9.498756438493729
26.241212844848633
10.890456676483154
24.922936141490936
9.117583483457565
25.929124653339386
25.921268105506897
25.357807278633118
26.74973213672638
15.8805912733078
26.274896502494812
17.231353998184204
25.811085283756256
26.23560869693756
17.20317643880844
25.30423879623413
25.668600976467133
26.195404410362244
26.129890620708466
21.93515408039093
25.777082085609436
25.642219722270966
25.35715162754059
26.058634996414185
17.77794474363327
26.07170432806015
25.276817440986633
24.60739105939865
25.387397706508636
24.454158186912537
23.854926645755768
24.601809203624725
24.58651316165924
24.877829015254974
24.11805808544159
24.004656434059143
24.192765474319458
17.628894686698914
25.661044418811798
25.89225083589554
19.742884635925293
25.51702058315277
25.70311975479126
18.551340878009796
25.24123704433441
25.557782411575317
25.743830144405365
19.711507856845856
13.704813480377197
26.186826825141907
23.846334636211395
19.459934532642365
20.885103404521942
23.53236198425293
21.321041226387024
22.715489208698273
21.046108961105347
23.099963188171387
11.814456045627594
25.76644790172577
21.18081271648407
18.84102874994278
17.301383554935455
21.011860728263855
19.488367915153503
12.302808344364166
25.86069792509079
22.026341140270233
21.778083503246307
16.435064554214478
25.2049577832222
23.81399893760681
23.311085641384125
21.561340272426605
22.868617177009583
19.33688074350357
22.306158900260925
23.775373220443726
22.988561511039734
23.173847794532776
16.319093227386475
24.89522135257721
25.54456490278244
16.573841273784637
16.334599912166595
17.204372704029083
24.390342831611633
17.75883847475052
22.70663744211197
14.689062118530273
11.445953011512756
20.56345695257187
13.34321516752243
12.548329621553421
12.150601148605347
14.067876100540161
10.641445904970169
24.09480047225952
16.27641588449478
15.325421512126923
13.246139854192734
11.74832209944725
14.918888509273529
13.498392820358276
22.978346288204193
16.070839822292328
24.23356968164444
8.47618842124939
24.78032112121582
26.758267879486084
25.596178114414215
25.820656716823578
14.989218950271606
23.489166855812073
21.209990203380585
21.08584886789322
19.927635371685028
11.910066574811935
25.034943163394928
24.152667939662933
21.301795542240143
19.175984799861908
25.10832154750824
15.40263819694519
25.74806535243988
26.922509491443634
25.569431006908417
17.623861014842987
26.6910480260849
26.036525189876556
12.807218879461288
9.416950225830078
24.211078107357025
14.297370493412018
12.726179480552673
14.983056247234344
10.549378544092178
24.894590854644775
13.189941734075546
8.493377476930618
9.565143138170242
7.048774570226669
22.131229639053345
11.645475894212723
25.409170269966125
18.021486580371857
22.64022433757782
11.7335504591465
8.89196127653122
14.932580649852753
11.482781857252121
19.5009748339653
14.6307173371315
20.019400775432587
13.667029321193695
10.063460439443588
17.59748488664627
15.934186577796936
18.382445812225342
14.064499080181122
17.975918889045715
12.77710172533989
15.98940795660019
9.852934777736664
21.706130027770996
15.99476420879364
15.152979850769043
17.37718665599823
23.10609531402588
15.440045297145844
10.79858312010765
21.152302503585815
19.185853242874146
19.279222667217255
17.6039559841156
21.82977306842804
10.059121191501617
23.811523616313934
23.294959366321564
25.575415313243866
24.07271271944046
25.16606241464615
22.53732931613922
24.835380017757416
21.740544319152832
21.43502002954483
24.089345335960388
24.277194559574127
23.930273234844208
22.44115924835205
23.572169363498688
11.894331246614456
21.76149493455887
20.186026751995087
20.90421348810196
18.48690950870514
22.431913435459137
17.832218647003174
21.801339864730835
17.078828752040863
21.471945106983185
14.540069162845612
23.850213706493378
19.49879151582718
20.489462912082672
20.049320876598358
21.088214874267578
19.987337172031403
20.81715738773346
18.62296062707901
14.79841148853302
24.22528976202011
16.12354278564453
24.75124031305313
22.580320060253143
23.017145812511444
22.42834383249283
21.927349090576172
12.319730013608932
24.894650280475616
13.712872713804245
11.217792004346848
18.52445089817047
13.682429373264313
21.81960153579712
13.857779502868652
19.099573075771332
14.277507364749908
17.35026901960373
9.619542270898819
26.491415321826935
12.748284220695496
25.17133903503418
16.73068928718567
10.785347908735275
9.184976160526276
15.078059077262878
11.308734774589539
20.718565225601196
15.507261455059052
26.41050088405609
23.832699716091156
22.66943645477295
22.674950063228607
22.294068098068237
16.154097855091095
25.51332128047943
24.650869071483612
23.67451786994934
23.528427302837372
24.511793971061707
22.53983861207962
23.43522757291794
24.026304364204407
15.474947392940521
24.73741340637207
24.283438801765442
18.02803134918213
24.773407578468323
25.29330950975418
14.235304296016693
24.732207715511322
22.437132477760315
20.04860758781433
10.93028923869133
25.030554473400116
15.385202169418335
25.528630435466766
25.72721290588379
25.56188052892685
24.64193707704544
24.815053701400757
24.644539177417755
23.16706746816635
23.903063893318176
12.718714952468872
8.046626210212708
23.100731313228607
16.66984450817108
12.433548122644424
9.006969809532166
19.977698922157288
15.11354398727417
17.19069015979767
13.596081882715225
17.926257133483887
21.583427727222443
16.60586166381836
21.86954790353775
16.66813987493515
21.968029379844666
10.896704018115997
25.61302125453949
22.75646162033081
23.546727776527405
23.2579208612442
21.76185828447342
15.443037807941437
24.011544823646545
16.5970458984375
25.35373681783676
26.000469267368317
24.493280708789825
13.100584089756012
24.64588975906372
13.180666327476501
22.711479425430298
21.660538256168365
12.309325158596039
24.228848040103912
24.252655565738678
18.715684056282043
25.25829392671585
25.850498497486115
23.153668701648712
23.63996583223343
21.97944462299347
21.34359872341156
21.368458688259125
13.158460766077042
22.97012495994568
24.118549287319183
23.285708963871002
10.61369201540947
23.01670354604721
11.244397401809692
12.153837323188782
23.081791877746582
11.201227724552155
25.53877454996109
26.51021385192871
25.249907672405243
26.032965898513794
25.08547407388687
22.921866953372955
25.03190290927887
23.778066515922546
23.0535306930542
24.12995010614395
25.135225892066956
23.410493910312653
23.668814778327942
23.623457670211792
23.407627403736115
23.833920061588287
23.224693179130554
24.03786188364029
23.447428047657013
23.87490314245224
23.866364121437073
20.68518418073654
25.69757091999054
16.303233206272125
16.4827401638031
24.39570528268814
19.189794898033142
23.99978530406952
22.065033078193665
16.993961453437805
24.30033165216446
24.188592672348022
24.765396177768707
19.699268221855164
22.892608404159546
16.84451186656952
26.005329251289368
15.152142405509949
25.412029266357422
10.769840091466904
24.30462956428528
24.42107892036438
22.066397488117218
21.176269352436066
21.699623703956604
21.093315064907074
20.590565860271454
21.585932791233063
21.624472320079803
20.314253270626068
21.29454743862152
21.063550353050232
21.98824030160904
21.361318230628967
11.139282077550888
24.29421204328537
23.96940588951111
21.401304006576538
11.440410643815994
22.099922955036163
23.387142539024353
22.192725896835327
22.36908996105194
23.188730359077454
21.8197021484375
20.41227102279663
22.83920693397522
20.58881801366806
21.784647464752197
21.715821385383606
15.643648028373718
25.53274667263031
25.958764255046844
23.661970853805542
14.952036499977112
20.765516102313995
13.58565753698349
10.625459671020508
24.21897530555725
18.88912260532379
17.396753191947937
11.777577191591263
12.977104902267456
13.330688536167145
12.774922758340836
9.912003725767136
8.387977212667465
21.81906533241272
10.214239478111267
26.76428484916687
24.055252850055695
23.33733195066452
14.75240010023117
25.51109606027603
23.678330838680267
23.111047387123108
13.309019029140472
26.146124005317688
25.42149931192398
25.205315828323364
25.121977031230927
24.69346809387207
25.285287857055664
24.01253843307495
18.36467093229294
24.91014939546585
25.717558443546295
25.88791310787201
25.819588005542755
25.897018492221832
25.858629524707794
25.67930907011032
25.778095066547394
24.16368967294693
25.628470838069916
25.044523537158966
24.93244343996048
25.490507423877716
24.77802938222885
25.13606023788452
25.242304980754852
25.187532484531403
26.109764635562897
20.20158749818802
23.16160076856613
24.607713222503662
24.806076288223267
25.8989075422287
25.890739738941193
26.125684320926666
26.70248770713806
26.914281129837036
12.334789425134659
25.21105146408081
22.210615694522858
10.901152908802032
23.781914830207825
18.913710713386536
18.728250920772552
18.32031947374344
15.10117095708847
24.14326298236847
17.467450082302094
7.782298535108566
20.210915744304657
18.665034651756287
15.377825617790222
15.503110706806183
13.797626197338104
22.423290252685547
16.848500430583954
7.929294258356094
23.208938479423523
8.832622647285461
24.952118456363678
20.75056356191635
11.427561938762665
25.186559677124023
22.1026291847229
22.123264610767365
10.770173788070679
23.119762122631073
15.72181224822998
22.70272934436798
22.58982080221176
22.39752447605133
10.744743943214417
25.650951027870178
21.039634823799133
15.258896231651306
24.178534984588623
21.661196053028107
23.844672203063965
23.061765789985657
10.553435981273651
26.7096249461174
24.816796958446503
21.57995229959488
22.125706017017365
17.58199369907379
24.145770132541656
23.44063037633896
24.079830288887024
13.444048941135406
26.23260599374771
26.108912885189056
26.236056745052338
10.6385597884655
25.595786035060883
26.02474683523178
24.91870355606079
24.70260787010193
25.323067128658295
15.55037373304367
17.3089320063591
23.277211248874664
14.496658444404602
22.976096212863922
23.788237988948822
23.476776957511902
23.79601353406906
11.924215853214264
23.595972955226898
24.607729732990265
12.183851182460785
10.533907502889633
15.847054421901703
13.299257218837738
12.142829269170761
15.584900438785553
12.676666051149368
13.410380452871323
12.503227472305298
15.648152768611908
11.726662069559097
17.911246597766876
9.327712893486023
18.76010501384735
10.505403131246567
11.492527574300766
16.158314645290375
11.408962965011597
9.871185004711151
5.987481564283371
18.43612903356552
11.836342632770538
11.182301849126816
14.114160656929016
14.80117380619049
10.093718469142914
20.809059858322144
21.031459867954254
12.064300209283829
23.644871711730957
21.088703274726868
21.700996160507202
18.37900286912918
15.516298651695251
24.75858074426651
18.27543443441391
17.01195913553238
20.18419587612152
13.602096259593964
8.843816548585892
23.374759078025818
10.472342282533646
26.16455179452896
25.302158534526825
25.594980359077454
26.539647221565247
24.600883960723877
24.551256775856018
25.60135442018509
25.395240008831024
24.506449341773987
24.9822958111763
25.15873646736145
26.065872251987457
24.410665035247803
16.89602255821228
25.57674491405487
25.185603976249695
25.462640941143036
25.665110647678375
25.988631904125214
26.138256669044495
25.684715449810028
26.137417256832123
16.60204130411148
21.403767704963684
16.976317048072815
22.606643080711365
18.662624180316925
16.912656366825104
24.99637007713318
20.381384015083313
18.374400317668915
19.494042217731476
18.960775077342987
17.594222962856293
17.679244816303253
9.613828420639038
20.518258154392242
16.450100004673004
10.3785620033741
10.307624340057373
5.848397880792618
22.935965418815613
9.991059333086014
25.15730756521225
11.49368017911911
26.680553257465363
25.510821223258972
24.075877606868744
25.398150742053986
24.158362865447998
13.01283085346222
13.286119163036346
18.487544298171997
15.85627007484436
17.641574800014496
16.28847712278366
14.772797048091888
13.644380033016205
14.477465510368347
8.126627564430237
19.037698686122894
13.53408545255661
12.24126672744751
15.172761619091034
10.321893721818924
16.556548953056335
17.002319633960724
10.780670166015625
13.559236913919449
13.349971860647202
10.461264252662659
15.321240723133087
10.227422893047333
18.874125480651855
13.341416656970978
10.469890832901001
11.063122063875198
16.093987464904785
13.118149220943451
9.807897925376892
12.910828083753586
11.438968896865845
12.088729947805405
9.432238012552261
17.78075349330902
11.874787151813507
11.48507845401764
12.643103063106537
11.226312428712845
17.672234773635864
12.739941567182541
14.750630497932434
9.599325239658356
25.460915982723236
11.459027528762817
15.802230954170227
11.656269520521164
15.512076079845428
13.758856803178787
11.109814137220383
9.616388022899628
20.48803287744522
9.457198470830917
12.997230917215347
15.271247744560242
7.7914794981479645
7.100739359855652
12.81438010931015
11.154769957065582
9.172991693019867
5.370891198515892
17.878959894180298
12.787686347961426
7.738526880741119
23.68434762954712
7.240426242351532
22.124902844429016
9.682916164398193
4.061625584959984
20.00383687019348
12.640573143959045
10.727001249790192
11.104018688201904
12.988954901695251
9.53650775551796
9.319524198770523
25.332324266433716
9.904519140720367
19.055469572544098
8.130085289478302
9.474258691072464
10.089720517396927
14.627847671508789
12.708423852920532
19.865553557872772
10.246817857027054
17.961444079875946
10.065160632133484
23.944266200065613
12.597144216299057
19.622260749340057
14.068276226520538
11.410578906536102
14.020051449537277
10.383247464895248
17.387566328048706
17.803011059761047
16.752298295497894
16.974448144435883
15.710999071598053
18.190881669521332
16.03609812259674
17.52711933851242
16.92051136493683
19.16608029603958
15.656962752342224
17.43571561574936
16.039323329925537
14.746681988239288
18.612863183021545
15.520746350288391
16.844969153404236
14.668428897857666
13.60350090265274
20.545480847358704
17.564096987247467
20.431356966495514
15.152508974075317
26.035606861114502
26.824290692806244
24.694616377353668
10.888796776533127
26.070304572582245
25.991975486278534
25.500882029533386
24.708300828933716
24.952050268650055
16.28739857673645
26.515880942344666
14.546895980834961
25.759903490543365
26.22535264492035
26.51385247707367
26.16636997461319
25.715465664863586
26.23107421398163
25.88365238904953
25.95722633600235
25.62898761034012
24.418800711631775
21.77161204814911
11.194437503814697
8.269770860671997
16.441149711608887
11.124905496835709
17.74698269367218
9.066518723964691
17.20322072505951
11.640379041433334
14.316398978233337
9.219102203845978
6.839059337973595
19.01612025499344
12.007132112979889
11.36591836810112
6.9232146590948105
16.103786051273346
14.341840267181396
14.148034453392029
15.35200822353363
8.001721620559692
7.499941945075989
23.562640249729156
10.63292720913887
18.38473778963089
8.461264282464981
25.622890293598175
16.494893968105316
20.380375266075134
17.334662795066833
16.980397701263428
25.23372459411621
17.724916636943817
12.079509556293488
7.458062708377838
15.678886592388153
12.043866604566574
20.079928040504456
8.853837758302689
26.191527605056763
21.788549661636353
20.310207426548004
19.047005474567413
21.361514806747437
18.271891593933105
22.41399586200714
21.507424294948578
19.44943058490753
17.531882524490356
25.486048579216003
22.335086464881897
22.088893949985504
20.183222115039825
17.79975813627243
17.717167913913727
25.8063343167305
20.933235943317413
12.472637981176376
25.855539560317993
22.189720690250397
18.582725524902344
25.751371800899506
18.296010315418243
25.601646780967712
25.75015616416931
18.19396698474884
24.279513478279114
25.366871893405914
24.62631344795227
23.03979343175888
23.014647483825684
21.718072950839996
25.268972635269165
18.153949916362762
16.45266282558441
26.122315287590027
23.556336581707
20.768037855625153
22.835381269454956
20.811355888843536
21.79973876476288
21.666299700737
11.33783209323883
12.174643725156784
19.32391357421875
15.143864512443542
13.696320503950119
16.672473669052124
16.6023171544075
14.277962327003479
17.005569100379944
17.54321187734604
18.223433434963226
12.99235188961029
19.38163524866104
15.26362943649292
18.708090782165527
11.878922551870346
9.506360054016113
23.031176924705505
12.27750912308693
25.477331399917603
12.197879910469055
21.02796643972397
13.434505492448807
26.989883542060852
24.06107807159424
21.728413701057434
22.75676590204239
21.372921526432037
21.23373234272003
21.604560136795044
20.47361445426941
20.948820173740387
21.38132870197296
9.986621260643005
24.376310884952545
22.556780993938446
24.262407541275024
10.874139100313187
26.1929292678833
12.218447983264923
21.476815938949585
9.169872641563416
24.427932560443878
24.678968846797943
21.739867210388184
22.743890345096588
21.8086941242218
23.280218601226807
14.612062752246857
25.347698986530304
24.48796820640564
24.64479273557663
24.755461037158966
25.124042093753815
24.044979691505432
23.665449142456055
23.085292100906372
23.04878318309784
24.167992770671844
23.43233060836792
23.22523683309555
12.624821722507477
13.202197045087814
18.682837188243866
13.409816205501556
14.11165764927864
9.807570844888687
12.851385533809662
11.181153297424316
13.262485057115555
9.970403999090195
12.495721817016602
10.170780658721924
12.42056679725647
9.33973577618599
12.517177879810333
10.63184967637062
10.690049409866333
10.300064235925674
9.547721326351166
13.31311646103859
10.841313183307648
13.379044562578201
19.90740978717804
10.547047317028046
22.842746794223785
15.834051489830017
11.984051018953323
14.419267177581787
15.581304550170898
12.508260548114777
7.6496769189834595
21.42282283306122
12.039139300584793
12.283419668674469
16.863638520240784
11.106857568025589
11.502660512924194
17.53930503129959
9.627960056066513
8.21337354183197
26.019590735435486
15.60421621799469
11.70392420887947
10.259144812822342
11.928070455789566
15.383605122566223
9.830747097730637
21.84726893901825
16.999366283416748
23.634911119937897
14.218854308128357
10.280040681362152
22.74364197254181
12.76696702837944
7.448417171835899
12.724072962999344
16.853292107582092
13.573154032230377
17.530847549438477
13.575814574956894
20.209078788757324
11.88657957315445
20.864831745624542
13.782363653182983
16.37565052509308
11.442083477973938
21.576937079429626
14.82470989227295
17.832282721996307
13.521427601575851
24.666362941265106
23.013457000255585
21.649193048477173
21.824746310710907
20.156936645507812
20.771602749824524
17.4299259185791
23.94271409511566
23.375605583190918
21.576471269130707
21.5359365940094
13.513561517000198
24.415120840072632
23.46348625421524
18.109230637550354
24.423335194587708
18.104413211345673
20.646251261234283
17.2176473736763
25.25607919692993
24.193461298942566
12.903760582208633
24.35171777009964
25.511286795139313
25.398456037044525
13.332092642784119
24.95275318622589
24.935539186000824
24.631983041763306
23.609828054904938
22.967693626880646
17.81373631954193
24.466965913772583
23.627319991588593
24.681198239326477
23.73603081703186
24.46372938156128
23.81851214170456
23.12837380170822
22.228229701519012
23.013446748256683
22.119342386722565
19.601512610912323
25.912151336669922
25.08335590362549
25.302444398403168
24.57081711292267
23.362187683582306
23.113367557525635
23.36026966571808
23.414441764354706
23.29274743795395
23.618419587612152
19.616784751415253
21.931145310401917
24.22709172964096
14.543972849845886
25.11131054162979
24.948068916797638
24.087908685207367
16.510078132152557
24.673351883888245
25.012249052524567
24.468917727470398
22.72875875234604
13.156761556863785
26.03026008605957
24.41256320476532
23.886116206645966
23.17207968235016
22.62555170059204
22.475194036960602
23.433635771274567
19.499837279319763
25.99035531282425
25.451236188411713
25.35604476928711
25.733250379562378
25.4758523106575
19.25487244129181
26.28671383857727
18.350765466690063
26.48019391298294
20.7449392080307
23.69836187362671
25.392708837985992
24.821870505809784
24.25715321302414
21.354451835155487
25.031003832817078
15.721152305603027
25.504404485225677
24.983290195465088
25.312651455402374
26.18063849210739
20.925521075725555
24.859833598136902
25.09474539756775
10.002249032258987
25.335668444633484
24.947828769683838
24.353884994983673
24.27054852247238
24.799800395965576
23.21774137020111
25.145957350730896
17.921733558177948
25.229050040245056
25.922079980373383
26.31654590368271
25.510145783424377
25.785937905311584
25.904296875
26.076133906841278
15.724808931350708
25.79656332731247
22.380945026874542
26.607894718647003
26.105161011219025
25.986871123313904
13.578142285346985
26.57944542169571
25.668116211891174
25.479651510715485
26.352551102638245
25.59107506275177
17.25673097372055
13.146097779273987
18.323844254016876
22.254937648773193
16.53928792476654
23.765165209770203
16.53694850206375
21.6158686876297
12.574714452028275
25.344190299510956
10.601822137832642
24.70217853784561
25.419466733932495
25.692184627056122
25.82762724161148
25.52345198392868
26.2429159283638
25.409473598003387
24.857532799243927
25.267403423786163
24.325907230377197
24.426131784915924
25.922556161880493
14.486923933029175
12.355686575174332
23.664914727211
15.998858988285065
25.6694473028183
24.559908628463745
24.250154078006744
20.968400597572327
24.460066378116608
25.445634245872498
19.94267225265503
25.339623630046844
25.389406740665436
25.089462280273438
26.881163895130157
25.97647124528885
25.308934032917023
16.53432446718216
18.108851492404938
24.895972192287445
21.639579713344574
12.336261332035065
24.45842456817627
19.195950508117676
19.90094244480133
17.418183624744415
24.68741548061371
15.612169802188873
9.09725296497345
9.59509202837944
11.84297588467598
11.724281162023544
9.793019771575928
16.763335168361664
11.192103892564774
17.658258259296417
17.780809462070465
20.53731745481491
17.637944400310516
15.846496164798737
17.53337162733078
19.897753536701202
17.58019208908081
21.671059012413025
18.743184030056
20.257972180843353
10.32306644320488
24.491230070590973
23.007586777210236
23.00420367717743
20.76533955335617
19.983235955238342
20.993428230285645
20.4918075799942
14.5860396027565
19.647178828716278
22.584905087947845
20.751367151737213
20.729641497135162
20.15614527463913
20.134950041770935
14.476923376321793
21.780073702335358
21.836893379688263
12.456118732690811
20.1684131026268
19.329414188861847
8.823083877563477
21.698018074035645
20.763587176799774
19.972604513168335
19.47461700439453
19.70411193370819
19.28902417421341
19.240351736545563
18.79181396961212
12.04826495051384
22.669588804244995
19.916532695293427
9.09350436925888
23.561497807502747
17.351625978946686
21.242163836956024
16.38496106863022
11.021297037601471
22.068657219409943
17.189110696315765
17.372514247894287
18.11072200536728
8.670481324195862
20.46374249458313
12.503135085105896
17.278966665267944
23.691786885261536
19.934102594852448
20.036677360534668
19.84707099199295
19.865550935268402
19.529176950454712
19.520481944084167
19.93758237361908
10.786596864461899
24.337380707263947
8.763534635305405
24.24838501214981
24.164003252983093
24.48042184114456
23.231590807437897
22.935497641563416
22.639762818813324
22.225079715251923
23.254383444786072
13.352349936962128
25.362142324447632
24.039340555667877
23.80985176563263
23.613420367240906
22.63726443052292
24.859502136707306
9.973120659589767
24.948777556419373
25.75159341096878
26.753774285316467
24.97399127483368
25.175728380680084
25.95252162218094
25.54174792766571
25.786298751831055
24.60177493095398
25.410206377506256
21.18613511323929
25.595962285995483
25.762640595436096
24.72983282804489
25.57461178302765
23.787932753562927
24.04685389995575
24.175251483917236
24.011438488960266
23.76979696750641
24.2198047041893
14.653890192508698
16.987208306789398
23.20649790763855
12.105005979537964
24.763109266757965
14.94340717792511
24.755621314048767
12.136862486600876
26.88524580001831
26.56611555814743
24.87846803665161
26.233860194683075
25.380162715911865
26.268987238407135
15.053460776805878
12.329408705234528
20.275243639945984
17.1797753572464
16.032258808612823
14.650087475776672
23.986301362514496
12.97197076678276
23.029318153858185
15.1120445728302
22.57828062772751
14.590240716934204
21.599810898303986
15.814466714859009
11.847370117902756
9.998291999101639
17.081391274929047
12.915976732969284
10.914758622646332
13.83386778831482
15.15052479505539
12.01647076010704
20.880940794944763
8.440098613500595
20.94882380962372
10.944004625082016
9.271670758724213
15.848922073841095
10.410312533378601
7.854318380355835
6.763534024357796
21.582370936870575
8.124000877141953
19.049181401729584
7.345859408378601
24.798597276210785
14.932628452777863
15.01076453924179
12.222431302070618
8.130392491817474
4.765704900026321
16.046334624290466
10.387509763240814
12.705796331167221
18.287923395633698
11.378816694021225
22.222699642181396
22.208037614822388
12.20153820514679
17.94907981157303
12.757364988327026
11.090027421712875
17.98066657781601
13.914003521203995
10.62746050953865
11.01856517791748
5.742103964090347
20.944521129131317
12.92723199725151
11.523255407810211
13.952603250741959
18.58425146341324
11.746698945760727
7.5583290457725525
26.462071001529694
25.295869648456573
26.597070515155792
26.587067246437073
26.021530389785767
25.13901036977768
26.265917122364044
26.524071037769318
25.43428075313568
25.015270829200745
25.08178609609604
24.92343157529831
24.455565750598907
24.555591762065887
24.781500697135925
24.850016832351685
24.996677696704865
24.34750372171402
23.942232072353363
24.778747022151947
24.214458882808685
19.69905722141266
22.77879685163498
22.015915513038635
22.082678735256195
21.767495691776276
12.123587518930435
24.880880057811737
10.718877255916595
25.96445393562317
26.976963222026825
25.175683617591858
24.270166158676147
23.086557924747467
23.863845705986023
23.759293794631958
23.982377350330353
11.526142001152039
25.195347845554352
14.558871805667877
25.792652904987335
27.254397869110107
26.809196829795837
27.293278872966766
18.089612424373627
23.109198451042175
25.839547216892242
19.609778225421906
25.320941865444183
25.327556371688843
25.93336397409439
25.74929392337799
25.945914089679718
22.873574554920197
26.263917684555054
25.70924711227417
25.009551465511322
10.931650668382645
25.128667414188385
13.163295894861221
25.609209537506104
25.876210808753967
26.137863039970398
25.554682850837708
25.54691904783249
25.239831864833832
25.1876922249794
24.807369768619537
25.250190377235413
14.373658835887909
25.949119091033936
13.747386187314987
12.9814273416996
21.647131025791168
17.004261016845703
23.32496815919876
10.043154180049896
25.0083230137825
24.532766580581665
14.902548730373383
24.204288125038147
13.297209352254868
10.005164206027985
23.774517357349396
16.002678155899048
12.752192676067352
6.847625240683556
23.330521881580353
16.207274675369263
9.403904050588608
23.699716567993164
7.905257195234299
26.047421514987946
24.65797996520996
21.9247567653656
24.62353938817978
22.07871448993683
24.218152582645416
21.482272148132324
23.421683371067047
19.073822855949402
26.23785001039505
26.021795451641083
25.320685744285583
25.34123283624649
23.562966346740723
25.239729642868042
19.443951308727264
25.49535632133484
25.46613311767578
25.674482703208923
24.75984025001526
25.48222517967224
18.854078233242035
15.931041717529297
24.60838943719864
16.828757226467133
23.36393940448761
17.641843557357788
14.773583590984344
23.559934377670288
17.82885205745697
18.370974600315094
14.42556232213974
21.607268035411835
16.188044726848602
18.958636224269867
16.519615709781647
10.52618944644928
10.652392268180847
22.869066894054413
11.567168474197388
25.122022211551666
24.97740614414215
16.8148210644722
25.081722915172577
25.497498631477356
14.256250977516174
24.75119858980179
25.044565856456757
25.252000153064728
25.268521785736084
25.080556452274323
23.706534683704376
12.137801229953766
24.624715864658356
24.536092162132263
25.356253266334534
24.361178815364838
24.47042351961136
23.633773267269135
25.094909012317657
24.636036336421967
24.726278066635132
24.5103577375412
24.222390174865723
24.775934875011444
24.354892075061798
23.72830206155777
24.291203498840332
23.462914168834686
24.49135196208954
18.002846360206604
24.588583111763
25.458042800426483
25.74809730052948
26.233236074447632
24.446171641349792
25.556617856025696
25.24974286556244
24.73664826154709
24.10182559490204
24.931287825107574
24.212351858615875
18.61991000175476
14.981776297092438
24.0658158659935
16.31039559841156
13.529039204120636
11.871552973985672
23.233006417751312
14.589053809642792
23.94631975889206
15.748389661312103
20.784253001213074
12.769680738449097
24.718083381652832
24.137884557247162
24.383351027965546
23.7537442445755
13.94235673546791
12.439746499061584
19.2704399228096
14.540484249591827
17.55377161502838
15.445734143257141
13.184151947498322
18.012346625328064
14.246580481529236
14.966780483722687
9.115532457828522
20.981465578079224
17.803166806697845
16.44922000169754
12.831916451454163
21.090952217578888
17.312481999397278
20.566435754299164
23.36003464460373
6.403544396162033
24.78085333108902
22.097625076770782
20.361100375652313
20.563632905483246
22.479554295539856
20.84760355949402
15.091051995754242
25.253941535949707
23.24460804462433
19.944894194602966
20.553005933761597
19.123138189315796
21.072185516357422
9.614550322294235
7.8153654634952545
24.058355271816254
9.720335990190506
25.939956784248352
25.637525260448456
25.147294580936432
20.522911548614502
8.564586460590363
24.963808119297028
8.516528129577637
24.759538292884827
26.193174719810486
26.33580380678177
24.74964463710785
24.412281692028046
24.659868717193604
24.32683575153351
24.45068669319153
24.929457247257233
25.313607037067413
25.217295944690704
24.239992380142212
24.42744618654251
24.16521590948105
23.649530947208405
25.21006464958191
24.64950716495514
17.04193127155304
13.232653141021729
25.086459398269653
18.16661363840103
23.542557060718536
19.036639988422394
17.80669206380844
11.636601567268372
25.87755537033081
11.594664186239243
11.522325962781906
9.600936263799667
23.885715544223785
16.617622077465057
14.115031242370605
17.05960577726364
15.225718975067139
15.120635569095612
18.4454402923584
13.673181921243668
23.714250087738037
20.183647990226746
20.121982514858246
17.589228570461273
21.221440017223358
10.70962929725647
22.55588561296463
21.67374837398529
19.66825968027115
20.849051356315613
17.51292049884796
13.215780228376389
23.51647537946701
20.93070161342621
18.086749255657196
20.280105531215668
16.84537047147751
19.602265655994415
17.134760856628418
22.585309863090515
20.722370147705078
20.358047246932983
20.27917504310608
21.467254042625427
20.249005556106567
11.923277825117111
23.659815788269043
22.359526574611664
20.48488563299179
13.281151533126831
23.970048546791077
23.862427353858948
23.757039785385132
10.080050498247147
24.842295587062836
24.245374977588654
13.21222648024559
20.36180067062378
13.789923906326294
22.984177470207214
16.584552526474
14.358910858631134
23.800972282886505
14.679519444704056
23.30717545747757
15.489460527896881
13.175967246294022
23.652491688728333
12.027716368436813
25.932974755764008
8.682999521493912
26.18597251176834
25.90272408723831
25.596174776554108
25.684356689453125
25.99880051612854
26.180607557296753
25.590184211730957
24.31430995464325
24.868014574050903
25.12016135454178
24.049554109573364
24.643197417259216
25.070366621017456
24.255261659622192
25.606334626674652
25.291871547698975
25.651280224323273
25.002142131328583
25.571576237678528
21.856731474399567
24.700973391532898
25.487263917922974
25.29675793647766
25.037001967430115
24.44512313604355
24.658630847930908
15.924081981182098
18.008351683616638
15.464391529560089
16.08687072992325
17.507597744464874
16.293410539627075
22.354394853115082
18.53509396314621
16.03292340040207
25.592801868915558
9.104883372783661
25.33160048723221
25.666834473609924
10.07985258102417
7.734861046075821
21.430488765239716
13.512837529182434
11.181440681219101
12.96077275276184
6.410334810614586
21.68703556060791
15.200220108032227
22.442396879196167
14.825604677200317
13.09351173043251
17.222997546195984
9.987382560968399
23.783102869987488
18.71271812915802
16.624797224998474
9.785711526870728
23.985125958919525
17.638470590114594
10.906029522418976
18.781628131866455
16.907915472984314
18.055907905101776
8.04708182811737
23.406438291072845
20.367757260799408
20.290869295597076
20.09195637702942
18.657075345516205
9.137134701013565
20.59910947084427
10.235502243041992
21.299445271492004
16.671266794204712
15.943368792533875
17.383708357810974
14.109739899635315
25.43767249584198
18.685774445533752
17.058393597602844
9.86966848373413
24.269313991069794
21.237358808517456
19.569797337055206
10.67784097790718
24.310918629169464
18.285349011421204
19.959689021110535
13.991679430007935
10.533994346857071
16.549471378326416
12.276608616113663
14.962667167186737
14.804955899715424
14.701385259628296
12.298140734434128
16.12745487689972
12.909140318632126
14.40100210905075
13.958586126565933
14.381775170564651
7.558502942323685
19.344985902309418
17.683875799179077
14.505768030881882
14.810701847076416
16.640008628368378
15.520565509796143
14.276976883411407
15.185011386871338
16.154078722000122
14.762471556663513
14.96297550201416
16.11181652545929
8.81608259677887
16.8245929479599
10.169966459274292
17.047356069087982
15.43601006269455
16.86558508872986
15.49342828989029
9.35239002108574
19.953111588954926
15.439937233924866
9.800526887178421
22.823450565338135
10.95587733387947
23.70749580860138
22.86773544549942
13.336142092943192
23.465059995651245
24.232712030410767
8.559134542942047
22.98158824443817
23.031440556049347
23.403719186782837
22.296987771987915
22.050810754299164
22.136245489120483
22.016158640384674
22.15288645029068
21.784578442573547
22.805138409137726
21.497279286384583
23.853285312652588
18.264105260372162
10.66161260008812
23.832479059696198
10.46586400270462
23.857975780963898
22.939244329929352
15.217555046081543
10.325084537267685
13.836029440164566
12.092437654733658
13.716441750526428
14.250138103961945
14.218606889247894
13.933364927768707
15.12550437450409
11.77196791768074
14.939376592636108
14.210330843925476
13.304630130529404
12.532216995954514
10.083196967840195
24.629312217235565
14.690957427024841
24.537698984146118
15.426499485969543
23.544877350330353
13.442185580730438
24.074674248695374
11.378474235534668
25.893535017967224
26.19259738922119
24.554802000522614
18.83951050043106
25.86584508419037
18.15133446455002
25.992884516716003
17.99976474046707
24.39448595046997
24.525059163570404
13.800767362117767
26.462781131267548
25.474915981292725
26.454116463661194
26.229219138622284
15.071563601493835
25.80920821428299
25.067230224609375
26.31334090232849
26.2250018119812
25.294474005699158
25.88959902524948
25.42386370897293
25.85042917728424
26.11959433555603
26.023418366909027
25.930167734622955
25.86922436952591
26.24786901473999
26.34297376871109
27.206201672554016
26.222820162773132
25.195437133312225
26.018442809581757
26.20161736011505
25.975604593753815
25.81483119726181
26.730105876922607
25.974116563796997
26.641355574131012
26.168805599212646
26.432468473911285
26.43259286880493
26.899046897888184
26.891135096549988
26.34159505367279
25.342387676239014
26.100820541381836
25.736306488513947
26.46832013130188
26.377680242061615
19.29332345724106
14.806642353534698
25.60587763786316
18.276606857776642
20.428100764751434
16.756931602954865
24.463372945785522
15.084924817085266
14.119355320930481
23.562044262886047
14.908833146095276
22.335558772087097
15.637292802333832
11.991164177656174
10.88812455534935
20.529006481170654
16.557960271835327
16.47627329826355
12.829972058534622
23.2684086561203
16.715204179286957
18.08341670036316
16.53018295764923
20.56256604194641
13.529764115810394
24.29511868953705
23.7852646112442
23.570216417312622
13.8065847158432
22.79710018634796
12.553503274917603
24.947979629039764
25.302516639232635
24.020237028598785
16.318979740142822
15.330976724624634
16.416508078575134
17.001587390899658
15.507686197757721
18.437817633152008
16.336018800735474
19.6039160490036
15.452199101448059
16.824646770954132
15.9735347032547
13.064279913902283
10.234085619449615
24.68253666162491
22.80483615398407
25.31252807378769
14.527633249759674
23.894479513168335
13.402404129505157
21.97433775663376
10.339362561702728
11.189674854278564
21.610180735588074
11.352104365825653
26.029620110988617
25.43423628807068
25.188949644565582
22.99535208940506
22.566304981708527
26.562802135944366
23.514428734779358
21.107187628746033
22.255826354026794
19.29121822118759
23.32076197862625
18.234296441078186
23.69782066345215
19.978046000003815
12.438602775335312
23.161028146743774
21.130341827869415
10.238186240196228
23.70681232213974
10.501889169216156
23.31956160068512
23.56694585084915
23.275588512420654
19.913699090480804
26.385628521442413
23.159756183624268
20.598195552825928
26.00871616601944
20.100960075855255
26.80411398410797
25.30824649333954
23.652607262134552
23.613804817199707
21.72011250257492
22.10457319021225
19.204225838184357
25.70164442062378
19.1422221660614
25.92149305343628
25.674267172813416
27.21403604745865
25.64106959104538
26.52815145254135
25.895549714565277
26.33862042427063
25.34436959028244
19.75427806377411
25.967202603816986
18.014529526233673
16.34645688533783
18.735853254795074
12.459747344255447
12.457516312599182
20.30528289079666
15.081832945346832
11.74634712934494
24.737862646579742
14.239535123109818
24.400247156620026
15.729490637779236
14.243548572063446
21.425243318080902
13.602856397628784
23.049182891845703
17.056276082992554
13.71197161078453
18.400978684425354
19.79169201850891
26.772998213768005
21.590145111083984
17.520234048366547
20.512516796588898
17.92155396938324
10.665331840515137
24.461625337600708
22.042801439762115
9.938086748123169
25.422847867012024
26.113633394241333
23.764037907123566
22.11737436056137
22.47717934846878
16.741605520248413
26.197555899620056
25.856386482715607
24.378561317920685
22.499196231365204
22.703751146793365
22.26075381040573
23.100464582443237
22.87312024831772
9.64551442861557
8.444457590579987
14.292645245790482
8.982933044433594
13.074140876531601
14.295059859752655
15.856025218963623
16.491481482982635
11.815111219882965
22.8489990234375
15.173008739948273
19.459543526172638
10.304055094718933
22.195317924022675
21.948446571826935
8.022403538227081
23.16423463821411
23.85638552904129
23.40824180841446
23.48895651102066
24.48710399866104
21.394951343536377
22.67764300107956
22.610360324382782
23.762044668197632
23.536087036132812
23.46474128961563
23.727557361125946
22.028016269207
22.095709264278412
23.25186574459076
22.496588468551636
17.535124719142914
13.329261511564255
24.42519384622574
21.713782787322998
21.721920609474182
19.8767067193985
13.706325441598892
23.03272306919098
18.907329618930817
10.848073303699493
25.066305458545685
19.880971372127533
18.093002200126648
8.775010138750076
25.022378981113434
18.39893388748169
16.459677517414093
19.278111398220062
16.764630436897278
19.732921361923218
17.780687034130096
14.310545325279236
26.24157404899597
20.13175618648529
16.32812911272049
12.871772438287735
25.42283570766449
17.715253353118896
14.295514404773712
20.44108361005783
13.876854062080383
21.53848087787628
13.506878852844238
22.103920996189117
15.271477460861206
14.891446650028229
17.16553431749344
13.416200816631317
14.298107624053955
13.168191373348236
7.132511496543884
23.577619194984436
10.120102941989899
25.58094424009323
25.465398728847504
18.486798584461212
14.988298058509827
24.768415987491608
16.839797973632812
14.277995526790619
18.337939620018005
15.966621100902557
8.05821543931961
24.571493566036224
18.548021852970123
15.00697660446167
21.262123703956604
7.421883404254913
26.051690101623535
22.174319982528687
19.586603105068207
14.415111601352692
8.204649239778519
5.182042181491852
2.1528259962797165
12.0029636323452
7.423439592123032
6.734179764986038
2.731294386088848
13.920648366212845
8.403660714626312
5.097650468349457
10.82132363319397
8.872238397598267
13.650684505701065
8.918193697929382
11.286878168582916
11.061074614524841
7.154512137174606
19.198398232460022
13.968258738517761
6.174034655094147
23.236506819725037
8.822737753391266
21.6824272274971
13.309260159730911
10.911076158285141
16.23397010564804
8.439524173736572
19.676066279411316
12.480699956417084
9.744506239891052
19.26168954372406
16.268183648586273
7.031679719686508
22.565432906150818
16.11591672897339
13.456988155841827
21.724028766155243
17.760526716709137
10.302710622549057
25.904975593090057
21.27490544319153
16.768899500370026
11.815358817577362
23.769587874412537
10.42858675122261
24.80154126882553
25.16595494747162
24.805046319961548
24.74928241968155
14.043744504451752
8.725942581892014
21.666178941726685
15.55646550655365
10.110273361206055
22.281431257724762
19.19026470184326
7.940372973680496
9.399131923913956
10.796758204698563
7.8145314157009125
17.154305338859558
14.481374323368073
7.972147077322006
20.11248469352722
16.25740158557892
16.098332822322845
14.71840637922287
21.532895863056183
13.621850728988647
9.832633525133133
23.261653780937195
15.199675858020782
13.684178590774536
17.201029062271118
18.11068868637085
8.473572701215744
25.005579352378845
19.45271372795105
16.41073828935623
20.591747760772705
12.836887389421463
25.055527687072754
21.510975062847137
21.95438951253891
19.703176200389862
26.079735815525055
22.407645165920258
20.900065898895264
10.331298619508743
25.379610002040863
23.326254844665527
10.901436477899551
7.699487537145615
23.742794036865234
9.972743600606918
26.155546188354492
22.193638861179352
24.446925222873688
25.312173306941986
24.898386895656586
25.647485435009003
26.168246626853943
26.058102905750275
24.762651026248932
8.37213534116745
25.3014155626297
11.88540768623352
26.01824814081192
25.402061939239502
25.35426765680313
26.113743841648102
26.117241978645325
25.89614975452423
24.800943613052368
25.305865585803986
25.864992678165436
25.412319660186768
25.051350951194763
25.706170439720154
25.071095764636993
18.9761363863945
13.672308295965195
23.120927214622498
19.457293570041656
12.319860190153122
8.399595618247986
9.78594371676445
9.397021293640137
9.240402281284332
11.411892592906952
11.11568945646286
10.059296399354935
11.727483958005905
10.329136282205582
8.823173373937607
10.495659351348877
11.231826931238174
14.457479298114777
13.887229144573212
19.088327825069427
17.123593628406525
19.048592686653137
16.66927146911621
19.592153906822205
14.252561092376709
19.227263629436493
14.75354915857315
21.60018789768219
15.191584646701813
11.199046015739441
9.562858939170837
10.225579887628555
12.686940014362335
14.138412356376648
13.134139269590378
21.23176509141922
14.405920535326004
14.596737205982208
11.183427035808563
17.548139095306396
11.162316769361496
19.788740694522858
10.59293407201767
12.686637461185455
10.347379237413406
18.998401284217834
13.906105637550354
20.260586738586426
13.125370442867279
10.349480330944061
10.543682366609573
11.773244470357895
9.720478624105453
12.353953003883362
9.287139624357224
8.129310369491577
23.269271671772003
14.258120357990265
25.543348729610443
26.128548979759216
13.726723730564117
24.47526788711548
25.621771574020386
26.124723374843597
24.54615670442581
24.474886536598206
25.580860376358032
25.129346668720245
24.977491080760956
24.633319675922394
18.946586787700653
25.435751974582672
16.34831804037094
10.316628009080887
8.33718627691269
23.659662663936615
10.792942017316818
5.711477428674698
21.053224444389343
13.969005465507507
7.433189541101456
18.68702507019043
16.538943648338318
20.418979346752167
14.713460922241211
24.58618187904358
14.72206312417984
25.34394520521164
25.450716018676758
24.378736972808838
24.20464414358139
14.899588167667389
25.396746039390564
26.60274302959442
26.68904572725296
26.351449131965637
25.287983000278473
25.742505371570587
25.125584840774536
25.102078318595886
25.145459353923798
25.38919025659561
25.350820302963257
18.519336581230164
16.24655967950821
16.600822806358337
15.370929539203644
17.681877434253693
17.500578105449677
21.12318730354309
18.25605410337448
16.163265883922577
18.13908213376999
22.97297328710556
15.750688195228577
23.49734115600586
14.478355348110199
11.385951280593872
23.603894472122192
14.568362832069397
9.395310997962952
24.72515082359314
18.233612060546875
16.005498468875885
16.48441982269287
16.622758209705353
18.4673935174942
15.68289852142334
11.179080784320831
20.870653688907623
17.283321797847748
22.031022429466248
16.65088802576065
23.160017132759094
14.233254075050354
18.535365521907806
12.549438893795013
20.828520476818085
13.48624762892723
21.996526420116425
11.82682865858078
18.56757289171219
10.679354041814804
22.491679668426514
9.581357449293137
9.931362003087997
17.5500790476799
12.46978697180748
21.044582903385162
11.724880754947662
25.472390055656433
23.664908587932587
22.61543381214142
21.88770353794098
20.650003373622894
23.212351381778717
21.282115697860718
12.235342293977737
24.383250951766968
23.809767723083496
24.04639858007431
23.404250741004944
12.015211969614029
24.294134855270386
16.378333628177643
24.894357800483704
24.104888021945953
23.74319452047348
23.953603982925415
22.880492985248566
23.68351101875305
23.4832444190979
11.770160973072052
23.82380110025406
23.840629994869232
23.897777140140533
21.928284525871277
24.302030980587006
21.17169016599655
20.39532780647278
25.12689632177353
20.7125141620636
21.212780594825745
21.617685675621033
22.492781460285187
19.30281412601471
23.50659888982773
16.8819939494133
13.568330615758896
25.50060659646988
18.586329519748688
14.700820565223694
25.02416855096817
14.606231689453125
25.925689160823822
17.28406947851181
17.904712975025177
19.025366246700287
19.812409818172455
12.931229174137115
25.516378164291382
24.547167241573334
19.107139766216278
21.930656731128693
19.7961944937706
21.780545592308044
19.42934948205948
21.617761433124542
19.281467616558075
21.74865823984146
19.535830914974213
23.11683624982834
20.730974078178406
21.429141104221344
19.130891025066376
21.987482011318207
20.927734673023224
19.82636731863022
21.93941819667816
15.997306644916534
24.100356817245483
22.820043921470642
21.42098695039749
21.323146402835846
19.84723609685898
9.842582046985626
26.394582629203796
24.484228193759918
22.71783345937729
20.843287408351898
21.990518450737
20.104737997055054
24.759352684020996
21.60492503643036
20.695455074310303
22.795330047607422
18.469850420951843
26.193539798259735
18.008067667484283
26.10594791173935
25.355605840682983
25.46701753139496
24.86303347349167
25.176206469535828
12.915378153324127
25.638828933238983
25.84404170513153
17.448321402072906
10.5447718501091
22.00377529859543
16.080119848251343
9.81002226471901
22.95970618724823
15.471491038799286
16.06110429763794
22.766621470451355
19.66076409816742
19.029445707798004
14.924462378025055
17.66662573814392
20.06193917989731
13.734936356544495
23.09631723165512
21.459297716617584
19.095199584960938
20.78761738538742
18.638180911540985
20.324194610118866
15.76627492904663
22.85969316959381
22.413929104804993
10.648070901632309
24.392930269241333
10.740022599697113
23.47281503677368
22.70566302537918
21.779885947704315
21.306171417236328
21.89726597070694
22.94191950559616
20.700961709022522
22.166898250579834
20.663494646549225
22.762541115283966
22.3297261595726
21.95632404088974
18.53375494480133
24.680703699588776
25.620300471782684
13.565066516399384
25.052730441093445
23.544061422348022
17.224749326705933
22.73778522014618
24.612147450447083
24.46476972103119
13.22133782505989
23.69967818260193
24.865704774856567
11.689629077911377
24.171263813972473
24.394806027412415
22.762151777744293
19.18173736333847
24.71984726190567
24.338624835014343
25.11467307806015
23.921163856983185
13.017459124326706
24.6402428150177
9.506694465875626
24.18338370323181
24.684347093105316
25.773847222328186
25.051985681056976
24.769683122634888
24.406590700149536
24.79209065437317
25.48418092727661
25.66647118330002
17.70033949613571
24.544449627399445
23.647069811820984
22.79857975244522
22.77383714914322
17.749814569950104
25.498580157756805
12.994818776845932
24.720018088817596
25.085005700588226
24.611553370952606
23.508962869644165
22.75139319896698
22.923806726932526
22.77062451839447
14.417673140764236
23.28192287683487
25.19428128004074
25.365271985530853
24.81175434589386
25.163586854934692
23.83134216070175
25.870449662208557
25.182077527046204
24.402375280857086
17.78343516588211
13.82044905424118
14.782559096813202
21.335738360881805
13.582765400409698
25.808272421360016
17.43260884284973
12.204422503709793
25.843750715255737
19.437726974487305
20.331908464431763
21.32062590122223
18.576186299324036
17.662977397441864
10.363351136446
24.134836494922638
18.280390918254852
10.278344839811325
8.420088946819305
15.551132559776306
9.54456976056099
18.63543450832367
11.154471814632416
9.973046600818634
18.105749130249023
10.269723802804947
9.420576632022858
15.166555881500244
11.207398027181625
19.037096798419952
12.143600136041641
8.691568315029144
19.43177342414856
13.18152329325676
8.058250963687897
20.533994495868683
17.595168352127075
18.43283325433731
15.124166250228882
15.691498577594757
14.578058898448944
12.461640655994415
19.213959753513336
18.998308062553406
12.739206314086914
21.044461965560913
17.007417857646942
15.059289157390594
9.132275491952896
17.52815842628479
15.024302065372467
16.553736865520477
9.596153616905212
5.724118277430534
22.780337154865265
10.399885684251785
19.58411407470703
9.29737651348114
24.9223809838295
9.637333482503891
6.943412497639656
13.75737863779068
11.124709367752075
17.83625054359436
9.739837408065796
25.205024242401123
20.41981029510498
20.366074442863464
21.438085615634918
19.02402037382126
22.21521818637848
12.386181354522705
24.253373503684998
21.897232711315155
22.22385936975479
22.36738556623459
22.05980098247528
14.3188756108284
24.67294430732727
22.592389404773712
22.00700092315674
21.480578005313873
21.55319708585739
21.43422371149063
12.59863555431366
25.270427644252777
23.058074831962585
22.84084302186966
22.11043280363083
15.653777837753296
11.396514177322388
10.899733424186707
16.222639083862305
13.273928374052048
20.557705342769623
12.620271295309067
20.573845386505127
12.951408624649048
19.77516347169876
13.308352202177048
18.67638385295868
15.069401204586029
10.402014285326004
11.910255759954453
11.97233259677887
8.74950110912323
6.824438318610191
8.701532781124115
5.292389139533043
21.449051201343536
9.775784701108932
7.712427407503128
20.72770619392395
10.049255669116974
6.693613141775131
21.985118329524994
12.142052918672562
10.979209065437317
8.29343631863594
13.104672253131866
5.343732565641403
19.61653906106949
11.756443351507187
9.80429595708847
9.207192480564117
9.98699364066124
9.361567676067352
11.557166814804077
7.378721386194229
15.490481734275818
13.893152892589569
7.5070465207099915
21.059442043304443
14.666312456130981
17.046529352664948
10.903419643640518
24.614128291606903
10.515870749950409
24.232422649860382
17.60561180114746
13.051074624061584
11.025542050600052
19.98995143175125
14.089082598686218
11.417854994535446
15.549818575382233
12.35742074251175
21.646573662757874
13.948454022407532
11.186812430620193
7.977797150611877
17.191925704479218
10.984583139419556
5.967292129993439
23.591601312160492
10.46075189113617
19.66446179151535
12.406011134386063
19.183583915233612
12.032850116491318
24.6130810379982
8.132179975509644
25.84391450881958
11.323919355869293
26.08493846654892
25.63830804824829
25.715990960597992
25.854501724243164
25.501599371433258
25.73672115802765
15.346124410629272
10.537487536668777
19.50818783044815
16.915402233600616
16.695958137512207
17.27994793653488
19.914316713809967
13.75910472869873
19.30963045358658
11.917787671089172
21.433928966522217
20.024149656295776
21.341463565826416
19.200008869171143
18.785423398017883
16.43621075153351
23.160731196403503
18.41959673166275
9.621319442987442
24.847109079360962
23.2854026556015
19.710196673870087
22.81336361169815
20.514733731746674
12.287897616624832
23.374051988124847
20.82002705335617
19.602454245090485
12.527661830186844
18.446719646453857
22.515007495880127
12.960744440555573
8.503843814134598
8.327640742063522
9.013747841119766
12.471691191196442
9.487658649682999
16.706707239151
7.042945981025696
5.480874300003052
14.583263754844666
12.169343441724777
10.409369021654129
5.90334016084671
6.198834672570229
10.56611517071724
6.892140313982964
15.844212591648102
15.82376891374588
13.550154477357864
12.553853392601013
13.817536324262619
14.826348781585693
7.803085416555405
24.031139135360718
14.175233483314514
16.044062733650208
15.800882279872894
20.04345464706421
15.159122169017792
8.833441287279129
22.225445210933685
17.58445554971695
19.00580585002899
14.619776010513306
18.82006561756134
16.478310763835907
15.916406512260437
12.632534861564636
24.714028894901276
16.167093694210052
11.11707615852356
16.488988876342773
16.63524466753006
17.600725769996643
16.759195387363434
18.122990310192108
16.820777475833893
16.41292977333069
17.116090178489685
17.224817216396332
16.383011162281036
14.845073819160461
22.3071431517601
17.14668333530426
22.289125561714172
17.806594669818878
19.136292576789856
19.205466270446777
18.235957980155945
18.659653902053833
15.457849025726318
17.526758551597595
17.08355212211609
19.994867026805878
16.996362924575806
17.84233546257019
16.139221847057343
22.677866280078888
13.495874047279358
22.74651324748993
21.101486444473267
19.864584982395172
19.935105741024017
19.662567853927612
19.95165729522705
13.42558154463768
8.686878591775894
22.189955472946167
15.166201770305634
11.722995936870575
15.565608024597168
15.235727965831757
12.502428233623505
18.412931859493256
12.724872499704361
18.89104163646698
16.09136402606964
18.16191852092743
12.995693176984787
9.906714111566544
21.160874903202057
16.12626475095749
15.044809460639954
15.570432007312775
23.387114882469177
12.873056590557098
19.62799596786499
14.15040636062622
12.423819810152054
17.889769673347473
14.931538999080658
19.52767014503479
11.238405525684357
8.025971382856369
24.027142107486725
9.299191296100616
9.169236719608307
15.824127793312073
11.382695704698563
12.647738605737686
16.812967717647552
14.78323382139206
11.50904193520546
13.407072812318802
14.480332791805267
14.71512222290039
12.3173468708992
13.239549338817596
16.222394824028015
21.646007180213928
14.083195388317108
26.309460401535034
25.678470730781555
24.188102662563324
22.2103813290596
22.865077912807465
23.39328235387802
22.718249082565308
12.121885478496552
25.64635330438614
25.0030859708786
22.954674780368805
20.57470053434372
24.689221024513245
22.29889088869095
23.402007162570953
13.977611303329468
25.559376120567322
25.762838304042816
25.914983689785004
13.078420490026474
12.907598704099655
23.061774969100952
17.181654393672943
18.554073929786682
16.442740201950073
17.169425070285797
15.791072010993958
18.322551608085632
16.768700659275055
23.2247211933136
13.731560438871384
25.97570699453354
25.827720522880554
23.276581645011902
24.69134622812271
23.909501552581787
24.34401285648346
24.153423190116882
24.301409542560577
23.540120244026184
23.691998183727264
24.918616890907288
23.48975157737732
23.503972947597504
24.260451078414917
9.648072510957718
25.420274138450623
24.053457379341125
25.407250821590424
24.446713089942932
19.089612543582916
25.67197835445404
25.80750870704651
23.48128193616867
22.1714950799942
25.824098706245422
26.185167908668518
25.610888838768005
26.195946156978607
26.559363186359406
25.15630578994751
24.850215017795563
26.329795956611633
25.546351075172424
27.075316905975342
26.396731793880463
25.940164148807526
26.066134214401245
15.59071809053421
13.987102210521698
18.107661485671997
17.79657208919525
13.48017993569374
21.384774804115295
18.80614984035492
15.44032484292984
18.54604333639145
13.300209879875183
23.008371829986572
19.230253517627716
9.64326325058937
21.999279141426086
13.16814336180687
9.326294213533401
14.645546555519104
14.02918541431427
15.226954936981201
16.220724761486053
14.906270980834961
15.19255644083023
10.774344623088837
19.155121445655823
11.438742637634277
22.09856218099594
19.119074404239655
19.204585790634155
13.904857635498047
12.388146787881851
21.059198260307312
13.04818680882454
24.045680344104767
21.497075021266937
20.676982939243317
9.318540066480637
25.745162785053253
12.556675553321838
25.111759662628174
25.565704345703125
24.953246593475342
24.932030260562897
25.389490008354187
24.5013188123703
15.478610754013062
25.795881390571594
25.70164430141449
15.630905389785767
25.230785191059113
12.640090674161911
25.73154067993164
26.55668830871582
26.24300527572632
25.250353932380676
25.940587282180786
24.74532550573349
14.177871465682983
26.26438719034195
25.101655423641205
26.3041672706604
25.71148407459259
26.242917478084564
26.64619517326355
25.890388786792755
25.45629721879959
23.282465517520905
24.32560521364212
23.686812818050385
24.544256925582886
23.272482573986053
23.0077908039093
23.76041877269745
19.95850419998169
25.329639077186584
25.476878106594086
15.74567836523056
24.289911150932312
15.339160919189453
11.278443068265915
20.104104816913605
16.119498670101166
16.51828420162201
11.953589677810669
24.55714625120163
13.526980698108673
8.778920382261276
22.71776980161667
15.954931080341339
20.13211876153946
12.789964646100998
22.71955108642578
10.242104560136795
22.178662419319153
22.725899875164032
10.867262423038483
24.355846047401428
23.06422585248947
25.878726482391357
23.59520971775055
23.911741256713867
22.722492516040802
22.46117925643921
20.062475204467773
22.654907166957855
23.772598266601562
24.072152972221375
11.9587841629982
21.928834438323975
10.978057593107224
23.23434543609619
18.391118705272675
24.392283499240875
21.216810286045074
19.47017729282379
11.227599680423737
24.11268001794815
23.767065346240997
21.873461663722992
21.692721664905548
21.280523777008057
19.453380465507507
23.132248282432556
20.514945447444916
24.351812839508057
15.425532162189484
22.329816579818726
24.786608278751373
25.562038242816925
25.618304014205933
25.45347660779953
24.846839666366577
24.716893136501312
12.597245782613754
21.866111755371094
16.0583319067955
11.897742003202438
13.973669111728668
24.72589600086212
12.074097752571106
23.155887842178345
19.19672793149948
15.427538931369781
25.924566388130188
10.820253163576126
25.248948335647583
25.72381901741028
26.515714287757874
26.33630907535553
25.60431295633316
25.06729942560196
14.843936145305634
8.19959244132042
10.470925271511078
13.143163710832596
15.848858773708344
14.036253571510315
21.397315621376038
14.048511803150177
21.9192795753479
12.433172553777695
10.16135635972023
21.664624333381653
10.48569929599762
23.681278347969055
22.126651763916016
19.034830152988434
21.243260145187378
20.231370329856873
25.038779318332672
20.19447809457779
21.52307516336441
20.269761443138123
22.35670095682144
19.08297872543335
22.31268447637558
19.41527384519577
25.675809383392334
24.046223521232605
21.458189725875854
19.007040679454803
24.757046103477478
20.223588466644287
18.873966336250305
17.02728146314621
24.409557700157166
21.947191298007965
20.81825852394104
21.728207170963287
19.8058420419693
21.825070798397064
20.317043960094452
20.650680541992188
10.757679462432861
22.753016352653503
22.046531021595
20.129425644874573
8.624756664037704
8.840580075979233
17.051630675792694
11.430329948663712
9.26741486787796
17.64352113008499
13.07572591304779
11.808991611003876
14.442888975143433
11.432545870542526
14.42442438006401
15.334908306598663
14.960795760154724
12.249348491430283
10.2865010201931
19.093973398208618
17.380365550518036
15.105881214141846
18.939193189144135
14.790982007980347
13.820737093687057
16.182822585105896
19.116870045661926
13.227920144796371
10.575461268424988
14.355641782283783
9.538295418024063
21.703226625919342
16.666053533554077
24.84681111574173
13.967108756303787
22.93417203426361
17.806013524532318
21.8792382478714
11.90023449063301
10.844256669282913
25.45420378446579
13.456054389476776
12.739734321832657
17.200857162475586
16.134318828582764
14.031625211238861
25.235366106033325
15.890988767147064
21.999988853931427
17.51361733675003
17.73855483531952
12.143203228712082
25.84184354543686
21.401745796203613
17.387458622455597
15.619985699653625
23.79124504327774
8.253240287303925
25.587529242038727
25.459962010383606
25.47801434993744
12.61030438542366
25.913741528987885
25.689417719841003
24.405696272850037
25.34766799211502
25.772552967071533
13.189465701580048
25.69039124250412
25.30132430791855
14.099473655223846
25.426213085651398
25.43834751844406
25.190928637981415
25.254607439041138
15.217947125434875
25.90481472015381
24.616165816783905
25.872712194919586
12.709449261426926
12.273705303668976
13.200635850429535
12.56324052810669
9.293215781450272
14.446171015501022
8.939016282558441
12.56458979845047
10.41903692483902
8.22625744342804
14.949660181999207
8.474046856164932
22.050097167491913
17.81799280643463
16.253338932991028
11.363521724939346
26.148043394088745
17.85893976688385
15.059682369232178
15.00017523765564
13.191602110862732
23.256900131702423
11.30823639035225
24.208056032657623
13.44080913066864
12.441965222358704
15.323594808578491
10.610455363988876
20.078829050064087
13.362449765205383
8.040314108133316
20.961045026779175
15.7640939950943
10.690536379814148
25.790223717689514
13.760264486074448
25.2956423163414
10.086382538080215
24.845588743686676
8.734772264957428
25.504969775676727
9.600122600793839
8.098232984542847
16.962417244911194
9.328510463237762
23.073138058185577
20.067212343215942
16.674289107322693
20.225797057151794
17.318357408046722
19.24276578426361
18.240076184272766
24.164824604988098
22.445189237594604
8.251816987991333
8.292182981967926
6.953007251024246
15.38997495174408
10.330465495586395
19.463151812553406
9.72064459323883
22.019835591316223
13.497252702713013
19.54400998353958
10.922290205955505
9.74573427438736
15.05685156583786
9.940620511770248
10.370198100805283
6.227008506655693
19.400910675525665
12.6632299721241
10.609778076410294
16.152629911899567
16.210641384124756
12.44166225194931
9.958192437887192
6.557571440935135
8.624975502490997
10.460598826408386
6.111831530928612
7.1304110288619995
8.307635247707367
6.118931338191032
9.750170111656189
5.915341541171074
19.912352859973907
14.686639308929443
6.22511750459671
22.652060627937317
19.254287242889404
17.951021671295166
16.850716590881348
8.525723487138748
24.253646969795227
17.347581326961517
22.685845375061035
13.880097389221191
22.508211255073547
10.228862076997757
23.831389367580414
23.348348736763
22.90979140996933
22.285425305366516
19.118720054626465
25.264415860176086
19.854461550712585
24.803634822368622
23.94551509618759
24.502994179725647
23.90938037633896
24.99138969182968
24.275300085544586
24.571947991847992
25.71390062570572
25.024218440055847
25.553988456726074
24.839224934577942
24.584245204925537
24.847332894802094
24.521732985973358
24.94945991039276
25.49606066942215
19.600019872188568
22.45129233598709
25.417100846767426
25.06651270389557
24.267359912395477
24.23276048898697
23.009425938129425
23.50906366109848
23.75193339586258
22.78209614753723
20.668733060359955
24.904076993465424
24.48548150062561
24.039621233940125
24.15647327899933
25.154793858528137
23.750302493572235
24.005477786064148
23.76707100868225
23.90781319141388
23.88640868663788
23.840944409370422
23.414383232593536
17.30484277009964
25.394230008125305
12.715158104896545
23.73808854818344
23.056048452854156
22.99577420949936
18.732937395572662
24.726556062698364
15.489174902439117
25.260862052440643
15.59625631570816
10.933015316724777
21.745751321315765
15.685362100601196
8.839188545942307
24.045177280902863
17.91808944940567
16.087268948554993
11.062208145856857
21.601076900959015
18.239682912826538
19.873702704906464
14.797335505485535
12.077629774808884
22.36777001619339
16.54050874710083
19.154812335968018
16.375056982040405
19.357284724712372
8.747274398803711
10.802022963762283
6.3893924206495285
23.005540013313293
9.466484010219574
24.872159779071808
12.691247344017029
17.84134155511856
10.016737580299377
7.093167796730995
13.918188691139221
12.400475591421127
12.273021161556244
8.994610041379929
18.758010149002075
12.896880090236664
13.846643924713135
10.234433263540268
18.80689424276352
12.178191632032394
11.467715919017792
15.977664709091187
8.324250936508179
6.633821606636047
12.321733832359314
10.529320895671844
6.823282569646835
19.987949430942535
11.684836626052856
15.290345311164856
9.283152103424072
7.457413554191589
7.92385146021843
12.61415284872055
7.067432910203934
21.153367459774017
15.475203335285187
11.913374155759811
25.27368074655533
22.476985037326813
26.0445459485054
25.543406665325165
12.939956158399582
10.509992271661758
20.615093052387238
12.20246735215187
21.074140191078186
19.875910937786102
9.771308839321136
25.201917111873627
23.006583750247955
20.870568335056305
25.653561055660248
21.325518369674683
13.814424723386765
26.4045752286911
24.101978659629822
19.44471675157547
14.197845995426178
22.675366282463074
20.07846289873123
8.907979160547256
23.638521790504456
18.203705370426178
10.69336411356926
23.106334924697876
16.369590282440186
23.049386262893677
15.688755750656128
20.047986805438995
20.030762791633606
11.927046597003937
26.00791299343109
21.81043654680252
25.953205704689026
26.60576230287552
15.287382245063782
25.77748477458954
26.422268211841583
25.576122164726257
25.29444980621338
26.039006114006042
26.005501210689545
26.058098256587982
25.642794013023376
13.558310687541962
25.531816959381104
15.677321970462799
11.332128047943115
17.21588510274887
16.042397260665894
15.868129789829254
16.56103378534317
17.335907757282257
15.382346987724304
16.936965882778168
15.28413474559784
15.610594153404236
16.179604172706604
18.5169997215271
15.084691882133484
14.83890837430954
15.59269255399704
15.605794727802277
16.425657510757446
17.475169956684113
15.140627562999725
19.377527356147766
15.577797710895538
18.83420103788376
15.197072505950928
19.441296219825745
14.433147728443146
17.48611068725586
12.803327441215515
11.741311579942703
15.095014214515686
16.561741411685944
18.261138677597046
17.44291514158249
17.358985602855682
14.331900894641876
18.211552679538727
15.484548211097717
17.02363508939743
14.085838198661804
17.242617070674896
14.854425251483917
16.303681194782257
12.549857825040817
16.50914376974106
12.31549459695816
9.454999655485153
19.37566339969635
14.409359514713287
12.950997918844223
13.468391716480255
17.70127958059311
13.083534330129623
13.332748234272003
14.504797279834747
9.898586988449097
21.525422036647797
16.76888018846512
14.336555480957031
20.55001676082611
15.530326962471008
15.835390508174896
15.196887850761414
19.069630563259125
15.889603614807129
14.141058951616287
23.809859693050385
10.977753281593323
11.21777057647705
19.551036298274994
13.931675910949707
14.232570111751556
8.47841888666153
22.144237279891968
7.493760287761688
6.452495813369751
6.957673951983452
15.251468241214752
8.124375402927399
24.82051521539688
6.29792457818985
25.734406888484955
26.274560868740082
25.549309253692627
25.639694392681122
15.195853352546692
25.223546981811523
14.354625076055527
24.59142518043518
10.158822268247604
24.34667146205902
17.545041859149933
13.33520632982254
25.082538187503815
16.96435111761093
20.739503741264343
12.667977392673492
11.509538650512695
8.33816197514534
20.28395187854767
11.323298513889313
16.776155054569244
10.764706164598465
16.615752816200256
20.439379453659058
11.637368589639664
16.599742233753204
10.54812902212143
7.683572590351105
8.66898688673973
5.237727910280228
23.024575293064117
15.412008166313171
10.586949467658997
14.772618353366852
12.281145542860031
16.945955276489258
6.0779630690813065
25.588346540927887
17.51147425174713
16.985785841941833
15.537841379642487
20.54805737733841
19.200711369514465
16.766347646713257
18.93606972694397
15.76880156993866
10.425688773393631
22.839689254760742
16.364122450351715
20.581132650375366
17.147963881492615
17.888360381126404
16.294876992702484
15.45093685388565
18.690229654312134
14.678619265556335
20.767211139202118
10.775259286165237
23.773703455924988
6.401992946863174
25.26057207584381
7.274411141872406
26.01974856853485
23.531360030174255
21.79974591732025
19.18280518054962
20.818326711654663
16.347760140895844
9.849673420190811
24.89083617925644
15.271754384040833
17.014787197113037
11.236860394477844
23.84021806716919
11.83683916926384
25.15545779466629
24.76285833120346
11.730728507041931
25.605202734470367
24.37844967842102
24.713367342948914
25.894640028476715
14.39680564403534
25.822121381759644
15.83890849351883
25.05537861585617
25.768194377422333
25.75023716688156
26.3582763671875
26.379983127117157
26.20503532886505
25.500846207141876
26.3957502245903
19.815307557582855
25.489871621131897
22.93747615814209
22.80702495574951
21.68115758895874
21.37348449230194
21.70330774784088
20.731732428073883
20.759898126125336
20.182254672050476
23.083767533302307
19.88217169046402
23.58752405643463
21.690267205238342
22.768709003925323
21.472860515117645
21.687348544597626
21.238316535949707
15.154309272766113
26.050207436084747
23.708401024341583
22.6216082572937
12.22729417681694
24.967460095882416
26.518466532230377
25.11987656354904
25.38838642835617
25.41317892074585
24.60660719871521
24.726367115974426
25.573362410068512
27.183897376060486
25.97474193572998
26.11057412624359
26.174967169761658
26.079173982143402
25.72250336408615
25.361121833324432
24.89507281780243
24.591939687728882
26.497434556484222
25.146133720874786
25.457255840301514
13.855800300836563
25.399717032909393
25.343866169452667
24.944595873355865
25.118150532245636
24.618495643138885
25.812838077545166
24.640561163425446
25.234967291355133
24.61470752954483
26.11604356765747
17.095211684703827
25.93532693386078
25.593345165252686
23.349180161952972
27.002744555473328
25.77590173482895
26.69294399023056
25.688660323619843
25.638526797294617
26.309163570404053
26.361650466918945
24.759553134441376
25.403097093105316
25.583441078662872
25.47240138053894
17.119630455970764
26.24154633283615
26.417919754981995
25.172607958316803
14.405550599098206
25.79276692867279
25.68469661474228
20.81195878982544
19.61333739757538
22.04966402053833
17.192710757255554
25.588774144649506
17.010206282138824
24.032033562660217
14.81308138370514
26.01493489742279
17.58350133895874
23.957126557826996
15.457428932189941
25.521961987018585
17.53977334499359
26.04537695646286
13.177372723817825
26.205626785755157
13.378463447093964
13.91618001461029
17.36053854227066
14.064415395259857
15.423611998558044
14.440367817878723
22.85404896736145
18.13286465406418
24.675880789756775
20.76823717355728
16.67577415704727
11.944680780172348
24.830864429473877
23.37246745824814
26.16691678762436
24.53777766227722
25.097188770771027
21.29756212234497
24.161025047302246
25.389174580574036
13.016404300928116
24.978200018405914
25.44843077659607
26.31905597448349
15.903881549835205
25.399542212486267
14.240094065666199
25.941887497901917
25.012509644031525
25.43101704120636
25.230371832847595
25.184643626213074
24.360606133937836
24.592944264411926
13.889898240566254
14.130849480628967
16.857893347740173
12.769676953554153
24.58659440279007
20.42079210281372
16.424175322055817
10.222650349140167
23.569594025611877
17.336379408836365
14.939943611621857
23.656475722789764
18.509175717830658
8.742387622594833
25.629661083221436
22.820654034614563
19.84181773662567
21.369692862033844
18.11884593963623
8.579545855522156
24.654591619968414
16.511731922626495
13.228080838918686
25.624491155147552
24.63986760377884
16.19041657447815
19.942623615264893
15.481845200061798
25.186450123786926
23.694435477256775
20.51892614364624
21.844999134540558
17.620481252670288
24.660752296447754
15.73729783296585
12.393373191356659
25.854053258895874
16.669956624507904
16.06436288356781
25.8181112408638
13.265325337648392
26.273386597633362
26.399819135665894
26.415318310260773
16.95443630218506
25.807565093040466
26.66267967224121
26.437730729579926
26.08294177055359
26.23738342523575
26.187701106071472
20.727447152137756
26.543130099773407
24.974107086658478
24.824113488197327
25.783103108406067
16.354686856269836
23.946206748485565
24.730657935142517
24.88633680343628
11.224087685346603
25.97138202190399
9.458451986312866
9.286310136318207
16.68079847097397
12.344311028718948
11.131023675203323
6.675082862377167
22.28802901506424
15.366871893405914
7.758754372596741
22.353529036045074
18.11973810195923
17.665008008480072
13.734400928020477
25.26450091600418
14.879323959350586
22.454807460308075
15.316635131835938
26.03807920217514
13.542609214782715
20.661375761032104
18.168238520622253
15.7394437789917
14.005490601062775
23.92619490623474
