2.998897783458233
3.390178084373474
1.8314223550260067
1.965725615620613
1.916815035045147
1.8022749461233616
2.2992975413799286
1.9730955511331558
2.5060707703232765
2.3691031709313393
2.7941258996725082
2.4265880957245827
3.18619417399168
1.8369597643613815
1.5639141611754894
1.2735479101538658
1.8194040805101395
1.8965345323085785
1.852514948695898
1.7954223901033401
1.9549818187952042
1.4649514555931091
1.7846607081592083
1.6911325938999653
1.3225345015525818
1.4593328349292278
1.836558386683464
2.3291177600622177
1.268844235688448
1.4402366131544113
2.5503025129437447
1.7178498469293118
1.3448708914220333
1.5520693808794022
1.7403060644865036
2.0368343740701675
1.5982503481209278
2.3325771763920784
2.2693636417388916
1.8058805838227272
1.7886102795600891
2.4325449988245964
2.2014411091804504
2.244460217654705
1.9074098989367485
1.8240880444645882
1.7208572551608086
1.6105615757405758
1.2843744046986103
1.859514519572258
1.3505583703517914
1.728582352399826
1.4817392230033875
1.5630334950983524
1.0324390400201082
1.5658431388437748
1.3414857871830463
2.1311766281723976
1.768531333655119
1.605177216231823
1.5749520286917686
1.4742633625864983
1.7417693361639977
2.3095212504267693
1.3747796453535557
1.593961451202631
1.1824681088328362
1.3974154815077782
1.238509465008974
1.1701183058321476
1.705871857702732
1.4344703145325184
1.3462073542177677
1.4347819834947586
1.413436934351921
2.152109205722809
2.0151133239269257
1.7320092469453812
1.8875114545226097
1.9089401550590992
1.329554844647646
1.2900663316249847
1.597186155617237
1.6426827609539032
1.6441627033054829
1.255444711074233
1.5412973575294018
1.3978705406188965
1.603322058916092
1.57631441578269
1.4049957394599915
1.7762736827135086
1.497415218502283
1.1155256070196629
1.808025248348713
1.2139540202915668
1.352949619293213
1.3506129458546638
1.5096918269991875
0.9322435185313225
1.1951345726847649
1.5771890059113503
1.5332207828760147
1.2772992327809334
1.5671989656984806
1.3875497616827488
1.2032069750130177
1.8189809694886208
1.3916426375508308
1.3680386058986187
1.1129249148070812
1.487412165850401
1.5409949198365211
1.3293998017907143
1.7623281367123127
1.3088688366115093
1.1696189157664776
1.8679153770208359
1.611531637609005
2.1051229536533356
2.0550774559378624
1.5008694641292095
1.3014136590063572
1.3481672331690788
1.4674656987190247
1.4008186608552933
1.5620958358049393
1.3905217200517654
1.433120395988226
1.7368075512349606
1.4869885668158531
1.262226365506649
1.7640139311552048
1.266547191888094
1.3488005585968494
1.4232657551765442
1.09572122246027
1.391774695366621
1.7132753655314445
1.6796518601477146
1.4755257591605186
1.8681618869304657
1.584271378815174
1.8079654052853584
1.6130667924880981
1.6290364377200603
1.4408545680344105
1.6975342705845833
1.3285387195646763
1.1633496060967445
1.2530010528862476
1.271001048386097
1.182605467736721
1.1384210176765919
1.8550452999770641
1.3182391114532948
1.9311655834317207
1.2443837635219097
1.3041986860334873
1.4568382315337658
1.576443362981081
0.8455217182636261
1.196122083812952
1.0598919838666916
0.801661541685462
0.8482687883079052
1.433010771870613
1.353685487061739
1.9819334149360657
1.6681964881718159
1.687826283276081
1.541493121534586
1.2303360402584076
1.6390327960252762
2.4193198457360268
2.112323075532913
2.7107674032449722
1.909356378018856
1.4700375609099865
2.0808415338397026
2.1443758606910706
2.5877874568104744
2.26650121062994
1.874337375164032
2.4176804274320602
1.35731590539217
1.16380824893713
1.3441888466477394
1.4277792125940323
1.0476016663014889
1.293471783399582
1.2090737372636795
1.4112906455993652
2.4744216725230217
1.6444679684937
2.102582160383463
1.6209722086787224
1.6846641898155212
1.5126968510448933
1.678546268492937
1.0943297110497952
1.1612179204821587
1.910721831023693
1.430812757462263
1.6918061599135399
1.8775845058262348
1.0174467898905277
1.037723122164607
1.750629149377346
1.1965701840817928
1.3141476958990097
1.10465107858181
1.4848613627254963
1.5188462175428867
1.555711418390274
1.6584285832941532
1.7140438966453075
1.3975942097604275
1.9283045753836632
1.6665110290050507
1.9046881943941116
1.6463040187954903
2.2034619003534317
1.3298507779836655
1.671812728047371
2.4977069422602654
1.1402786374092102
1.6781419664621353
1.4583050459623337
1.6862776018679142
1.1947068516165018
1.2049000076949596
1.5335893630981445
1.8356150276958942
1.9031720459461212
2.0179412588477135
1.7654742561280727
1.256488785147667
1.69366604834795
1.3687899596989155
1.885359488427639
1.54465501755476
0.9591204095631838
1.8315423987805843
1.537291120737791
1.1944840289652348
1.9851352870464325
1.2596795335412025
1.5608483254909515
1.369021087884903
2.172394372522831
1.6687236428260803
2.273159399628639
1.4843273535370827
2.465734511613846
1.794429149478674
1.6550920270383358
1.7632375992834568
1.669267501682043
1.5006782114505768
1.8235510662198067
1.4395125359296799
1.586094155907631
1.341507788747549
1.6659363955259323
1.1388182528316975
1.2989207208156586
1.406970001757145
1.2939889654517174
1.336875043809414
1.484629638493061
1.4157197140157223
1.310420148074627
1.3473584242165089
1.5440928936004639
1.0561126060783863
1.6659995093941689
1.5591625683009624
1.401088122278452
1.296257346868515
1.7484696507453918
1.1546244770288467
1.486201100051403
1.5500337146222591
1.8793926760554314
1.3141954205930233
1.8253159523010254
1.5258241519331932
1.7249977886676788
1.6477484628558159
1.5547521337866783
1.4609926119446754
1.316993586719036
1.8305125534534454
1.2873203121125698
1.4954406172037125
1.011180218309164
1.233323760330677
0.9529053457081318
1.294172003865242
1.3745492175221443
1.8740579783916473
1.1099000796675682
1.344840593636036
1.3278476782143116
1.329518273472786
1.4473344273865223
1.3707381449639797
1.6131986752152443
1.0609798841178417
1.6678492613136768
1.5774746760725975
1.2130502872169018
1.8861185312271118
1.3519695438444614
1.5012069903314114
1.6722903028130531
2.0996734723448753
2.303942047059536
2.632871374487877
1.784165684133768
2.209400177001953
1.827846173197031
1.3211536183953285
1.157121554017067
1.3985951282083988
1.6480306573212147
1.4655601307749748
1.423433605581522
1.9108431488275528
2.387663446366787
2.071852333843708
1.7765607610344887
2.4845835715532303
2.1541264057159424
2.0106546357274055
2.242897793650627
1.6807410418987274
2.3369967117905617
2.302471861243248
2.0863280594348907
2.536071114242077
2.3263281881809235
1.9985227137804031
1.12731596454978
2.0900057777762413
1.8421040996909142
2.7115919962525368
2.2086390033364296
1.6585821323096752
1.8510183058679104
1.4581264778971672
1.6967348828911781
1.4580966904759407
1.3355622738599777
1.6484702676534653
2.1238934844732285
2.353336200118065
1.3521678522229195
1.7744398303329945
1.1065360940992832
1.037094485014677
1.738916128873825
1.2420269846916199
1.2123846337199211
1.6446755677461624
1.7429840303957462
2.3063435405492783
1.0286830645054579
1.0533235222101212
1.6414930447936058
1.3758284635841846
1.6600222438573837
0.9796672165393829
1.2590845488011837
1.3701331950724125
1.3119033426046371
1.3185197748243809
1.0393187515437603
1.2353155761957169
1.350371077656746
1.5148270204663277
1.065131202340126
1.361402664333582
1.4956665821373463
1.694158174097538
1.2383454330265522
1.472133882343769
1.3107339069247246
1.2904620841145515
1.8495839983224869
1.1183652952313423
1.0610991604626179
1.6939069963991642
1.3246418572962284
1.5819129534065723
1.9422969594597816
1.5821830183267593
1.3711376525461674
2.373137518763542
2.541590079665184
2.0215415954589844
1.9849098399281502
2.5400359630584717
1.9726221933960915
1.7716515436768532
1.5495098643004894
1.0518609918653965
1.3736453242599964
1.8661141991615295
1.3637506105005741
1.3554566651582718
1.2135378159582615
1.6204721741378307
1.5378601886332035
1.1522370725870132
1.1765955351293087
1.1744118183851242
1.0404551848769188
1.5302298478782177
1.2389521710574627
1.1896504648029804
1.5345530472695827
1.2362804412841797
1.650892499834299
1.47804481908679
1.3328096978366375
1.566088680177927
1.6867109201848507
1.578241903334856
1.6356051042675972
1.543084554374218
1.9284723177552223
1.18763667345047
1.5209680125117302
1.6839985102415085
1.1053420566022396
1.4300751090049744
1.6056131906807423
1.7727262824773788
1.452229630202055
1.3283817432820797
1.1363309547305107
1.0088172759860754
1.5121175460517406
1.8572948053479195
1.1709324717521667
1.6693397276103497
2.30472169816494
1.1576552279293537
1.4288511164486408
1.2759991325438023
2.0397700741887093
1.7093437798321247
1.5349135734140873
1.5761347860097885
1.9038886725902557
1.9001783356070518
1.3935879431664944
1.9960305616259575
1.5118081644177437
1.0873447991907597
1.2636009007692337
1.5722656287252903
1.030213300138712
2.0045806244015694
1.128785252571106
1.6121435388922691
1.2006776221096516
0.9474665559828281
1.3468127846717834
1.4029510654509068
1.7706201076507568
1.605559028685093
1.8783201202750206
1.6167067289352417
1.2006011381745338
1.5275797806680202
1.5319409854710102
0.8882917296141386
1.2340951785445213
0.9141371510922909
1.2106657437980175
1.177926428616047
1.330768957734108
1.560793198645115
1.2258266247808933
1.2928142994642258
1.2426145151257515
1.0634132660925388
1.3399507999420166
1.0241880603134632
1.065102245658636
1.552011102437973
1.184574093669653
1.9334098175168037
1.8199427798390388
2.109326794743538
1.3274659216403961
1.2934560663998127
1.6282797083258629
2.10206189006567
1.6527148596942425
2.2845743745565414
1.774340558797121
1.3694713301956654
1.781263716518879
1.5892820283770561
1.2751461900770664
1.7439934313297272
1.483674019575119
1.9411146938800812
1.636522550135851
1.6074677258729935
1.4514181092381477
1.8610188141465187
1.9723109975457191
1.974888563156128
1.5440384075045586
1.4803199917078018
1.6336212679743767
1.3516905680298805
1.8388098925352097
1.5541842728853226
1.4504693262279034
2.004281096160412
1.6736896969377995
1.7494680061936378
1.7079620733857155
1.9678364768624306
1.3888602368533611
1.7740468233823776
1.894456148147583
1.7260299623012543
1.2337540350854397
1.6657844558358192
1.150144673883915
1.3990283012390137
2.026193268597126
1.063165370374918
1.142642892897129
1.50987096875906
1.179741971194744
1.9475494176149368
1.1943412348628044
1.520925909280777
1.021411769092083
1.3225910179316998
2.187453828752041
1.1081770583987236
1.296057179570198
1.3584442473948002
1.3856324553489685
0.9835507161915302
1.3758003525435925
1.3452990874648094
0.9904520735144615
1.9827725663781166
1.9839385449886322
1.2856607660651207
1.4954245910048485
1.6109729893505573
1.2502915672957897
1.1865782029926777
1.34538996219635
1.3831046260893345
1.5844125635921955
1.6200061850249767
1.7103559076786041
0.9364270661026239
1.4395414665341377
0.9071774743497372
1.215558011084795
1.0888722613453865
1.4119511246681213
1.222448755055666
1.6136184856295586
1.2918785586953163
1.9186430647969246
1.2123393565416336
1.9761997610330582
1.260035429149866
1.103363648056984
1.2680284641683102
1.4487459175288677
1.2186770290136337
0.9942995384335518
1.0219086483120918
0.9358186386525631
1.1192741729319096
1.6943730302155018
0.9115766659379005
1.2004367336630821
1.3895041942596436
1.263246238231659
0.9835107885301113
1.5065659172832966
1.2463479302823544
1.083084737882018
1.3268420733511448
1.1634876541793346
0.8712051119655371
0.8867122679948807
1.1620810590684414
0.9573914892971516
1.0274529978632927
0.985824465751648
1.211533099412918
1.3102373145520687
1.2759533524513245
1.2372947596013546
1.0685481131076813
1.4443104416131973
1.279488943517208
1.0603674985468388
1.1146298982203007
1.1322360783815384
1.454220075160265
2.2126512452960014
1.4293553084135056
1.258187759667635
1.0828929357230663
1.5393736772239208
1.3766897358000278
1.2637963853776455
1.627065233886242
1.5202706344425678
1.7767139077186584
1.1401556804776192
1.392078459262848
2.137815088033676
1.6365514881908894
1.5165696330368519
1.1984997168183327
1.0186054930090904
1.5413396656513214
1.1525230035185814
1.3689086735248566
1.063908588141203
0.8670181017369032
1.630034938454628
1.0706104133278131
1.4400052390992641
1.7211525067687035
1.7447244971990585
1.1377756893634796
1.6308971755206585
1.2592528201639652
1.431152630597353
1.423115473240614
1.998227410018444
1.2093548849225044
1.3150967806577682
0.9151526521891356
1.6045611575245857
1.368388507515192
1.1068847961723804
0.9464588016271591
1.6090972423553467
1.0801888927817345
1.519126996397972
1.0847275108098984
1.307313546538353
1.0849405154585838
1.2500571347773075
1.1114503666758537
1.3245860263705254
1.3048572577536106
1.1541678942739964
1.323147114366293
1.5576970279216766
1.316850759088993
1.195089876651764
1.3547847531735897
1.497967205941677
1.2854422703385353
1.4586498849093914
1.285770770162344
1.2804062590003014
1.8377683535218239
1.6311442404985428
1.7985715121030807
1.3835776671767235
1.877962864935398
1.6243868470191956
1.6601830422878265
1.8950127959251404
1.1503892987966537
1.5168664790689945
1.154019370675087
1.4150514677166939
1.3920695297420025
1.1789430901408195
1.1808746233582497
1.4471351280808449
1.4198490753769875
0.98487120680511
1.2676800303161144
1.1344696953892708
1.5317880548536777
1.0283492766320705
1.7039264217019081
1.161467682570219
1.4763855524361134
1.2764284238219261
1.576574184000492
1.1965216137468815
1.1477012149989605
1.1979719027876854
1.2165276762098074
1.6565681621432304
1.2811644710600376
1.2504579946398735
1.4916457831859589
1.6728399991989136
1.3630674816668034
1.7230098396539688
0.9838967807590961
1.142191343009472
1.2769957184791565
1.7345235906541348
2.2729348689317703
1.3061725534498692
1.5796336196362972
1.879178062081337
1.4845517985522747
1.2712139673531055
1.3741755671799183
0.9451575875282288
1.376125793904066
1.7016710340976715
1.358118325471878
1.8158027604222298
1.4151313044130802
1.284169901162386
1.3188441321253777
0.9400086291134357
1.221796527504921
2.003429915755987
1.3198690973222256
1.1364643946290016
1.6408644616603851
1.1277919746935368
1.3422839492559433
1.6817558780312538
1.6828463450074196
1.420029778033495
1.8384130038321018
1.115263283252716
1.5130086913704872
1.5549271926283836
1.0856328662484884
1.1451720707118511
1.4121583439409733
1.200583066791296
1.3752987831830978
1.1626128107309341
1.353527583181858
1.532884318381548
1.5926531627774239
1.765415020287037
1.7534727156162262
1.4735139347612858
1.718443389981985
1.633690681308508
1.6504611037671566
1.465028841048479
1.1299221329391003
1.223014585673809
1.225498829036951
1.3784290328621864
1.1577000096440315
1.3564284108579159
1.4430691935122013
1.2321618683636189
1.114114597439766
1.5937140434980392
1.0626077875494957
1.1498162224888802
1.663660153746605
1.93582733720541
1.7082085758447647
2.1958828642964363
1.7084328308701515
1.6546780802309513
0.9715215489268303
1.3288879804313183
1.1121715158224106
1.270877044647932
1.504879329353571
1.424575474113226
0.980235118418932
1.0797623060643673
1.9369083568453789
1.6352903619408607
1.8477279543876648
1.8562748432159424
1.522007416933775
1.804085560142994
1.7022858038544655
1.5787852890789509
1.899743489921093
1.8657891303300858
1.7196290343999863
2.111767053604126
2.2754957750439644
2.8354385420680046
2.1154309511184692
1.7514653429389
2.0671835243701935
2.036981612443924
1.707995481789112
1.7166403234004974
1.713853381574154
1.6196196973323822
2.269470974802971
1.8193828016519547
1.470717865973711
1.410822156816721
1.2296587191522121
1.5497848577797413
0.869367266073823
1.3201414532959461
1.3388752527534962
1.3787423893809319
1.0933857783675194
1.128280121833086
1.9553979858756065
1.234691645950079
1.5057365857064724
2.0864165127277374
0.9970015920698643
2.2971196472644806
1.1525156646966934
1.4075114391744137
1.639786884188652
1.4555246643722057
1.6456120386719704
1.8617811650037766
1.5204252749681473
1.3049061670899391
1.7260178625583649
1.1916373558342457
1.408382698893547
1.3187349922955036
1.3943228982388973
1.4536985084414482
1.6343951113522053
1.3764835894107819
1.3959318697452545
1.187920268625021
1.3740508146584034
2.0345903784036636
1.4288086146116257
1.5923858880996704
1.3738916032016277
1.8487954065203667
1.745588529855013
1.9598747864365578
1.2729324623942375
1.275812290608883
1.345590628683567
1.1973646022379398
1.3186300434172153
1.3345369584858418
1.0634181387722492
1.3251239135861397
1.3186341747641563
1.4415837526321411
1.060487363487482
0.8073844369500875
1.4224417507648468
0.9719227664172649
1.1505733840167522
1.2482088468968868
1.0673718079924583
1.5419476702809334
1.0744586065411568
1.643674574792385
1.3907640725374222
1.722912859171629
1.4243488647043705
1.1904818676412106
1.0264247059822083
1.3797001503407955
1.5544085316359997
1.6612100526690483
1.4865073151886463
1.135856769979
1.3748009763658047
1.1401673071086407
1.2754114419221878
2.197469115257263
1.3133311942219734
1.4420155882835388
1.6707264743745327
1.6001807041466236
1.7665717080235481
2.0099297240376472
1.9109911508858204
2.034726418554783
1.4383621215820312
1.7019647918641567
1.5159669630229473
2.113142028450966
1.296969946473837
1.08255585283041
1.36949248239398
1.3399050049483776
1.7616402208805084
1.569401927292347
1.6108452007174492
1.5171989612281322
1.9203653633594513
1.6747574508190155
1.503884106874466
1.6583727598190308
2.1929960548877716
1.4932504780590534
2.0491472706198692
1.6091684438288212
1.1774553135037422
1.313227828592062
1.4627455025911331
1.3534505888819695
1.6668787002563477
1.7413737252354622
1.6114421524107456
1.3171326853334904
0.773002041503787
1.2827729284763336
1.2026431560516357
1.386525772511959
1.0913811773061752
0.9424964115023613
1.4326107203960419
1.4048417769372463
1.380629912018776
1.6973186507821083
1.059362381696701
1.1898472718894482
1.365628257393837
1.539302073419094
1.0023169666528702
1.991807896643877
1.237019993364811
1.1156791150569916
0.9418745972216129
1.577012736350298
1.3662367761135101
1.7109234631061554
1.6113173216581345
1.277393814176321
1.691664218902588
1.214172124862671
1.4059179611504078
1.522791277617216
1.1759329326450825
2.0637167766690254
1.8414534255862236
1.4722187146544456
1.418754119426012
1.2797017060220242
1.3031298145651817
1.8993685394525528
1.0147796124219894
2.0273502618074417
1.4041032306849957
0.8775884136557579
1.253008596599102
2.1447632163763046
1.2513257823884487
1.205412846058607
2.1437910199165344
1.0464136861264706
1.089205950498581
1.1463038101792336
0.8460119049996138
1.4264215230941772
0.794896999374032
1.823120467364788
1.8171174749732018
1.7868768461048603
2.2566443607211113
1.0208631344139576
1.9964592978358269
1.6364895850419998
1.5963633358478546
1.848883256316185
1.662719663232565
1.0309778563678265
1.6439542211592197
1.5451479405164719
2.2058809772133827
1.536305207759142
1.0225434377789497
1.1677769273519516
1.8324076868593693
1.6522792875766754
1.4155302345752716
1.7539384365081787
1.5446141213178635
2.0353454872965813
1.8397745750844479
1.5347759611904621
1.7334288768470287
1.6549719385802746
1.5001214779913425
1.469005323946476
2.04902196675539
1.7153856046497822
1.614581622183323
1.4885681308805943
1.5268312878906727
1.4205551445484161
1.3539595790207386
1.565194956958294
1.6676389575004578
2.1320559829473495
1.7167658507823944
1.5121404267847538
1.4841940440237522
1.599814172834158
1.5216941647231579
1.5687323994934559
2.3074152544140816
1.4882275089621544
2.2318354099988937
1.629060734063387
1.5045100040733814
1.3010592833161354
1.7629083208739758
1.642848178744316
1.534200545400381
1.3530714102089405
1.885259635746479
1.8816429749131203
1.5752131082117558
2.02396596968174
1.223992995917797
1.6925159022212029
1.2935755886137486
1.7579962871968746
1.334751684218645
1.0294070392847061
0.9553198367357254
1.0896021127700806
1.4977234341204166
0.9905373975634575
1.6395125538110733
1.1018765605986118
1.0358793251216412
1.4105698242783546
1.8331464380025864
1.355001550167799
1.0038013234734535
1.6836983636021614
0.9408017750829458
1.2006196677684784
0.9080771468579769
1.2563144639134407
1.9692892655730247
1.0869698487222195
1.8032085485756397
1.589671440422535
1.3589632362127304
1.6134189702570438
1.3048254661262035
1.2982813529670238
2.1976860240101814
0.9556181933730841
1.6649210751056671
2.0219802856445312
1.527146302163601
2.24262922257185
1.2998414859175682
1.829106841236353
1.9344942718744278
1.1434153318405151
1.4043948538601398
1.7752530053257942
1.3753094710409641
1.1440425179898739
1.6713141575455666
1.475220412015915
1.607612483203411
1.3279449194669724
1.1596623212099075
1.7503673769533634
1.6177049614489079
1.8770048096776009
1.0580838210880756
1.5159336626529694
1.4563855230808258
1.7544142380356789
2.192244626581669
2.3966019451618195
1.7846901789307594
1.7301779389381409
1.7551117613911629
2.192361794412136
2.0083216950297356
1.5767588801681995
1.7915324680507183
1.8403898775577545
1.8995829708874226
1.6221238300204277
1.346718154847622
1.2482532374560833
1.4992323368787766
1.6178614497184753
1.4155193977057934
1.1459033004939556
1.7138299345970154
1.369794201105833
1.4159272946417332
1.2761086076498032
1.101615335792303
1.060544416308403
1.2435049079358578
1.2381274700164795
1.0934949703514576
1.78659588098526
1.384499628096819
1.9987979158759117
1.7783503159880638
0.9728020206093788
1.5879362858831882
1.9608326219022274
1.276488296687603
1.732234664261341
1.3692086078226566
1.2679011598229408
1.1221766024827957
2.045204885303974
1.557850208133459
1.4913776516914368
1.3764519579708576
1.9908796474337578
2.063225120306015
1.5814582630991936
1.837941713631153
2.003998853266239
2.034321054816246
1.5172219090163708
1.2356946915388107
1.5513351038098335
1.1040750965476036
1.4568868428468704
1.2186745330691338
1.2332073748111725
1.093170765787363
1.3363910801708698
1.035699788480997
1.7249236330389977
1.3223953880369663
1.4990490563213825
1.1786771267652512
1.0040647312998772
1.041646670550108
0.6348339691758156
1.060590498149395
0.9831597693264484
1.0077411234378815
1.3587026745080948
0.9302762597799301
1.201529148966074
1.322206661105156
0.768928887322545
1.387493122369051
1.9044023379683495
1.289919875562191
1.6386782974004745
1.2668274641036987
1.8415324091911316
1.9165984019637108
1.1487370505928993
1.336052916944027
1.1774378791451454
1.3217932730913162
0.9364573657512665
1.403690680861473
1.1395848076790571
1.1142231225967407
2.222946420311928
1.4510168246924877
1.5857666805386543
1.6753218695521355
1.1502419896423817
1.8050304725766182
1.7613569051027298
1.606472510844469
1.454555843025446
2.0383450612425804
1.8212931379675865
1.0970786288380623
0.841981889680028
1.5886753126978874
1.5349362269043922
1.110947135835886
1.5094005912542343
1.5814939700067043
1.313860148191452
0.8659584261476994
1.3677516616880894
1.6514969058334827
1.7227934524416924
1.2064535282552242
1.4512457437813282
1.1354349423199892
1.5450551882386208
1.4285395219922066
1.5839720740914345
1.163531020283699
1.512495044618845
1.3771542124450207
1.4903393723070621
1.0884833484888077
1.5061290822923183
1.657070580869913
1.4879072345793247
1.0469274632632732
1.2854580208659172
1.741357147693634
1.885702271014452
2.090364120900631
1.4257356189191341
1.530901599675417
1.3913606479763985
1.4101429134607315
2.048169493675232
1.7949854992330074
1.0227097682654858
1.3459613732993603
0.9836555384099483
1.5919792354106903
1.444533884525299
0.9899126328527927
0.8672804180532694
1.4626713134348392
1.1199109070003033
1.2880365438759327
1.1556879170238972
1.6567369252443314
0.9724546484649181
1.156416341662407
1.4616413861513138
1.5871575996279716
1.1753871403634548
1.1711593233048916
1.854860682040453
1.3568042553961277
1.19658287987113
1.1779090911149979
1.3610272482037544
1.0562648624181747
1.5783763229846954
1.0293791927397251
1.450742181390524
1.006302498281002
0.9995241984724998
1.429276380687952
1.6500903628766537
1.3885661214590073
0.9557043649256229
1.3399320840835571
1.1273219734430313
1.4080915227532387
0.9842738136649132
1.2998884208500385
1.3098681531846523
2.1638828739523888
1.3118012584745884
1.0994961224496365
1.4442238584160805
1.1068446971476078
1.1910830922424793
0.9577041268348694
0.9761346280574799
1.2047199457883835
1.459104262292385
1.6827974915504456
1.4301845356822014
1.2000134326517582
1.407741229981184
1.1880159117281437
1.262420006096363
1.826591618359089
1.3128776922821999
1.2487397901713848
1.201557893306017
1.1045856177806854
1.0223456379026175
1.927655890583992
1.332225576043129
1.5593922436237335
1.0836294703185558
1.4073022156953812
1.6585134826600552
1.4549699425697327
1.1669267788529396
1.4798716753721237
1.264765590429306
1.500906452536583
1.375949215143919
1.9992144480347633
1.6956077441573143
1.6969182342290878
2.0037616342306137
1.3663912303745747
0.9586922060698271
1.368381917476654
1.567654985934496
1.3224430568516254
1.5607654452323914
1.6808242313563824
1.2482772320508957
1.332790058106184
1.7311486937105656
1.3906951881945133
1.5660457238554955
1.7852041199803352
1.8279191628098488
1.6123775504529476
1.9724688306450844
1.5628224425017834
2.172596752643585
1.6028223857283592
1.2270261868834496
0.9694720096886158
1.3849008418619633
1.525647297501564
1.4527685418725014
1.0944041684269905
1.3509081229567528
1.3640841506421566
1.3758463263511658
1.0244787279516459
1.0958060771226883
1.528932485729456
1.815558210015297
2.1986863166093826
1.3296604417264462
1.4837303422391415
1.6106719709932804
1.2772417701780796
1.8894822895526886
1.6438798569142818
1.662948478013277
1.269404362887144
1.481051780283451
1.2623064666986465
1.5583351254463196
1.4197783060371876
1.6829593852162361
1.9338756427168846
1.5602649226784706
1.7248174957931042
1.7489008642733097
1.2936671786010265
1.3818931989371777
1.0622201710939407
1.545838337391615
1.5242056213319302
2.093658611178398
1.2443696931004524
1.071890838444233
1.4149029180407524
1.4794171005487442
1.38774836063385
1.2278792075812817
1.1250708997249603
1.1744942776858807
1.5592058673501015
1.00624505802989
1.7999663427472115
1.2238942869007587
1.5507660210132599
1.770473949611187
1.7300691157579422
1.4183712601661682
1.485893789678812
1.5419741235673428
1.6121866405010223
1.9846514835953712
2.0644095316529274
2.1490541100502014
1.375546421855688
2.155191548168659
1.8543885946273804
1.5288779623806477
1.6778390258550644
1.7320830151438713
1.4301357716321945
1.3567417971789837
1.4938489459455013
1.016511831432581
1.4603509902954102
1.57803251221776
1.1973640248179436
1.853945404291153
1.7479944080114365
1.4962702356278896
1.549251351505518
1.4954951032996178
1.8622876033186913
1.085343424230814
1.3368393070995808
1.2741006836295128
1.067733969539404
1.7499129697680473
0.9732639454305172
1.529141329228878
1.3645893558859825
1.1647046953439713
1.7988107614219189
1.1532266810536385
1.528728362172842
1.447303932160139
0.8960480354726315
1.5412117801606655
1.8211650140583515
1.522809762507677
1.2934144772589207
1.219115700572729
1.6951072216033936
2.021903730928898
1.3068967424333096
1.2504294104874134
0.9160127565264702
1.625076986849308
0.8979369699954987
1.3531107231974602
1.2244507744908333
0.8971619307994843
1.0283788591623306
1.6274872161448002
1.279361318796873
1.4325074516236782
1.488401647657156
1.7238886281847954
1.7350755631923676
1.696742381900549
1.342076737433672
1.5183774158358574
1.100882612168789
1.5877066515386105
1.020406786352396
0.8338784743100405
1.0330983251333237
1.0382264889776707
1.316849384456873
1.8648730665445328
1.340631477534771
1.4040427654981613
1.671622484922409
1.5386820696294308
1.8571471609175205
0.9800640288740396
2.2873890101909637
1.4717258401215076
1.7889386117458344
1.1571042705327272
1.675134789198637
1.345897402614355
1.2623607479035854
1.8074138686060905
1.7164591550827026
1.4883740060031414
0.877460366114974
1.2103271707892418
1.37349446490407
0.9837786294519901
1.2491984963417053
1.0834838636219501
1.3807142153382301
1.4768274240195751
1.4194601848721504
1.538379728794098
1.42976401373744
1.4136569425463676
1.4889273680746555
1.7978560253977776
1.1765274219214916
1.3138847015798092
1.2596983537077904
1.37327791005373
1.8367032334208488
1.8476735725998878
2.152893029153347
2.045758120715618
1.1455793790519238
1.2776234075427055
1.4079165868461132
1.6073732674121857
1.343831691890955
0.7861903496086597
1.0820846632122993
1.1067033782601357
1.3420884869992733
1.3624515496194363
1.3313844725489616
1.2018020153045654
1.0525994561612606
1.5141502879559994
1.558138933032751
1.553554143756628
1.3109053373336792
1.5008014179766178
1.2641537562012672
1.7128119841217995
1.777180291712284
1.3384420350193977
1.4779729172587395
1.1484535336494446
1.0168404094874859
1.0581528916954994
1.0227572955191135
1.7271336317062378
0.8432160541415215
1.0126781165599823
1.0704839453101158
1.1803385093808174
1.1434757225215435
1.451954122632742
1.0000761114060879
1.3458860144019127
1.2625561133027077
1.0611840188503265
1.141903344541788
1.3085186332464218
1.3281765691936016
0.9689450077712536
1.198225311934948
1.400714449584484
0.9124083817005157
1.8978093564510345
1.178780809044838
1.3064652904868126
1.7260355092585087
1.5902730152010918
1.0529801920056343
1.1869407892227173
1.0635544545948505
1.605806328356266
1.3760396055877209
0.9566840380430222
1.618253406137228
1.8387850522994995
1.748642548918724
1.2718608267605305
1.7533445283770561
1.4395467527210712
1.5360188223421574
1.202743474394083
1.8502091653645039
1.515852004289627
1.1064082756638527
1.024895302951336
0.9997821636497974
0.9278478659689426
1.016008609905839
1.4919412024319172
1.550241146236658
1.1216280572116375
1.2855047062039375
1.0461129769682884
1.5190727300941944
1.5595530197024345
1.1751676239073277
1.3453280180692673
1.5001378953456879
1.7052550241351128
1.8210372030735016
1.293040607124567
1.3396039307117462
1.9181272387504578
1.523860689252615
1.3855105377733707
1.6495830565690994
1.371441762894392
1.5352941416203976
1.618589110672474
1.6290839165449142
2.0059933960437775
1.0391866080462933
1.1498411409556866
1.3461464308202267
0.8024599775671959
1.0179133377969265
1.493512373417616
1.608994536101818
1.129853967577219
1.2320997640490532
1.5463811829686165
1.2066289372742176
1.4004870615899563
1.675442885607481
0.9819159433245659
1.2185355983674526
1.3651084378361702
1.7050328105688095
2.15900781750679
1.8628375940024853
1.2848426289856434
1.4526202343404293
1.4924105256795883
0.9488195553421974
1.6283066123723984
1.2893815897405148
1.6349875926971436
1.372585218399763
1.518591396510601
1.8808649182319641
1.5888153687119484
2.0642286241054535
0.6429800149053335
1.2774740904569626
1.6687472313642502
1.4393746331334114
1.6116540059447289
1.07993383705616
1.2882078513503075
1.218096274882555
1.2243090756237507
1.299505215138197
1.3593942150473595
1.6790431775152683
1.4307247214019299
1.0786502286791801
1.112378217279911
1.458007462322712
1.79905217140913
1.328960906714201
1.385299801826477
1.566455215215683
1.4814883098006248
1.2046259120106697
1.3595690354704857
1.807143036276102
1.469123549759388
1.2537864223122597
1.1734222248196602
1.3557527288794518
1.3176077045500278
1.5512235164642334
1.282771822065115
1.8160709589719772
1.5034874379634857
1.7879325598478317
1.68189113214612
1.6630788370966911
1.2158544920384884
1.9790865331888199
1.7243423089385033
1.4454909339547157
1.5442374721169472
1.7250021062791348
1.4278023540973663
1.5857367366552353
1.5935533680021763
1.6375993005931377
1.3751411400735378
1.5228324122726917
1.7031763531267643
1.1813293062150478
0.9139517638832331
1.3054002970457077
1.7642061933875084
1.4558564350008965
1.5282502099871635
1.7137723825871944
1.8297398313879967
1.4699425362050533
2.563845716416836
2.0790735259652138
2.3178367614746094
1.9955678880214691
2.1880689039826393
1.6048842445015907
1.4454329572618008
1.2932628579437733
1.7715371996164322
1.6129427999258041
1.2107227593660355
1.480559952557087
1.528734479099512
2.112206391990185
2.759181998670101
1.45328851044178
2.3285067975521088
1.8766570761799812
2.142542414367199
1.6112311445176601
1.5340330302715302
1.8434888869524002
1.2305968701839447
1.6494263261556625
1.551740262657404
1.7467726655304432
1.5605183653533459
1.2442914210259914
1.606996525079012
1.2937797755002975
1.413727693259716
1.3346985690295696
1.1835603639483452
1.400733508169651
1.2630996070802212
1.150788888335228
1.6146752759814262
1.5080915577709675
1.4462336599826813
1.487274430692196
1.338314425200224
1.1110542118549347
1.274592611938715
2.6297990828752518
1.3117808997631073
1.301414255052805
1.6034510023891926
2.0001532062888145
1.776286132633686
1.0905803106725216
1.3495559990406036
1.6079231835901737
1.1995905824005604
1.0718829967081547
1.6051081344485283
1.132969155907631
1.6923690401017666
1.194425743073225
0.9755575619637966
0.9280709773302078
1.0368959791958332
1.3756241388618946
1.6596427522599697
1.2799669541418552
1.4683219380676746
1.2131430879235268
1.2066486440598965
1.3794851563870907
1.2874859981238842
1.2240465730428696
1.1979723423719406
1.5133924223482609
1.118762455880642
1.2398362420499325
1.5150807723402977
1.7720325961709023
1.3433115743100643
1.5022519156336784
0.852386437356472
1.087207455188036
1.0757777988910675
1.0343132875859737
1.7529565244913101
0.9382512532174587
1.8762262761592865
1.6481985822319984
0.8285763189196587
0.7944322917610407
1.8954690545797348
1.40665203332901
1.3023630492389202
1.393142607063055
1.7529303394258022
1.214263942092657
1.2803517915308475
1.6064980402588844
1.4440761618316174
1.4347508922219276
1.4063724912703037
1.3669063188135624
1.5340358577668667
1.1763491556048393
1.089893102645874
1.8261434957385063
1.797430969774723
1.344746369868517
1.0040839836001396
1.3138847425580025
1.4096373580396175
1.795070268213749
1.6696237549185753
1.9169230163097382
1.6396684125065804
1.6190039701759815
1.2704406306147575
0.8353347852826118
1.6247211694717407
0.9044446423649788
1.2499145343899727
1.3762119971215725
1.1790837496519089
1.4562873840332031
1.1313604228198528
0.8731270097196102
1.1608535274863243
1.151672076433897
1.2015297710895538
1.111444104462862
1.0909043736755848
1.3123086392879486
1.3672257624566555
1.774738721549511
1.0597670078277588
1.3389987461268902
1.0236940644681454
1.9468657560646534
1.4391666948795319
1.3664847202599049
1.081694032996893
1.0223346874117851
1.04293816909194
0.9836473669856787
1.4666712433099747
1.1299929842352867
1.8756919354200363
0.9480963759124279
1.8956635817885399
1.6114964224398136
1.5868973471224308
1.2599287144839764
1.2428311668336391
2.1399914920330048
1.490550547838211
1.4774164222180843
1.9039443545043468
1.9122495353221893
1.3620915561914444
1.0491491481661797
1.894557498395443
1.3439158163964748
1.5438705794513226
2.343477673828602
2.1312869787216187
1.9508517868816853
2.6256685629487038
1.616674568504095
1.4530126936733723
1.234507903456688
1.6719782538712025
1.5319746658205986
1.5478450879454613
1.24475509673357
1.751064095646143
1.2301274240016937
1.086043018847704
1.3207774423062801
1.5965026132762432
1.5847130343317986
1.4398157522082329
1.8220663107931614
1.0874291881918907
1.615551721304655
1.3913883119821548
1.2267445586621761
1.8104724138975143
1.169923260807991
1.5783798098564148
1.2696083299815655
1.2739349566400051
1.3186383433640003
1.58211400359869
1.5687974840402603
1.2198033295571804
0.8210519384592772
1.21036858856678
1.1329851262271404
1.0680616460740566
1.3463808186352253
1.2228074446320534
1.4801113083958626
1.5456303171813488
1.9179016947746277
1.534400675445795
1.0442687720060349
1.652833640575409
1.3054298870265484
0.8807778172194958
1.2869597226381302
1.487036645412445
1.2601676546037197
1.9187725223600864
1.882381048053503
1.332690380513668
1.6780013628304005
2.224121078848839
1.4318186528980732
1.7310948967933655
1.8360380083322525
0.9765996523201466
1.7274944558739662
1.8127354644238949
1.3662476539611816
2.073562242090702
1.5856444761157036
1.2215910963714123
1.8428714200854301
1.508436668664217
1.4583509005606174
1.4626443907618523
1.2042257450520992
1.3825916536152363
1.7291498370468616
1.5396852567791939
1.2361298687756062
1.7392561435699463
1.7568472810089588
2.53934558480978
1.9532299786806107
2.0399259775877
2.4198793843388557
1.3921728730201721
1.5509451664984226
1.4534270986914635
2.118483290076256
1.2324557155370712
1.493591345846653
1.7857640981674194
1.0677885673940182
1.2958002127707005
1.6448485851287842
1.188779093325138
1.514976266771555
1.3271364010870457
1.7007694654166698
1.5476220026612282
1.3930964693427086
1.3021221831440926
1.626774713397026
1.5492161884903908
1.5093130469322205
1.65553842112422
0.9403762482106686
1.8140443079173565
1.2882586643099785
1.780901461839676
0.919629255309701
1.6373456194996834
1.1120284534990788
1.3497192859649658
2.1338829398155212
1.397621262818575
1.3439703024923801
1.649584997445345
1.5336386524140835
0.8169871009886265
1.610373392701149
1.3331348337233067
0.9014234002679586
1.5932966023683548
1.6558639965951443
1.4860154874622822
1.8699542433023453
1.6980893351137638
1.5803015194833279
1.6073529236018658
1.6272526755928993
1.641082774847746
1.417937707155943
1.8999595306813717
1.6604767963290215
1.3313281685113907
1.7023835256695747
1.1765944175422192
1.5056625977158546
1.153765793889761
1.7132414691150188
1.0619454719126225
1.1649648360908031
0.9554439168423414
0.8457233607769012
0.8314086310565472
1.0659732632339
1.4227357991039753
0.7012820467352867
1.1353565491735935
1.1178820617496967
1.0431050341576338
1.4374286383390427
1.5116623230278492
1.6344794929027557
1.8102137744426727
1.1435579173266888
0.9515840131789446
1.4835877902805805
1.6145787611603737
1.630425814539194
1.8199090212583542
1.5252467021346092
1.5487279258668423
1.1897274479269981
1.7933460772037506
1.364463698118925
1.4097344502806664
1.808202102780342
1.3271401226520538
1.5962972529232502
1.093977589160204
1.4712564162909985
0.8090287018567324
1.3584811836481094
1.5512038432061672
1.2672534808516502
1.094482682645321
1.0051810890436172
1.8044837042689323
1.5312219113111496
1.0120591558516026
1.6796714216470718
1.761860515922308
1.0006328076124191
2.1318744868040085
1.4664719253778458
1.2761466912925243
1.178712259978056
1.5156439431011677
1.3886663168668747
1.252770096063614
1.1781498901546001
1.1777068600058556
1.6619969457387924
1.3818908594548702
1.6231509931385517
1.0529626049101353
1.0840501300990582
1.6477044001221657
1.2764978669583797
1.5585382096469402
1.6383678689599037
1.807203222066164
0.9988007731735706
1.2220383621752262
1.4201204776763916
1.6803083643317223
1.7710333243012428
0.8395484015345573
1.2803961709141731
1.3689467832446098
1.3971501886844635
1.0736767407506704
1.5616141073405743
1.6922181397676468
1.188758421689272
1.2400248534977436
1.5448184460401535
1.4788879677653313
1.3378949761390686
1.349271573126316
1.2176158800721169
1.1807910725474358
1.3306468985974789
1.6361864134669304
0.8425145130604506
0.9110005255788565
1.543594840914011
1.581408254802227
0.7581063490360975
1.7694944739341736
0.9147066324949265
1.037977185100317
2.2006882429122925
2.02254768460989
1.4664743654429913
1.1064845360815525
1.2683834582567215
1.3012509495019913
1.5031251646578312
1.2985292933881283
1.6755106560885906
1.2882373556494713
1.5654490888118744
1.3975904770195484
1.6855066940188408
1.9337236285209656
1.2607577554881573
1.2414138354361057
1.415733091533184
0.9792309626936913
1.3649609796702862
1.2707495093345642
1.0287161320447922
1.4268521890044212
0.8921022266149521
1.8106083124876022
1.0956214405596256
1.8607110679149628
1.7349038124084473
1.391052596271038
2.158411629498005
2.234978474676609
1.5061586648225784
1.4389708526432514
1.8155874609947205
2.241592198610306
1.9980460703372955
1.2545342184603214
1.1555156037211418
1.493548970669508
1.9431937858462334
2.138038568198681
1.2211613394320011
1.9195604920387268
1.2513375468552113
0.8704697880893946
1.284246802330017
1.4583009779453278
1.300113145262003
1.8271512314677238
1.4851918183267117
1.1851291880011559
1.6586703397333622
0.7043286599218845
1.2837159633636475
1.3768357634544373
1.1581066623330116
1.0912460424005985
1.148790616542101
0.9133878611028194
1.3357761204242706
1.1228811033070087
1.1511387266218662
1.434016726911068
1.3437980450689793
1.079134400933981
1.2606048434972763
1.8201808705925941
1.1087923236191273
1.2072650380432606
1.051688902080059
1.6147519387304783
1.6694489642977715
1.0297440364956856
1.244748093187809
1.7943193763494492
1.823149435222149
1.1468118876218796
1.2584611847996712
1.4677018262445927
1.9458035007119179
1.77347781509161
1.1638734117150307
1.417213261127472
1.1170364916324615
1.2493647783994675
1.2545776143670082
1.7206126675009727
1.8120703473687172
1.824948012828827
1.5996417328715324
1.6487582363188267
1.3976330980658531
1.6668619513511658
1.7513288035988808
1.0394498258829117
1.2071441113948822
1.6253890320658684
1.4123321026563644
1.3284426592290401
1.4754538983106613
1.7571955807507038
1.2911272048950195
1.1828889697790146
1.6021081134676933
0.9877171851694584
1.5287422090768814
1.724914938211441
1.6346313208341599
2.3266980350017548
1.987010307610035
1.8203861825168133
1.6271151192486286
1.1344833672046661
1.43400277197361
2.211964838206768
1.6152090653777122
1.9428014680743217
1.564719770103693
1.9048305302858353
1.8682173117995262
1.4731453619897366
1.6482572630047798
1.4253204353153706
1.628501869738102
1.1881637647747993
1.192749533802271
1.5808502025902271
1.2794549576938152
1.2979847230017185
1.3287781178951263
1.9279247298836708
1.4363984800875187
1.66250491887331
1.3124464936554432
1.5053090304136276
1.5495070442557335
1.2941625602543354
1.598531749099493
1.6490645967423916
1.3218522556126118
1.4819567650556564
0.9829807206988335
1.7796087339520454
1.682782556861639
1.4457661882042885
1.3837592080235481
1.5079607665538788
1.1537948623299599
1.5761105492711067
1.468028500676155
1.6114242412149906
0.9431186709553003
1.6868663020431995
1.4354043453931808
1.3117816224694252
1.8241829611361027
1.3291540183126926
1.2818563990294933
1.205674048513174
1.29874612018466
1.5015410855412483
1.4467510618269444
1.7521059140563011
1.3341537788510323
1.4981408007442951
1.1570514924824238
1.336551707237959
1.2880278080701828
1.9779087379574776
1.0290966853499413
1.2919540852308273
1.5871716253459454
0.889051117002964
1.1723745688796043
2.164498381316662
1.027973286807537
1.5162089504301548
1.213343571871519
1.259941890835762
1.6019802689552307
1.0302863530814648
1.0191457271575928
1.1133325546979904
1.199806597083807
1.9260609112679958
2.0233472548425198
0.8735477067530155
1.3586674220860004
1.6131389774382114
1.1140780709683895
1.8123679012060165
1.6821829229593277
1.635588526725769
1.7541706003248692
1.4868938252329826
1.8536921292543411
2.3668592646718025
1.6566711775958538
1.6644986905157566
1.5158158876001835
1.7695444524288177
1.5450564920902252
1.808393619954586
1.1776193752884865
1.432042807340622
1.925926499068737
2.2742927595973015
1.276585467159748
2.3915659487247467
2.123721122741699
1.8801786005496979
1.983056165277958
1.6035236082971096
0.973161768168211
1.2827843315899372
1.741809956729412
1.3487847670912743
1.4289938062429428
1.9761375561356544
1.5778663009405136
1.5734255127608776
2.3908157497644424
2.2109740376472473
1.9854314103722572
0.9263300932943821
1.8600488305091858
1.8923036977648735
1.1445807628333569
1.9517034515738487
1.1786296516656876
1.507286224514246
1.4356535412371159
1.3906389214098454
0.950823962688446
0.8793554175645113
1.3502455838024616
1.3793146945536137
1.4449840635061264
1.2282744646072388
1.2413774095475674
1.5123053640127182
1.2934393249452114
1.9372578114271164
1.765640564262867
0.9144877940416336
1.2847136072814465
1.2227367982268333
1.7199488431215286
1.9153355322778225
1.8856945224106312
2.14893801510334
1.2045152112841606
1.414597637951374
1.3430914282798767
1.8434791304171085
1.9209623634815216
2.532398797571659
2.2550874799489975
2.0289303958415985
1.5827897265553474
1.3681525029242039
1.2394661754369736
0.8949536327272654
1.1262813322246075
1.1724367961287498
1.6485172137618065
1.1285023596137762
1.117047443985939
1.2565606646239758
1.3064195439219475
1.795662596821785
1.666621383279562
1.9066140875220299
1.1886381730437279
1.6500285752117634
1.4897466972470284
1.183354627341032
1.406311172991991
1.1634777821600437
1.2220688611268997
1.0406938269734383
1.3156956546008587
1.5260736905038357
1.732667002826929
1.7523303292691708
1.470943532884121
1.062946368008852
1.247414655983448
0.7649947516620159
1.2301119975745678
0.9091447331011295
0.9121567439287901
1.272838320583105
1.1108704134821892
1.1606325916945934
1.4531618021428585
1.0583164915442467
1.0268550291657448
1.0332362074404955
1.102667961269617
1.3166867345571518
1.1267470121383667
1.4833406619727612
1.6999750770628452
1.050769880414009
1.0537441223859787
1.3844085708260536
1.4262717440724373
1.4059030264616013
1.2052631564438343
1.4004079848527908
1.1993638202548027
0.7402793131768703
0.8969176411628723
1.264320481568575
1.3188888691365719
1.3469229489564896
1.3363230340182781
1.0360429361462593
1.5856905318796635
1.1047327108681202
1.2961641438305378
1.440008893609047
1.178192738443613
1.4172863513231277
1.6823820136487484
0.9325075522065163
1.6216905824840069
1.4292661398649216
1.1014936231076717
1.1132585406303406
0.8721736688166857
1.8779260851442814
1.1941245570778847
1.3024195469915867
1.1079101599752903
1.3180730640888214
1.1998171377927065
1.2139557115733624
1.2171199396252632
1.3143562972545624
1.931120790541172
1.3714003451168537
1.478303648531437
1.5332186557352543
1.0277020148932934
1.8038866221904755
1.2835933044552803
2.2383016496896744
1.4886158853769302
1.4814213067293167
1.2670250907540321
1.6230898015201092
1.618514571338892
1.7628647647798061
1.6958067789673805
2.0057027488946915
1.7439274340867996
1.4217757992446423
1.9854083955287933
1.4665709510445595
2.1200419142842293
2.063108801841736
2.1527974158525467
2.074626088142395
1.7615672275424004
2.2613853961229324
1.762788899242878
1.551337469369173
1.2377137541770935
0.9631991274654865
1.2387665659189224
1.9281481504440308
1.0394852049648762
1.2624626085162163
1.993615746498108
1.537735641002655
1.8150073662400246
1.9774324148893356
1.4970555901527405
1.5762257389724255
1.6110326126217842
2.3089940324425697
1.0925386287271976
1.1175279133021832
0.8236505649983883
1.144053753465414
1.3563309125602245
1.5975413508713245
1.4541202895343304
1.2004395090043545
1.8973909765481949
1.21173532679677
1.2248146422207355
1.3273873813450336
1.4440563656389713
1.6337914243340492
1.3989797197282314
1.1739358454942703
1.6725143007934093
1.8693837076425552
1.5561235584318638
1.0500415563583374
1.3386156745254993
1.4540638737380505
1.6866369843482971
1.2288411036133766
1.9906127229332924
1.256543692201376
1.7938714772462845
1.235387772321701
1.4284543879330158
1.482369314879179
1.4115227833390236
1.9759320318698883
1.4721121527254581
1.9244240373373032
1.4245948232710361
1.8599837683141232
1.7315797097980976
1.2451505959033966
1.569667175412178
1.9656286761164665
1.9438713267445564
1.4768157117068768
1.2153436467051506
1.8753506168723106
1.5696472004055977
1.4418548680841923
1.7692324630916119
1.3630269914865494
1.5425481423735619
1.7139460071921349
1.4691917896270752
1.9247689545154572
1.4039461836218834
1.5123469829559326
1.5062356479465961
1.1232930421829224
1.4685806222259998
1.0924196019768715
1.3546227850019932
1.9878077134490013
1.7959489971399307
1.6415307372808456
1.0764025337994099
1.5080308243632317
1.6529661230742931
1.3847869113087654
1.326886773109436
1.260027900338173
1.0895817168056965
1.3766812272369862
1.4347282983362675
0.9480006247758865
1.7110780104994774
1.2895986959338188
1.3588251881301403
1.1233025044202805
1.5049011297523975
1.6331615187227726
1.2773678600788116
1.0188931412994862
1.2558271326124668
1.6037571728229523
1.042150292545557
1.2019588984549046
0.8973696529865265
1.2783082649111748
1.7486417889595032
1.2061668820679188
1.2607725970447063
0.9481249675154686
1.2878429517149925
1.2435468025505543
1.2577122300863266
1.2851146720349789
1.0093868002295494
1.2312964051961899
1.3707744255661964
1.802211470901966
1.004688948392868
1.6821546293795109
1.5210333913564682
1.423871748149395
1.216954130679369
1.9713799804449081
1.6486014500260353
1.5525457002222538
1.6171795167028904
1.4214130900800228
1.500943586230278
1.3966967388987541
1.5892366170883179
1.4826721400022507
1.7913791872560978
1.4515250325202942
1.679870542138815
1.1941838897764683
1.635875552892685
1.2521561235189438
1.7639278806746006
1.2664795145392418
1.6643898971378803
0.8697409182786942
0.891194012016058
0.8727819919586182
1.0005909502506256
1.5953090712428093
1.6567761413753033
1.175173494964838
1.141962494701147
1.8462382815778255
1.3181000426411629
1.4338851608335972
1.1639205291867256
1.44515885040164
1.3881603702902794
1.3704887256026268
1.7703740298748016
1.8515148311853409
1.7777388468384743
1.752334013581276
2.203969843685627
1.5660176239907742
1.533411655575037
1.3603633679449558
2.077851787209511
1.7101898156106472
1.189521949738264
0.9070820733904839
0.8045028783380985
1.6061308979988098
1.4567253589630127
1.6311173737049103
1.135985627770424
0.8823577295988798
1.232529416680336
1.3051829598844051
1.4845592342317104
1.2649591602385044
1.2967982552945614
1.4472799226641655
2.141733944416046
1.518976952880621
1.3308947123587132
1.1662274934351444
0.9220136068761349
1.096697811037302
1.4104765579104424
1.3251796066761017
1.2617787010967731
1.27644182741642
1.2615520060062408
0.9579375069588423
1.261426817625761
0.9739720933139324
1.1394760236144066
1.225825935602188
1.267875101417303
1.266920566558838
1.2904754094779491
1.0588967073708773
1.770484160631895
1.6033679097890854
1.6891853511333466
1.029358383268118
1.1133004911243916
1.0594227686524391
1.773659348487854
1.6857473328709602
1.0611648876219988
1.6601547934114933
1.1990039721131325
1.2437253668904305
1.4817683175206184
1.4231865294277668
0.9790747277438641
1.4662645012140274
1.6804074682295322
0.9833288211375475
1.1678188107907772
1.0931742787361145
1.958555843681097
1.2026306502521038
1.5384245663881302
1.689960416406393
1.9075189307332039
1.941678524017334
1.3290865160524845
1.536268312484026
1.42070447281003
1.37631468847394
0.7560629453510046
1.3843599148094654
1.40409504622221
1.2058482691645622
1.596232634037733
1.2915028668940067
2.211043246090412
1.1132012493908405
2.172669403254986
1.3379387259483337
2.0665609017014503
1.939879797399044
1.2881413586437702
1.1773994863033295
2.0266822278499603
1.9267891198396683
1.3630331307649612
1.5946779437363148
0.9142110086977482
1.368287205696106
1.2865879461169243
1.317561749368906
0.9397269412875175
1.3210618384182453
1.401434276252985
1.5981984697282314
1.552708212286234
1.6225180067121983
1.045282531529665
1.2876615636050701
1.37338163331151
1.3564875982701778
1.050127660855651
0.9733313973993063
1.7082775421440601
0.8349383100867271
1.2837956063449383
1.456117108464241
1.6406667232513428
1.1447658613324165
1.6831418797373772
1.6878275461494923
1.898231640458107
1.9333130791783333
1.6698178946971893
1.2616560496389866
1.2445975579321384
1.2234429009258747
1.4624924287199974
1.758126836270094
1.1265022791922092
0.9790452234447002
1.2755753435194492
1.5248048901557922
1.4703179150819778
1.580411721020937
1.709305465221405
1.3227610923349857
1.224259339272976
1.841927707195282
1.5263296030461788
1.541927833110094
0.9251850098371506
1.367880042642355
1.2819286100566387
1.1557463519275188
1.4081893526017666
1.220533736050129
1.4517853483557701
0.9940906278789043
1.1722215563058853
1.2564200945198536
1.186824582517147
1.357285987585783
1.5634568147361279
1.4644227474927902
1.1164294071495533
1.2744349390268326
1.3394425995647907
1.8679849058389664
1.6392926760017872
2.11506786942482
1.838434599339962
1.8329135403037071
0.9955464377999306
1.4843656308948994
1.312200553715229
1.7254020012915134
1.612491950392723
1.2504119127988815
1.5943051427602768
1.7799102813005447
1.4547725021839142
1.6855105757713318
1.1617036759853363
1.8282929137349129
1.5809924080967903
2.1013639718294144
1.6741553992033005
1.7694305554032326
1.8189186975359917
1.225940216332674
1.4992056787014008
1.4577746130526066
1.561682604253292
0.9668557718396187
1.2690164223313332
1.3389707654714584
1.3507722243666649
1.1208504773676395
1.4568303972482681
1.3107020631432533
1.4235197380185127
1.3635419942438602
1.5283153839409351
1.1940893158316612
1.8791414052248
0.9817467480897903
1.2785958126187325
1.4650881849229336
1.629855751991272
0.9848015457391739
1.5457761846482754
1.3283806592226028
1.4927951954305172
2.2348961532115936
2.0122789591550827
1.5321519784629345
1.6935747526586056
2.004676789045334
2.2898194193840027
1.8793345093727112
1.7774333395063877
2.648579441010952
1.5327696092426777
2.2142569422721863
1.4949023984372616
0.7452066987752914
1.4828418046236038
1.320217028260231
1.8802228979766369
1.4303517565131187
1.08921848423779
1.038480181246996
1.3082652427256107
1.076475102454424
1.1965121142566204
1.3817777447402477
1.5031195916235447
1.4746782630681992
0.7512471172958612
1.1854249313473701
1.303846549242735
1.0544588938355446
0.8343346696346998
1.1454072780907154
1.1480200570076704
1.643040031194687
1.6541644148528576
1.0568888485431671
1.2139566726982594
0.9996783062815666
1.0997968800365925
1.2465051040053368
1.7140430435538292
1.3330222964286804
1.207086019217968
1.3557820282876492
1.4493691585958004
1.3974124863743782
1.596420768648386
1.3636389411985874
0.9820035416632891
1.3078071139752865
1.5397892370820045
1.0839551948010921
1.5497380644083023
1.7676091492176056
1.0421735551208258
0.947639025747776
1.7486464530229568
1.2400908581912518
1.2570218928158283
1.1102249845862389
1.1715648360550404
1.0155543573200703
1.367474988102913
0.7780493125319481
1.311532411724329
1.148149337619543
1.2526186779141426
1.8792072162032127
1.2912088967859745
1.1863452270627022
1.4637999571859837
1.530053973197937
1.2141080498695374
1.3252253234386444
1.539413619786501
1.0093922428786755
1.1990935802459717
1.1337623000144958
1.351543139666319
1.2248927243053913
1.1545239575207233
0.8484975397586823
1.1217197217047215
1.4758342988789082
1.2834397591650486
1.20010594278574
1.5042679570615292
0.956359725445509
1.128817267715931
1.2403511106967926
1.319607175886631
1.4092004336416721
1.4488224610686302
1.0900379456579685
1.910255916416645
1.053603496402502
0.8799942452460527
1.2692635767161846
1.334190659224987
0.8746008165180683
1.0534816421568394
0.9202918894588947
1.467162761837244
1.5882347039878368
1.1729707773774862
1.2747253440320492
1.3686549626290798
1.3702154606580734
1.1374739333987236
1.7683883309364319
1.4171621762216091
0.8785048611462116
1.370176985859871
1.6511874981224537
1.4869966208934784
1.4226780831813812
1.503780223429203
1.2597209997475147
1.6371592283248901
1.6136362291872501
0.9280159883201122
1.3707554936408997
1.044383056461811
1.2493522427976131
1.4594191126525402
1.065893892198801
1.1559033393859863
1.3054282292723656
0.9103068578988314
1.2869966961443424
1.5951376594603062
1.1799352690577507
1.5362719036638737
1.3439710028469563
2.2037334367632866
1.8225482255220413
2.608462505042553
1.6767582967877388
2.4714850038290024
2.291630119085312
2.5303158834576607
1.7788626737892628
1.5317815132439137
1.2754224203526974
1.303784403949976
1.2304203510284424
1.0710242576897144
1.4314577691257
1.6671790182590485
1.2732648067176342
1.4609667360782623
1.6750720739364624
1.0348081700503826
1.6882743202149868
1.1712488383054733
1.8368521183729172
1.5540475435554981
1.1497894637286663
1.7350281476974487
1.4396162144839764
1.2544062808156013
1.2602617889642715
1.5944944694638252
1.266555443406105
1.3074891977012157
0.8008072692900896
1.2811310328543186
1.1252206675708294
1.060997061431408
1.1945733986794949
1.1747680082917213
1.1573086380958557
1.562183953821659
1.2712591551244259
0.9053703211247921
1.3445329666137695
1.4915571808815002
0.9056357275694609
1.1026827618479729
1.4335852675139904
1.4192432723939419
1.7037394903600216
1.2230485901236534
1.2846732325851917
0.8743240758776665
1.365518070757389
1.4271673299372196
0.90373445302248
1.1277513317763805
1.1160652711987495
1.4371787793934345
1.1760447695851326
1.802710022777319
1.6353688389062881
1.7575209327042103
2.1726993024349213
2.148443892598152
1.2832122966647148
1.6345105543732643
2.0907151252031326
1.8117476031184196
1.241651490330696
1.2810188978910446
1.5853054076433182
0.9753727279603481
1.0191962122917175
1.345044121146202
1.508721150457859
1.3400257863104343
1.2580122165381908
1.3841187506914139
2.0948033705353737
1.3380998745560646
1.2806781753897667
1.255020909011364
1.7283205389976501
1.368143156170845
1.4918474219739437
1.2048160880804062
1.1413767077028751
1.9852539710700512
1.9019280821084976
1.996455155313015
1.3371415846049786
1.396481715142727
0.9853445813059807
1.4527158662676811
1.5898941829800606
1.69597202911973
1.8487094789743423
1.5354188047349453
1.389194793999195
1.6395506709814072
1.6175352074205875
2.0929668620228767
1.1062716096639633
1.7144061177968979
1.1435091979801655
0.8976670429110527
1.056877713650465
1.68675771728158
1.5003808997571468
1.1988669782876968
0.965430460870266
1.5883222334086895
1.5578859858214855
1.747061736881733
1.019856233149767
1.7161118872463703
1.6843167021870613
1.2191827557981014
0.9360648710280657
0.6683974545449018
1.493012946099043
1.2219403013586998
1.1870252303779125
1.4096700102090836
1.4408287517726421
1.3474837876856327
1.167665209621191
1.4763525165617466
1.7375932782888412
1.2733281180262566
1.2610705196857452
1.28049036860466
1.2434487827122211
1.3243228048086166
1.0418934933841228
1.3485418483614922
1.1808201745152473
1.4037997461855412
1.1575123444199562
0.8966796230524778
1.0136137511581182
1.4887281879782677
1.1182520184665918
1.0993382297456264
1.4683979488909245
1.1497349627315998
1.0752491652965546
1.2525856643915176
1.8156366869807243
1.095782246440649
1.4360537864267826
1.8178414925932884
1.2976476326584816
1.6407308727502823
1.4627425372600555
1.5841574668884277
1.5069447495043278
1.5693197585642338
1.2881984487175941
1.7631019279360771
1.9141080155968666
2.20914563536644
2.0014664381742477
1.4156049825251102
1.5225677862763405
1.6153502762317657
1.2310997731983662
1.231875717639923
1.4546517208218575
0.8665154110640287
1.397211991250515
1.5176007747650146
1.0891079790890217
1.2435512207448483
1.139967992901802
1.1079811584204435
1.1374562419950962
1.5312863737344742
1.7904420755803585
0.9425574578344822
0.9553697798401117
1.0679216086864471
1.3411144763231277
1.514954563230276
1.013905931264162
1.244488388299942
1.5188501924276352
1.158680859953165
1.1200843080878258
1.1205313317477703
1.207995641976595
0.850809071213007
1.3531421460211277
1.9510960653424263
1.3285191357135773
1.2906664609909058
1.3241724222898483
1.5731955170631409
1.6497091017663479
1.2722690887749195
1.393802534788847
1.051200721412897
1.3152566142380238
1.0541466996073723
1.5490433238446712
1.6948764212429523
2.1663766354322433
1.1579951047897339
1.061039213091135
1.5434896722435951
1.1999013125896454
1.9023478031158447
1.4360172748565674
1.5441048182547092
2.1987475007772446
1.7219750545918941
2.4010595232248306
1.7422645315527916
2.028535194694996
3.0020539686083794
1.9085152335464954
1.4459858797490597
1.944218933582306
1.18509466573596
1.6844778023660183
1.5600773058831692
1.316841647028923
1.5144242085516453
1.988903485238552
2.0354605093598366
1.5846100375056267
2.020928807556629
1.1948023699223995
1.5413471721112728
1.606348779052496
1.6642506495118141
1.3785722181200981
1.1091812662780285
1.4866219349205494
1.564120527356863
1.1018325239419937
1.4980958700180054
1.7083440721035004
1.2803481370210648
1.6982460618019104
1.620028380304575
2.315720446407795
1.5601892620325089
1.3563228771090508
2.3330619484186172
1.7469133883714676
1.3610718920826912
1.3563328199088573
1.3671792708337307
1.356457892805338
1.7817284725606441
1.3549236357212067
1.241396639496088
1.7266738899052143
1.2722427882254124
1.3427278846502304
1.6895362883806229
1.2719440422952175
1.7171829640865326
1.9754952117800713
1.7643344700336456
1.1859611496329308
1.1255044993013144
1.044541148468852
1.3371774889528751
1.9025277942419052
1.5300741121172905
1.2843847200274467
1.5105055458843708
1.2156542539596558
1.955433003604412
1.1262794956564903
1.797419335693121
1.7533307373523712
1.2491694279015064
0.9047315418720245
1.798853613436222
1.4214144013822079
1.5035017281770706
0.8921376094222069
1.6167905256152153
1.2796050608158112
1.6434939578175545
1.3005186393857002
1.6706259734928608
1.6112242750823498
1.2818260714411736
1.751887645572424
1.458090778440237
1.4926453493535519
1.5451784245669842
1.052659623324871
1.1649600118398666
1.0213525276631117
1.8088766187429428
1.4134090021252632
1.4305701777338982
1.3500440157949924
1.4777670837938786
1.1678933948278427
1.3245278298854828
1.4888861626386642
1.6644721552729607
1.4655381999909878
1.5786499567329884
0.9108065199106932
1.7125968523323536
1.3938335478305817
1.1516043618321419
1.4992798194289207
1.692825198173523
1.314665712416172
1.2037802338600159
1.0925008282065392
1.4141509905457497
1.2675119191408157
1.3447877913713455
1.5609958991408348
1.295982625335455
1.0856660157442093
1.4159767739474773
1.226342335343361
1.4235910922288895
2.0648498721420765
1.684910099953413
1.5771333388984203
1.8195172287523746
1.7527641654014587
1.9024857878684998
1.6584112383425236
1.165439449250698
1.4962498508393764
1.9090511687099934
1.3053737990558147
2.138206772506237
1.8177890963852406
1.2981939315795898
1.4165381826460361
1.6518761180341244
1.402728196233511
1.3782661855220795
1.7361549511551857
1.3221395537257195
1.4370317831635475
1.6975729055702686
1.1639151200652122
1.0923292748630047
1.8154782019555569
1.573785163462162
0.9441699050366879
1.7773928381502628
1.7982700690627098
1.4650420062243938
1.6584747657179832
1.404130283743143
0.9275373853743076
1.5084529481828213
1.3762567453086376
1.7378523275256157
1.3230163268744946
1.3170273788273335
2.102668210864067
1.4260607324540615
2.1394145637750626
1.7499007284641266
1.4426302015781403
1.6415741294622421
1.0619205683469772
0.9170005656778812
2.057626374065876
1.1201028749346733
1.4752643071115017
0.8835323918610811
1.3432318791747093
2.1172873228788376
1.1612218879163265
1.4233418516814709
1.5227526724338531
1.2690222449600697
1.4883608482778072
1.8393794000148773
1.7006183490157127
1.081884816288948
1.0818921588361263
1.2326282560825348
1.2944792099297047
1.1865661963820457
1.6254090517759323
1.3947602659463882
1.2832583412528038
1.689896147698164
2.0545330867171288
1.575139582157135
1.221699558198452
1.3217363506555557
1.6943958848714828
1.696742046624422
0.8984707295894623
1.6645724698901176
1.5052915178239346
0.9996389895677567
1.6911072693765163
1.0042035169899464
0.9753641076385975
1.3850479051470757
1.0002110116183758
1.3334788531064987
1.6191381141543388
1.5061742849647999
1.2921521477401257
1.5968366488814354
0.9307296108454466
0.9794923737645149
1.2431448251008987
1.2844386994838715
1.4697654619812965
1.4633348360657692
1.489260245114565
1.0063542388379574
1.358537681400776
2.4595823884010315
2.26537024974823
1.4051862210035324
2.0423424243927
1.1844296604394913
1.819533597677946
1.445647843182087
1.9942510202527046
1.549448698759079
0.8685185126960278
2.5907937586307526
1.3639194145798683
1.1253998205065727
0.8519890028983355
1.007367368787527
2.034781791269779
1.5427583903074265
1.0827902369201183
1.4302178658545017
1.4105282239615917
1.509387582540512
1.761892430484295
1.5287488885223866
1.4436557702720165
1.2388170436024666
1.593372818082571
1.31106423959136
1.759885847568512
1.6454460471868515
1.0249675512313843
1.3817933648824692
1.4985416904091835
1.5970858298242092
1.2679025791585445
0.998486902564764
1.511613603681326
1.277504526078701
1.2474160566926003
1.4512068256735802
1.140029352158308
1.0807304680347443
1.7026704549789429
1.232627846300602
1.3738481290638447
1.1925786063075066
1.2395375184714794
1.398118034005165
1.971152201294899
1.1326515413820744
1.217192955315113
1.2213926203548908
1.306917130947113
1.5768304914236069
0.9401563219726086
1.297018799930811
0.9254249632358551
1.1512132287025452
0.8574776910245419
1.3359592705965042
1.0748951248824596
1.0708199329674244
1.7173870541155338
2.0903270095586777
1.1440657041966915
1.604953020811081
1.181941021233797
0.8454808834940195
1.6189402602612972
1.1115271467715502
1.3730335608124733
1.2858339697122574
1.4064372964203358
1.3015478886663914
1.255479160696268
1.7846947200596333
1.0990228205919266
1.620138093829155
1.0044403560459614
1.459147997200489
1.1180078648030758
1.191346861422062
1.2106863781809807
1.133418072015047
1.2994472794234753
1.0016160868108273
1.5330188497900963
1.6271112859249115
1.3585972227156162
1.3050569631159306
1.3172309063374996
1.0611534044146538
1.4383403845131397
1.667574554681778
1.2155627980828285
1.3788236044347286
2.360012613236904
2.197135590016842
1.6750908605754375
1.8406638279557228
2.090940460562706
1.366689071059227
1.6005207858979702
1.4553482607007027
1.0420175269246101
1.3626859597861767
1.4519497230648994
1.1482098922133446
1.3725912421941757
1.4392943568527699
1.2724725902080536
1.0998028181493282
1.763639684766531
1.0166072063148022
1.4998180828988552
1.7410446107387543
1.3144438453018665
1.5500306487083435
1.1498269364237785
1.2354685068130493
1.2702492475509644
1.5012613125145435
1.2258072905242443
1.3689794205129147
1.5433259531855583
1.6547870486974716
1.5212350636720657
1.5097818449139595
1.883408423513174
1.4663854129612446
1.8678763657808304
1.401200097054243
1.466523602604866
1.9526078067719936
1.4153676517307758
1.7867433801293373
1.8561087846755981
1.8182484805583954
1.1305557861924171
2.0757885202765465
1.6064084023237228
1.6407626904547215
1.33693091198802
1.3584272004663944
0.8664765022695065
1.4833091236650944
1.6126609593629837
1.8579643294215202
1.8360323160886765
2.026394337415695
1.8801786080002785
1.819085255265236
1.3980867266654968
0.9757724329829216
1.7646545395255089
1.1535910405218601
1.1713231354951859
1.4534584134817123
1.4995004422962666
1.6917057782411575
1.6899965927004814
1.5734732896089554
1.7964866124093533
1.358448140323162
1.1544588170945644
1.651867613196373
1.0153302364051342
0.9777358658611774
1.38162712007761
1.2328790836036205
1.2171739600598812
1.845080316066742
1.690237395465374
1.3544412553310394
1.3145967163145542
1.2600807547569275
1.2580828368663788
1.2274256125092506
1.2524111568927765
1.176876537501812
1.5137343406677246
1.3478752449154854
1.4368892535567284
1.3540951944887638
1.453297931700945
2.052171342074871
1.1705671697854996
1.2394366562366486
1.046788889914751
1.0706873536109924
1.2526128627359867
1.6717895939946175
0.8389793410897255
0.9253524951636791
1.2397856153547764
1.574179820716381
1.1713276542723179
1.8233580105006695
1.293434016406536
0.9100519716739655
1.148336324840784
1.606296330690384
1.7751109562814236
1.0220270790159702
0.984204325824976
1.1256000958383083
1.5112357959151268
1.2392491325736046
1.9131160825490952
1.2778261080384254
1.1762330383062363
1.610762931406498
1.6778977923095226
1.149137243628502
1.34542753174901
1.3592392653226852
1.47999919205904
1.3259753957390785
1.3610224351286888
1.3389012217521667
1.1816561184823513
1.158115889877081
1.1625538021326065
0.9988060053437948
1.236306682229042
1.130127802491188
1.1979225054383278
1.525432113558054
0.9492277950048447
1.3229545876383781
1.5397835969924927
0.9136881493031979
1.1518445648252964
1.9241180121898651
1.7220655605196953
1.6703421361744404
1.7886976227164268
1.9301381632685661
1.5718611516058445
2.601550668478012
2.3668392822146416
2.264551781117916
1.7849716171622276
1.6429558359086514
1.539603617042303
1.5426714643836021
1.4899133928120136
1.77542282640934
1.7145481631159782
2.061429977416992
1.8870995119214058
1.4674645066261292
0.8597904294729233
1.2575211189687252
1.283019732683897
1.69837361946702
1.5044347196817398
1.3137104213237762
1.5509643107652664
1.468219306319952
0.8066070415079594
1.4406921043992043
1.2221823297441006
1.7781720459461212
1.5027069635689259
0.9853425417095423
1.5722278133034706
1.5533064901828766
1.4832139611244202
1.3696775287389755
1.3026501014828682
1.610771805047989
1.574200764298439
1.58950986713171
1.9692943021655083
1.6289329528808594
1.190026644617319
1.3511441573500633
1.2230766713619232
1.4552155584096909
1.1321515142917633
1.3718806765973568
1.0049471221864223
1.6930603124201298
1.3738152980804443
1.3655227683484554
1.0390997771173716
0.9297767914831638
1.7598696798086166
2.069911263883114
1.9548061713576317
1.5175480581820011
1.3649530336260796
1.916744127869606
2.18175882846117
1.4061635546386242
1.551125392317772
1.74694012850523
1.8725119084119797
1.1794713139533997
1.3302185349166393
1.4192287884652615
1.2345243841409683
0.9279079493135214
1.2657125443220139
1.5436119139194489
0.9806850701570511
1.277590375393629
1.8710274025797844
1.6679734699428082
1.9080032110214233
1.1536623165011406
0.9524310193955898
1.309241246432066
1.177568107843399
1.5268005058169365
1.311329286545515
1.6308614276349545
1.4100521616637707
1.6150145903229713
1.9998579025268555
1.4664338678121567
1.436599500477314
1.5632727034389973
1.2172179445624352
1.7723752073943615
2.4478307515382767
2.5475976690649986
1.382586695253849
1.0293310582637787
1.0019861347973347
1.1110922284424305
1.525818943977356
1.4652422927320004
1.5913804359734058
1.4848079942166805
1.227278720587492
1.5085966736078262
1.321135614067316
1.8950221538543701
1.0395635664463043
0.8974739070981741
1.0800109058618546
1.2745298892259598
1.1123592481017113
0.9334763512015343
0.8958314042538404
1.3646181300282478
1.135977678000927
1.3021485097706318
1.3998608887195587
1.1632675752043724
1.1076915673911572
1.176655624061823
1.648443628102541
0.8699318841099739
1.1368423216044903
1.084225833415985
1.3631886765360832
0.8532884810119867
1.9231788963079453
1.0212962068617344
1.1303204782307148
1.2304957546293736
0.8042340874671936
1.6945067010819912
1.510455410927534
1.4263038486242294
1.4546863622963428
1.547178938984871
0.9972510542720556
1.6873801052570343
1.130991194397211
1.1124990284442902
1.3190249800682068
1.1731196530163288
1.5926244966685772
1.3971497900784016
1.2568365335464478
1.3738052435219288
1.4065945036709309
0.9331540632992983
0.9778443016111851
1.010376650840044
1.9289057329297066
1.3093741796910763
1.0004883296787739
1.1223575547337532
0.8872569482773542
1.360584955662489
1.292638298124075
1.9999946355819702
1.3762291856110096
1.2887032553553581
1.5840681456029415
1.0377540849149227
1.375336080789566
1.3725010752677917
1.4846478775143623
1.5440599247813225
1.3351408392190933
1.1601579524576664
1.0148626193404198
1.4126833491027355
0.9843420218676329
1.7185569033026695
1.4315243884921074
1.120921302586794
1.3413632549345493
1.9200236573815346
1.5978403203189373
1.455711729824543
1.6151548326015472
1.238646563142538
1.6424893327057362
1.141168437898159
1.185372531414032
1.3763806074857712
1.7160857282578945
1.8629523925483227
1.5453050173819065
1.4843999668955803
1.3670873679220676
2.388469986617565
1.8009689934551716
1.4844555109739304
1.9240193665027618
1.6762543208897114
1.663439080119133
1.0294494293630123
1.3868558704853058
1.4675687476992607
1.3000732585787773
2.0088134557008743
1.3599399253726006
1.3492663875222206
1.288035612553358
1.0600685067474842
1.450957551598549
1.399987667798996
1.1749603897333145
1.2628206200897694
1.3758429288864136
0.8369517661631107
1.3027513846755028
0.9110249988734722
1.756858967244625
1.0119655653834343
0.7565953861922026
0.8393862750381231
1.0542853698134422
1.170001059770584
0.895165853202343
1.3950308598577976
0.8233427871018648
0.8987836875021458
0.9023213721811771
1.078498050570488
1.0800793282687664
1.6407267078757286
1.4958714358508587
1.5808476768434048
1.4441567435860634
1.4305173493921757
1.5742764063179493
1.7072152197360992
1.0827023871243
1.8853031694889069
1.6583549454808235
0.9950683750212193
1.5811341144144535
1.3774732127785683
1.4100727289915085
1.5302321873605251
0.872762106359005
1.819746918976307
1.3309278525412083
1.8516381606459618
1.4943387098610401
1.8079230189323425
1.6881006360054016
2.076461873948574
1.4304210282862186
1.5938655100762844
1.7533845230937004
1.4824236296117306
0.887049775570631
1.269821085035801
1.7331450879573822
1.5170515067875385
1.4084179401397705
1.7161258645355701
1.345232143998146
1.1561651714146137
0.9209858849644661
1.0375152789056301
1.8938417173922062
1.2222364470362663
1.5472043678164482
1.3773770593106747
1.1171869114041328
1.0924817398190498
1.2571364343166351
1.5911894887685776
1.453241366893053
1.0144561305642128
1.235415704548359
1.8394714146852493
1.4467703104019165
1.7104186564683914
1.721159666776657
1.67583429813385
2.1381763257086277
2.137054942548275
1.028446651995182
1.2878522723913193
1.113777905702591
1.174132164567709
1.5656293667852879
1.057668298482895
1.5515884272754192
0.952130775898695
1.1711164601147175
1.199965912848711
1.310358665883541
1.03085851483047
1.6441418156027794
1.6439110599458218
1.5289456471800804
1.3782479166984558
1.4923016875982285
1.8048905357718468
1.4845014959573746
1.3812052570283413
2.013402998447418
1.74219373986125
1.2117837183177471
1.3794899135828018
1.9423344656825066
1.2810784243047237
1.7627303935587406
1.276885136961937
1.2102534361183643
0.9438888803124428
1.1022727973759174
0.9295316524803638
1.2531424462795258
1.4197429306805134
1.3286907337605953
1.3573518730700016
1.174140278249979
1.487073216587305
1.195940911769867
0.9353801682591438
1.275510247796774
1.2390604354441166
0.9502118974924088
1.0548450760543346
1.4615173861384392
1.3330548852682114
1.3297073878347874
1.827602606266737
1.8282016217708588
1.162137184292078
1.2416074946522713
2.078726939857006
1.999919593334198
1.263485100120306
1.3226318173110485
2.064052574336529
1.3080818466842175
2.205159194767475
1.1778315976262093
0.9884698633104563
1.254513032734394
1.586058583110571
1.3437304347753525
1.6200141608715057
1.2966875694692135
1.5601480267941952
1.3733990043401718
1.4335881546139717
1.3389042392373085
1.4312528111040592
1.2220873907208443
1.4834782034158707
1.760185845196247
0.8680437281727791
2.042397901415825
1.488213438540697
1.7290004007518291
1.7467528879642487
1.98649662733078
1.4799026735126972
1.4699928611516953
1.523361187428236
1.5099246948957443
1.7484666518867016
1.2176593393087387
1.4515093490481377
1.5538785718381405
1.6305704228579998
1.8140371814370155
1.5216951631009579
1.5343227200210094
1.8712542988359928
1.356680739670992
1.8889229521155357
1.8455698192119598
1.5603411756455898
0.9512806423008442
1.4767877236008644
2.326356776058674
1.8135363571345806
1.4851935245096684
1.1192446034401655
1.5367017164826393
1.662012953311205
1.7381157539784908
2.3117595836520195
1.2882901169359684
1.5870109014213085
1.618430770933628
1.4946050941944122
1.4524339735507965
1.8171521052718163
1.2674402743577957
1.1648752465844154
1.6176069788634777
1.0597432553768158
1.238172259181738
0.8674935791641474
1.439184583723545
0.969499072059989
1.1518999300897121
1.1036598049104214
1.0768752358853817
1.6378538310527802
2.020386256277561
1.5061714351177216
0.9383759871125221
1.2935246117413044
1.3226643837988377
1.7668877318501472
0.9462711196392775
1.8842444196343422
1.247554786503315
1.1072766743600368
1.498134020715952
1.5563467778265476
1.1260224767029285
1.3803682625293732
1.8605770245194435
1.417551662772894
1.1230946741998196
1.3379975706338882
1.3342418521642685
1.1046759709715843
1.303957961499691
1.7053500227630138
1.4012182019650936
1.4469663463532925
0.89629677683115
1.086643062531948
1.0609280839562416
1.2688593789935112
0.8393971957266331
1.1545211523771286
1.8447829484939575
1.0577266179025173
1.4638379365205765
1.014229092746973
0.6030790936201811
1.059615608304739
0.917651791125536
1.2213026396930218
1.1660335883498192
1.235304418951273
1.2762481234967709
1.5130951888859272
1.2176389135420322
1.6074181087315083
1.2995150610804558
1.4077084101736546
1.1487628556787968
1.4088078700006008
0.8975742869079113
1.51387270539999
1.084687763825059
1.0762546360492706
1.4192801639437675
1.6037783473730087
1.3749930150806904
1.5310324914753437
1.0970965065062046
1.5518849231302738
1.8965371176600456
0.9353840835392475
1.0779381208121777
1.0132677145302296
1.7672105357050896
1.2653524838387966
1.8961347937583923
1.2442858219146729
0.9314125366508961
0.9650268033146858
1.4113014601171017
1.6323080398142338
0.8085951860994101
1.1284652054309845
1.8574870862066746
1.0902678221464157
1.6697495505213737
1.2789870537817478
1.404588159173727
0.9326798599213362
1.0415665060281754
1.1254656128585339
1.4416054412722588
0.8628558851778507
1.4532449655234814
1.2364258244633675
1.2941535487771034
1.6851760186254978
2.072999984025955
0.9949067421257496
1.1154828872531652
0.9825193844735622
0.9904798604547977
1.1131971627473831
1.1467125192284584
1.4738228805363178
1.5932476334273815
1.3332942873239517
1.2544185929000378
0.6825938485562801
0.7420364860445261
1.299986895173788
1.372503887861967
1.2323070541024208
1.2248032130300999
1.2289096154272556
1.306252632290125
1.353977270424366
1.665776439011097
1.5917669273912907
1.5026212707161903
1.3206075578927994
1.7288631685078144
1.4933568499982357
1.0363802053034306
1.2011009976267815
1.2242978364229202
1.241201277822256
1.6958312913775444
1.5596217885613441
1.45081190392375
1.8919433653354645
1.4871845692396164
1.527533147484064
1.8121102564036846
1.7433569096028805
1.4843673668801785
1.3035269863903522
1.391108963638544
1.3668314442038536
1.5262232534587383
1.1279623582959175
1.4742641970515251
1.685690350830555
1.9138815850019455
1.4499618709087372
1.4885247945785522
1.3026037439703941
1.1650140061974525
1.113328892737627
1.6543881632387638
1.4275146797299385
0.6912069544196129
1.61224814504385
1.3698038831353188
0.9098887946456671
1.1987969726324081
1.6492066606879234
1.2395415157079697
1.1203881949186325
1.1462420783936977
1.263275071978569
1.3489610850811005
1.0603815838694572
1.2408360205590725
1.4505235478281975
1.4621786512434483
1.4200263023376465
2.0882192105054855
1.5816965624690056
1.6342893689870834
1.827810637652874
1.7693095952272415
1.6263163015246391
1.6173222325742245
1.6935207322239876
1.9093320295214653
1.2784118838608265
1.5315813943743706
1.3827369585633278
1.581620678305626
1.2956137135624886
2.0550740137696266
1.1484763771295547
1.82483846321702
1.0028421953320503
0.9293723441660404
1.4104921519756317
1.549358032643795
1.5226916559040546
1.358715459704399
1.5321019813418388
0.891788812354207
1.3391164690256119
1.4004781991243362
1.2952740415930748
1.4590549543499947
1.0414413325488567
0.9376276507973671
0.8815313633531332
1.990408144891262
1.1445639189332724
1.1895742565393448
1.1962255164980888
1.3310731202363968
1.1648158244788647
1.3376565016806126
1.24838450178504
1.2750493213534355
1.361011777073145
1.2615930326282978
1.4202196449041367
1.6009040959179401
1.8122435510158539
1.6661788746714592
2.0523158237338066
1.3482743091881275
2.215408429503441
1.8535078689455986
2.062722682952881
1.8658903315663338
1.108649954199791
1.482670821249485
1.8823660090565681
0.9809168577194214
1.6184287071228027
1.6074986979365349
1.2956617623567581
1.320724442601204
1.9822757989168167
1.8160682171583176
1.854532167315483
2.0546073392033577
1.8985792994499207
2.109511025249958
1.9063677117228508
2.328921839594841
2.7220151871442795
1.9620955809950829
2.278437279164791
1.5802531093358994
2.085544615983963
1.4409590624272823
2.251131609082222
1.6141210906207561
1.8135307915508747
1.588864866644144
2.219564236700535
1.3167408145964146
1.413827620446682
0.802024032920599
1.5632638074457645
1.0866381078958511
1.687848187983036
1.6341785341501236
1.1167332120239735
1.3830300979316235
1.1147812865674496
1.099979244172573
1.1148270331323147
1.0141460299491882
1.5071352794766426
1.7249963730573654
1.0740606859326363
1.317558754235506
1.2558155581355095
1.3318591862916946
1.304344855248928
1.5685588605701923
2.295098625123501
1.5223990306258202
1.1683190800249577
1.6045041792094707
1.1738628186285496
1.0513477623462677
1.3021493405103683
1.0172969698905945
1.5033133290708065
1.0820718370378017
1.1613245531916618
1.2300748117268085
1.1111177578568459
1.487651314586401
1.2430260851979256
1.4142268523573875
1.4485930614173412
1.555794846266508
0.9555654004216194
1.5646392218768597
1.5629662834107876
0.8635896183550358
1.0370301641523838
1.199385054409504
1.3294255137443542
1.4633300974965096
1.3574614189565182
0.9394821301102638
1.3286445811390877
1.934963010251522
1.5981528349220753
1.6636673770844936
1.209445085376501
1.4247412756085396
1.9841723293066025
1.5695079378783703
1.763796627521515
1.3878509439527988
1.45858483761549
1.5299755297601223
1.7246625870466232
1.4762184359133244
1.1242685727775097
1.1477461904287338
1.5692292749881744
1.8205224238336086
1.5517240203917027
1.7589264772832394
1.9430811926722527
1.4744605273008347
1.6290203407406807
1.5413751564919949
1.2762519866228104
1.2507330477237701
1.6129829436540604
1.2575964070856571
1.668822530657053
1.6119205355644226
1.5034066177904606
1.4460655525326729
1.024812687188387
1.1375978700816631
1.2207174934446812
2.002397358417511
1.4761336967349052
1.6099477037787437
0.959998307749629
1.814808428287506
1.366981502622366
2.117921642959118
1.3425792790949345
1.2214407585561275
0.8241109810769558
0.9963564053177834
1.52931647002697
1.3042991235852242
1.3629039004445076
1.1331774070858955
2.0089512318372726
1.3552689291536808
1.6183498166501522
1.5770230367779732
1.2690312638878822
1.4993068873882294
1.2058869116008282
0.9635921232402325
1.305371731519699
1.3795521035790443
1.792542900890112
1.2805823720991611
0.892871405929327
1.8255115896463394
1.1149483807384968
1.3987022638320923
0.7791942339390516
1.616579495370388
1.0495029538869858
1.5618766695261002
1.0397561825811863
1.1982325427234173
1.800102211534977
1.4641502760350704
1.6819615066051483
1.3694236390292645
1.3439983427524567
0.9418121036142111
2.0353989973664284
0.9778804406523705
1.7273577228188515
0.8716441746801138
1.5894105359911919
1.7658094838261604
1.1912198141217232
1.3536002226173878
1.8008803576231003
1.9392322078347206
1.428283791989088
1.234827283769846
1.3006258122622967
0.9452065955847502
1.7705086655914783
1.844764668494463
1.325795792043209
1.767653413116932
1.457826241850853
1.1939704343676567
1.1083611100912094
1.5677162036299706
1.4645988270640373
1.3889238759875298
1.4668030254542828
1.3593332692980766
1.5566283166408539
1.1031726337969303
0.9776555821299553
1.4183731749653816
1.594959456473589
1.5766646899282932
1.5485940724611282
1.642322137951851
1.3952612094581127
1.3119676932692528
1.0910014547407627
1.3943088501691818
1.200871530920267
1.4028012678027153
1.5159805156290531
1.7906263545155525
1.371307160705328
1.4047858379781246
1.2381024211645126
1.2340953387320042
1.135232325643301
1.6642342172563076
1.0173993464559317
1.2964289113879204
1.000603098422289
1.2915431447327137
1.1254531890153885
1.4751197546720505
1.3730256371200085
1.6787480786442757
0.8179611749947071
1.9837105944752693
1.6183241866528988
2.213276632130146
1.187596920877695
0.824099088087678
1.7514209784567356
1.1099633872509003
1.581958457827568
0.8403459936380386
1.3060008436441422
1.658662848174572
1.1991364993155003
1.5909304693341255
1.2158474065363407
1.0183225348591805
0.9693368151783943
1.2787246368825436
1.2520846351981163
1.8306366726756096
1.4154338501393795
1.7418204732239246
1.5062771141529083
1.1724837310612202
1.5693860985338688
1.188088495284319
1.3656918108463287
1.2598217315971851
1.4679431021213531
1.7092669233679771
1.3577093854546547
1.1368862129747868
1.2406233102083206
1.3799519054591656
1.3263456225395203
1.228310715407133
1.3044192008674145
1.615559909492731
1.201939545571804
1.219940323382616
0.9376866295933723
1.1007836665958166
1.4052695855498314
1.1074503250420094
1.4748172983527184
1.8312316089868546
1.0572743453085423
1.0750512890517712
0.8583839945495129
0.9693202134221792
1.6276962533593178
1.1316088698804379
1.317763838917017
1.9237555712461472
1.671258084475994
1.3968943320214748
2.324221432209015
1.9000662416219711
1.7381045296788216
1.6081468090415
1.824646919965744
2.0585813000798225
1.0294425711035728
1.2186129465699196
1.2937420159578323
1.1344949007034302
1.5986496955156326
0.9151187092065811
1.1535635478794575
1.3811605274677277
1.6078695133328438
1.8624019362032413
1.2201392501592636
1.5323836579918861
1.5263465605676174
1.2155531160533428
0.9669323116540909
1.3265504501760006
1.6197183802723885
1.2891240045428276
1.1003833673894405
1.152626644819975
1.7302559614181519
1.6422410123050213
1.087712537497282
1.1028722263872623
1.3620282299816608
1.0372887440025806
1.7408322021365166
1.182204756885767
1.3838349245488644
1.6284560039639473
1.764377735555172
1.499539963901043
1.8899922035634518
0.9676940143108368
1.1779342964291573
1.750801257789135
1.4135621786117554
1.155528586357832
1.4418706856667995
0.9786944705992937
1.2560573481023312
1.07509545981884
1.1345120780169964
1.3227796964347363
2.0707628577947617
1.2392653487622738
1.7452299743890762
1.762510757893324
1.5503956489264965
1.6400239914655685
1.3061871454119682
1.6900005228817463
2.0470665246248245
1.3528419025242329
1.4996965564787388
1.218900166451931
1.0352508015930653
1.4510327279567719
0.9651763997972012
1.6615707613527775
1.2770498879253864
1.4038229659199715
1.6280369274318218
1.2821882627904415
1.1908818557858467
1.7274602688848972
1.285649236291647
1.573065236210823
1.2778192646801472
1.3024426028132439
1.3510365523397923
1.7460274919867516
1.2757182940840721
0.8986530154943466
0.7668080534785986
1.063000351190567
1.198419563472271
1.2623600400984287
1.103538978844881
1.3452493697404861
0.8350902795791626
1.1950090266764164
2.2880315110087395
1.4942596442997456
1.365054801106453
1.3655338063836098
1.2644009552896023
0.975177263841033
1.1321009807288647
1.5274742990732193
1.2037754133343697
1.9575446099042892
1.5736092254519463
1.6246632523834705
1.2654532231390476
1.231645803898573
2.250296637415886
1.332993846386671
0.7784713450819254
1.8663955852389336
1.728117436170578
1.4662081487476826
1.8562071472406387
2.00027547031641
2.226640999317169
1.4561539851129055
1.7703899294137955
1.604458685964346
2.339330866932869
1.6546689793467522
2.196761444211006
1.6839564517140388
2.2364655658602715
0.9957674480974674
1.2384029552340508
1.1425664648413658
1.1270102337002754
1.0087486989796162
1.4659907668828964
1.3549588173627853
0.952289029955864
0.8769673332571983
0.9223591573536396
1.3731706142425537
0.9235265925526619
1.6205097511410713
0.9522503279149532
1.1311393938958645
1.6194417737424374
1.5599900968372822
1.2099161334335804
1.259542927145958
1.4626469761133194
1.0097155440598726
1.4103644788265228
1.058565504848957
1.4159083403646946
0.9700298346579075
1.085920836776495
1.533076986670494
1.3718760795891285
1.1354779042303562
1.4186775274574757
1.2835716791450977
1.4690291061997414
1.0242296494543552
1.3335514217615128
1.1739220134913921
1.369690641760826
1.9443467780947685
1.5737978406250477
1.129290834069252
1.8713939376175404
1.3395190313458443
0.8675000239163637
1.4109461903572083
1.0570870898663998
1.3067128993570805
1.5948514118790627
1.7865810170769691
1.4903139807283878
1.3010247386991978
1.5242753699421883
1.785649985074997
1.4603566899895668
1.3340258300304413
1.3541141413152218
1.184294681996107
0.8937420360744
1.0172858834266663
1.4680663235485554
1.3497803136706352
1.5403972417116165
1.4857046119868755
1.1383891180157661
1.4190934598445892
1.2964134998619556
1.5147759988904
1.3953911736607552
1.5673769526183605
1.747413530945778
1.4451792649924755
0.9336255509406328
1.1156833693385124
2.236933186650276
1.7010326907038689
1.4536480605602264
2.378758229315281
1.9597867354750633
1.653268963098526
1.2602634616196156
1.907206304371357
0.9890251271426678
1.7968593388795853
1.4200557135045528
1.7568215914070606
1.8387807086110115
1.1186675988137722
1.3503953218460083
1.548834040760994
1.4269957728683949
1.4472489804029465
1.2991051375865936
2.047942876815796
1.3087226562201977
1.06900380179286
1.284206297248602
1.7125586159527302
1.5795850194990635
1.4224194176495075
1.4545069485902786
1.2451617680490017
1.3120401166379452
1.538152039051056
0.8906326051801443
1.0694167502224445
1.3947544023394585
1.5850167945027351
1.0736783854663372
1.2506139688193798
1.998330295085907
1.6695400960743427
1.2923605851829052
1.26462072879076
0.768327796831727
1.4886318556964397
1.0216281861066818
1.0244728811085224
1.3599038049578667
1.5523160323500633
1.66355874016881
1.1317063681781292
0.9203350059688091
1.4114516749978065
1.5885381698608398
1.3817247189581394
1.388676006346941
1.9087852612137794
1.242731999605894
3.149270713329315
1.9740080535411835
2.01387806981802
1.848565623164177
0.8229503650218248
1.2651550844311714
1.3187037594616413
1.3983122929930687
1.5470822751522064
1.5086243003606796
1.4037436284124851
1.830136276781559
1.0966753289103508
1.1572740636765957
1.4163475818932056
1.281701996922493
2.067622907459736
0.8961129616945982
1.291407223790884
1.5142267979681492
1.648618582636118
1.4097665660083294
1.2291516587138176
1.5984088033437729
1.0185014251619577
1.1838222555816174
1.0657763853669167
1.1018074192106724
1.025395292788744
1.8603614792227745
1.4278025031089783
1.1917823366820812
2.090365022420883
1.9668253809213638
1.1848892495036125
1.6844435147941113
1.3669922463595867
1.0998647212982178
1.716994233429432
1.3564768880605698
1.1498349159955978
1.3169355243444443
1.486996315419674
1.6496265158057213
1.0310634225606918
1.3877831548452377
1.6537463627755642
1.738998994231224
1.178893893957138
1.6131967455148697
1.354049675166607
1.490131463855505
1.7426187135279179
1.2595838122069836
1.4815457314252853
2.2442650198936462
1.4866454117000103
1.8627234101295471
2.4480512365698814
1.7932095676660538
1.5297557339072227
1.4735953025519848
2.0254489332437515
1.1113821230828762
1.7187396697700024
1.7144270837306976
1.4842250980436802
1.5085919350385666
1.8901367038488388
1.3189239390194416
2.3090312406420708
1.6660184636712074
1.5111287608742714
2.1532954946160316
2.483649730682373
2.5430473759770393
1.695253111422062
2.245783396065235
2.2415604889392853
1.5245762206614017
1.596099704504013
1.6549571491777897
1.2844608053565025
1.3810794800519943
1.3660790584981441
0.9672062862664461
1.4249059781432152
1.373662006109953
1.4801172688603401
1.5893181003630161
1.6307701542973518
1.87020044028759
1.7629463374614716
1.4988031834363937
1.704506989568472
1.2402886375784874
1.7473174892365932
1.445975411683321
1.5380761623382568
1.7556361556053162
1.3401875272393227
1.5661614313721657
1.1143650449812412
1.1792019046843052
1.2574522458016872
0.9696094803512096
0.88197822868824
1.104376396164298
0.936108473688364
1.4711239784955978
1.2257867753505707
1.142903259024024
1.0916062500327826
1.4310060292482376
1.2158607244491577
0.8833904508501291
1.1693354733288288
1.1945170313119888
1.1072564851492643
1.6408695057034492
0.9865521490573883
1.2777946926653385
0.7690318245440722
1.1484283953905106
1.6261766850948334
1.2919107675552368
0.9480459187179804
1.6093648225069046
1.9043996632099152
1.8051735162734985
1.6138323284685612
1.001045137643814
1.2049682773649693
1.5672624483704567
1.179398275911808
0.7403267621994019
1.7060872577130795
1.1606309302151203
1.5108367055654526
1.3827922493219376
1.335558008402586
1.821653537452221
1.488135252147913
1.661841869354248
1.1244376376271248
1.3658949062228203
1.6076224856078625
1.182821560651064
1.0508536882698536
1.6029074937105179
1.6346292160451412
0.991756197065115
1.3115185014903545
1.8404451236128807
1.7236882485449314
1.228449311107397
0.8772387616336346
1.5577825494110584
1.044384928420186
1.209150966256857
1.6356131061911583
1.380392774939537
1.243701234459877
1.9066063277423382
1.1849376633763313
1.4619890935719013
1.4897551648318768
1.7600312307476997
2.0587477535009384
1.1728853285312653
0.8574720546603203
1.6303207613527775
1.4930221252143383
1.4974882043898106
1.279957927763462
1.365868978202343
1.0608368553221226
1.6890202835202217
1.0566657073795795
1.3049166165292263
1.4502902068197727
1.2520947717130184
0.8935812097042799
1.3151909187436104
1.1857220754027367
1.151658859103918
1.406580574810505
1.7774204909801483
1.5616681948304176
0.7254856377840042
1.4367220550775528
1.5912800766527653
1.6347287185490131
1.0213628094643354
1.3274845890700817
0.8774460181593895
1.5146322585642338
1.6924875974655151
0.998200424015522
1.4754105471074581
1.3741892501711845
1.038666557520628
1.3423087298870087
1.819645319133997
1.229214869439602
1.1394269801676273
0.8691697660833597
1.4638028666377068
1.189298126846552
1.654192678630352
2.1772286370396614
1.4846766740083694
0.9401871636509895
1.5009077601134777
1.3452115654945374
1.5947743393480778
1.5095824748277664
1.4351269900798798
1.0696327425539494
1.7248800247907639
1.7421371042728424
1.7228945381939411
1.5069775693118572
1.3612956665456295
1.2886510416865349
1.8267985060811043
1.389980360865593
1.111940961331129
1.3407862968742847
1.7201576493680477
1.7120509184896946
1.447120789438486
1.3965455405414104
1.738476611673832
1.1066464856266975
1.2000327818095684
1.571062434464693
1.6700617149472237
0.9742037132382393
1.7066731378436089
1.3506842404603958
1.405318696051836
1.7246550358831882
1.5394442491233349
1.1724554263055325
1.6778637021780014
1.3530673533678055
1.3309082388877869
1.7003288492560387
1.5031823180615902
2.0224310383200645
1.119789183139801
1.6865206509828568
1.1754958294332027
1.3993296325206757
1.4843965731561184
1.7119765244424343
1.0500116422772408
1.2463977821171284
1.2041354551911354
1.6658951863646507
1.1185091249644756
0.9505812712013721
1.6455387026071548
0.8759770691394806
1.6217801831662655
1.4575286507606506
1.559852223843336
1.395962093025446
2.0699355751276016
1.425891537219286
1.4522998966276646
0.9980178251862526
1.4852131940424442
2.0141217410564423
1.4054099656641483
1.6308361999690533
1.8659172020852566
1.1092432141304016
1.3415956497192383
1.691534698009491
0.9944056905806065
1.4421172365546227
1.5796731226146221
1.0808783769607544
0.8845853991806507
1.6920307278633118
1.0493674874305725
1.0250497907400131
1.1135476380586624
1.5587810315191746
1.1976336687803268
1.1531507186591625
1.6227208152413368
1.2180445678532124
1.0259087793529034
1.2735044918954372
1.7236225567758083
1.747039582580328
1.6764673925936222
1.4020464047789574
1.4191000424325466
1.0192169547080994
1.2290523573756218
1.3460085168480873
0.8708671405911446
