2.1698894053697586
2.123171456158161
7.743301898241043
5.709731876850128
4.420981153845787
3.1397783532738686
14.585916578769684
7.9645982682704926
6.64856418967247
13.829026401042938
4.742889374494553
2.563034363090992
2.279855154454708
12.404814422130585
6.0953981429338455
4.275291100144386
3.0497428104281425
3.318611904978752
2.9259456619620323
3.4771174266934395
4.030555039644241
3.2431722059845924
3.5348489060997963
3.523026153445244
1.9002139866352081
13.26747441291809
9.113032907247543
6.469749927520752
6.084157317876816
5.206913113594055
4.644640877842903
4.723119571805
3.102229416370392
13.520931839942932
10.065815180540085
7.613148391246796
19.55801886320114
15.391034364700317
14.111948907375336
12.537634134292603
14.84057992696762
10.245526403188705
18.671194911003113
11.51783600449562
15.386691689491272
11.556348085403442
15.839901804924011
10.64981272816658
7.580791890621185
25.03770685195923
24.377230763435364
16.60785675048828
22.41537308692932
15.40304982662201
26.226807713508606
22.360648810863495
25.270896553993225
24.872626662254333
19.909578561782837
21.46971482038498
26.072979629039764
26.655681908130646
25.47803956270218
25.95170831680298
26.77125573158264
23.826793789863586
13.729066282510757
24.437783539295197
24.895966291427612
26.077994287014008
25.368766605854034
22.225878953933716
24.701230108737946
26.312953233718872
25.12243664264679
17.300886750221252
25.3321590423584
25.90256267786026
25.91810441017151
24.743605315685272
25.083046197891235
25.330780267715454
26.04141455888748
25.80592679977417
26.50303429365158
24.51817214488983
26.171484649181366
26.105707347393036
26.31407982110977
25.783510744571686
25.457459568977356
25.75591552257538
24.530949354171753
25.621997714042664
20.571366131305695
24.268549263477325
25.927591681480408
26.056953728199005
22.937416553497314
24.390754103660583
25.201256692409515
25.66363435983658
25.745211720466614
25.99472451210022
25.771013736724854
25.502148747444153
24.845749616622925
17.726223528385162
25.927104592323303
18.36652010679245
23.014614462852478
24.70647305250168
15.583621144294739
25.03988528251648
25.796857237815857
18.421275556087494
26.33763563632965
16.464270651340485
25.08767658472061
15.30091118812561
23.79570960998535
13.118098735809326
25.184512615203857
25.04500824213028
18.45134675502777
24.737379014492035
18.66836452484131
24.287746846675873
24.67455929517746
24.57092010974884
23.96799808740616
24.736933052539825
23.9014573097229
23.863483548164368
24.42288452386856
23.707543671131134
15.149405419826508
24.750823318958282
25.179971635341644
24.650328755378723
25.9888316988945
25.73375678062439
25.31729304790497
24.96765697002411
25.315922677516937
25.28804576396942
25.985654592514038
17.631930589675903
23.266096651554108
24.63440889120102
14.55032479763031
25.820493161678314
26.448285400867462
25.961298525333405
25.999052047729492
25.458732187747955
26.63543689250946
25.481144845485687
26.135274291038513
25.41608464717865
26.664520740509033
25.892654538154602
25.957371294498444
24.87159615755081
17.96589708328247
26.149641811847687
26.588273286819458
26.826844036579132
25.761482894420624
25.779481947422028
26.618755519390106
26.694416403770447
25.843712091445923
24.763521790504456
25.551904678344727
26.232660233974457
24.375373244285583
25.377691745758057
25.37706059217453
16.183544874191284
17.04368233680725
20.01060712337494
18.085169911384583
21.10107070207596
16.350101232528687
21.657067358493805
17.511747539043427
13.464404940605164
26.465547740459442
20.01446932554245
14.425495386123657
26.46778953075409
13.764045417308807
25.799082696437836
13.973353922367096
26.675560176372528
25.417411267757416
17.800952970981598
26.318905651569366
25.26184320449829
25.291133522987366
26.63874042034149
16.099504113197327
26.145247519016266
26.563050627708435
25.947636663913727
26.474593102931976
19.227671325206757
25.847637593746185
25.90707439184189
26.987135231494904
25.47301959991455
18.500166952610016
17.110524833202362
24.508273601531982
16.914429247379303
19.607086420059204
24.791667759418488
17.733873665332794
25.222703397274017
11.223940759897232
26.13043189048767
11.236748039722443
26.326481521129608
26.678438782691956
26.558586716651917
17.332538664340973
18.1142800450325
22.759830057621002
18.959277272224426
20.095555543899536
18.81070786714554
17.389422297477722
16.881749510765076
16.24758017063141
10.482173323631287
18.817427039146423
16.24974173307419
8.078697621822357
19.379192292690277
16.345529794692993
16.920154094696045
24.037514686584473
14.701057016849518
25.75230699777603
23.22636651992798
11.081556797027588
23.173412680625916
19.854347705841064
21.285220861434937
18.965264916419983
19.874468863010406
16.77751785516739
21.895198345184326
18.066502392292023
25.28754711151123
24.237491071224213
13.51114946603775
13.192375659942627
18.285995602607727
22.338058054447174
23.442039489746094
23.568206131458282
25.94253361225128
25.489451050758362
24.12747687101364
25.620282888412476
23.38041365146637
22.31261247396469
13.811276823282242
14.501286149024963
17.909728586673737
16.70482623577118
20.355343639850616
17.78544807434082
18.944349944591522
15.379331707954407
20.450247824192047
16.4574676156044
22.697549045085907
15.062986195087433
23.317414343357086
14.885785400867462
23.63099616765976
14.44114500284195
23.898154735565186
14.188392162322998
24.90236932039261
16.22525590658188
13.18847480416298
17.872724950313568
15.967077732086182
19.206126809120178
14.004564940929413
25.962372303009033
14.140241473913193
24.634676814079285
14.062515616416931
22.820625245571136
9.912479668855667
14.379558682441711
13.921388030052185
17.29852557182312
19.173511624336243
16.24398171901703
25.163272380828857
21.39590221643448
21.491909980773926
21.691867113113403
21.480548560619354
21.358766674995422
21.507268846035004
21.781228601932526
22.482149600982666
11.59348151087761
10.720759689807892
14.400928735733032
17.174578845500946
17.543936252593994
11.568985402584076
11.788501411676407
17.118420362472534
17.30182820558548
16.24235886335373
11.132221132516861
9.709015935659409
11.091940939426422
11.232031613588333
11.70485070347786
14.985479712486267
12.164809465408325
18.820429146289825
10.718490272760391
15.678280293941498
9.591474264860153
26.083909034729004
15.121771037578583
23.771046698093414
15.842966973781586
25.976285457611084
25.454629778862
19.381512582302094
25.75989258289337
19.462724208831787
16.62470406293869
24.96780639886856
21.949271619319916
17.237060844898224
24.26795071363449
16.756954967975616
26.04418045282364
16.45135849714279
16.156907618045807
13.054997682571411
22.267916560173035
16.90357679128647
10.17783784866333
23.37363177537918
16.630856037139893
11.287622720003128
25.426620602607727
15.596235930919647
25.110980331897736
11.818250268697739
8.338042438030243
25.45373946428299
14.51531371474266
16.416278898715973
10.432056039571762
16.857448399066925
17.743162095546722
11.553223997354507
7.607324063777924
24.154726207256317
9.47961300611496
25.797405123710632
19.43702405691147
14.364928007125854
11.68279030919075
20.410191655158997
13.470630943775177
17.69228982925415
11.86079916357994
15.926979064941406
18.045993149280548
9.652525186538696
19.121524810791016
11.87486645579338
24.269375681877136
21.350781857967377
21.471377909183502
19.403040170669556
21.006262123584747
20.10300838947296
20.032261610031128
18.723493039608
21.071340322494507
18.238174378871918
21.718273043632507
20.093526661396027
20.31581938266754
12.598208636045456
23.995058715343475
22.111865639686584
22.920659124851227
23.309307754039764
21.8856480717659
21.83526986837387
14.62636786699295
20.97177302837372
21.8871631026268
20.81478387117386
21.266752123832703
16.301718056201935
11.833530485630035
25.9411740899086
20.944753229618073
12.840636283159256
25.891297459602356
14.018613398075104
12.916717261075974
22.163017511367798
16.6472430229187
16.06950753927231
13.258083432912827
7.974877595901489
21.217669308185577
14.103650987148285
7.990353435277939
18.621473133563995
11.228375285863876
8.557399779558182
16.94075918197632
10.757305592298508
17.313090324401855
24.64526879787445
26.188383638858795
26.137090802192688
24.58873015642166
25.740779280662537
19.155573844909668
25.81208962202072
25.536466240882874
25.769138038158417
25.871221721172333
25.35214865207672
12.83166092634201
25.441439926624298
26.205972731113434
25.39636492729187
25.901777684688568
20.948738276958466
25.580967962741852
17.179102182388306
12.66186586022377
19.533531308174133
12.983088940382004
22.10680490732193
16.15405696630478
9.380521178245544
22.28656965494156
10.85481458902359
25.5494544506073
23.998527884483337
23.301640808582306
23.3149111866951
22.817877769470215
16.880647361278534
13.412811577320099
11.326373547315598
22.48760676383972
13.354273289442062
22.659043312072754
11.875151485204697
24.851063430309296
23.50894159078598
23.82429987192154
22.0318660736084
22.641677677631378
12.387278407812119
23.37122219800949
19.70360279083252
16.646056652069092
25.349667608737946
19.94147151708603
16.791523337364197
22.081710398197174
13.996303141117096
24.456694424152374
23.31403225660324
19.332903563976288
20.65266925096512
14.699436366558075
24.220174252986908
11.691632121801376
25.37019717693329
18.36716538667679
6.8931878209114075
25.34805077314377
17.69716864824295
10.181359082460403
25.138976216316223
16.739908933639526
23.90380895137787
10.786377489566803
25.361654698848724
12.335896909236908
11.369620710611343
17.131865203380585
15.564435541629791
14.274469375610352
14.883933365345001
15.025146842002869
15.480776071548462
14.221205055713654
14.40549087524414
15.027780830860138
14.561899453401566
16.04880201816559
12.67568376660347
19.36549401283264
13.92674109339714
16.086710453033447
10.832595616579056
25.334373235702515
17.716736257076263
23.89066356420517
13.000899821519852
20.594982743263245
16.479501485824585
11.475008100271225
9.477399110794067
22.378917396068573
14.771519541740417
24.150947213172913
23.481718242168427
22.538981676101685
23.165201783180237
20.068960189819336
24.406236708164215
11.425682991743088
25.366217374801636
23.2264621257782
24.2591912150383
23.268540143966675
23.279183447360992
23.362849712371826
17.065593719482422
13.263472944498062
14.400134086608887
24.058713018894196
14.656777083873749
25.152738988399506
25.697631299495697
25.02994817495346
23.851990580558777
24.332644760608673
24.16839826107025
23.142253577709198
22.5834481716156
25.513913810253143
19.97300499677658
15.20526796579361
23.892631828784943
21.127647161483765
20.008679687976837
17.934181332588196
20.427436649799347
18.679485201835632
10.346448361873627
25.119770228862762
24.228244721889496
22.153667330741882
11.126122772693634
24.58627814054489
21.10823154449463
21.78294986486435
18.088653206825256
24.74825131893158
18.862724781036377
21.451542139053345
19.52458965778351
25.781950891017914
23.28228598833084
13.272291511297226
26.140550076961517
25.038702130317688
24.073694944381714
16.269975185394287
24.744203329086304
25.262298107147217
25.207064509391785
25.834533393383026
12.08361029624939
26.216254115104675
13.591416329145432
12.294478088617325
24.889549136161804
16.14574843645096
19.528351187705994
15.459164559841156
17.893284678459167
13.742179274559021
25.33847588300705
18.217789351940155
25.36658239364624
8.609837234020233
24.995632231235504
11.987986475229263
8.878681123256683
18.437633752822876
14.452642738819122
17.079674243927002
12.01858875155449
18.95158964395523
10.311638206243515
25.80310970544815
23.985114336013794
19.15910291671753
24.189136505126953
18.110814452171326
14.896928012371063
25.18249899148941
18.89949083328247
18.625685334205627
17.609416604042053
14.603374123573303
22.41182118654251
20.201328098773956
20.486418426036835
18.96352505683899
20.805284202098846
16.917254328727722
23.190832555294037
16.681295692920685
13.983797788619995
23.615663766860962
10.872481912374496
24.033087015151978
25.31495773792267
25.241732835769653
25.153548657894135
25.060075759887695
23.79023313522339
24.171748399734497
23.985612511634827
20.201018750667572
25.46147531270981
26.424725353717804
25.449683785438538
26.297825276851654
14.744085907936096
10.70434719324112
18.643438577651978
13.35619792342186
25.02155965566635
19.734527111053467
17.518997609615326
23.00747263431549
16.720480799674988
25.64177817106247
24.491491079330444
26.5623642206192
16.35667359828949
25.299318969249725
25.32158088684082
13.541707128286362
12.664299815893173
22.55592042207718
14.957739174365997
16.465228021144867
13.614461898803711
13.509501487016678
17.356780111789703
15.72769981622696
14.948094546794891
8.10819786787033
21.34518164396286
16.994958102703094
16.409881472587585
16.659542500972748
17.170916080474854
14.05407765507698
25.087705671787262
14.242385685443878
21.802161693572998
16.119270145893097
15.509543418884277
15.705157160758972
23.640029430389404
17.087636470794678
20.03981226682663
17.433303475379944
9.900167733430862
21.85343188047409
18.52551758289337
12.430943250656128
23.282279670238495
18.357494175434113
17.698366582393646
9.063272893428802
23.6329984664917
10.192897468805313
25.082552134990692
23.57594782114029
24.015108823776245
23.860027194023132
22.7907372713089
14.249466210603714
24.291478514671326
24.551738917827606
24.512818098068237
24.694388151168823
23.25916451215744
23.9233620762825
20.55598282814026
23.648473381996155
24.086116671562195
24.05192244052887
25.442564070224762
26.30873465538025
24.67492163181305
22.948735535144806
24.631682336330414
24.696972370147705
24.60676795244217
24.704528987407684
24.486023485660553
24.550150871276855
12.4396291077137
9.42936909198761
22.55306738615036
14.831440269947052
16.355717658996582
12.159116566181183
16.408941388130188
16.128009140491486
12.016381680965424
13.828765720129013
11.4251669049263
9.015405654907227
8.469458490610123
18.942307770252228
13.422096222639084
9.135379642248154
5.830519050359726
22.688459813594818
8.201926797628403
25.37058597803116
7.4349446296691895
6.694791212677956
15.8134486079216
12.927942484617233
13.643816381692886
9.078797399997711
20.39586728811264
10.829198598861694
10.466735541820526
9.694739133119583
15.149965286254883
9.812130779027939
22.003670811653137
12.880422592163086
10.320663958787918
14.5928555727005
15.209857046604156
8.536814332008362
25.414609909057617
16.153116285800934
20.125358402729034
19.746672928333282
24.52992606163025
13.56919652223587
24.853551924228668
15.82371461391449
7.777635991573334
7.2331503033638
6.938792824745178
16.767436742782593
14.598306596279144
8.385293573141098
26.03042894601822
9.780449718236923
23.46341049671173
9.223464787006378
24.735560953617096
25.672902166843414
9.826651245355606
25.009713649749756
24.735942482948303
25.67368984222412
14.242705464363098
26.240828335285187
27.243518114089966
25.45315533876419
26.14655601978302
11.484635412693024
26.176843643188477
26.40713357925415
25.855648577213287
26.026165664196014
24.610684990882874
23.70690643787384
24.19925981760025
24.00276792049408
24.70188009738922
17.336050510406494
23.909630477428436
25.92700958251953
25.359410285949707
25.77605301141739
26.82715916633606
25.645484149456024
26.629665195941925
25.442970097064972
15.031466245651245
25.44366353750229
16.178252398967743
24.734712958335876
16.89424240589142
25.12962770462036
20.93415480852127
26.076870322227478
24.744068205356598
26.11551946401596
25.868280708789825
19.588150024414062
24.559486627578735
16.42503035068512
25.342466950416565
26.663958132267
26.597672760486603
19.610774099826813
24.38739776611328
25.102414309978485
25.492024898529053
24.623025000095367
15.521056234836578
25.52864134311676
14.494667053222656
25.65815794467926
24.083552658557892
24.928152680397034
25.640806794166565
18.52757340669632
25.67326581478119
26.139273643493652
25.625496327877045
25.507727324962616
25.789379060268402
18.5332852602005
26.90141588449478
26.57555264234543
25.85482496023178
24.722905158996582
12.663970857858658
12.242406129837036
17.101146161556244
12.761202424764633
8.921540021896362
23.46487432718277
11.152766585350037
8.39072197675705
14.406857967376709
16.167733788490295
16.331653892993927
14.211077839136124
9.202734768390656
25.651745557785034
8.73597440123558
25.94653856754303
25.7027028799057
26.033153116703033
26.73229968547821
26.363891303539276
26.12259715795517
17.86073750257492
25.116997838020325
26.09822314977646
14.843569695949554
26.223533272743225
25.448112845420837
26.047922253608704
26.085219025611877
25.320291578769684
25.520399689674377
26.05191934108734
26.307530283927917
23.353489100933075
25.840374290943146
25.623062312602997
26.460040807724
25.212237060070038
25.25325894355774
26.493215918540955
26.214173674583435
25.650438487529755
25.631085216999054
17.02886074781418
25.177574574947357
23.043651342391968
17.808273553848267
14.624974131584167
17.5166677236557
21.031206786632538
17.9541237950325
19.405630707740784
13.593821346759796
24.78683352470398
19.772529542446136
17.12525975704193
20.249390304088593
16.36138355731964
22.171512722969055
10.995251089334488
24.570031464099884
24.14338392019272
23.631794154644012
22.691984474658966
21.398048400878906
17.954004228115082
22.12066674232483
22.114045202732086
20.87943035364151
18.332447171211243
19.07958161830902
17.874650955200195
17.885438680648804
18.67793697118759
18.18391102552414
9.790801584720612
22.13981145620346
7.443240433931351
24.296193599700928
22.731522381305695
21.28233379125595
21.138368844985962
22.058286428451538
20.87920993566513
23.30367797613144
21.63746577501297
22.064254581928253
17.428616642951965
25.250730335712433
24.365853905677795
18.314212679862976
23.089167594909668
21.697544395923615
23.05020236968994
17.367880165576935
23.008175551891327
23.8340847492218
23.110463976860046
23.294094920158386
22.003639578819275
22.022665143013
22.5090149641037
20.881514072418213
16.15797346830368
22.42252743244171
23.950610756874084
24.077554166316986
23.8026881814003
23.500202357769012
13.713152199983597
24.574404537677765
23.518800139427185
22.694286167621613
21.376967787742615
22.2424578666687
21.583931148052216
21.837687849998474
20.24941486120224
17.742548525333405
24.779410481452942
23.5717955827713
23.22945874929428
21.255216240882874
11.397938877344131
23.189234614372253
21.354277193546295
21.16941148042679
21.25443732738495
21.420231342315674
20.31160968542099
23.0733163356781
23.02686506509781
16.256500124931335
20.529947757720947
22.750071704387665
20.069325268268585
21.91540640592575
16.314699411392212
23.671093344688416
24.470293760299683
13.032594621181488
13.115169614553452
21.17158192396164
14.959999859333038
15.668985068798065
15.251872420310974
18.479514062404633
12.48984181880951
25.68439108133316
14.84144675731659
26.198927879333496
15.689663529396057
19.950283885002136
13.002965986728668
25.271161675453186
20.538589358329773
13.121878832578659
25.79607766866684
24.797678232192993
13.297032594680786
7.293627709150314
6.989139944314957
7.53816357254982
10.90548574924469
8.72186753153801
7.767971068620682
14.760488390922546
10.73898360133171
6.533554509282112
5.014822706580162
13.96478122472763
7.14525231719017
18.18100792169571
16.07409507036209
8.614410728216171
21.48112601041794
10.233274430036545
8.894380122423172
19.043999433517456
11.818990051746368
11.915461301803589
12.497311055660248
17.459646344184875
10.769011050462723
5.032985553145409
6.475738972425461
10.692305326461792
7.634689688682556
8.582480907440186
7.95465886592865
7.5612059235572815
19.028528451919556
11.233749866485596
15.70342367887497
8.672444820404053
7.77256652712822
17.613422691822052
13.37932550907135
8.342169165611267
5.725208595395088
13.923682272434235
11.150384724140167
19.61879187822342
12.247519940137863
14.900141775608063
10.417102694511414
7.209297597408295
23.833691120147705
10.570632189512253
16.60444140434265
7.811397224664688
25.335776388645172
7.1104347705841064
25.84428483247757
25.603980362415314
26.06113374233246
24.653582394123077
25.547697246074677
25.412042319774628
25.022726953029633
25.51567131280899
26.718129456043243
25.880495369434357
25.42750233411789
26.439830899238586
25.970871150493622
25.197973251342773
22.584908962249756
26.57245248556137
26.420583486557007
17.824075877666473
26.488091230392456
25.851687908172607
25.98718363046646
26.18202906847
27.079492807388306
25.480193376541138
25.73364120721817
22.170051217079163
16.428560495376587
24.60883790254593
19.519209265708923
25.713679671287537
20.52189964056015
25.787665843963623
21.997223734855652
26.06469577550888
25.881093978881836
25.96129220724106
25.88247787952423
26.027243554592133
25.08889001607895
25.36851978302002
24.5393163561821
24.619777977466583
24.72739452123642
24.973694682121277
24.547221541404724
24.168828904628754
25.43729829788208
20.25643813610077
24.15842241048813
15.22188264131546
25.18804430961609
10.71994012594223
25.404623329639435
24.29163932800293
24.993857741355896
24.752041935920715
10.602402955293655
26.81352347135544
25.8073593378067
25.87529993057251
25.690941095352173
24.352509677410126
25.65610295534134
24.465827643871307
23.13466876745224
23.360214710235596
21.2375186085701
13.126473158597946
26.13293492794037
25.817544102668762
24.49650239944458
22.846227288246155
23.44206702709198
23.034370243549347
23.393227994441986
23.435682594776154
22.297471344470978
22.22502291202545
11.608928918838501
25.74376755952835
25.024969816207886
14.728838324546814
22.912841737270355
13.908709853887558
24.76180249452591
24.025172233581543
22.219639360904694
23.73210084438324
22.1430743932724
22.93958342075348
14.49080115556717
25.75057804584503
24.98630976676941
19.676836669445038
25.652934312820435
25.99967646598816
24.719815850257874
15.43278282880783
25.500118136405945
24.237953543663025
24.004492044448853
22.924349427223206
22.966287195682526
23.628825068473816
21.723787009716034
24.857413828372955
23.81804984807968
25.188619792461395
24.485714972019196
25.74728238582611
24.831272959709167
25.421160876750946
25.033176958560944
13.345149457454681
26.02334040403366
26.38561713695526
14.610690534114838
25.811315655708313
25.731397032737732
22.913699686527252
23.462515234947205
23.46392995119095
23.255569338798523
17.824991703033447
11.084364354610443
8.847065716981888
18.836987793445587
15.708952248096466
14.155864298343658
8.156122237443924
25.837686419487
11.44027253985405
25.346511960029602
25.678068578243256
24.827712535858154
25.871772408485413
25.96772176027298
26.480878055095673
25.46649444103241
25.97084140777588
25.985719323158264
26.253733813762665
25.496430695056915
25.393966555595398
25.417740166187286
26.46130061149597
26.480225324630737
23.96479743719101
23.61006933450699
16.12750816345215
8.533451557159424
12.008852243423462
7.487836450338364
18.742600440979004
15.16018271446228
17.63379716873169
13.598248720169067
11.18880832195282
23.838664889335632
11.778372585773468
20.44612628221512
8.794028967618942
25.609832167625427
18.813153564929962
25.317942321300507
26.168433725833893
25.132628917694092
10.22447857260704
26.70656257867813
10.87644499540329
27.10753709077835
26.69618785381317
25.73026430606842
25.7178013920784
14.718069791793823
26.043822467327118
26.42706722021103
26.317632853984833
25.42350548505783
26.901850163936615
22.082947969436646
25.60467118024826
26.259552240371704
26.80949294567108
25.331296980381012
26.08275157213211
15.246774733066559
24.88569664955139
25.799018442630768
25.520129323005676
24.879188418388367
24.854575872421265
25.266251027584076
25.64239251613617
17.17103683948517
14.304912090301514
18.598331034183502
17.896042048931122
21.886015951633453
17.44332867860794
23.057604551315308
17.16304612159729
23.20972490310669
16.50057864189148
17.538167655467987
16.20886254310608
19.838329553604126
18.98330467939377
21.107705771923065
12.599270552396774
25.4454705119133
11.305471986532211
25.958889067173004
24.35450267791748
23.06430011987686
24.129804134368896
23.537913918495178
23.10541522502899
23.337284862995148
24.226928651332855
22.950140178203583
22.08749157190323
23.411915242671967
22.79611325263977
22.23311936855316
23.361846804618835
13.890824168920517
25.088202357292175
25.386333107948303
26.20855450630188
25.055555820465088
24.325239777565002
25.0547953248024
25.36250865459442
24.257838547229767
24.00854068994522
23.60103267431259
24.5760595202446
23.909112513065338
24.402562260627747
23.253798723220825
23.988555014133453
23.807956039905548
17.500432550907135
25.518850564956665
24.34616267681122
24.548447728157043
19.373552799224854
22.877835869789124
22.520012140274048
22.265281319618225
16.540534913539886
24.938455939292908
24.172411501407623
23.170492827892303
21.14028036594391
22.10120677947998
21.587055444717407
20.654915034770966
12.954638987779617
12.282925516366959
10.707960784435272
18.66197657585144
8.29040351510048
22.408026337623596
19.52546089887619
17.611057817935944
19.53294485807419
15.803157150745392
8.779260635375977
20.673534154891968
10.05261504650116
24.0615074634552
20.460954308509827
20.561639070510864
21.236523509025574
9.515853941440582
8.699637085199356
21.71949005126953
14.057032585144043
19.782685935497284
11.293623119592667
21.13709682226181
11.461071819067001
18.114491760730743
11.766078501939774
9.804578304290771
18.97541433572769
13.936246454715729
9.018617898225784
5.793904408812523
4.212939277291298
3.9804989397525787
9.663706809282303
7.588707745075226
9.631498992443085
6.880325019359589
9.307398468255997
6.797311708331108
7.012082293629646
7.13498643040657
8.34424078464508
8.789316594600677
7.164997756481171
12.359778255224228
8.200497686862946
9.428620606660843
5.575100094079971
22.221799552440643
8.405295997858047
20.4518324136734
12.198010116815567
11.640839487314224
4.234107494354248
25.3126779794693
12.402375131845474
24.360367953777313
9.127844959497452
26.53022575378418
20.676991820335388
18.15003675222397
21.47188365459442
15.06691437959671
22.669056117534637
14.606219410896301
9.68917852640152
25.20630443096161
7.691552713513374
25.52502477169037
18.16638469696045
17.250088393688202
26.12244600057602
12.138664811849594
26.31855434179306
26.526819348335266
25.59985625743866
25.255703032016754
25.525246322155
26.015970528125763
12.394539594650269
10.51187527179718
24.77825003862381
8.394344717264175
24.365966022014618
7.534167379140854
24.38686567544937
7.565543293952942
5.604515105485916
17.876171946525574
9.215844720602036
25.472471356391907
21.659236550331116
18.84196972846985
22.242414236068726
20.471346139907837
22.361011683940887
13.222077250480652
8.20965752005577
25.083732426166534
17.058000802993774
13.649979919195175
8.865222722291946
23.647973120212555
10.116264820098877
12.50116628408432
14.751321852207184
7.877667933702469
24.17879492044449
13.992720127105713
12.388829976320267
12.30475801229477
25.83276665210724
22.856484711170197
17.369900226593018
10.761407017707825
22.014425098896027
15.718656778335571
11.45439001917839
6.051109358668327
23.058559596538544
7.597887575626373
25.327903270721436
25.99248892068863
25.0637486577034
25.132399260997772
24.28106290102005
19.855304181575775
24.709254443645477
23.767110764980316
24.560697615146637
23.94048023223877
23.64915829896927
23.880446314811707
22.98547786474228
22.98900133371353
23.090543925762177
21.951266050338745
23.20407146215439
18.342329442501068
10.12695649266243
25.054761588573456
22.697944164276123
18.83458536863327
22.32796323299408
18.244373083114624
26.087160050868988
24.65452653169632
26.32233339548111
26.381331086158752
26.165866136550903
25.52864694595337
27.076256275177002
25.92829144001007
26.079869389533997
25.991455614566803
13.948350995779037
25.328371703624725
13.229573488235474
9.417690068483353
18.05227392911911
16.79860270023346
17.673814117908478
15.984958291053772
12.82412838935852
21.60122686624527
16.51793885231018
23.2967888712883
16.970454394817352
21.44864946603775
11.579420000314713
24.422733545303345
22.90332853794098
16.319809138774872
24.056580185890198
22.953114926815033
22.649472296237946
21.753624737262726
21.992431938648224
23.44115376472473
23.20018583536148
22.47895723581314
22.783443927764893
22.09352695941925
21.09452646970749
22.61511069536209
21.47698712348938
10.243255764245987
23.524571776390076
23.3352809548378
24.044257819652557
25.143902599811554
23.53694921731949
23.57983785867691
23.401275396347046
22.823204338550568
24.7787144780159
22.602862238883972
23.16153907775879
23.10776174068451
23.442007541656494
23.266183733940125
22.029680788517
23.158399641513824
23.32971066236496
22.811582446098328
22.484502971172333
14.83439326286316
21.355189561843872
18.540032267570496
22.29471355676651
18.850957691669464
19.64398294687271
17.018687307834625
19.1257084608078
16.358458042144775
17.679515659809113
13.919972360134125
19.152262210845947
14.340711414813995
20.33104258775711
13.426484405994415
24.185548305511475
16.253305673599243
14.320228159427643
25.535266757011414
17.82084882259369
20.859313189983368
16.818782210350037
23.846839904785156
11.179587125778198
25.302828431129456
26.68691337108612
24.607524931430817
25.20922154188156
24.77964061498642
24.313170075416565
24.4808492064476
18.510131120681763
24.834937691688538
25.645475327968597
12.41330435872078
25.011866450309753
25.990664899349213
26.39854544401169
26.67639148235321
26.300948798656464
17.005752623081207
25.048640310764313
22.860263466835022
17.858916878700256
23.03152060508728
12.43052065372467
26.267935395240784
24.974196314811707
23.792084753513336
24.34718495607376
24.08910083770752
23.50060510635376
19.050001859664917
11.207693994045258
24.522106528282166
21.439250707626343
18.68212389945984
11.805559247732162
24.292584896087646
19.69333851337433
19.719031155109406
18.965777456760406
10.606266647577286
23.540517807006836
8.99661710858345
24.06483817100525
21.827678501605988
22.05785095691681
10.304933488368988
24.955101668834686
12.120611399412155
25.117651164531708
25.622816383838654
25.319287717342377
25.247315049171448
25.872245252132416
25.059062659740448
24.418939352035522
24.568349838256836
24.946262896060944
24.64507007598877
25.336950063705444
24.956901729106903
23.45616441965103
24.95088505744934
11.372027933597565
24.813115000724792
24.17250293493271
23.156431674957275
23.521625220775604
22.561338663101196
23.33974015712738
23.319575250148773
16.934260964393616
21.65730583667755
22.541837334632874
21.33570748567581
12.57668998837471
21.658895194530487
23.248679637908936
23.005056977272034
23.032858908176422
20.60417664051056
19.44228732585907
23.04880964756012
17.55289512872696
25.742132246494293
22.35237967967987
14.983061611652374
25.767180025577545
23.573319852352142
18.394187033176422
23.01106423139572
19.615748405456543
21.082291960716248
11.286564856767654
11.171748548746109
18.336042940616608
12.851032555103302
15.119875848293304
10.184555560350418
12.110343664884567
14.620261907577515
10.940404057502747
22.26951903104782
13.817513823509216
25.65680319070816
24.830316066741943
24.568721115589142
24.19624435901642
24.22303581237793
24.91870766878128
23.424349009990692
23.054599046707153
23.43881893157959
22.288846254348755
15.429272890090942
25.704126179218292
24.61715829372406
15.265555381774902
26.112806022167206
26.568981885910034
25.235732853412628
24.770993053913116
23.54997718334198
24.89483332633972
23.936401844024658
14.624432146549225
25.354935348033905
16.9810391664505
25.97254180908203
14.818837821483612
26.107538044452667
25.838848769664764
14.59037059545517
25.648458003997803
16.268055200576782
22.56670433282852
13.543249934911728
25.89240050315857
13.919459611177444
26.38992840051651
25.586547911167145
25.167829394340515
24.15770936012268
13.85897672176361
25.807444989681244
25.366682827472687
17.51598232984543
25.470358908176422
25.794714629650116
13.915148258209229
8.883429497480392
15.5056112408638
19.157820343971252
18.74686163663864
16.765492379665375
18.34638750553131
18.303012311458588
15.876506567001343
12.28060993552208
24.445950269699097
14.53254348039627
23.50496679544449
13.34044885635376
24.24435144662857
14.014344155788422
25.125213265419006
18.829658687114716
25.530877590179443
13.699331432580948
23.914303064346313
11.933664560317993
25.410026907920837
13.903742998838425
25.0238077044487
15.455693304538727
20.514993727207184
16.835381269454956
14.40188068151474
25.3260697722435
13.047913014888763
23.806352198123932
25.62684029340744
24.757338643074036
26.730627059936523
25.3442605137825
25.56403946876526
27.113742113113403
14.106203734874725
25.500123858451843
25.25176912546158
26.997762382030487
20.920314013957977
25.091026425361633
26.52709537744522
26.30616319179535
26.012336373329163
10.04331311583519
26.040498197078705
12.604043364524841
9.484859108924866
23.043176651000977
15.308860957622528
12.15778711438179
8.975949674844742
20.352897584438324
11.129035085439682
25.61562669277191
20.544010818004608
16.327999711036682
11.789861351251602
25.476783752441406
18.361754655838013
18.387935757637024
17.197760701179504
19.404925167560577
16.005262553691864
23.24243986606598
17.345896661281586
15.386463463306427
8.697674363851547
6.610862910747528
22.35885190963745
8.7042376101017
21.92295551300049
6.924871280789375
24.049619913101196
13.25682458281517
21.473187923431396
9.638988822698593
11.392995953559875
8.742758333683014
3.9860601723194122
22.38863217830658
9.185029119253159
15.286562740802765
9.637296319007874
7.691079169511795
22.80380815267563
4.183673545718193
19.301737070083618
11.966767460107803
10.302605032920837
9.458469867706299
9.572128176689148
9.254840016365051
9.757911831140518
9.240360915660858
9.055700987577438
10.211538672447205
9.323795914649963
8.496793866157532
9.809500813484192
8.794024348258972
8.43769907951355
8.767343997955322
3.8626282066106796
2.3384197056293488
12.307341188192368
5.526726603507996
4.172523856163025
2.678883671760559
8.266443014144897
6.381575673818588
4.687467098236084
4.015960484743118
4.0657308250665665
4.4743688851594925
4.662305787205696
4.066076636314392
4.769399359822273
3.441962018609047
11.316508054733276
8.13935872912407
8.010900408029556
3.763144686818123
19.941695868968964
6.098363667726517
3.6625820994377136
1.8189567923545837
14.522542953491211
6.883777782320976
5.241021931171417
4.860990464687347
5.244979038834572
2.477247342467308
18.51716810464859
4.686333283782005
25.73458856344223
21.30916517972946
20.650127232074738
20.33760243654251
14.650383651256561
24.52238827943802
21.54364848136902
22.20177435874939
22.56756353378296
21.984894037246704
22.682753264904022
8.39696142077446
25.020578920841217
23.89150494337082
24.207778334617615
17.536789417266846
8.38984751701355
23.708161771297455
19.02154439687729
15.001157701015472
25.838399648666382
24.67432951927185
21.755223333835602
11.96331012248993
9.753769934177399
11.512660890817642
8.234377205371857
8.71680012345314
7.942140221595764
9.30428472161293
6.615174904465675
14.751072466373444
7.458097457885742
25.058685898780823
15.241850852966309
7.365661680698395
24.794629156589508
18.12956017255783
7.5349598824977875
23.710556387901306
21.425378680229187
19.442925810813904
7.725043058395386
23.544032394886017
19.587791740894318
18.747895538806915
15.89484840631485
25.08368021249771
18.998241543769836
18.072395086288452
16.84529459476471
25.329793334007263
16.05317622423172
25.414419174194336
24.74998116493225
22.874203324317932
18.040714502334595
14.787332713603973
14.70188719034195
10.106766313314438
17.29867970943451
17.286542773246765
16.46935212612152
21.518065571784973
19.612091898918152
21.430859923362732
18.079276978969574
15.892662703990936
25.276050209999084
12.24536669254303
24.6148664355278
12.036020755767822
7.37455290555954
23.05187076330185
12.04599004983902
22.477495789527893
17.24076372385025
19.310108423233032
13.80783149600029
11.277606189250946
21.447094440460205
8.047751992940903
25.36872160434723
25.47976452112198
23.99250054359436
23.221701562404633
24.540206253528595
21.990379989147186
23.97614061832428
22.388517200946808
24.267892122268677
24.210123479366302
17.485562026500702
15.202037930488586
26.50950336456299
18.087620317935944
23.451468348503113
14.513827800750732
25.197372496128082
25.132135093212128
26.05505931377411
25.65024697780609
15.535272538661957
25.86351227760315
25.71156370639801
25.124195277690887
22.69813644886017
16.68195241689682
13.105137437582016
26.313430547714233
18.608326613903046
23.71451497077942
15.934382438659668
25.873039484024048
12.764765679836273
26.012125432491302
25.488739728927612
24.04832398891449
22.227943897247314
23.18382877111435
20.97466403245926
12.745769530534744
25.843111872673035
24.161661028862
13.146769791841507
26.11178481578827
25.42754828929901
25.674725830554962
25.834937393665314
25.814038157463074
24.84761691093445
25.265410363674164
20.965522527694702
24.958761513233185
25.325735449790955
26.700726747512817
25.304957449436188
23.751920521259308
12.419718831777573
25.55139708518982
25.20501708984375
25.59232187271118
25.666990518569946
11.480626344680786
12.74851679801941
19.41568773984909
13.649836242198944
16.336371779441833
8.820010304450989
22.227598130702972
19.21791124343872
15.707292199134827
15.534295678138733
19.12248283624649
9.98255369067192
18.593803882598877
16.42804616689682
17.0777730345726
16.228645145893097
8.395417988300323
21.6622371673584
17.57792615890503
5.688489124178886
22.15222305059433
6.485933691263199
24.007199585437775
6.156355917453766
5.697301432490349
4.692912980914116
10.707129269838333
6.420337021350861
12.866038799285889
7.800270438194275
16.148134768009186
15.00811493396759
16.441723108291626
13.905545681715012
17.000809490680695
14.24427729845047
7.726912468671799
6.655137896537781
20.21666979789734
9.210104435682297
15.849970757961273
9.140237033367157
13.834303975105286
15.140260815620422
8.366282433271408
6.1346307545900345
17.15656566619873
6.983738720417023
3.440080262720585
20.941953003406525
8.46349385380745
8.503543555736542
6.6937088668346405
5.698432207107544
6.131842285394669
6.649631351232529
6.4367789179086685
6.051692560315132
6.894818589091301
5.136963665485382
4.220591992139816
13.837110966444016
7.599557936191559
22.911037743091583
5.311926394701004
25.157293677330017
24.101215958595276
25.314414501190186
24.49555641412735
24.051526725292206
24.199557304382324
25.311857223510742
24.006560027599335
24.456219017505646
23.913096725940704
17.70574390888214
25.801267206668854
26.177063941955566
15.343133568763733
25.57225650548935
25.15461891889572
11.629126340150833
25.55773288011551
10.450281620025635
25.026164710521698
24.83026134967804
24.089350938796997
24.738806307315826
19.122192800045013
24.945050060749054
24.025342762470245
25.97094851732254
25.001185476779938
18.43709820508957
12.63822340965271
10.045486211776733
21.028396487236023
12.713243931531906
25.389575600624084
21.669320940971375
19.3330757021904
25.175906360149384
13.276037186384201
23.832488119602203
24.814793586730957
25.21176302433014
25.565467715263367
15.624985218048096
11.14493715763092
23.37149029970169
16.83909845352173
16.637477457523346
14.205922484397888
22.35939997434616
11.995290726423264
24.913639724254608
16.636122345924377
25.696687936782837
24.29203712940216
25.07542711496353
24.86408430337906
24.834160149097443
24.429645121097565
24.231507658958435
17.63854491710663
23.84737205505371
25.376998960971832
25.392655789852142
25.978503465652466
11.567133337259293
25.884989023208618
24.604599177837372
25.808164536952972
24.963152825832367
24.24777239561081
25.2706338763237
24.5764262676239
24.769289791584015
14.767196476459503
11.654768317937851
25.587766408920288
15.13466888666153
24.746698796749115
24.571438431739807
24.92853194475174
25.54955816268921
25.9262472987175
26.528790831565857
25.732871651649475
25.644928872585297
26.04950761795044
20.60527104139328
24.321228325366974
16.34044724702835
13.83211573958397
22.041185796260834
11.771244555711746
10.431363642215729
15.364973783493042
13.592974424362183
13.032952666282654
9.788089394569397
14.784828841686249
13.483903914690018
16.824892699718475
10.864563196897507
19.913661777973175
13.15901792049408
8.673044294118881
19.874211609363556
15.537273943424225
5.584743455052376
23.46236628293991
12.088843584060669
23.769830584526062
6.665739461779594
25.29828554391861
7.605625152587891
25.470017671585083
9.69252610206604
25.430057287216187
25.02770608663559
26.880250692367554
26.739808320999146
25.51792961359024
25.65658551454544
25.895623445510864
24.87318181991577
25.531965613365173
25.730543076992035
25.39396768808365
25.127644181251526
19.376805365085602
26.322907149791718
25.359395027160645
25.336716949939728
24.788594484329224
25.640072464942932
25.188346207141876
24.82870900630951
25.518154680728912
24.278743386268616
25.455234348773956
18.459549009799957
24.655200958251953
25.98921501636505
25.266775965690613
25.295892477035522
18.985473573207855
11.194215446710587
26.0235857963562
25.460071086883545
22.333099722862244
20.673640310764313
11.150075435638428
11.30401599407196
17.76572948694229
11.138472855091095
8.318852365016937
22.091457426548004
14.740377485752106
16.98218083381653
12.017305791378021
7.506163477897644
7.179724961519241
20.211614549160004
12.94042482972145
13.575001806020737
9.328822702169418
15.098333716392517
7.83303239941597
16.90948361158371
9.431343644857407
13.962646961212158
9.670634895563126
13.36869552731514
7.60758501291275
17.11048686504364
8.338119864463806
7.261450782418251
22.70433646440506
11.403734147548676
15.614064395427704
10.720238626003265
14.629926800727844
13.412217199802399
18.985320925712585
6.7755425572395325
4.928317308425903
15.20035994052887
7.846345901489258
6.467111185193062
18.272070825099945
8.348729252815247
7.803521037101746
16.151438415050507
8.296422600746155
7.824758052825928
3.1325377598404884
16.6546648144722
11.418320029973984
8.646831959486008
8.018317103385925
5.744231089949608
19.127447843551636
10.679125934839249
9.719952553510666
7.616465181112289
17.585492432117462
10.674227058887482
13.39737981557846
10.507266789674759
11.466206103563309
11.570528894662857
7.224261909723282
21.584315598011017
21.654409408569336
7.158710762858391
13.91511869430542
16.83955270051956
9.258533746004105
23.17437970638275
20.494373321533203
15.273022890090942
19.27859091758728
16.33661848306656
18.212280094623566
15.54297524690628
16.29652601480484
14.336787521839142
21.95751714706421
16.4496887922287
13.377156615257263
9.359619677066803
21.210167407989502
14.987449765205383
13.530036985874176
15.811552703380585
11.897692203521729
16.11773419380188
6.8929435312747955
18.893078804016113
17.32616949081421
22.677092671394348
12.941580325365067
23.941605985164642
23.42118102312088
25.03630793094635
24.191910922527313
10.37641841173172
23.278935968875885
20.500930547714233
19.47477000951767
11.245254576206207
25.47548758983612
23.9664945602417
20.800654411315918
23.73809427022934
17.914312183856964
24.997675836086273
24.576998591423035
23.290155053138733
22.801030814647675
22.289651095867157
21.930229246616364
22.154003262519836
23.066006779670715
21.327880442142487
22.48329323530197
13.741179704666138
24.98948109149933
24.779375910758972
20.831778943538666
24.88711041212082
25.092779874801636
24.27763670682907
10.60491207242012
24.870711266994476
24.881479680538177
23.82518970966339
24.18926638364792
24.830934047698975
24.067155301570892
23.15879899263382
23.07541996240616
19.93059128522873
24.363748133182526
24.92892414331436
15.994343280792236
25.51279765367508
26.067144632339478
25.238293766975403
26.090639173984528
17.281014323234558
17.129568219184875
18.154451370239258
10.91188257932663
24.45963442325592
9.275007903575897
23.41480576992035
9.276678681373596
8.25920107960701
8.951920568943024
14.004752278327942
12.505797058343887
17.89995789527893
11.58404803276062
17.935279965400696
11.711772084236145
15.20858919620514
8.190421491861343
25.89240914583206
10.963902473449707
25.949116468429565
21.272253215312958
16.93655675649643
16.19488799571991
12.423667758703232
8.141289353370667
11.662067234516144
16.02011740207672
13.240720957517624
13.227455168962479
12.71515902876854
7.936162859201431
24.648454248905182
12.920996010303497
22.13102102279663
12.382735878229141
8.479244738817215
8.755003690719604
9.394807428121567
6.1877793073654175
19.57182013988495
8.2489413022995
5.942267075181007
12.016396194696426
8.688976019620895
10.42417985200882
8.871940284967422
13.379979729652405
9.014162480831146
11.973818957805634
9.856245249509811
6.102423220872879
21.19774830341339
9.95345938205719
14.089603871107101
9.712047278881073
6.82599338889122
14.693847179412842
12.13648608326912
12.485297501087189
6.818279802799225
23.553345561027527
12.550806641578674
7.400958448648453
16.53041446208954
15.903727233409882
10.183370143175125
18.54087543487549
14.503450393676758
22.34591120481491
10.442607969045639
7.630891382694244
16.09025639295578
11.979543596506119
13.868166774511337
11.496375024318695
11.8771533370018
12.806883335113525
11.526150494813919
13.05456793308258
10.253920555114746
18.966789960861206
12.918563574552536
11.731874108314514
22.27809238433838
15.210338830947876
24.531069695949554
24.10029810667038
22.87909233570099
22.82704508304596
22.88878333568573
23.048515260219574
24.035724937915802
11.997352182865143
24.028396606445312
25.706668615341187
25.597443878650665
17.004601538181305
11.680791705846786
26.21334606409073
13.942705690860748
24.505207240581512
19.889870047569275
25.379808723926544
26.383395314216614
26.570589303970337
17.62734806537628
25.569320023059845
24.613175570964813
25.77400153875351
24.369272232055664
13.15960881114006
11.346219062805176
9.279626607894897
23.605143547058105
14.683370769023895
21.123137176036835
10.232729315757751
23.90933072566986
12.90862375497818
21.33780348300934
9.604623943567276
25.246230900287628
25.918452382087708
23.637018978595734
22.46688848733902
13.872431308031082
26.44357454776764
25.237618267536163
24.853558361530304
12.439625650644302
26.53952419757843
25.886312782764435
26.647970974445343
25.289682149887085
26.16089504957199
24.73852050304413
24.621311247348785
24.760586977005005
24.98220270872116
24.246465384960175
24.563729643821716
18.403644263744354
23.81077665090561
25.380357265472412
19.503257751464844
14.015555441379547
23.835250437259674
20.743084251880646
19.212233006954193
20.673993170261383
19.810037314891815
20.153006196022034
17.325599908828735
12.28436067700386
24.186148405075073
18.789303481578827
20.529551148414612
19.527624785900116
18.674342930316925
18.496984839439392
22.269173681735992
18.20668190717697
23.75573992729187
18.320269882678986
8.153866708278656
25.39731127023697
23.540046751499176
19.10797220468521
19.121831357479095
24.70772033929825
22.27480435371399
19.127052128314972
19.401726245880127
22.330966472625732
19.121836483478546
25.08214783668518
24.752342462539673
24.664965987205505
14.278961479663849
25.91784405708313
24.84346067905426
25.52499270439148
25.170584499835968
25.339636087417603
24.8054701089859
24.160720467567444
24.964204907417297
25.09016704559326
19.3390953540802
21.953437864780426
22.43284022808075
10.487501829862595
24.286560893058777
22.74269163608551
23.570425033569336
21.35673689842224
25.592518746852875
23.66272324323654
23.050824284553528
21.207962572574615
21.25060600042343
10.908370107412338
25.55527514219284
23.921423256397247
23.291007220745087
14.097995311021805
24.88507443666458
23.43423640727997
16.55024755001068
25.59827846288681
24.92438578605652
24.15835565328598
23.880782425403595
12.993451237678528
24.320857107639313
25.003165900707245
24.200979471206665
14.876476407051086
13.481275856494904
23.667175889015198
11.018349200487137
25.321999490261078
16.35505622625351
12.648675590753555
22.88552552461624
14.792579412460327
25.719566583633423
26.59590768814087
25.279836297035217
10.155736327171326
8.491438567638397
20.709407150745392
7.694424360990524
25.663201928138733
24.818943560123444
23.956622183322906
23.60963064432144
21.915135383605957
22.4512277841568
24.828200101852417
14.988772511482239
25.4719740152359
25.43890941143036
25.974084794521332
12.610622525215149
23.499406576156616
26.12580907344818
24.724542200565338
21.20652425289154
25.512983202934265
23.08013153076172
23.89487212896347
13.930614292621613
25.909173846244812
26.518734991550446
26.51176607608795
25.060791969299316
24.964351177215576
24.795704543590546
24.574724793434143
25.075699388980865
19.567058086395264
23.309872269630432
25.774424731731415
25.99093270301819
15.199218392372131
25.499553620815277
24.748122096061707
12.548700153827667
26.04956066608429
25.76419597864151
25.135851800441742
16.29806536436081
25.8304203748703
26.571963787078857
25.776484787464142
25.12723821401596
25.047057688236237
23.54139530658722
24.332236766815186
23.970833361148834
24.05218994617462
15.054694652557373
25.133729577064514
17.28509831428528
14.845609426498413
21.004067838191986
15.834063231945038
23.932661950588226
12.487469553947449
24.60020923614502
14.745388925075531
22.918153643608093
15.428203463554382
12.467764288187027
18.854356825351715
16.672764539718628
22.929758489131927
17.655343234539032
22.442900896072388
14.778403997421265
13.30300709605217
20.0306715965271
16.975277185440063
17.564311921596527
15.177659928798676
15.002332627773285
14.054796934127808
16.370793759822845
11.830681145191193
16.674326956272125
13.44459930062294
8.960441321134567
22.573163330554962
15.718126237392426
24.406064689159393
13.126095324754715
24.85671317577362
15.846184432506561
24.194429874420166
14.609577119350433
17.796465814113617
23.774140238761902
13.216447532176971
15.134818434715271
13.405682295560837
18.77019363641739
8.818819224834442
22.21305161714554
18.219910740852356
17.101664125919342
6.96961036324501
24.736982703208923
17.726811826229095
8.45985522866249
24.126871049404144
16.98730331659317
16.509118914604187
25.92973643541336
18.266268253326416
7.779520958662033
24.012638330459595
19.226279497146606
11.623934239149094
25.4363893866539
18.75754028558731
8.174694001674652
5.95942884683609
11.308787941932678
9.439575582742691
10.302218288183212
7.582389742136002
9.05024966597557
8.114541083574295
9.907798826694489
7.058411717414856
16.006003439426422
9.001718074083328
9.152735263109207
8.548635929822922
5.022947803139687
13.636082738637924
10.328547328710556
9.990670651197433
9.922356903553009
18.405113637447357
11.59515056014061
9.279486447572708
9.832379639148712
5.812869638204575
5.644051805138588
3.657114714384079
3.4501068219542503
1.2274079583585262
17.426503837108612
4.7167699187994
3.0764607340097427
2.58708056807518
2.8545127362012863
2.637049175798893
2.5135315358638763
3.126697890460491
3.4711998254060745
3.11959557980299
1.6259242445230484
10.277399390935898
4.052780658006668
2.7281896099448204
3.117072746157646
2.9727176874876022
2.793980620801449
3.086954638361931
2.518560901284218
2.4134170562028885
2.0537752583622932
2.239264078438282
2.854125753045082
3.174984447658062
2.349399574100971
2.3862463757395744
2.1133279390633106
2.4458102360367775
1.549058262258768
9.977685540914536
5.283975705504417
3.7890827730298042
3.0813766568899155
2.966860368847847
1.6047451570630074
10.9447700381279
6.038435071706772
4.446907430887222
3.387473188340664
3.611786514520645
3.601787857711315
3.1571530252695084
3.287734493613243
2.5772208496928215
2.7101614102721214
1.9967277124524117
1.3235682621598244
3.2370946928858757
2.563068024814129
2.3798337280750275
1.5549957193434238
5.456345960497856
3.4054633378982544
2.46852196007967
2.048527665436268
1.0971418507397175
7.9168901443481445
5.088163956999779
4.385176703333855
3.4723997861146927
2.925601989030838
8.458127707242966
6.591374456882477
5.542197525501251
11.258324474096298
9.240203529596329
8.13464468717575
9.664100348949432
7.806114852428436
14.67607706785202
11.939170271158218
8.95994022488594
17.662762343883514
13.905957341194153
18.62817645072937
12.401015728712082
20.62758094072342
12.412727564573288
23.723137378692627
11.335433512926102
9.516961544752121
17.134543001651764
14.150030195713043
8.784800916910172
5.577884525060654
22.070794761180878
17.268225610256195
24.80507618188858
24.520989179611206
23.38617694377899
9.117987662553787
24.74918532371521
25.602715015411377
26.329169809818268
14.87635326385498
10.69778361916542
10.254360944032669
10.315128177404404
17.167194664478302
10.682745456695557
18.423691272735596
9.680754631757736
19.983546495437622
11.336065858602524
20.457200586795807
8.567727655172348
17.561787724494934
11.270487010478973
6.639475911855698
19.27732354402542
7.064091384410858
24.70465052127838
19.101442575454712
10.810672909021378
8.030404686927795
6.102366209030151
19.276128947734833
9.778017312288284
24.868739306926727
19.31602656841278
19.822273433208466
18.24129807949066
24.991314113140106
15.434566378593445
23.267583072185516
24.93211716413498
24.368862330913544
25.248410642147064
26.183077037334442
25.662133872509003
25.517325580120087
25.896855771541595
25.14501804113388
16.4693546295166
25.1612508893013
25.529104113578796
25.49970370531082
25.71825873851776
25.67857438325882
25.922124087810516
25.240409672260284
26.624638736248016
26.112871646881104
26.234125316143036
25.95193076133728
26.48505699634552
15.546726286411285
23.465914368629456
19.085613489151
21.496501743793488
16.21012032032013
25.784599363803864
22.43058478832245
14.681538343429565
25.861726820468903
15.105404913425446
24.95772933959961
13.786505788564682
25.475317239761353
14.597006857395172
25.51635992527008
25.021398723125458
25.209114849567413
26.589062869548798
25.941512167453766
24.781623899936676
26.493629097938538
25.418500065803528
25.963462591171265
25.87745052576065
25.083549737930298
26.062259316444397
25.973010540008545
25.198996424674988
25.623501420021057
26.30382776260376
23.84142756462097
25.61345463991165
19.602602660655975
26.16015338897705
22.76606047153473
25.439035058021545
25.524315774440765
25.635611653327942
25.03886705636978
16.994769632816315
25.305811941623688
27.049355924129486
26.468005001544952
15.839079856872559
9.849993288516998
13.324236929416656
8.711055874824524
15.338097393512726
7.745306730270386
9.483322143554688
16.352905690670013
10.467261672019958
8.846422880887985
16.451217710971832
12.8770090341568
16.34296727180481
13.622492969036102
12.659035921096802
17.19552230834961
13.226326316595078
16.670607089996338
12.034802317619324
8.936238080263138
7.585405021905899
12.2106953561306
9.802944213151932
15.363381266593933
11.665847480297089
21.00650292634964
9.979226350784302
21.396909952163696
13.248241394758224
18.896485090255737
12.485431373119354
14.823346495628357
11.37467035651207
17.758638858795166
10.917928755283356
15.725336909294128
6.70455801486969
5.324059262871742
17.430408358573914
10.349014580249786
9.736139744520187
7.2667049169540405
18.315503537654877
12.631300032138824
14.82634174823761
10.276049792766571
7.103866308927536
13.653361409902573
13.35868152976036
14.30206948518753
12.845515668392181
16.36128520965576
10.267126947641373
10.03314459323883
20.88340061903
8.888886839151382
24.506453156471252
17.644734144210815
15.304653286933899
10.152361363172531
24.412432491779327
25.01216685771942
20.033814430236816
22.605884969234467
8.699397504329681
9.550059795379639
19.959136188030243
15.092612743377686
18.437674701213837
10.520073801279068
24.426939249038696
17.42889052629471
20.885188400745392
14.030652493238449
24.048698127269745
6.220885321497917
25.602933764457703
6.296940177679062
4.431158155202866
13.963681042194366
8.20489153265953
6.6638873517513275
7.259227454662323
7.2840538918972015
2.7934399247169495
15.130888044834137
10.456764727830887
8.749624252319336
7.2774882316589355
7.861813724040985
8.085203170776367
7.49515363574028
9.011341542005539
7.164874330163002
7.279577866196632
8.77988189458847
9.307668507099152
7.8321219980716705
2.7765703797340393
15.323746979236603
10.506297141313553
9.23449882864952
10.369998753070831
3.284005656838417
2.041022039949894
8.442034184932709
5.599064141511917
4.5442317724227905
1.6720729507505894
15.138332545757294
8.522720903158188
6.4102463722229
5.780374214053154
5.966595500707626
5.511155113577843
5.441890701651573
5.561840206384659
2.2870483100414276
13.526493221521378
9.908413618803024
8.919696629047394
4.050472244620323
2.3448432311415672
10.251137852668762
5.649037137627602
5.49753001332283
5.018769443035126
5.093623295426369
4.966874033212662
2.9035374522209167
1.6769731901586056
6.504356995224953
3.1926702335476875
3.0199351981282234
1.6919614523649216
7.495108008384705
4.809518247842789
3.121065706014633
3.954309806227684
3.3919286355376244
3.5505622178316116
2.9073192700743675
2.892304241657257
2.9084065333008766
1.4051117040216923
8.053004264831543
6.249017462134361
3.7198419868946075
1.4147043488919735
12.818379640579224
7.83513006567955
4.2756287306547165
4.258721247315407
3.5629539489746094
3.5885439962148666
3.0462606847286224
3.729790210723877
3.6737279146909714
3.6952819228172302
4.017923668026924
2.6919133588671684
7.723002851009369
7.150548130273819
3.653824061155319
11.916835218667984
11.441340804100037
11.072454035282135
10.045460820198059
9.714219838380814
7.4473845064640045
13.150005280971527
11.37162384390831
7.64971262216568
14.747524738311768
12.461508631706238
15.147065877914429
17.888480067253113
16.1629239320755
13.918445527553558
18.040477454662323
13.954992324113846
17.032747626304626
12.71144488453865
19.800577044487
14.801567673683167
16.90101909637451
11.952904611825943
16.282804310321808
12.374891102313995
15.073699176311493
17.567935049533844
13.665490627288818
25.534124314785004
14.812813997268677
24.068682432174683
14.229012072086334
25.753826558589935
25.92996221780777
18.510760605335236
24.06932759284973
13.808578342199326
25.43434476852417
26.27821946144104
14.237048089504242
24.934869468212128
26.177237689495087
10.826367616653442
11.578729838132858
9.86769950389862
17.922211945056915
13.796548694372177
10.31441330909729
19.306715607643127
15.757193565368652
14.176177471876144
14.50654524564743
22.861215233802795
12.627705842256546
23.987708687782288
14.030358582735062
12.076955199241638
9.688332855701447
8.437342584133148
21.765235126018524
9.219370931386948
9.327858209609985
17.137693226337433
12.751322388648987
11.463919073343277
14.438961923122406
9.728745937347412
22.183382630348206
12.513528674840927
25.826497793197632
24.66846489906311
24.025934875011444
14.024812430143356
23.913138031959534
15.01061201095581
23.94750314950943
14.603504240512848
22.96854066848755
23.929951608181
9.050619840621948
24.075456142425537
24.11360001564026
16.65902554988861
24.615191280841827
23.69454264640808
13.379341423511505
23.698510348796844
26.32683801651001
25.514775574207306
25.781200170516968
9.912536680698395
24.516967117786407
24.27233588695526
23.530249655246735
23.485040843486786
22.883317232131958
16.734956860542297
11.906565725803375
9.69870799779892
12.8587746322155
14.330739498138428
15.274338185787201
17.142837703227997
17.01025092601776
14.531825244426727
17.611722707748413
9.15091198682785
26.56147563457489
10.074640959501266
26.031602203845978
13.446716994047165
25.521932542324066
11.68788605928421
25.744790613651276
10.340343803167343
25.46299684047699
26.540450394153595
11.228599190711975
25.646434724330902
10.752205848693848
25.44684672355652
25.48059606552124
25.684990406036377
26.040725588798523
26.15102219581604
17.39457094669342
25.159694850444794
25.562880098819733
25.853777289390564
25.48037749528885
24.954272091388702
25.356937527656555
24.481386959552765
24.73827624320984
26.19649577140808
24.665929317474365
25.090501606464386
25.288096845149994
25.45955139398575
25.310591638088226
24.03308790922165
24.678855001926422
25.374289095401764
24.848616540431976
24.36258864402771
24.987016201019287
24.667082488536835
23.53230792284012
23.983927607536316
11.919179290533066
25.38749074935913
25.095105409622192
15.259128272533417
10.797833025455475
9.969266295433044
8.10841915011406
25.085734486579895
10.422382682561874
18.728259325027466
10.872730433940887
11.53717988729477
14.470201432704926
11.53214317560196
11.957106977701187
14.181802093982697
10.463933736085892
12.16006451845169
12.685834914445877
8.475749492645264
20.104894876480103
14.805179476737976
15.914979040622711
10.64683523774147
11.66933274269104
12.187412172555923
6.946952864527702
7.395659178495407
9.6929831802845
9.089121401309967
13.94748991727829
9.120860278606415
25.564055144786835
12.500162810087204
25.00723922252655
11.027627944946289
24.125904202461243
12.237742096185684
25.101116597652435
25.647754192352295
25.42040926218033
26.32912677526474
26.10752683877945
25.428971230983734
25.48265528678894
22.537822246551514
18.25132042169571
26.090524673461914
25.439483165740967
24.74221533536911
19.262717366218567
25.451820969581604
24.90269762277603
24.11216241121292
24.399689972400665
25.25397938489914
23.75486797094345
23.778049290180206
23.70644223690033
22.9824435710907
24.087711691856384
19.56067329645157
24.2419615983963
25.410996675491333
24.316587388515472
25.034697592258453
24.606073319911957
25.238629758358
25.24000781774521
24.513733088970184
21.91053795814514
25.985506176948547
19.385184705257416
23.80917316675186
25.29297286272049
14.11407870054245
25.613710522651672
14.025475651025772
10.35549846291542
24.10607635974884
12.131921857595444
25.352722465991974
24.96808236837387
15.730618298053741
24.285566926002502
14.147309601306915
24.53576111793518
25.924020886421204
9.916826218366623
24.750670909881592
24.666562974452972
23.805263817310333
17.526391685009003
8.754236727952957
9.036491841077805
10.41347262263298
14.841227769851685
12.267397224903107
14.910934507846832
13.348396688699722
24.63712841272354
12.697540611028671
24.850420653820038
24.80606907606125
13.684386968612671
25.671104848384857
25.277884125709534
25.289391815662384
25.26175457239151
22.791688978672028
24.18092840909958
14.309231877326965
26.246064722537994
25.727495670318604
25.988373160362244
23.799723386764526
24.613665461540222
27.18753981590271
27.04582440853119
26.80130970478058
26.42370229959488
26.78334617614746
25.135116815567017
26.091415762901306
25.866649210453033
26.429676711559296
26.347066402435303
25.987013399600983
25.806469917297363
14.814996182918549
11.897934585809708
9.164996087551117
17.58557564020157
13.309603482484818
17.785795032978058
11.879229933023453
22.2250075340271
13.374349743127823
12.981019169092178
10.436158150434494
8.960208505392075
10.368596702814102
13.782979547977448
9.228252857923508
12.052295476198196
8.930209964513779
15.8029425740242
14.150429338216782
15.482727587223053
15.767460405826569
13.9197236597538
9.932519793510437
10.24219298362732
6.7164380848407745
23.72210729122162
15.11934119462967
11.543830752372742
7.702560156583786
19.403228223323822
12.377745240926743
9.619803488254547
24.59927213191986
15.64087027311325
11.189433485269547
25.090087234973907
12.710471153259277
25.184545814990997
24.311912536621094
10.298240661621094
8.11783304810524
20.618768513202667
10.961056411266327
11.172034233808517
7.057847023010254
6.659897148609161
9.063928484916687
7.59043675661087
8.978406459093094
6.668329551815987
8.372050166130066
6.972008600831032
5.862263739109039
5.988453567028046
6.76737542450428
14.034241408109665
7.851982116699219
7.34817174077034
7.251233786344528
11.08264672756195
9.046579480171204
11.447176158428192
11.046668946743011
6.581628203392029
19.90598237514496
13.500630050897598
14.979861736297607
12.182888358831406
18.91421812772751
15.184201836585999
17.90912425518036
11.119973182678223
7.271003007888794
19.676515519618988
10.964963912963867
26.51356327533722
7.544571161270142
25.35042268037796
27.126368284225464
26.447373628616333
13.455568641424179
10.16370576620102
17.33902072906494
14.802727282047272
16.28401106595993
14.34169951081276
10.338618159294128
24.754007279872894
9.725814193487167
24.94058895111084
12.237757921218872
9.499925047159195
6.1823327243328094
17.40017181634903
8.892855882644653
23.92261278629303
20.239069163799286
18.66223418712616
14.412284433841705
25.028813779354095
25.434021532535553
19.601052403450012
19.21514630317688
19.390340626239777
13.115832716226578
20.623054683208466
18.330166935920715
20.345637917518616
12.692644864320755
9.111755579710007
15.6886066198349
16.130488097667694
17.296165704727173
23.11203843355179
17.427779138088226
16.227890014648438
17.096498429775238
15.880290150642395
17.274237871170044
15.122283279895782
17.22163689136505
15.907299757003784
7.37677788734436
19.848574697971344
7.274911105632782
22.264096796512604
19.215348482131958
16.321028113365173
18.90420162677765
17.610790014266968
11.564115583896637
22.006989240646362
17.45775991678238
14.62648069858551
16.718394100666046
15.362997353076935
21.10397642850876
15.798478782176971
14.8423290848732
18.81136864423752
16.238150238990784
17.121503472328186
21.512657582759857
10.097627133131027
24.126348972320557
21.74424535036087
19.41008746623993
21.478580355644226
19.02826976776123
21.891888439655304
20.160599946975708
22.864855706691742
19.05614459514618
19.317981600761414
19.231736719608307
14.603830635547638
24.268657445907593
20.881451845169067
19.03380709886551
19.79567003250122
19.719311892986298
19.915072202682495
17.154019951820374
20.881266057491302
17.890037298202515
22.950141072273254
19.09797304868698
9.489261090755463
22.43910551071167
18.531236350536346
15.608601987361908
15.440118134021759
23.699551463127136
17.956786513328552
12.685628920793533
25.69117957353592
14.145710349082947
22.66274803876877
17.542517364025116
15.144436419010162
16.537528216838837
17.427631318569183
22.90343028306961
13.657689660787582
24.31819874048233
15.335918426513672
24.32679158449173
24.14301162958145
24.396292865276337
24.124958872795105
24.905410587787628
19.338096976280212
24.959809005260468
24.415293037891388
25.553019404411316
24.47077339887619
25.314812541007996
25.517297625541687
25.589010775089264
25.445809602737427
26.39716124534607
26.060007333755493
25.17987596988678
16.94464474916458
18.33099454641342
15.321322619915009
12.196653634309769
19.89662754535675
16.514659881591797
20.048117756843567
12.732648104429245
24.20117938518524
12.903325289487839
21.0754554271698
15.027509033679962
9.277844190597534
9.844028949737549
12.53288945555687
9.825486689805984
19.009297966957092
13.433927714824677
14.493387043476105
11.75479993224144
19.8125861287117
9.510084807872772
25.302373826503754
21.13281273841858
13.070727288722992
24.225907742977142
12.148417204618454
25.34525752067566
7.355807393789291
26.30415576696396
25.28234714269638
25.895945191383362
24.7940456867218
25.121014058589935
25.44619446992874
25.738120675086975
25.51900053024292
25.083397567272186
25.536594688892365
25.315079391002655
13.265146315097809
25.738301992416382
24.221632301807404
20.193683207035065
24.064380943775177
19.908554911613464
23.13781303167343
26.450859785079956
24.207626283168793
16.552882730960846
25.317761540412903
16.99577409029007
22.028310537338257
14.636344730854034
24.54061985015869
14.660960912704468
22.4327609539032
10.939947873353958
24.62495666742325
25.435170769691467
26.067837417125702
25.155301213264465
22.07075744867325
17.389828205108643
25.399373412132263
25.630259454250336
23.813737392425537
23.842800974845886
22.54256945848465
23.41128534078598
23.703006744384766
24.390251576900482
23.061518490314484
23.577056646347046
24.308331668376923
23.536065459251404
22.698031723499298
23.618896782398224
17.790430426597595
13.432847827672958
24.755853354930878
10.632127851247787
9.658367723226547
16.441962838172913
9.355115950107574
12.386042088270187
9.773601651191711
13.149870932102203
8.74836203455925
8.794002830982208
13.414006769657135
10.782397419214249
11.995699554681778
8.687554687261581
7.6556373834609985
10.872844487428665
9.310790717601776
13.955389261245728
8.809827357530594
12.59640035033226
7.691717892885208
20.218944907188416
6.516088247299194
25.376442790031433
22.07124501466751
14.7526153922081
22.66212970018387
23.18172335624695
9.498409032821655
24.540626108646393
25.633745849132538
11.117968589067459
9.264851838350296
13.014990419149399
10.492022901773453
17.112116873264313
13.872059553861618
9.672852635383606
8.04715844988823
8.53704309463501
5.875557124614716
18.795929849147797
11.232876360416412
10.647103279829025
7.588389754295349
6.870454087853432
13.165713489055634
9.636708676815033
11.80392923951149
6.9586648643016815
17.39525842666626
13.460604846477509
11.003100395202637
7.761923104524612
20.255349338054657
7.0234702080488205
22.94707614183426
9.886976778507233
3.8638436794281006
4.304742678999901
4.204757750034332
6.2557588666677475
4.553090900182724
12.082504779100418
6.995749279856682
4.954038605093956
8.619689285755157
4.533028155565262
14.810277998447418
7.538843989372253
5.8588005900383
6.703370466828346
4.659734979271889
6.745107010006905
6.6711441576480865
5.3653881549835205
11.74968832731247
5.523938328027725
19.380528271198273
15.53121566772461
15.265887260437012
13.612467646598816
13.153696328401566
7.771588712930679
14.309738218784332
12.116024911403656
13.368603020906448
11.435435026884079
15.466345369815826
10.846213787794113
14.737193644046783
11.324988216161728
8.257038056850433
14.968344688415527
12.58191803097725
14.623589038848877
11.051288187503815
13.54352480173111
11.655092000961304
20.061985850334167
9.200672954320908
7.557792007923126
20.0504292845726
12.410628139972687
17.026306450366974
7.387386053800583
4.8557808846235275
6.2871731370687485
6.472868949174881
12.164705038070679
7.590317189693451
7.307226121425629
12.617726445198059
10.35471847653389
11.38490155339241
9.176804393529892
8.384005188941956
13.229565292596817
10.489680349826813
12.231846630573273
8.111525267362595
12.015840381383896
9.030051589012146
11.92850011587143
8.837530732154846
6.0284562557935715
16.704299211502075
11.761081457138062
8.459393084049225
23.45849758386612
14.12953695654869
15.45035171508789
11.126535534858704
11.41346824169159
20.45267903804779
10.742283821105957
22.745517194271088
16.10275286436081
19.59216457605362
12.870692729949951
19.92337542772293
11.75235241651535
9.555395543575287
18.73558020591736
23.719449043273926
11.92577201128006
25.192018687725067
13.6548131108284
25.584828674793243
24.792132019996643
25.064086079597473
24.761688888072968
25.939508318901062
25.53460592031479
25.543389201164246
25.01533842086792
15.029151022434235
25.350502252578735
24.616657614707947
18.52866518497467
26.197863161563873
15.27054077386856
24.805204033851624
26.12266308069229
26.009891152381897
25.09599280357361
19.02486217021942
12.624242156744003
21.646666049957275
15.323297202587128
7.804758697748184
17.194162964820862
14.201527386903763
15.513315260410309
14.790832042694092
11.019820362329483
17.58229374885559
10.688403099775314
25.79600352048874
18.489831924438477
18.8831747174263
11.57514163851738
24.172897279262543
18.761667907238007
20.106322944164276
18.511463582515717
19.26042938232422
17.86112242937088
17.112963020801544
24.991856575012207
14.67337429523468
25.387378096580505
23.625806272029877
24.47361421585083
23.541483879089355
23.832928359508514
24.052030444145203
24.279306769371033
24.243408143520355
24.220517694950104
23.82269287109375
24.15688055753708
23.993137001991272
23.962544977664948
24.434013843536377
25.12504130601883
23.3078094124794
11.44085842370987
25.756833910942078
14.356341779232025
25.82240641117096
14.403476417064667
25.592561960220337
26.01144677400589
25.808555722236633
25.57227611541748
25.431323409080505
25.567021906375885
25.04884546995163
26.85543704032898
25.548499703407288
25.243859469890594
26.135842502117157
26.758699238300323
25.122238099575043
18.511594653129578
17.618479549884796
15.741614401340485
12.641553610563278
21.859186589717865
16.79787701368332
22.16622495651245
20.292861342430115
24.08375382423401
25.17552238702774
24.48576319217682
18.450713992118835
25.179634630680084
23.130289375782013
15.226112425327301
25.532791078090668
26.06659197807312
19.105170369148254
25.623962700366974
11.288237780332565
24.314866840839386
19.25682282447815
16.734884321689606
20.874409079551697
16.348592519760132
25.616713047027588
16.89882254600525
26.520423352718353
20.718145549297333
14.98345136642456
27.34252494573593
13.378704577684402
26.515742540359497
25.65776377916336
26.596054792404175
25.83898514509201
25.941041231155396
25.913233816623688
25.138505160808563
25.488549292087555
13.953019320964813
26.034131109714508
26.417494356632233
25.83631056547165
25.672805547714233
25.737367928028107
22.94698202610016
26.44009667634964
25.869846522808075
26.907325446605682
26.144001722335815
25.820513248443604
26.08560073375702
25.916647255420685
18.845743477344513
26.241517066955566
25.842279255390167
25.034207701683044
24.216302692890167
23.9539492726326
22.723686933517456
23.743934869766235
23.615097045898438
19.693291127681732
25.340116798877716
21.808025419712067
15.174226582050323
14.141147792339325
20.781638741493225
17.193910002708435
23.0755273103714
16.387613713741302
20.887924313545227
10.819628477096558
25.211598455905914
23.708437979221344
21.38258785009384
21.558765292167664
21.29201167821884
20.41502583026886
19.77028602361679
22.276936173439026
13.006210416555405
9.88870120048523
22.367521345615387
11.486585557460785
23.917715787887573
24.832549512386322
23.538813889026642
23.549150466918945
23.10258984565735
23.66471356153488
23.101599276065826
23.768338680267334
21.352799832820892
24.893494188785553
18.653402984142303
24.522395968437195
16.65508782863617
13.534679770469666
17.074438989162445
10.010897725820541
16.04896318912506
18.104596734046936
13.919579148292542
11.143730640411377
16.308150708675385
15.32554715871811
15.229224622249603
13.729277700185776
15.312097251415253
14.338879227638245
17.09449654817581
9.558481752872467
7.968531757593155
13.742810279130936
9.718573361635208
16.27682852745056
14.295303106307983
9.087356477975845
15.886337280273438
18.029713809490204
15.119333028793335
20.150989949703217
12.076733231544495
23.174778282642365
12.67779466509819
18.33697211742401
12.412477940320969
21.395189881324768
11.445362001657486
17.880962908267975
10.98064336180687
22.674100041389465
12.534562915563583
9.127104938030243
8.005985766649246
11.230852514505386
9.906063079833984
12.611889779567719
10.742096602916718
9.778022199869156
12.448166191577911
8.79566839337349
21.663309931755066
15.169610679149628
14.235534727573395
8.628782033920288
18.863229513168335
15.1353679895401
14.097044736146927
12.14222115278244
24.034496188163757
16.99893993139267
14.331336587667465
18.906951129436493
13.654125779867172
17.63355052471161
12.229488372802734
9.805099874734879
23.697129905223846
14.450236797332764
13.080891281366348
18.978925943374634
16.80394947528839
13.993030607700348
16.821614742279053
15.208444237709045
12.471193820238113
15.443912148475647
6.190861150622368
22.715901911258698
8.475804448127747
23.842878758907318
22.777914822101593
23.278128147125244
23.210610151290894
17.18574607372284
20.92872530221939
11.444136649370193
23.996654152870178
22.0330211520195
14.329737663269043
24.203826665878296
23.514185965061188
23.20642650127411
12.751715123653412
23.572209775447845
23.88563895225525
22.42572045326233
21.878152012825012
11.929167866706848
24.117573380470276
25.442632257938385
22.79168325662613
24.04561358690262
23.504419922828674
24.08408921957016
23.59750509262085
23.164774656295776
17.691543877124786
22.00859135389328
21.238723278045654
21.440361499786377
10.573265790939331
22.75295627117157
12.175450801849365
23.55663388967514
10.2422796189785
23.416345059871674
23.515384793281555
22.221342980861664
13.406237572431564
24.01749950647354
25.18481093645096
24.43196874856949
22.432457983493805
16.033796548843384
24.641521990299225
23.295468986034393
21.67280000448227
21.39906245470047
21.60188204050064
16.857458174228668
23.587354242801666
23.071992099285126
20.448162734508514
20.815879702568054
20.561340630054474
21.564279794692993
21.910557866096497
21.241902232170105
20.206575393676758
19.91306781768799
20.61972063779831
19.712073147296906
20.131422996520996
20.081116378307343
13.776641637086868
25.084353744983673
23.59959763288498
13.425912767648697
22.767244696617126
10.58009272813797
23.93196415901184
24.17359608411789
22.935150623321533
22.937395691871643
23.63893461227417
21.44792139530182
20.76293033361435
22.670940458774567
12.530977070331573
25.05424863100052
15.865086615085602
23.87626487016678
24.048569560050964
25.1791530251503
24.102282464504242
24.3350168466568
24.11294776201248
17.261068284511566
25.061139047145844
25.13411271572113
24.62036669254303
25.485435843467712
25.102478206157684
24.842926383018494
24.035009920597076
25.47712928056717
25.3231862783432
24.97093838453293
15.885773062705994
21.016121745109558
17.914208829402924
19.278396129608154
17.34947782754898
17.64061725139618
15.947062075138092
20.22886335849762
15.349066853523254
20.442720353603363
15.016145706176758
22.254091382026672
14.887266337871552
25.02539551258087
24.566338658332825
24.80946683883667
22.5666406750679
23.895166516304016
23.08553445339203
23.30637490749359
18.87499701976776
25.156372368335724
18.153553664684296
25.406549394130707
25.326695501804352
25.110905587673187
25.22635167837143
24.949261724948883
25.988876163959503
24.81933230161667
25.67669254541397
18.454328298568726
23.63278990983963
21.980972588062286
20.250254929065704
24.85131138563156
25.39134132862091
25.483758985996246
25.248287439346313
24.7662672996521
14.842850029468536
25.277187526226044
25.663350462913513
26.314260184764862
25.478560507297516
26.224158883094788
24.88631796836853
26.291522324085236
25.426444113254547
24.67284643650055
25.28878343105316
25.214638710021973
25.409183859825134
26.202892184257507
25.38259792327881
25.2703218460083
13.101194739341736
12.799138724803925
12.275940984487534
10.503350794315338
14.92097270488739
13.424339830875397
9.489663660526276
14.785675168037415
13.86577033996582
12.840636372566223
9.219546914100647
13.647095412015915
11.980977803468704
12.701760321855545
10.459873110055923
5.8747538626194
15.33994311094284
11.04836454987526
11.734351098537445
9.0003881752491
4.928275689482689
12.415748506784439
10.29803815484047
8.975685983896255
8.863604933023453
9.01909288764
7.965404748916626
8.230576574802399
8.32556763291359
9.562977641820908
3.91190929710865
4.538111686706543
3.7386511266231537
4.03840197622776
8.317540645599365
4.711715921759605
18.770453691482544
8.729506105184555
9.070431023836136
8.132077395915985
14.063819706439972
7.970401287078857
4.391746714711189
18.796782970428467
7.077152878046036
23.767823696136475
19.274013698101044
17.03447425365448
16.301132321357727
19.848194539546967
16.590824604034424
23.661085784435272
20.467228710651398
18.573858439922333
17.85404759645462
16.668733417987823
21.28713482618332
18.623936474323273
13.533069401979446
25.73442530632019
18.008660852909088
11.426796674728394
25.673866748809814
15.823667824268341
23.310345828533173
15.488285899162292
24.58682006597519
13.302702158689499
26.107959151268005
25.40384805202484
20.100702106952667
18.792747974395752
16.91531765460968
21.602892756462097
18.426199555397034
16.433059632778168
11.704378217458725
25.27500331401825
19.101372480392456
17.65018528699875
21.364711046218872
16.239639401435852
9.417439490556717
24.274598300457
9.737440675497055
25.150865852832794
24.48493140935898
15.625031232833862
22.859970450401306
24.398508727550507
10.429127782583237
24.53355234861374
24.346947371959686
24.710331618785858
12.911479860544205
9.509895861148834
8.937738865613937
18.51516979932785
11.626796454191208
10.276345938444138
12.294663846492767
5.61480450630188
18.651537597179413
15.73312371969223
11.916778683662415
11.351468920707703
6.683722645044327
17.802002370357513
14.355791628360748
4.156020537018776
22.174514889717102
18.239129960536957
16.76877212524414
16.000775456428528
14.198112189769745
25.76633781194687
26.572826504707336
18.77011001110077
17.740601241588593
25.390914738178253
21.77473121881485
25.932138204574585
25.449891924858093
25.101110339164734
12.81303209066391
25.40241277217865
25.726074874401093
10.166137963533401
7.330464273691177
22.510410368442535
11.774963140487671
19.476463079452515
11.993840038776398
8.530811131000519
20.942282021045685
15.805134654045105
14.260900288820267
15.813693225383759
12.502936273813248
8.16483786702156
5.439035803079605
20.22198861837387
11.081812739372253
7.535961151123047
16.296552538871765
12.179156929254532
15.870538294315338
9.61046952009201
15.136449098587036
15.007707118988037
12.452179551124573
8.444883853197098
21.561080157756805
15.510983347892761
12.47959241271019
16.693760871887207
13.281393826007843
6.526368096470833
5.600778207182884
12.803075641393661
8.496115803718567
10.014061897993088
7.4473278522491455
17.24438053369522
8.293615311384201
10.013131380081177
5.694146901369095
5.182967349886894
18.631782174110413
7.096356123685837
14.944966495037079
7.007320553064346
10.565603733062744
4.535670831799507
21.633663296699524
15.213618755340576
14.359991371631622
4.617919921875
23.789557814598083
18.867070376873016
16.916792035102844
16.344469010829926
15.978145241737366
15.412539899349213
14.68864506483078
25.832406640052795
25.60916566848755
26.059862196445465
26.02028250694275
26.108121156692505
20.49598228931427
18.712392389774323
18.75586497783661
17.09730488061905
21.629969656467438
18.733954429626465
18.068921148777008
15.807379841804504
9.330029010772705
21.313575327396393
18.250248670578003
8.429731845855713
22.19962853193283
20.267741203308105
19.14737242460251
18.45135885477066
11.533366322517395
22.166073381900787
18.86987954378128
16.268614172935486
9.65748417377472
7.853734344244003
15.26531708240509
7.904984146356583
17.141267955303192
10.236402750015259
7.047195285558701
18.032475113868713
13.293567538261414
12.513046532869339
11.101535677909851
11.777062863111496
8.843678504228592
11.082684516906738
13.969146192073822
10.376199334859848
8.595888942480087
24.85303008556366
16.350421667099
14.101906180381775
10.825780212879181
9.780601650476456
5.808599039912224
17.602691650390625
11.968563944101334
11.101087808609009
9.944868415594101
14.094007521867752
6.850121945142746
24.062534868717194
14.085670202970505
14.491126298904419
20.425444722175598
16.086540043354034
14.28752589225769
20.805681884288788
17.78241467475891
15.101639866828918
16.894809126853943
16.105894029140472
17.487268149852753
12.982018500566483
24.165801107883453
17.105173707008362
16.799695074558258
16.317991495132446
16.710329234600067
7.271307349205017
24.32231694459915
21.748866260051727
19.529523730278015
16.33131116628647
20.772151708602905
20.54818731546402
18.990531265735626
20.210681080818176
11.076134085655212
6.925438806414604
18.12488830089569
12.71554970741272
11.216058880090714
14.424413710832596
6.9955035746097565
17.86782342195511
15.153477668762207
14.698311626911163
17.570492029190063
19.66576910018921
12.67688113451004
13.268054813146591
14.573740363121033
16.122754395008087
11.585883677005768
15.684609949588776
13.725707322359085
12.561276257038116
18.206832587718964
14.061872810125351
15.613325774669647
9.000840693712234
19.417514324188232
14.57173240184784
14.869003415107727
17.81502991914749
12.866699159145355
20.666097164154053
21.271184146404266
20.167754650115967
19.547354578971863
19.28568524122238
21.32445764541626
8.89392027258873
22.196660220623016
20.08138942718506
17.811661541461945
19.646961212158203
18.338768184185028
17.93762856721878
17.45229721069336
20.710093080997467
18.09204936027527
10.60126718878746
10.685786724090576
14.494994103908539
13.091428965330124
8.955136865377426
21.097721457481384
17.22177404165268
12.074103474617004
18.047252297401428
11.635349541902542
22.014678299427032
16.976970970630646
17.335581243038177
11.421510636806488
23.117202281951904
7.697087317705154
24.363511741161346
24.802182912826538
24.93984591960907
22.858591198921204
22.909825801849365
23.380183398723602
23.082318544387817
23.948494911193848
22.639119744300842
24.066465377807617
22.958317399024963
23.145094096660614
20.968191921710968
12.655030816793442
26.3787140250206
24.23590075969696
22.94089937210083
24.103399336338043
14.850119173526764
24.584509134292603
12.38485074043274
24.6677907705307
25.968367278575897
25.306927740573883
25.204276502132416
24.620674192905426
18.375484585762024
23.843748331069946
24.135518729686737
25.2844295501709
25.012159764766693
25.299781143665314
25.549257576465607
16.729311287403107
24.765933871269226
18.55695104598999
24.266227066516876
24.67170935869217
11.208887070417404
25.009496986865997
20.737725377082825
10.884558916091919
24.66860741376877
20.227537512779236
19.830267429351807
20.87855726480484
18.102064311504364
19.031981110572815
11.362576484680176
25.838224351406097
14.946711897850037
25.281205475330353
24.896137595176697
25.86951643228531
13.991476714611053
25.26244568824768
26.48830211162567
13.853856474161148
25.55600219964981
25.48229867219925
10.646826684474945
25.496452629566193
12.330377131700516
24.310993790626526
24.50456404685974
10.572429805994034
24.574440002441406
7.964815706014633
25.027142465114594
25.517175018787384
24.642480432987213
13.34649109840393
26.112793266773224
24.97361248731613
12.034699618816376
25.498444318771362
25.97428834438324
25.95203709602356
26.301105558872223
26.016458451747894
25.70106154680252
26.248729526996613
25.323344111442566
22.277498602867126
25.290972650051117
25.391573131084442
10.901290625333786
24.626328885555267
20.44836789369583
17.928076803684235
13.409223437309265
12.915770709514618
23.351422607898712
17.92341011762619
21.305136561393738
12.179939806461334
25.813256859779358
23.493417859077454
23.387406527996063
23.050340235233307
22.811656653881073
22.551785469055176
23.312938392162323
21.526074945926666
21.356836020946503
22.397668957710266
22.375442445278168
9.97872731089592
24.82926344871521
25.662242531776428
17.515047311782837
24.6980043053627
25.146323204040527
13.05653503537178
9.99785602092743
23.61181765794754
18.173805117607117
15.840167701244354
16.033937394618988
11.149207949638367
21.82513600587845
15.069517433643341
16.584034025669098
13.736841887235641
15.247790932655334
14.723175346851349
20.13131695985794
14.867448151111603
11.352897554636002
23.498673141002655
17.279335856437683
15.24182677268982
18.218935906887054
14.74373796582222
13.98105013370514
7.461045205593109
22.47090756893158
16.333178520202637
15.136303424835205
16.66169250011444
13.927229970693588
16.587321519851685
13.51189723610878
10.700437635183334
25.475880682468414
23.05075514316559
16.690352082252502
12.84692770242691
16.224472403526306
13.761333465576172
20.484350085258484
14.135120570659637
11.010930806398392
13.823746740818024
14.332805901765823
9.771174788475037
18.33359146118164
14.279838860034943
11.921896368265152
12.384977281093597
4.860897213220596
5.16100400686264
13.233282834291458
9.18352621793747
7.595482349395752
8.625283122062683
6.950361862778664
9.10957670211792
6.033462151885033
3.282766714692116
13.426977515220642
12.450516998767853
11.752742558717728
9.558264315128326
9.860213547945023
8.248795747756958
8.580070614814758
9.719532340765
9.598938912153244
8.780456483364105
9.246043056249619
8.97458815574646
7.70495730638504
8.902960628271103
8.214478969573975
9.312321037054062
7.701445817947388
11.976560175418854
11.250738322734833
14.947098016738892
11.980119794607162
11.625624567270279
11.430820107460022
5.855451077222824
24.41798585653305
11.896232724189758
25.366097152233124
24.522738993167877
11.804816901683807
24.52383726835251
13.37291595339775
12.372425466775894
20.45682793855667
14.422330498695374
24.670653879642487
10.23482558131218
6.522897377610207
24.284948348999023
11.340353310108185
20.826240062713623
17.715286552906036
23.42356961965561
13.11241888999939
10.077334642410278
21.72696840763092
15.607765257358551
20.799888014793396
14.494171410799026
23.181352853775024
10.46461147069931
9.438068091869354
14.03733703494072
12.807355403900146
12.414234578609467
10.702780723571777
10.862677425146103
11.186100274324417
15.48955363035202
9.695102006196976
13.015864700078964
8.61998724937439
14.144451826810837
9.420079857110977
14.335359543561935
9.151130646467209
12.078983426094055
9.425076127052307
6.010812878608704
7.439123272895813
12.225412398576736
9.951508402824402
11.181356579065323
6.50812329351902
7.308027774095535
10.638750106096268
7.312740385532379
5.167225211858749
14.658340632915497
10.33639743924141
10.322225719690323
7.0953929126262665
19.47253829240799
12.492003828287125
10.7372345328331
9.922668904066086
6.416409149765968
6.208868250250816
4.667482867836952
12.643786191940308
7.2059661746025085
21.657530665397644
15.766312003135681
15.956194818019867
12.16363063454628
25.929882049560547
17.09985238313675
19.784496903419495
15.18849802017212
14.329562723636627
14.000935792922974
19.320617020130157
12.695377498865128
20.990034759044647
13.360255777835846
20.45778101682663
16.795375764369965
16.167768239974976
15.287262201309204
13.560012102127075
18.158893585205078
15.741989374160767
23.96719139814377
21.515973269939423
22.88032591342926
15.016954779624939
10.907359719276428
22.00047016143799
17.443417847156525
23.457991302013397
14.202463984489441
23.79724007844925
14.66266518831253
24.545153558254242
10.040919095277786
25.228494822978973
12.29025512933731
25.82590490579605
25.640789330005646
24.93148148059845
12.673701643943787
25.68897008895874
11.89760011434555
26.27182674407959
25.165058493614197
25.648521423339844
26.383625149726868
15.457883894443512
12.089247941970825
24.406054139137268
11.818572133779526
23.856924295425415
8.774652063846588
25.61594468355179
26.09469896554947
26.19519829750061
25.137918770313263
25.290193498134613
23.493140399456024
24.383892595767975
24.282547652721405
22.311826646327972
25.75328767299652
24.971774220466614
14.129216194152832
25.834968268871307
25.734960794448853
26.264313757419586
26.182731211185455
25.485694646835327
26.27778959274292
26.596997439861298
26.580467462539673
21.913920879364014
19.468614637851715
26.572319865226746
25.795750200748444
24.58523416519165
23.009240210056305
22.255815148353577
10.763483434915543
26.232935547828674
11.767338305711746
27.0950545668602
26.600333034992218
25.81904923915863
24.82807618379593
26.26824450492859
24.940028846263885
24.45069670677185
24.75886058807373
24.618886172771454
24.371371150016785
24.091249585151672
17.66880774497986
24.23773354291916
25.245677053928375
25.966542720794678
26.30947232246399
26.429145216941833
26.50432187318802
25.872113943099976
26.149590373039246
25.86404985189438
25.52934229373932
26.63757061958313
26.060282349586487
26.49405711889267
17.650130927562714
15.666275382041931
13.502563953399658
24.23545640707016
21.97675794363022
15.856490850448608
24.143881678581238
18.86360788345337
12.044944524765015
26.165848553180695
21.185556769371033
18.28963565826416
21.426581859588623
18.926495790481567
22.77761721611023
18.35039132833481
13.362271904945374
25.005809247493744
22.718552112579346
17.791584610939026
20.923357367515564
17.2016903758049
20.442858636379242
16.246695637702942
24.99630320072174
18.343506932258606
17.530251502990723
16.80968177318573
17.542782366275787
15.949163675308228
24.199111759662628
10.677964508533478
24.45803964138031
25.39008593559265
25.009858071804047
23.258052945137024
20.784443080425262
24.460555911064148
24.477169513702393
12.014678388834
24.73402351140976
25.523317098617554
25.14723765850067
25.066184997558594
24.38697773218155
25.066103637218475
16.82873386144638
23.259193420410156
20.721388459205627
21.667936086654663
19.215959131717682
20.238291800022125
10.924969255924225
11.509595364332199
12.026404023170471
15.70515924692154
12.692686438560486
23.342855036258698
15.65613728761673
21.56718385219574
15.944051027297974
21.238429963588715
15.327007472515106
24.796919882297516
15.21715933084488
21.709967255592346
10.155008137226105
26.683130085468292
10.792976558208466
25.928898692131042
25.858550429344177
26.18440443277359
25.379878759384155
25.7944198846817
25.708089113235474
24.587892174720764
26.00991189479828
17.683923363685608
25.433740377426147
23.99882799386978
25.251593828201294
25.706247866153717
25.212255597114563
23.61246484518051
24.29333746433258
24.61457622051239
23.560841262340546
23.95073515176773
10.767135113477707
11.846071481704712
16.356492817401886
12.736061304807663
17.769567847251892
14.876955151557922
14.498275101184845
16.421466588974
12.541976004838943
16.437112987041473
11.985880702733994
16.27134656906128
8.94989737868309
17.638001918792725
6.294074550271034
14.605570077896118
6.805061399936676
14.887783825397491
7.9501563012599945
23.976942718029022
8.23981311917305
24.618423223495483
23.4272038936615
22.41124129295349
13.454708516597748
24.71364915370941
24.558334171772003
24.12458074092865
22.56585693359375
20.872124433517456
19.004815459251404
23.9985169172287
24.230587899684906
9.281173318624496
25.483031272888184
24.063268840312958
21.114510536193848
