8.265543305315077
7.944128482602537
8.170860208570957
8.325409940443933
8.407100710086524
8.28792402241379
8.235975293908268
8.07635710760951
8.11121270712465
8.049249258358032
7.821777316741645
7.8088684137910604
7.596696494612843
7.495180503465235
7.517758639529347
7.454144375864416
7.820894097909331
7.809549068566412
7.846000965684652
8.161533267237246
7.571711929515004
8.057269419543445
7.506667570210993
7.680680048186332
7.824860262218863
7.6597385155037045
7.95383709622547
7.797814447898418
7.805183687247336
7.523997938260436
7.5522393740247935
7.748927886132151
7.903706624172628
7.672076134011149
7.743018868844956
7.884168653283268
7.783947896678001
7.6120925401337445
8.070794622879475
7.55303318426013
7.768189560621977
7.648118432145566
7.6399527485482395
7.515674035064876
7.545177950523794
7.261638847645372
7.412622447358444
7.260731743648648
7.297169260913506
7.094242770923302
7.257788754533976
7.112242680508643
6.9055589362978935
6.753884206758812
6.6503183951135725
7.111500835046172
7.628574599511921
7.522565376013517
7.400928334798664
7.485009727766737
7.526056793052703
7.221880030352622
7.498513557482511
7.341435575159267
7.251978099346161
7.273967104032636
7.200053476030007
7.103621275397018
7.198104711947963
7.012823026627302
6.772652035579085
7.099428298650309
7.494511589407921
7.310338505310938
7.5164714774582535
7.507045765640214
7.4014076930470765
7.576218385249376
7.405924108810723
7.502709903055802
7.690642969217151
7.3817016205284745
7.290975228883326
7.221618304261938
7.111805489985272
6.797815631376579
7.139657448511571
6.7651752543170005
6.828323639696464
7.585024175932631
7.170892594149336
7.294028176693246
7.359036928741261
7.314910870976746
7.262334830593318
6.834787582047284
6.977414624299854
6.883365331217647
7.31145081249997
7.401118031237274
7.593965104082599
7.97121693356894
8.105829893611372
8.154852969571948
8.259031222667545
8.933779458981007
7.957843478536233
7.913847082760185
7.453192278277129
7.319547958439216
7.968391915783286
7.718493290245533
7.524841727456078
7.508834075415507
6.807610662421212
6.927060627378523
6.63464449509047
6.644580010091886
6.876457457663491
7.09507687878795
7.00236410042271
6.891845923149958
7.524882060708478
6.989074879093096
7.117351096589118
6.499831976369023
6.657560405321419
6.606804283568636
6.425012717023492
6.802342493785545
6.977435884764418
7.368840581737459
6.6534334782045335
6.221179970772937
6.45266356668435
6.433469268959016
6.48283508955501
6.2685779058374465
5.993101814528927
6.507882606936619
6.630716512678191
7.515467841876671
7.551139979157597
6.920420031994581
7.013873241841793
6.965318699833006
6.484832305461168
7.08173440117389
6.892199340742081
6.830442288191989
6.647691581631079
6.744397301925346
6.644877616781741
6.825753474608064
6.894782418152317
6.625996659277007
6.59635025379248
6.546668650815263
6.522375758271664
8.432998693315312
7.933711448917165
8.584269502898678
8.655223544454202
7.8995680520311
7.790672226110473
7.142017164733261
7.7583578180056065
7.329956588102505
6.760694048367441
6.737408196320757
7.0668969575781375
7.559791974257678
7.799039080040529
7.997592936968431
8.28751732269302
8.522556271636859
7.832634487655014
7.906259448034689
7.43061109026894
7.282719454495236
7.3256272410508245
7.278068190906197
7.391225873026997
7.242038902360946
7.6750258260872215
7.738946561934426
7.975565736647695
7.648864654824138
7.623002843931317
7.7893560857046396
7.340328749967739
7.308314142515883
7.094290468143299
6.94684076984413
6.311145823914558
6.576699976576492
6.236185441026464
6.048086034366861
6.4742999284062535
6.265736554516479
6.910782348131761
6.941087890649214
6.6165391656104475
6.803019297774881
6.9075951559934765
6.629297189414501
6.759297589305788
6.876029092120007
6.681832307716832
6.390761050162837
6.418529324466363
6.377771187806502
6.365597705589607
6.7657537877094
6.693558553233743
6.472157712327316
6.692866217112169
6.8938820825424045
6.923594774212688
6.645661188988015
6.9996137416455895
6.4640808964613825
6.569278386421502
6.23780792276375
6.422710622660816
5.982854736037552
6.458243193104863
6.050797950942069
5.941553359152749
5.66357179521583
5.915726731298491
5.790578672662377
5.608281322289258
5.4791436875239015
6.156155862379819
5.734623367432505
5.5598823020700365
5.70395777374506
6.028358118375763
5.889257663860917
5.605634012259543
6.160344043979421
5.807781883981079
5.473958513699472
5.593015180202201
5.437179251341149
5.53478753590025
5.770996822509915
5.2429081501904875
5.566647550323978
5.164243506733328
5.5010898117907345
5.281636016443372
5.281839518574998
5.016907195560634
5.190610761754215
4.8593901477288455
5.044457838870585
5.096661355579272
4.992406985722482
4.313575183041394
5.243946105474606
4.5806390680372715
4.464897331316024
4.804752123076469
4.65343713783659
4.807539082830772
4.399334442336112
4.379782672971487
4.615458888467401
4.566741148941219
4.422689351486042
4.517551439115778
4.614438846707344
4.7428441545926034
4.450218008365482
4.624940463574603
4.762704742606729
4.811095499200746
4.507055731723085
4.737971697468311
4.6802194975316525
4.617518202168867
4.686038548592478
4.939552117604762
4.749792963732034
4.875242058420554
5.238653921987861
5.005374253727496
4.712433554697782
5.345825636992231
5.374770573806018
5.198869624640793
5.534946372034028
5.78732290212065
5.830637086881325
5.622738290112466
5.9148931198287755
5.647937883157283
5.755057461094111
5.710382682736963
5.224845006596297
5.130934980465099
5.187652607215568
5.256772049004212
5.117277570301667
5.901898868847638
5.2764879977330565
5.514939562184736
5.602691256441176
5.763834479032084
5.8561413385905325
5.332808319246396
6.6563098195474595
5.46391678461805
6.821947453543544
5.989568802760914
6.082194626796991
6.115614509908482
5.66005246178247
5.280949759064242
6.230930835008621
5.779213467845693
6.00167151982896
5.1367042870260775
5.094876418355852
5.4556319853290915
5.35668982216157
5.2824643675703555
4.94128505885601
4.69723091321066
5.045030549867079
4.235082137165591
4.448127283481881
4.73016399750486
4.618087016278878
4.233342235907912
3.8861257114913315
3.548180910642259
4.513535602018237
3.6515396954491735
3.7409936171025038
3.7131344836670905
4.249719761777669
4.089913229458034
4.149779513012618
3.701936361612752
3.6857507412787527
3.7324228655779734
3.843993887072429
3.79014113266021
3.528413689462468
3.9271674987394363
3.560097871115431
4.342792488168925
3.9410322175826877
3.952753172721714
3.953838328132406
4.015817460138351
4.260974771808833
4.4221455729566514
4.053844537353143
3.825517270131968
3.999551517656073
3.9685340702999383
4.297386262333021
4.255596823291853
4.199337698286399
4.154560890630819
3.364101557061076
4.154635461745784
4.731748420745134
4.309127588989213
4.596399090252817
4.789507579989731
4.509375315858051
4.477207992691547
4.016648909193464
3.7825803130399436
4.0759244847577065
4.500874096993357
4.69198892544955
4.741899484535679
4.002836709027179
4.148338173981756
4.380783104337752
5.497746907407418
4.563242785166949
4.656764250481501
4.151256333570927
4.133882224094123
5.128332823514938
4.27366305841133
4.048274984117597
3.946318105328828
4.218800310045481
4.3673328559380025
4.686307586031035
4.002011363161728
3.62704507750459
4.100176181644201
3.973457758780569
3.656773739727214
3.3528188965283334
4.065600774250925
4.029750895919278
4.169437284348533
3.3818055144511163
3.749869445571676
3.3327115622814745
3.721922143828124
2.970719939796254
3.141423966968432
2.9501762792933732
3.2643295866437256
2.966185971861705
3.5279891616664827
3.4333686132449657
3.316443128976971
3.345386671135202
3.3309810925275087
3.4122706518974155
3.2552580228075385
3.420988280326128
3.425140474224463
3.950383686227724
3.8557403171435
3.989752291003242
4.536120943259448
4.682950919959694
4.358129721367732
4.551835325546563
3.809080127859488
4.104382598306984
3.8374820242170244
3.7261518945451826
3.6670171031728387
3.6149996833410114
4.080496987327933
3.7383185429498553
3.5633475824724883
3.3427435369230807
3.3430523292627186
3.9160128412768245
3.36984253115952
3.3535411518532783
3.919166031293571
3.2653113398700953
3.794303727801889
3.700061675859615
3.725704063195735
3.8991202756296843
3.7837876507546753
4.6477244845591486
4.051225838949904
4.338394831400365
4.751827739644796
4.722608328331262
3.753770485520363
3.812805478228256
3.467631712090224
4.320201184600592
4.137259566690773
3.931716971565038
3.7248189309611917
3.403282264713198
3.915721727302298
4.047133530955762
3.760310433106497
3.549513068748638
3.3754295888356864
3.758124256040901
3.9424174493178725
3.6645372912753373
4.873807767406106
4.084608463570476
5.910304447868839
6.556328248698264
6.7998666521161795
7.6986527396366
6.390012333635241
5.274541566614062
4.80650386842899
5.124874476343393
5.342706381808966
4.877570902463049
4.926261517684907
4.349409447051585
5.297788733616471
5.149150651413947
4.480644883587956
3.8004759824834764
4.418129436206073
3.904761539073661
5.6121033327654
4.238259324803948
3.48588075931184
4.731845892500132
6.0829691593535244
4.9439880307763815
4.063594751060009
4.151089841267094
6.570447257254273
4.849019661778584
5.099404331995174
3.3681918485090137
4.428674206370488
3.7467877191957086
4.012507535284385
3.7664440085645765
3.262312767561525
3.5071347057819366
3.5939380074851215
3.303163504926488
3.255532821873203
4.299660447984934
3.3475097368936986
3.2791226226836443
3.0597280776128173
2.842961164540611
2.9440543830860406
3.1265816742088646
2.669170349370688
2.494790103752166
2.7621918998192996
2.384563233470544
2.7685590288601816
2.588119518943131
2.396795819979161
2.3496818905696273
2.4182377788238227
2.507855735020712
2.0218562204390764
2.468204806558788
2.5603728445712477
2.583455463638529
2.4330247715115547
2.1912079327739775
2.6468001932371408
2.383687537163496
2.0400813608430326
2.360242071095854
2.331202993867919
2.1553149805404246
2.124554662965238
2.178789855213836
2.377252983627841
2.109726896509528
2.4657789214979857
2.169273904291913
2.4555010204203427
2.2560247550718486
2.842647982062772
2.5514351204037666
2.4248064861167222
2.2835263123270124
2.4639787904452533
2.754012439167127
2.8979141116142273
2.512036345899105
2.680914422031492
2.281719789141789
3.0131125969346613
2.3740367270074785
2.611016818555072
2.9467854315880686
2.687265903921798
2.7066326523199677
2.577529880218208
3.4312908507417887
3.124407012015581
3.397806881228462
3.3387053590267897
3.5994370041880757
3.747721520718187
3.415091254748404
4.376243900042027
4.381993436487392
3.9043844966217875
3.8276547000277787
3.6129853616002947
3.8420659503899515
3.599953540833667
3.4009693341795355
3.270578973926604
3.8246336560696363
3.6786972382105887
2.961178892524913
3.5705826859921217
3.5138924247585237
3.176674938760698
3.126539709744975
3.296809711959213
3.007751845754683
3.8028985594864935
3.702354086562991
3.742908940417692
4.116303576389328
3.152274457272142
3.5116019072011113
3.4551276061683893
3.2008275319822133
3.461128792958334
3.657321253558621
2.9619278204627335
2.9747679776046425
3.1622492051683366
3.0153622971847653
3.1522472926881164
3.9926956868730485
3.351450447924435
3.6481392015703022
3.5621079225093126
3.5031147357076406
3.4051811390090734
3.4152227744925767
3.4965397536288947
3.7996911911759526
3.839698468334973
3.961761615006253
3.6824341025203466
3.8042969717644155
3.6747393370606005
3.6551618040539324
3.578705871012062
3.2263346316758543
3.12440224760212
3.4075147688854486
3.229744766606018
3.114541554590687
3.143476314842701
3.691167063312605
3.3279730721842498
3.5448455687146634
3.485925470944494
3.6208474095910788
3.024806020548567
3.3610059989150614
3.3726409785449505
3.494566376786679
3.177316303597763
3.1428487764205784
2.978633761405945
3.0766585720703006
3.1060475488193333
2.996583922067657
2.934612126555294
3.095464854966849
3.43007683288306
3.2747878725640476
3.115012818481773
3.035292894113809
3.0179006829857826
2.950966202421114
3.047350731678307
2.6723756182473153
2.75877345376648
2.7309568852651864
3.1042900690808892
2.7286081202328205
2.9412363027222455
3.126654647057876
3.8317235549911857
3.4113462169189006
3.3564619896933436
3.640161977382377
3.8587208597455174
3.7755133647006005
3.656016127904877
4.342107481788844
4.221346968784928
3.452354043023661
3.2812035749666393
3.2476467674132437
3.4921036849264055
3.4436508452054113
3.222632613731548
3.2803140624891967
3.596354980720207
3.9618759932927787
3.8855743159074336
3.939942278433591
3.590560771757737
4.313995639793575
4.257935069268569
3.9903308637440205
3.7962822602130473
4.202651783823967
4.097180543001741
3.8936240498442203
3.738291472895071
3.565572935855016
3.9013927071355283
3.5403430592268705
3.4824140099808574
3.291630170773715
3.313905040267855
3.4626171006821096
3.397800490958616
3.5899918130598962
3.476847959216684
3.360224481904879
3.2399634981993586
3.439616130432114
3.380334530491382
3.5105678068939596
3.469120832858607
3.365706008160487
3.305586824193597
3.165444161510095
3.191553556593135
3.1246373634785414
3.23307104408741
3.107863247161731
3.2532004902604967
3.1097488128580153
3.086324525764212
3.0503840539604425
2.9327885918319225
2.9378667627461255
2.6182550203520805
2.782262020278722
3.0440498997922987
3.5971824864391237
3.491374694975093
3.4312950470484793
3.2754034230019897
3.7580649906303734
3.6049227537587285
3.8092747135087848
3.8657152594532818
4.033585498575121
3.934337272774428
4.5257295672781765
4.191554153105244
4.4279745779931545
4.76853700587526
4.8989897314459085
5.387888811063021
5.042688779532909
4.37986911716871
4.370312359184027
3.937244133790955
3.6666860999539495
3.7991439597681165
3.8242941375356168
3.5944706266745925
3.558788448572159
3.4868136197328568
3.3240796057507396
3.7304793170187622
3.5669372708071023
3.410405343398452
3.3477381381671876
3.3869304785039276
3.0808255572337657
2.7851811626460403
3.170461614150554
3.964299605228007
3.4834113931283355
3.6539062121883035
3.3657640228047967
3.962492272723466
3.6768762543797493
4.639401065884158
4.436263265088201
4.143230376299471
4.439978536218405
4.431572214700282
4.36643947660923
3.9624612105544657
4.350670401705429
4.3015425321646035
4.338070553028956
3.983172632753849
3.6761294768657535
3.405332886148244
3.4148976048454642
3.383494437672198
3.374280919553712
2.852495758095756
3.0373152680695057
3.5519463184755296
3.455484300502576
3.1093543351162225
3.4566409253748134
3.3929396418388933
3.753146158880554
3.5865046731196344
3.606344652129337
3.40137529023923
3.8095930262934417
4.017579222097993
3.78112490195781
4.25268128933385
4.0935689876787364
4.268127862364054
4.152658632723615
3.892781868344173
4.05702961771749
3.865280734375119
4.26596854487434
4.307725745718926
4.177112495293841
4.0759010936599225
3.8620267573278397
3.8746226304210722
3.8440547958016396
3.316562132211402
3.4031382228713483
3.1027203153353184
3.086302457610145
3.1856602074112743
2.828967125620693
3.106101174140349
3.213994405930862
3.257839974714443
3.516018822789192
3.7686766837723553
3.9562078402377665
4.01242785807699
4.271146292798221
3.77618161495775
3.9108653757721186
3.5830633107107133
3.3710241459775716
3.493412132607773
3.562783069210127
3.1685110286343843
3.207194621209055
2.9127137241885066
3.015928460517898
3.2074831465724856
3.884430705802515
3.8028643948491663
3.2590489545837045
4.267067588632926
3.1212472065817565
2.783603993244469
3.1075295913033187
3.179169273469597
3.100728024728596
3.0055332561023533
3.0124824612867087
3.3661924477200955
3.6915385560132563
3.2946897596120834
3.3228563219308853
3.725829599890858
4.259784237248823
4.327679007081315
4.12270144931972
3.8060639719478786
3.8029886696022004
4.465062358649448
3.677300225244835
3.5896207615733147
3.053916378179565
3.3768582476768643
3.1763667967170477
3.0948579171672463
3.501071932259947
3.939775852486491
3.2531127240508795
3.7974458038806915
4.04473095247522
3.8904212650377303
3.891972155543044
3.787136698840186
4.412233827169985
3.1060429809149355
3.399433205835521
4.035294453147799
3.3503800774924457
3.1300932075828314
2.9775969937909395
3.7260227664373815
3.7645497017074376
3.7128697903826833
3.8252990478649735
4.543774239253253
5.3577583730220795
5.225767862051725
4.7368725636042655
4.316205573501065
4.123569015064277
5.27325360965915
4.333569830050692
4.8517527158837765
4.25970566784963
3.883901991765015
3.4252722843084484
3.9378513123374432
3.8975668475031853
4.212242716690525
3.4219557885080576
3.319432920543477
3.429178524762392
3.6352135374909267
3.676994684152305
3.557579161832109
3.037443408742547
2.830511503620073
2.8099527400918305
2.599813271779567
3.0572748275008053
2.9618058960186318
3.2702604299411178
3.500446221441962
3.4813277651555836
3.456179004511796
3.311793257948011
4.106042147963308
4.485914448741823
4.219217967474833
4.604693490779027
4.999744932167232
4.2083493794780225
3.6963231379631907
3.952714547049254
3.7930808442179114
3.0906356214545667
3.053133650915697
3.394775354070589
3.0126001248136163
2.8714866950176656
2.859840461285785
3.547664157114923
3.2199605744099244
3.0902883168309927
3.4734543233644217
3.560216341051273
3.667248562676832
4.1755600133910775
3.807378930039704
4.321827320381999
4.591755801113322
4.6115937028080225
4.716356617864221
4.358348068781197
3.6371045960113406
3.7078946894034743
3.47074294812046
3.7022980561014265
3.4699643317144364
3.6565324082039297
3.4014128162525594
3.7818224511574954
3.899281603982672
3.430186552926898
3.554701592074707
3.468307605944574
3.7032951237633824
3.280803188914433
3.3677760863211006
3.6144062117673457
3.0840718881227076
3.36259166081436
2.9983933332841843
3.162970685050823
3.2843231059378013
3.4277182163204998
3.3406673226272687
3.789448777679354
3.8776584203587845
3.607096513849683
3.4919103529537097
3.6482594970148057
4.109287925297394
3.7557556990068406
3.347705755266361
3.1686081757070497
3.150025263079442
2.952508446178399
3.0700503170955926
3.170561201754026
2.948303760960698
3.3449529056670144
2.6364543506642804
2.8833733384963125
3.030096362461336
3.255514742108062
3.0937610815744847
3.0513698605354875
3.0770574767375365
3.1156661052955315
3.0244346847757697
2.989174784044735
3.601140516810119
2.7073978511616588
2.8870006578508765
3.256644509965554
3.4318965343991295
3.3026888703461736
3.514210307970643
3.4589863452129066
3.3065395965240896
3.1843895830679685
3.5069475293857977
3.230938308755867
3.305207356228493
3.091540282825008
3.5862750590313226
3.486107364995405
3.645185099565424
3.977581881918013
3.7729888730682433
4.225182750029489
3.8649764168076217
3.715271120890975
3.6482125114416704
3.9367370738182217
3.85236710566096
3.786858130246401
3.650254679028876
3.163665787433274
3.60164005192928
3.239505833364092
2.9424706543795764
3.0181828571949154
3.0448333936510608
3.0192614754196256
3.0459254063898697
2.9824266070500016
2.970614396268502
2.849648161092773
3.376026816549711
3.2054277596762404
3.2690258409129456
3.15844344929792
3.951024824869819
4.180564485723153
4.552546031074598
4.920380041701719
5.251648448174819
4.829996743705124
4.890779030974954
4.256868946831673
4.158421616652049
4.316720536677167
4.491057232953608
4.100180440000258
3.8241782642435282
4.020387810422108
3.7956248660339043
3.463766671717167
3.913908903952688
3.5091575821861625
3.2453501548152417
3.392063529463485
3.3732069162651896
3.277819731272757
3.194349176250398
3.0474568979116157
3.2295410523656756
2.728917130152695
2.9469951703213155
2.6831356353359297
2.7209340988192707
2.650429699802771
2.5381678647827357
2.737986391526647
2.4802632635692134
2.67269160063006
2.713469991344027
2.4380017954390496
2.7546450439840555
2.5148416473530233
2.8105858692433685
2.9969142200425267
3.232927681179717
2.771068707923405
2.8357168621150777
2.664297415758483
2.625940048834309
2.727973658591509
3.022193379816599
3.1445085044251755
3.573131312150508
4.096496269572526
3.7756137498654425
3.993966363603249
4.5627207797952
5.135858112247661
4.513545922935009
4.964083144906908
4.889659666456282
5.075744001427665
5.284338758327067
4.825661169132218
4.47556153126061
4.231937068048865
4.020296240458265
3.795995629625395
4.09973414009437
3.627998019568622
3.5280647412873805
3.70111195393838
3.38273923820816
3.3515106542035937
3.150658660568297
3.3219081284478307
3.086287497309968
3.3672881408128887
3.3698789577465504
3.3603779764380306
3.3046275060623884
2.870770162437111
2.8699947893619537
3.2589909702073783
3.058336920104921
3.45264621055685
4.126777951838449
3.9099880924914032
3.790034596575424
4.450080081820488
5.033422383479774
6.125519706867635
7.30254925834015
6.6904534487985075
6.152340302942321
5.542844890616834
5.83174479752779
5.214518955675885
5.927843489218503
4.8233150478918105
4.556817379780114
4.627204559277743
4.99843614443671
4.408817975781858
4.082063255948015
4.181716469232924
3.6530724078183994
3.92649501003325
3.5996890782844275
3.547822238644585
3.301243803347461
3.306368057616055
3.2448938861489296
3.4674898143857718
2.995172977214679
3.463222667342052
3.9267578125
3.2129005873575807
3.2467329357750714
2.975434992229566
2.564382206648588
2.327332194428891
2.1447397952433676
2.5655748152639717
2.1020627899561077
1.815902481554076
2.61845462070778
2.920414541848004
3.3369139737915248
2.184694502968341
2.0051149872597307
2.17383987409994
1.649671434191987
1.8806826604995877
1.8004662543535233
1.5486213804688305
1.613624702906236
1.174307749257423
2.318955513415858
1.8715104719158262
1.4173818422714248
1.3483709439169616
1.3465782611165196
1.5874668133910745
1.0885010729543865
1.879971191752702
1.2900283401831985
2.444125499809161
1.0251570004038513
1.132034759153612
1.1728303001727909
1.143492929637432
1.2368585269432515
1.2619353549089283
1.3709947429597378
1.053575189318508
1.1231956828851253
1.321984721813351
1.2877747733145952
1.3228847562568262
1.3427749020047486
1.2579066414618865
1.1719150182325393
1.3383614601334557
1.408928873250261
1.218883905443363
1.228329767123796
1.3437106765341014
1.2686856808140874
1.4203624643851072
1.415224284864962
1.6503846771083772
1.3292230463121086
1.6177509611006826
1.4402462966972962
1.3494148964527994
1.7465182088781148
1.4720754502341151
1.3479717718437314
1.754306269576773
1.866750300861895
1.400435555493459
1.7398260850459337
1.6869384956080467
1.3234344915254042
1.3668857924640179
1.4268299281829968
1.3418745991075411
1.433762802858837
1.3843995083589107
1.7877981003839523
1.747780493926257
1.7099827890051529
1.686945054680109
1.6805380971636623
2.265856775920838
1.9188405629247427
2.42288504447788
1.8766575600020587
2.4472085451707244
1.6703068381175399
1.8037309846840799
1.6676274046767503
1.9417867793235928
1.9293097076006234
2.136581471655518
2.586490178015083
2.2556766159832478
2.6995645456481725
2.522869059117511
2.1310951488558203
2.1427320239599794
1.9527931939810514
2.2837436767295003
2.307807471835986
1.935178788146004
1.9558903456199914
1.9680429580621421
1.7126747597940266
2.0844749838579446
2.0742788400966674
2.4642739745322615
2.188577327411622
2.010806013830006
2.10474198195152
2.0280720305163413
2.248478724155575
2.1987814439926296
2.396878980565816
2.23612211830914
2.8156050350517035
2.9927320384886116
3.4153044691774994
3.1723178504034877
3.0216739585157484
2.9358332264237106
3.050283679040149
3.2543216291815042
3.158021132228896
2.9441051597241312
3.0633612654637545
2.2837002349551767
2.645193556556478
2.22551812347956
2.1844297780189663
2.733128319727257
2.4505273178219795
2.221526760375127
3.0584708678070456
3.232587383594364
3.4987892918288708
3.027204593643546
3.3782913498580456
3.3221896891482174
2.7490741652436554
3.106105920858681
3.342174714896828
2.837526253890246
3.5705002741888165
3.2754053524695337
3.1572175610344857
2.7677659476175904
3.088276111287996
3.236402739305049
3.1774992421269417
3.751904019387439
2.970099497353658
3.7040241975337267
3.3264791779220104
3.1988377363886684
2.874996130587533
2.794175593648106
2.160399887477979
2.0649808140005916
2.100551280193031
2.2464377069845796
2.411661949707195
2.314654914662242
2.3621066224295646
3.3070529762189835
3.142884885892272
4.007888105232269
4.037297185510397
2.6859468517359346
3.616254154825583
2.9516049972735345
2.9803962737787515
2.9303701685275882
3.333392079686746
3.524042689939961
3.2828377892728895
2.9392769720871
3.1350372883025557
3.266417759237811
2.6145826568827033
2.569428753107786
2.0949692472349852
2.3679809998720884
2.5846701078116894
2.1659810894634575
2.2124813008122146
2.820904127554968
2.835141751449555
2.507234290242195
2.7828904893249273
2.8957184506580234
2.476227961247787
3.478834208799526
2.9510410791262984
2.6443947951775044
2.470783024094999
2.323433991987258
2.6880389018915594
1.958511175122112
2.222244041506201
2.1897539866622537
2.361771507654339
2.8382455920800567
2.8229731204919517
2.6254080440849066
2.7779005637858063
3.5454713460057974
3.4573468558955938
4.1761383302509785
4.227745568845421
4.5091110984794796
3.696930848294869
3.6355551909655333
3.3133332850411534
3.5102086912374943
3.3070813035592437
3.259746392024681
3.2320833730045706
2.7874195273034275
2.7590340960305184
2.7898162566125393
2.713359938003123
2.7634000761900097
2.1505794343538582
2.494684532750398
2.633052245248109
2.575335648842156
2.181028902065009
2.1485442398115993
2.0113084288313985
1.8510066226590425
2.3459064355120063
1.8571850184816867
2.1434465365018696
2.143204808002338
2.5502535451669246
2.3513460685499012
2.0543602050747722
2.581167228287086
1.9793335305294022
2.4704208923503757
3.4727716287598014
2.947009966010228
2.841947994660586
3.2268987286370248
3.347409615991637
2.8947533071041107
3.4128420564811677
3.1527385774534196
3.12414377508685
2.874178524594754
3.360455348622054
3.352431289618835
2.607420773478225
3.134926290716976
2.819388434290886
2.6996213574893773
2.4479986743535846
2.5657751094549894
2.2446456481702626
2.4768453332362697
2.444538874202408
2.2469217048492283
2.037109406082891
2.284606541041285
2.1981732005951926
2.1918883704347536
2.1472165837185457
2.253834523144178
2.0696158891078085
1.7910975976847112
2.238535644602962
1.5459375194041058
1.750836850143969
2.500079365912825
2.0902027137344703
1.7730482686893083
1.787515991833061
2.731901532271877
1.6543386502889916
1.8528780097840354
1.4524333061999641
1.5792369387345389
1.466921222396195
1.9275289805373177
1.6380695581901819
1.9179444845067337
1.8913609102601185
2.0315589039819315
2.719815393909812
2.7002360760234296
2.5602109705796465
2.8092140778899193
2.369600831530988
2.6776674820575863
2.8399726323550567
2.8936999968718737
3.395993177779019
2.8821288300678134
2.8976203507045284
2.608139676041901
3.473527408670634
3.2943994039669633
3.130915865302086
3.3974758638069034
3.2288106677588075
3.1072257780469954
2.9714046481531113
3.3829978436697274
3.3683424300979823
3.449699133168906
2.7810252076014876
3.0201929642353207
3.4086000935640186
3.3835482785943896
3.249363908311352
3.4976193791953847
3.1499907138058916
2.8315352190402336
3.0855845937039703
2.7383555453270674
2.6656043129623868
2.5751824155449867
2.2514004451804794
2.4088547233259305
2.922947530983947
2.3952490084338933
2.807124191429466
2.4669712849427015
2.4207566004479304
2.554314634297043
2.6137591091683134
2.748371296795085
2.331099734874442
2.208918676362373
2.4107432812452316
2.2010920234024525
2.1061352712567896
2.258356773876585
2.2525615032063797
2.4664415516890585
2.885513590183109
3.1913357676239684
3.270359913003631
3.772958905203268
2.7564865157473832
3.1296600641217083
2.9509702742798254
2.7320459579350427
2.371657930780202
2.1781963061075658
2.1965073527535424
1.9889934135135263
1.8921893695369363
2.577372067957185
2.8844511997886
2.5964021761901677
2.920890183420852
2.8352828124770895
2.876103693735786
2.9751594078261405
3.11412662465591
3.2732783353421837
3.2580711389891803
3.381306021241471
3.604804241913371
3.973930525360629
3.234024194534868
3.7951861873734742
3.57240622874815
3.4080550589133054
3.1558525837026536
3.443726917845197
3.18218128697481
2.797061503515579
2.9425435907323845
2.8516472468618304
2.6534601459279656
2.483162315445952
2.64817993552424
2.4633726376341656
2.367773935315199
2.3908211038215086
2.8821106895338744
2.6232294676592574
2.440673755365424
2.7880537307355553
3.1183210036251694
3.1773643740452826
2.915696814423427
3.121507669100538
2.7888473694911227
2.712755487067625
2.7187213471625
3.261815462494269
2.6606298375409096
3.875358646735549
3.9313518258277327
4.01796547183767
3.5067984082270414
3.642296369886026
3.4600445649120957
3.3756307455478236
3.3452653929125518
3.4013275653123856
2.696406673057936
2.943968005361967
2.9709398527629673
3.0714114509755746
2.4109081751666963
2.5479854077566415
2.4781135114608333
2.1701705270679668
2.9380835302872583
2.5279856045963243
2.5672448911936954
2.5425464136060327
2.2701052536722273
2.0007295680698007
2.1646446811500937
2.5313464583596215
2.862759056966752
2.5193681531818584
2.9449603261891752
3.1566722348798066
3.0228791481349617
3.4432335959281772
3.0207105171866715
2.651782446075231
3.275812314124778
2.920949305873364
2.7926637358032167
2.8319859949406236
2.7251463257707655
3.2990726612042636
3.524120192741975
3.0371881865430623
3.1421803288394585
2.949373545940034
3.2226598924025893
3.116762464749627
3.261754331062548
3.747460502316244
2.8920598027762026
3.3427241616882384
3.4066457614535466
3.242600055760704
3.5271584957372397
3.0014267381629907
3.010043799178675
2.6789196567842737
2.7199392643524334
2.2857453781180084
2.2109542838297784
2.294851951766759
2.062439401925076
2.746771225705743
1.9967202390544116
1.8763642935082316
1.8534627110348083
2.0095715243951418
1.959035192267038
2.313720429316163
2.706062013632618
2.830334226717241
3.0453745153499767
3.0040707756998017
3.7543068807572126
3.9607490757480264
3.4016399640822783
3.1660928084747866
2.839849063777365
2.874936031526886
2.621360604185611
2.251734119025059
2.7019124146318063
2.549338405719027
2.845016021747142
2.6795736075146124
3.908388348063454
3.220900572370738
3.4992961385287344
4.194125565001741
3.410501558915712
3.957630528951995
3.6993775052251294
4.03261205018498
4.0013463529758155
3.996330248657614
3.5997940809465945
3.652092476026155
3.1238414586987346
3.5121881435625255
3.5549754328094423
3.682605457957834
3.273492128588259
2.9749553261790425
2.596865877159871
2.834983379812911
2.4535914211301133
2.4756204045843333
2.5251102308975533
2.4853628762066364
2.773863422451541
2.913547382922843
3.116115541663021
3.275279296678491
4.058083147741854
3.6327127143740654
3.8093229953665286
4.423444522544742
4.85281420731917
4.661674978444353
4.541780128143728
4.265361353754997
4.280537783401087
4.000288042938337
4.031661174027249
4.065815064590424
3.4813536053989083
3.3904365599155426
3.732831717468798
3.2854772973805666
3.3116558502661064
2.878501090221107
2.590622165123932
2.6386706722551025
2.808954279869795
2.361063653952442
2.3585085866507143
2.791242897743359
2.550809576176107
2.099895269377157
2.3142204338219017
2.498751242412254
2.224401072715409
2.054018644383177
1.9560068659484386
2.1963705194648355
2.1965344846248627
2.197986647428479
2.162894533481449
2.035011914849747
2.664758993894793
2.6231858846731484
2.6706620443146676
2.9278868287801743
3.179708150913939
4.004168662475422
3.9360193798784167
3.7019481777679175
3.8740872798953205
4.012653887271881
3.770542120328173
3.927644713781774
3.6377016259357333
3.6011494318954647
3.433446189155802
3.2138015103992075
3.328985762782395
3.17490247474052
2.8929542178520933
2.77322259277571
3.0358198762405664
2.9512949868803844
2.962026249617338
3.025305595016107
2.864062251523137
3.2564079926814884
2.97070882236585
2.6699423145037144
2.9427633036393672
2.6437558587640524
2.38649052742403
2.169957367819734
2.349102922831662
2.0530934632988647
1.9367354093119502
1.8175775645067915
2.2152636469108984
2.334646982839331
2.119060281664133
1.8505391461076215
1.9448551889508963
2.0538249305682257
2.1456095026805997
2.356091261317488
2.6847915592370555
2.827304537058808
3.7037557996809483
3.4979329344350845
3.5887977603124455
2.7076183010358363
2.380783596658148
2.4273530390346423
2.0584691950352862
2.090683099348098
2.1229859058512375
2.0904614680912346
2.0360859307693318
2.109864368685521
2.1800329801626503
2.1133411364862695
2.204393108491786
2.1613197351107374
2.269628598471172
2.5383423634339124
2.6906575178727508
2.2907544201007113
2.3852457255125046
2.772865537670441
2.5847756039584056
3.3255623432341963
3.9269652507500723
3.6834019793896005
2.941446478711441
2.5708413581596687
2.789994587888941
2.542866047937423
2.579924901830964
2.5600767169962637
2.7874273830093443
2.538962822058238
2.5977976007852703
2.940856294357218
2.4868391850031912
2.3038619781145826
2.3349411231465638
2.439406156190671
2.3033403314184397
2.36276580352569
2.6136166371870786
2.724953246943187
2.8815335646504536
3.6814246128778905
3.8631156707997434
4.268899578251876
3.68152941938024
3.476715986384079
3.236158461892046
2.6489953321870416
2.814321653568186
2.6084460430429317
2.4149104345124215
2.5591862697619945
2.5084213631926104
2.9451668658293784
2.508183225465473
2.9286795716616325
3.062096013163682
3.7712016229052097
3.6071136394748464
3.7695402854005806
4.246608606539667
4.285843104822561
3.6780827493057586
3.4631612199591473
3.3285084029776044
3.392961418721825
3.2535057783825323
2.693974590569269
2.7318250343669206
2.957910141441971
2.4717994502861984
2.9835754248779267
3.097546209115535
2.798413947923109
2.8585392942186445
2.7809820489492267
2.264635430299677
2.6057830535573885
2.367585953557864
2.086715470533818
2.4464758227113634
2.2531476400326937
2.3282837455626577
3.190474411996547
3.803524954477325
4.612490043509752
4.133180301869288
4.335518430219963
3.7956482979934663
4.087945693405345
4.107472002506256
3.8002389940666035
3.873882157728076
3.6635355302132666
3.024294247152284
3.2474086373113096
2.8283929327735677
2.800914629595354
2.5910679643275216
2.4339468309190124
2.590987732517533
3.3232448000926524
2.897522496758029
2.820266489579808
2.8967160710599273
3.1947326681693085
3.272833284572698
2.9465473073651083
3.17137969925534
3.0784044793690555
2.6657152213156223
2.7060737109277397
3.402748808497563
3.090005719102919
3.053113447735086
2.870559870323632
2.9151323870173655
2.798434515541885
2.543823240092024
2.170839829079341
2.181373003288172
2.2001310246414505
2.3831861210637726
2.2347926044021733
2.046343772439286
2.5135994255542755
2.436876608757302
1.8833290777401999
1.9060269549954683
1.995166583918035
1.8849341231398284
2.114461664343253
2.15387535688933
2.275586761184968
2.76519907778129
3.261303286999464
4.126543528167531
4.028269632719457
4.707215437432751
3.381795819615945
3.585269337752834
2.775711291236803
2.771705884137191
3.1426144286524504
2.0398514018161222
2.186137227807194
2.217510571004823
2.544517754809931
2.203691872768104
2.173995545716025
2.186382934858557
2.6236514698248357
2.2557472611078992
2.674490869278088
2.5077404503244907
2.4840024765580893
2.7507999395020306
3.5880817014258355
3.7571877008304
4.009410040453076
3.747547530918382
3.684989411965944
3.95010000950424
3.781024256022647
4.171021647809539
4.027286066906527
3.938669576542452
3.9099215934984386
3.751203275169246
3.6561903485562652
3.339372007874772
3.000773747160565
2.975507673167158
2.6931359049049206
2.6888679382391274
2.4740412872633897
2.720334935351275
2.6493236692622304
2.578358695784118
2.467871753498912
2.681614065018948
2.773579793458339
2.665370614035055
2.12292401882587
2.3370780769037083
2.185006217448972
2.1695349332876503
2.025115227967035
1.8740514370729215
2.1988111532409675
2.71013644116465
2.6969457106897607
2.897184744128026
3.1276880936929956
3.692592346225865
4.059515216504224
4.263250721618533
4.157785346498713
4.498878971324302
4.610947409062646
4.990525774774142
4.813474681228399
4.358776762965135
4.326370175695047
3.981961595825851
3.9919682623585686
3.750873778248206
3.504003510228358
3.479795244173147
3.42162356141489
3.3234918829984963
3.0844396544853225
2.972184321261011
2.5980925826588646
2.9147249165689573
2.841458986629732
2.598608335480094
2.4158472645794973
2.688013422768563
2.3806175077334046
2.63887883129064
2.444439956219867
2.2843015982070938
2.5022866792278364
2.6984848132706247
1.8334418946760707
1.932419225340709
2.134119553025812
2.590535706083756
2.1623716740868986
2.1679472010582685
2.06371045432752
2.206077526905574
2.325770210532937
2.1758932322263718
1.8208852782845497
2.278745995485224
2.1022755866870284
2.4769830478471704
2.9275096440687776
2.687592372763902
3.3924895119853318
4.017199493711814
4.545744271134026
3.570418141782284
3.270176132209599
2.9033870263956487
2.6017792088678107
2.8071157535305247
2.637681658845395
2.8457884181989357
2.7898339885286987
2.426326585118659
2.759492333745584
2.691597211291082
2.0629179406678304
2.084781590150669
2.3845375964883715
2.5077767331385985
2.664350568666123
2.7207863912917674
2.5160765340551734
2.6581028572982177
2.2479404136538506
2.3677638842491433
2.407426713965833
