8.556866699364036
8.388419471681118
8.39743474451825
8.514203370083123
8.319006814155728
8.244637272320688
8.452738807536662
8.164574942085892
8.08259567245841
8.492643659934402
8.382161718793213
8.303654596675187
8.465213475283235
8.661869790405035
8.609898514579982
8.382405946031213
8.555409939493984
8.423664551228285
8.46231811447069
8.779043038375676
8.60174163710326
8.420819686725736
8.42465856904164
8.329826765693724
8.596070093568414
8.321735915262252
8.621978645212948
8.578748592175543
8.829723209608346
8.498240230139345
8.494119658134878
8.655827789567411
8.526574182789773
8.456984103657305
8.595164482947439
8.373457761481404
8.630548598710448
8.705271843355149
8.832298625260592
8.58210232714191
8.522063208278269
8.701298248022795
8.791341766249388
8.605130183044821
8.338063796050847
8.374651446938515
8.3971510338597
8.670629826374352
8.889494855888188
8.606707671657205
8.531655015423894
8.676517006009817
8.891094171907753
8.989365694578737
8.488649690058082
8.43742772191763
8.530665657948703
8.392473265063018
8.574818058405071
8.6569476085715
8.663872606121004
8.518718688748777
8.549064530525357
8.848271376919001
8.723822001833469
8.838551201391965
8.574507476296276
8.834426080342382
8.8446230487898
8.64603284234181
9.028577031567693
8.84402782889083
8.668165598064661
8.501375165767968
8.78540775924921
8.697496172972023
8.683240421582013
8.67416226491332
8.304925031028688
8.657797446008772
8.68530919821933
8.669713758863509
8.73621879098937
8.86355978390202
8.841193768195808
8.785544938407838
8.891756328288466
8.97790604038164
8.845352127682418
8.544186442159116
8.894846364855766
8.921603810507804
9.01150973001495
8.924702091608196
8.990043335128576
8.754955284297466
8.916972846258432
8.76201312430203
8.680345322471112
8.794573901686817
8.649589240085334
8.70335834287107
8.625455079134554
8.756147299427539
8.804809413850307
8.976169442757964
8.765060714446008
9.044877232983708
8.726381072308868
8.965030891355127
8.940789748448879
8.617199161089957
8.700057605747133
8.86558792507276
8.737858619075269
8.658340868540108
8.631193329580128
8.950212367810309
8.892244160175323
8.82914026780054
9.07179196830839
9.181404030881822
8.734507450833917
8.936967936810106
8.768629970028996
8.72207159595564
8.809471392538399
9.130742303095758
8.858498633373529
8.680696646217257
8.664565955288708
8.676338106859475
9.001528305001557
8.620495195034891
8.702094515319914
8.888165884651244
8.975617244374007
8.705011850688607
8.9347136747092
9.002370014321059
8.988502149935812
9.130300569348037
8.731468931771815
9.085740318521857
8.606455784291029
8.804384191520512
8.91310866503045
9.037731817923486
8.5300312214531
8.905181487556547
8.869931397493929
8.744306422770023
8.979066129773855
8.992827164474875
8.816882906947285
8.853423931170255
8.792562321294099
8.84462058218196
8.915302259847522
8.698989919386804
8.903751220088452
8.746528297662735
8.912025745492429
9.219055274967104
8.587354834657162
8.736862897407264
8.838432881049812
8.88738094130531
8.688089500647038
8.998139427043498
9.167288252618164
8.894328575115651
8.671889931429178
8.743025360628963
8.80044250562787
8.708065927959979
8.869597351178527
8.608561854343861
8.837213764898479
8.943461790215224
8.900989953428507
8.666404236108065
8.49639814067632
8.73505690228194
8.75659942207858
8.768193450756371
9.084745008964092
8.509473573882133
9.032030534930527
8.590410644188523
8.792172780726105
9.053200075868517
8.966995086986572
8.55754797719419
8.678557431790978
8.890582093503326
8.635804458521307
8.807374961208552
8.841399883385748
8.882151129189879
9.01088119391352
8.87579947989434
8.678953901398927
8.685159084852785
8.85920949652791
8.913627607282251
8.74907817458734
8.64764085225761
8.845211193431169
8.706427140161395
8.929260129574686
8.600143856368959
8.72182325925678
8.572963968385011
9.091175433713943
9.017139303032309
8.731152503751218
8.47656161012128
8.642339513637125
8.469923256430775
8.990065354388207
9.022918488830328
8.707924752030522
8.848699987400323
8.806343205273151
8.6621078629978
8.891520229633898
8.481494394596666
8.85762736806646
8.9004350239411
8.479612829629332
8.440561492927372
8.810540411621332
8.639974313788116
8.469223411753774
8.584611198399216
8.52749587642029
8.430847461801022
8.73251157766208
8.704538297373801
8.480473582167178
8.589502389542758
8.181106066796929
8.752702376805246
8.70203637611121
8.546388633083552
8.790052693802863
8.470935644581914
8.233356700278819
8.9113200167194
8.365527353715152
8.485434089787304
8.502053195610642
8.468078443780541
8.586188312619925
8.647889426443726
8.742077589966357
8.675201431848109
8.499201274942607
8.810819359496236
8.600318053271621
8.781411386560649
8.549865742214024
8.73660482885316
8.167429256718606
8.462026526685804
8.737712668254972
8.672422198113054
8.432350855320692
8.780969560146332
8.165940104518086
8.43065688200295
8.838939817622304
8.56808665720746
8.626555365975946
8.583477994892746
8.55610120575875
8.866903205402195
8.44284422043711
8.589664335362613
8.346719101071358
8.795898000244051
8.599045642651618
8.56791466427967
8.378743410576135
8.69181622005999
8.52855620207265
8.472396584693342
8.828337290789932
8.284369786269963
8.608566731214523
8.536892922129482
8.582149327732623
8.216916055884212
8.374390169978142
8.505921129137278
8.858444903045893
8.282378326635808
8.894910334143788
8.531426487490535
8.683192582800984
8.661884852219373
8.581660604570061
8.451942198444158
8.68441928550601
8.49575569992885
8.8141363481991
8.492181371431798
8.58052848558873
8.648411890491843
8.409158520866185
8.532608709763736
8.502189143095165
8.61201046872884
8.55021245405078
8.620445444714278
8.57329054735601
8.449528098572046
8.629119602963328
8.745431126095355
8.367427491117269
8.349992983043194
8.834044736344367
8.38996056234464
8.685734210535884
8.398480483330786
8.654472773894668
8.518581516575068
8.543625516816974
8.418755096849054
8.531850357539952
8.145228182896972
8.665669845882803
8.438497283030301
8.323403458110988
8.307941868435591
8.081741312984377
8.519303876440972
8.236896854825318
8.699879157356918
8.115456819999963
8.37504051392898
8.115733734797686
7.961021660361439
8.215708331670612
8.184790045954287
8.418880395591259
7.946512029971927
8.440286292228848
8.396793061401695
8.408248832449317
8.303071381058544
8.466392093803734
8.355956692248583
8.264147421810776
8.380187802016735
8.340980681590736
8.284739627037197
8.327737060375512
8.262758166063577
8.249961718916893
8.073015980422497
8.601598864421248
8.373740541283041
8.219971733167768
8.408240301534534
8.30175845278427
8.193893101532012
8.230078221298754
8.395906489342451
8.184618834871799
8.017919124569744
8.2700614775531
8.261090463027358
8.399363841861486
8.397065612021834
8.082203316036612
8.241957596037537
8.191606134641916
8.102061947342008
8.168607212603092
8.356578645296395
8.083087329287082
8.138620134908706
8.13488825596869
8.414027321152389
8.21810086723417
8.058294250629842
8.251530938316137
8.475623931735754
8.096573713235557
8.387727823574096
8.422451502643526
8.176675867754966
8.106803512200713
8.040756535250694
8.021729117725044
8.390459071379155
8.001091348938644
8.140090197790414
8.139807286672294
8.371975005604327
8.380974675994366
8.107993056531996
8.205746360588819
8.057590323034674
8.252489745616913
8.250310152769089
8.293092239182442
8.52216669684276
8.076097005978227
8.207684029825032
8.216721053235233
8.206561520695686
8.194323474541306
8.275877906475216
8.279514507390559
8.383281330112368
8.105017074383795
8.212346081156284
8.077264522667974
8.452172010205686
8.224463171791285
8.206961343996227
7.934328951872885
8.038931377697736
8.281838800292462
8.001210493501276
8.117935937829316
8.455623053014278
8.327920934185386
8.328294700011611
8.552010831423104
8.04845268605277
8.266770532354712
8.390206452459097
7.889412536751479
8.327386146876961
8.354291369672865
8.22362766880542
8.220322025474161
8.104319526348263
8.204004951287061
8.447689627297223
7.955884541850537
8.017596172634512
8.200606552418321
8.218570588156581
8.084683049470186
8.172251359093934
8.195773884188384
8.089221699628979
8.266366753727198
8.382656935602427
8.23318843729794
8.061022769194096
8.158907582983375
7.929833923932165
8.176195546984673
8.3157446840778
7.861478378763422
8.05494142160751
8.160958400927484
8.155483241192997
8.879437108989805
7.797407439444214
8.0893395957537
8.209080742206424
8.35440790746361
8.105303450953215
7.973582876147702
7.984842430334538
8.197305588983
8.137490709777921
8.273615962825716
8.207006068900228
8.508981421589851
8.276462456677109
7.857061547227204
7.820352397393435
7.899464047513902
8.061100086662918
8.08166714408435
8.239099911414087
7.913247182033956
8.451585076283664
8.27286225836724
7.918034024070948
8.179944574832916
7.98438677797094
8.318053415976465
8.230348357232288
8.119658216834068
8.416527126450092
8.156854856293648
8.110670700203627
8.122006193036214
7.902257035020739
8.33435090817511
7.982208167202771
8.257315471535549
8.294544134754688
7.951824567746371
7.938033884391189
7.799010182730854
7.99335419991985
7.833710284437984
7.8656144766137
8.13801026204601
8.14109212346375
8.028740875888616
8.192389680538327
7.992919167969376
8.203782772179693
8.362684323685244
8.056103776209056
8.250723471399397
8.018030029721558
7.609003229998052
7.812578928191215
8.362769391387701
8.044832222163677
7.866408012807369
7.712946089915931
7.815783883444965
8.098237833473831
8.255350643768907
8.1107431743294
7.864523375406861
7.940016874112189
7.897197681711987
8.162155637750402
7.913642964093015
8.215845892438665
8.029025046620518
7.814620527205989
7.957030913792551
7.801117051858455
8.081234455574304
7.939980606548488
7.777368581388146
8.086590031860396
7.624597565503791
8.043670598883182
7.840259387157857
7.642043324187398
7.839708953164518
7.813621688634157
7.882267399225384
7.972206526203081
8.165709341410547
7.844227749621496
7.685604660306126
7.697145675076172
7.708824982400984
7.812370819039643
7.730479132849723
7.922697829082608
7.820845772046596
7.662430154392496
8.294436868978664
8.00236410042271
7.644394269678742
7.868981516221538
8.033451823052019
7.654357441235334
7.9178540266584605
8.021222844719887
8.073846000479534
7.860180749557912
7.936719344230369
7.793566427193582
7.8227784025948495
7.564134027110413
7.861685057170689
7.425470101414248
7.62811318738386
7.868998960824683
7.921981145394966
8.035831734305248
7.575943969655782
8.361713201273233
7.749358827713877
8.00538104167208
8.130090357502922
7.774213682860136
8.018960098968819
7.809182175202295
8.040305499220267
7.606375510804355
7.409931507892907
7.993312941165641
7.931948333978653
7.625285359797999
7.595755766145885
8.175659098662436
7.71226338064298
7.662447969196364
7.874378654174507
7.726882722461596
7.912529100198299
7.876422792905942
7.764357452047989
7.9695218414999545
7.819289448205382
7.816400859970599
7.673610856290907
7.707737620454282
7.640063489787281
7.450070100836456
7.794291735626757
7.673202583333477
7.893679823260754
7.752710050437599
8.273156093200669
7.734936881111935
7.438050110824406
7.701396625954658
7.685600050492212
7.660138741368428
7.471962342737243
7.821322313742712
7.673430272378027
7.758496716618538
7.5255194483324885
7.871028747875243
7.55955901183188
7.547924690879881
7.869921782519668
7.8991751708090305
7.777290716767311
7.952855559298769
7.870738628087565
7.603364796144888
7.9945415877737105
7.846035125199705
7.872270514024422
8.019015413476154
7.984362187795341
7.964730639010668
7.967964447103441
7.930669491644949
7.70812483667396
8.01364452415146
7.6071046204306185
7.591452585533261
7.714793823892251
7.662564255530015
7.520598489791155
7.980689164949581
7.5882146139629185
7.779428614070639
7.7336333161219954
7.376348013291135
7.670704250922427
7.643639947287738
8.03468353743665
7.409442712785676
7.664749959483743
8.076514499727637
7.4443885665386915
7.647654319414869
7.641346077434719
7.647406727541238
7.622445803368464
7.921908893622458
7.623892242554575
7.6976919448934495
7.722620711894706
7.8094737799838185
7.580120623810217
7.5783908136654645
7.77023063832894
7.6168225419241935
7.959808295127004
7.727873267838731
7.761066707549617
7.447647070745006
7.542696363758296
7.716912274016067
7.703197613358498
7.562337815994397
7.52894589677453
7.590813664952293
7.501833816291764
7.606290376977995
7.593505129916593
7.521765477256849
7.282876980258152
7.501532537629828
7.92400707770139
7.465273275738582
7.711227934574708
7.317845854908228
7.874552516732365
7.414203700842336
7.611112028360367
7.495497597614303
7.5640788660384715
7.927907607983798
8.015141581650823
7.77377034118399
7.389875128399581
7.314841449260712
8.255725271999836
7.487091099843383
7.533595451619476
7.483439052244648
7.559718105942011
7.350760136730969
7.3349106626119465
7.447631379822269
7.723957311594859
7.678022605134174
7.423222288955003
7.465748799499124
7.45908214780502
7.761823803884909
7.633551538689062
7.404405294219032
7.990106299053878
7.592655183980241
7.4287854104768485
7.771043420769274
7.433961434755474
7.59365176432766
7.807924400083721
7.877341712825
7.391128858784214
7.548306629760191
7.675412766635418
7.5440560600254685
7.554413984529674
7.217825296567753
7.514392175944522
7.598503307905048
7.648207326885313
7.596890475368127
7.683566180756316
7.612906418740749
7.975648324936628
7.566078434232622
7.267407564911991
7.627427951665595
7.5498895512428135
7.450308355269954
7.320227116113529
7.223123455885798
7.265123528195545
7.428428119281307
7.658999228617176
7.524669580394402
7.6692509818822145
7.082287813303992
7.248600390739739
7.370724299224094
7.714275578968227
7.185849251691252
7.544928662711754
7.257404624251649
7.615104028955102
7.460322987055406
7.298090379219502
7.170980901457369
7.455413334304467
7.476172652328387
7.170461014145985
7.667083666659892
7.729195337742567
7.373543285764754
7.368075744248927
7.147111645434052
7.651884992606938
7.406199103221297
7.305364900501445
7.138467823388055
7.263139425776899
7.509723872644827
7.64080503792502
7.215510675450787
7.260857254033908
7.1464050428476185
7.567049950826913
7.045915204798803
7.303849895717576
7.461944441078231
7.4962805402465165
7.368124481290579
7.199733774410561
7.336367696989328
7.233725260477513
7.659622082486749
7.347587464842945
7.556873871246353
7.033680297201499
7.47289645136334
7.073364255949855
6.950455696089193
7.316096119582653
7.349706299835816
7.184086670866236
7.144001135602593
7.4452517160680145
7.4079979420639575
7.297240390675142
7.005068666301668
7.443313043331727
7.116249327547848
7.497352967504412
7.262387180700898
7.441818931605667
6.917274852283299
7.258160608820617
7.681788051035255
7.297934828326106
7.542036180617288
7.317328424192965
7.3290989303495735
7.535637138644233
7.4631585262250155
7.834208843065426
7.381875110557303
7.631361477077007
6.934853625483811
7.4623528104275465
7.62223702785559
7.4078676658682525
7.2889562784694135
7.560074190609157
7.450860148761421
7.641966599272564
7.240959062008187
7.4818245966453105
7.781044400297105
7.730119975283742
7.137007789919153
7.263320183614269
7.069619725458324
7.468239257577807
7.392493530409411
7.499629208352417
7.698927598074079
7.4250663730781525
7.464929111301899
7.742912446381524
7.222241209819913
7.350199676817283
7.45690240804106
7.162932281382382
7.620969727169722
7.209841726580635
7.393380689667538
7.365520260762423
7.5219330713152885
7.487038739025593
7.288841487374157
6.930368757341057
7.424662981647998
7.24842092464678
7.190034361090511
7.444974208017811
7.377870965283364
7.144832290709019
7.3265386337880045
7.494901047088206
7.0487811889033765
7.403541503939778
7.630919647868723
7.044615337625146
7.091809201054275
7.309005729854107
7.287986295297742
7.437850357266143
7.001147486967966
7.22081135888584
7.227695640875027
7.361805107677355
7.026385907782242
7.533940880326554
7.093042690074071
7.272298995172605
7.860558709362522
7.530587192857638
7.2045828574337065
8.023994188057259
7.351710780756548
7.3757630828768015
6.963391157798469
7.152182393940166
7.515605902532116
7.606781562324613
7.534874451113865
7.3146062300074846
7.860384679632261
7.243464206112549
7.6846779368352145
7.058741223299876
7.516921496018767
7.567873378051445
7.242129118181765
7.412251864094287
7.35284265759401
7.500695050926879
7.497104403795674
7.112087695393711
7.649914470268413
7.294460046570748
7.557997952681035
7.404201669618487
7.264162397477776
7.7136971016880125
7.241034039761871
7.256506418343633
7.176590661518276
7.364328584633768
7.622238460928202
7.5396590935997665
7.404582094401121
7.506422552280128
7.742965075187385
7.567028890829533
7.09401330538094
7.587322766426951
7.310572378104553
7.409363504732028
7.52571222721599
7.234012592118233
7.444352370686829
7.380927880527452
6.962100454606116
7.284013636643067
7.33227709424682
7.2138187335804105
7.645438443869352
7.816261897329241
7.711035903310403
7.037526482716203
7.3632619774434716
6.940047401934862
7.068176957545802
7.222487081075087
7.399019355652854
7.310122359311208
7.401050719898194
7.061198094161227
7.025504116434604
7.44261777610518
7.31247844430618
7.646704516373575
7.24687858344987
7.3017448908649385
7.603516856674105
7.151804125867784
7.692209884058684
7.180625181645155
7.165095469215885
6.6557284442242235
7.18897883198224
7.067742287181318
7.158103215973824
6.859126807190478
7.525010456563905
7.290816914755851
7.286542548332363
7.094129768200219
7.341513188788667
7.038481301860884
6.896209283731878
7.2358618571888655
7.161651435308158
7.242287055589259
7.1148831392638385
7.592899952549487
6.941936520859599
7.2728819153271616
7.68795350776054
7.266216152813286
7.384728014003485
7.775534918066114
7.321829830296338
7.459865514189005
7.046179708791897
7.0230180320795625
7.079588806256652
7.073910782113671
7.036784971598536
7.084148751338944
7.01237959950231
7.356216517509893
7.433644517790526
7.124062317889184
7.082557450979948
6.900972994510084
6.913808846846223
7.304259104887024
7.441377018112689
6.932639864971861
7.069736099801958
7.258270419202745
6.960660032229498
7.0198116975370795
6.922869031317532
7.126726447837427
7.292639598250389
7.222397962817922
7.161158948903903
7.107016276102513
7.5678250442724675
7.043719191802666
6.695837090024725
6.890383159043267
7.379911121446639
6.987388435285538
7.064333770656958
7.122160814004019
7.132457232801244
7.657930943649262
7.6711090232711285
7.183391850208864
7.2534574759192765
7.4742057046387345
7.288993620313704
6.8998194264713675
7.435428043128923
7.027661667671055
7.109985950868577
7.356732588959858
7.114259259775281
7.325121699133888
7.603198216063902
7.164928106125444
7.466609593480825
7.154002986149862
7.076917534461245
7.290035627083853
7.478993290802464
7.590486362576485
7.410843640798703
7.204103297321126
7.302121967310086
7.268408638192341
7.00570572167635
7.394904814194888
7.219762725988403
7.39613814628683
6.958354788366705
7.132454510545358
7.38095266954042
6.756848338292912
7.39649965101853
7.330989131703973
6.972959914943203
7.3002408558968455
7.230835712049156
6.93553210189566
7.03740810463205
7.083236413775012
7.190986658912152
7.287859823321924
7.116485743783414
6.906477998709306
6.9874820408876985
7.13116772309877
6.886510907206684
7.081102549331263
7.571945740375668
7.746883507119492
7.372989778639749
7.529797837836668
7.1091202415991575
7.319326202617958
7.097252152161673
7.031918500550091
7.123068679589778
7.274892206070945
6.80224344599992
7.023400386795402
7.43667503609322
6.817491459427401
7.277706350199878
7.086685271002352
7.579980083508417
7.453671178314835
6.795871780253947
7.0457794952671975
7.1179922360461205
7.031145389657468
6.68785801762715
7.213193902745843
6.886881187092513
7.20273786270991
7.12937627104111
6.946830895030871
6.752365343738347
6.881757905008271
7.120607388671488
7.113719382788986
7.336223756428808
6.89161114115268
7.1007511909119785
7.038063855143264
6.872721277642995
7.075900200754404
7.101178754121065
6.5646792803891
6.862934629665688
6.559925561537966
7.109472688287497
7.466446582460776
6.929094849387184
7.040402495767921
7.12185161258094
6.806326356949285
7.02253201440908
7.004083500942215
6.949171716812998
7.118489583255723
6.964323926251382
7.085157599765807
7.1711839637719095
7.588792789261788
7.0245571047998965
6.803163030184805
7.333655653288588
7.135819618823007
7.155228521442041
7.131864963565022
7.211144017055631
6.587964380858466
7.258280063746497
7.080284121213481
7.0201059889514
6.6383254036773
7.0801478815265
7.465786688262597
6.928274565143511
7.311113003175706
6.977762705879286
6.729869900038466
6.916532373987138
7.087946112966165
6.571881650714204
6.937357000308111
7.059211886720732
6.668943379772827
7.095878313994035
6.877732248511165
7.38744112662971
6.696430452633649
6.914348559221253
7.167325250338763
7.206174094695598
6.832623744616285
7.082263367483392
6.769555419217795
7.308007480110973
6.833426658529788
7.045065968530253
7.49211303377524
8.085881909821182
7.664743992500007
7.828674375778064
7.514013617532328
7.996710405685008
7.521169125568122
7.62568313931115
8.24603652022779
7.33332091756165
7.5914853846188635
7.4672742444090545
7.348428214900196
7.491896143881604
7.32520017796196
7.719010744942352
7.2657037526369095
7.333815659629181
7.193260111613199
7.401622364996001
7.189818118466064
7.269482250558212
7.52205029479228
7.356735390610993
7.042976156575605
7.0895571280270815
6.805595389567316
6.9067461071535945
7.380599028430879
7.156127214664593
7.057675138581544
7.081304399296641
7.275930610951036
6.998602577485144
7.112712312955409
7.738286027684808
6.992817546939477
7.443270256975666
6.930819337489083
7.169715691357851
6.934853041544557
7.20615616068244
7.137133585754782
7.299955664202571
7.345799508970231
7.23207638785243
6.993004279676825
7.222874007653445
7.208866719156504
7.054982136702165
7.461010630009696
6.993415685137734
7.5546177953947335
7.139939168468118
7.416633296292275
7.134371674386784
7.481832961319014
7.6954372762702405
7.14719122252427
6.482811752008274
7.126298785675317
7.205598300555721
7.000894076889381
7.5558470650576055
7.043080447241664
7.423173679271713
6.895064319483936
7.030735970241949
7.298470832640305
7.208823731401935
7.208754749502987
7.37073887931183
7.300756121752784
7.405943427467719
7.116613946855068
7.330404503969476
7.017987880390137
7.255609012907371
6.999881770927459
7.100241858046502
7.095529143000022
7.18865482788533
7.0208523448091
7.193141815252602
6.9526849368121475
7.126660328358412
6.848450582008809
6.9697054016869515
7.03940689493902
6.88947292836383
7.044916441431269
7.156243569916114
7.16800982831046
7.289190882816911
6.851822955533862
7.356097612297162
7.0037902852054685
7.114938644692302
6.8307883308734745
7.039914216380566
7.595845284173265
6.793809931725264
7.071863539284095
6.766532956855372
7.030604692408815
7.116027509095147
6.8286031691823155
7.101473425049335
6.941817617509514
7.573551700916141
7.0847750012762845
7.131491837790236
7.033422544365749
6.916583600686863
7.066640704637393
7.178696844959632
6.94154203706421
6.94535275362432
6.963262202683836
6.640533137135208
7.059310237877071
6.634257002500817
6.84939569211565
6.853365295799449
7.326586591312662
7.092714349506423
7.429322629934177
6.613358430331573
7.240693245315924
6.84098777291365
6.81833086698316
6.8429442786145955
7.524667321471497
7.0930006192065775
6.871791957411915
6.926959166070446
6.905050744768232
7.339099268661812
7.073663308518007
6.963147251866758
7.202312961919233
6.977133112726733
7.035916795255616
6.624001701362431
6.930646126391366
7.233467689016834
6.744443242670968
6.822671792004257
6.893172567943111
6.8962646764703095
6.7854855437763035
6.744935747701675
6.990098626818508
7.032818036386743
6.787296693073586
6.450842148158699
6.785802827216685
7.114392610499635
7.003237116616219
7.087951026391238
6.844629362458363
6.935406993841752
7.15402649785392
6.937542507890612
6.876914245542139
6.916585530852899
6.9683005104307085
6.949557651532814
6.777731803711504
7.041586229810491
7.031079685781151
7.163918234873563
6.899965692078695
6.9617379603441805
6.685528677888215
6.6340130439493805
6.714779269183055
6.786096034571528
7.081644296878949
7.038248516153544
6.859095051186159
6.515524950111285
6.92722355783917
6.9871885606553406
6.832564391428605
6.4642052601557225
6.751878002192825
6.601743799634278
6.414533560862765
6.852699848357588
7.128917227266356
6.706547315232456
6.652932396624237
6.991231122752652
6.532029936788604
7.131660147570074
6.836710388073698
6.88505243556574
6.860157558461651
6.751819577533752
7.13612842769362
7.141668253811076
6.624538965988904
7.2106150556355715
6.258249080507085
6.6980306203477085
7.043040454387665
6.762027067830786
7.1915995888412
6.612351865042001
7.281537638511509
6.602035412797704
7.034355898853391
6.81171996309422
7.081566090229899
7.55137812695466
6.940890121040866
6.731387200765312
7.149910955922678
7.151585656218231
7.119763907743618
6.647952755447477
6.853287007426843
7.328572711441666
7.119925512932241
6.90394100244157
6.478748110355809
7.197446092497557
7.311692133080214
6.837542823050171
6.606680043041706
6.664840423734859
6.788599199382588
6.94844295270741
6.8228742147330195
6.874497401760891
6.673387171700597
6.878372961189598
6.558674826286733
6.809669121168554
6.981984763639048
6.460934246191755
6.702988779172301
6.302174266660586
6.463546972721815
7.096902318531647
7.039341751253232
7.340725125512108
7.140321258921176
6.633401287486777
6.532962570432574
6.823606129735708
6.512837186921388
6.594395990483463
6.444074684521183
6.713968846015632
6.9830813605804
6.54098242148757
7.1822917982935905
6.724770580418408
7.196227495092899
6.783279099036008
6.860254228347912
6.74192322534509
6.653565582353622
6.748504678485915
7.0741249767597765
6.832244806922972
6.950864995829761
6.674519445281476
6.5891205803491175
6.558521030005068
6.9327106170821935
6.759679110720754
6.903263823362067
6.981377658434212
7.059794661588967
6.4755594378802925
6.6642766878940165
6.761035662377253
6.922079139854759
7.4394322405569255
6.86550478823483
7.366879271809012
6.812354179564863
6.614141090773046
7.071810346329585
7.038029766641557
6.790843267226592
7.428158188704401
7.133650436066091
6.662645723903552
6.926597533747554
7.143519764998928
6.886083017336205
7.154136918019503
6.8542523116339
6.601801868295297
6.769724636338651
6.8205475497525185
7.036424034740776
6.843470734776929
7.283424718072638
6.71442512050271
6.68086960609071
7.1314264631364495
6.443890313152224
6.70227136509493
7.173061019508168
6.603009175742045
7.552244069054723
6.962104773381725
6.311664559645578
6.590418103849515
6.651175358798355
6.356254639104009
6.535951291909441
6.373693230561912
6.502768883481622
6.627421157434583
6.5298652071505785
7.020345567027107
6.703433084767312
6.786799652036279
6.535025529796258
6.613242790102959
6.610126080922782
6.891737820813432
6.8312546270899475
6.508214122848585
7.111537336139008
7.275554700288922
6.585358500480652
6.453471656888723
6.058151476318017
6.84021631651558
6.51308374828659
6.873988005565479
7.024954599328339
6.721494547324255
6.7516683912836015
6.563548143487424
6.951645427849144
6.590921827824786
6.933808657806367
7.172330003930256
7.129300961038098
7.335489638149738
6.875541353831068
7.141926759853959
6.588189893169329
6.481827365467325
7.096735635306686
6.718376512406394
6.69533625128679
6.558924112003297
6.614777491195127
6.905924640363082
6.8727186233736575
6.510262826224789
6.753134346334264
7.398367476416752
6.820727042853832
6.518988646334037
7.525732463924214
7.1040161091368645
6.4382454107981175
6.885088697541505
6.943094405578449
6.841029828647152
6.844949213322252
6.613280220422894
7.0055893594399095
6.941489870427176
6.769902064930648
7.043261719169095
6.830673316027969
6.860028091119602
6.842832811642438
6.314981508301571
6.841729037929326
6.857201226055622
6.942864065989852
7.101886382093653
6.569275747286156
6.885815822286531
6.885926604969427
6.598283805884421
7.226356144528836
6.973837262019515
7.155934050446376
7.360405588056892
7.332562326686457
7.2967434716410935
7.122575132641941
7.073919198941439
7.08338664076291
6.991620638407767
6.866955631645396
6.719390514539555
7.146965574473143
6.920297501608729
7.476745351217687
6.90319689642638
7.305880020838231
7.084496918367222
6.897225805325434
6.906517050229013
6.9508071462623775
7.156089219264686
6.809522951720282
6.24025878100656
7.025987236993387
7.2090544467791915
6.745593487750739
7.26320854970254
6.722062911605462
6.602597927674651
6.75719908089377
6.620518583571538
6.732031383085996
6.647661940194666
6.7844281217549
6.598970405757427
6.570680182427168
6.958002758212388
6.607996126869693
6.6823209745343775
7.008675057673827
6.568156745284796
6.743790360633284
6.9760929783806205
6.7252655231859535
6.779448397224769
6.6709749535657465
6.938857402419671
7.098270119866356
6.4543360457755625
6.6896749378647655
6.955075286561623
6.902950811665505
7.01300657610409
6.5747180508915335
6.88896626024507
7.110907123889774
7.176118427654728
6.7401316915638745
7.136863659601659
6.51005460973829
6.990018779411912
6.852827464463189
7.398143172962591
7.0901849386282265
7.101244612596929
7.0384815889410675
6.98892798111774
6.400513910222799
7.322174108354375
7.462721057003364
6.862142584519461
6.4805969160515815
6.747383983572945
6.466876558260992
6.714603754458949
6.723195456201211
6.674718874040991
7.31214060774073
7.180390470661223
6.908276235451922
6.986089130165055
6.712800103705376
6.838115184102207
6.964398375246674
6.293740083230659
6.823718062136322
7.007857151562348
7.164884633617476
7.205112591851503
6.8766926128882915
6.93758443556726
6.621646114392206
6.789730677148327
6.566800213651732
6.851197336800396
7.127796723740175
6.686370858224109
6.813274359330535
6.962680293247104
7.22961492696777
6.783163232496008
7.1348025146871805
6.721287759020925
6.896612280746922
6.581844385713339
6.521293469471857
6.745343601796776
6.772678818088025
6.729345822706819
6.450845438521355
6.94174114568159
6.523969821631908
7.01885308790952
6.50108684389852
7.199940752005205
6.911790990503505
6.808079090435058
6.824427469400689
6.98992091557011
7.003113527083769
7.097499797586352
7.103920070454478
7.012330474564806
6.601653333986178
6.9505635995883495
6.6427085504401475
6.781368656316772
6.93425662512891
6.823759511578828
6.286295534810051
6.438152393093333
6.885619566543028
6.854024118045345
6.624404153088108
6.485496507491916
6.588173693977296
6.186357647413388
6.7033427187707275
6.661363208433613
6.5508169792592525
6.774325824575499
6.692654182668775
6.56174456095323
6.705915060359985
6.911303041037172
6.994977939641103
6.63238632818684
6.732333973282948
6.916336783673614
6.835826148511842
6.82128043868579
7.01541050337255
6.919950840761885
6.770537949167192
7.0093471019063145
7.185635226545855
6.68554735626094
7.150063945446163
6.67901795078069
7.142683543963358
6.964185597840697
6.878308647079393
6.63873946480453
6.904060123488307
6.865123259136453
7.322938103694469
7.1773071442730725
6.676249536219984
6.38925748411566
6.954124095849693
6.915764172095805
7.159216861007735
6.966517484746873
7.175241508986801
6.80565880658105
6.700041679432616
7.162634183652699
7.452922950964421
7.020279900636524
6.753865686478093
6.50655315304175
6.980546675389633
6.862844518618658
6.698747512418777
6.435650839004666
6.839759461581707
6.913361130747944
6.851048659067601
6.79020173382014
6.402857417007908
7.228141818428412
6.783566456753761
6.46478075440973
6.782719774870202
6.478994909673929
6.525542183546349
7.058090644422919
6.700864107115194
6.639314119005576
6.578004234936088
6.687739298678935
6.851024449802935
6.739656513556838
6.65983256790787
6.790092882234603
6.908524082973599
7.349176579155028
7.476790923858061
7.0498950821347535
6.670631009852514
6.961547173094004
7.047704575350508
6.633230345090851
6.8576181614771485
6.926619883393869
6.5469662074465305
6.99913782463409
7.092975948937237
6.6084690149873495
6.3749666078947484
7.027135950280353
6.574840747751296
7.339334849501029
6.752910711569712
6.557230020873249
6.423375558573753
7.017053922405466
6.509761306690052
7.224741160869598
6.812042176956311
6.939517113612965
6.823163296794519
6.9026910634711385
7.0001063530799
6.431596697540954
6.935439587105066
6.708638031501323
6.72099450067617
6.630869746906683
6.9162790675181895
7.268253861926496
7.0647594288457185
6.833999265683815
6.956920764641836
6.784855106612667
7.0634149964898825
6.569948615739122
6.623105433769524
6.472372839227319
6.562807224923745
6.630109291989356
6.610592072363943
6.722641305997968
7.102895042859018
6.646637194091454
6.971319667529315
6.67437370843254
6.799274519551545
7.094369070138782
6.9153190643992275
6.6550596200395375
7.0691508857999
6.834617498563603
6.7366024372167885
6.879396915668622
6.628071638988331
6.538564448012039
6.674634146504104
6.855433779768646
7.155730182304978
6.579012653790414
6.182587396586314
6.958333205897361
6.872897346736863
6.961944390786812
7.0115664715413
6.738850072026253
7.080742142628878
7.007069956045598
7.047087757149711
6.762848581187427
6.4196625030599535
7.0548729710280895
6.691207057796419
7.19453716930002
6.857342056464404
6.734382752561942
6.308671096805483
6.642464669421315
6.81263545085676
7.035868932725862
6.698639748850837
7.173010130412877
6.7226270695682615
6.991393326316029
7.285268555860966
7.112491890322417
6.474632803350687
6.674111110391095
6.844030128791928
6.735822258517146
7.018682001857087
6.7540856883861125
6.473487380892038
6.748676689807326
6.882054112153128
6.848885295679793
7.120642518391833
6.410613865824416
6.625611524330452
7.0919816442765296
7.081295468378812
7.180246459320188
7.126842508092523
6.575521691236645
6.9995643785223365
6.842229412635788
6.854753925232217
6.931786434724927
6.97774980450049
6.588144677923992
6.689235831378028
6.479316629236564
6.460287905996665
6.6362532349303365
6.729235452134162
6.980348689015955
6.35045284871012
6.583609498105943
7.163045626599342
6.879284846363589
6.836284881923348
6.547778869280592
6.568269443931058
6.424636698327959
6.7194898498710245
6.530658010626212
6.637315558502451
6.68300147075206
6.8061520957853645
6.906560635659844
6.217305509606376
7.117083384422585
6.61537900310941
6.269795236410573
6.679567893734202
6.942685263697058
6.681044661439955
6.639714621240273
6.908855281770229
6.616126892156899
6.705706906039268
6.904812345281243
6.4378322719130665
6.5622305874712765
6.8607081566005945
7.080228028353304
6.680540568428114
6.939356788760051
6.887131845345721
6.68691092915833
6.731412122957408
6.5897269723936915
6.715222248574719
6.793583291582763
6.857382346875966
6.481767910532653
6.962136229965836
6.7013882889878005
7.029640543740243
6.51298315031454
6.667113891802728
7.205178678501397
6.338199430843815
6.38065730012022
6.557549791410565
6.486768634989858
6.750610882649198
6.910000989213586
6.653203825233504
6.652517597423866
6.895708669908345
6.786289627896622
6.698854477377608
6.128900165203959
6.573021796997637
7.1670171157456934
6.5313161730300635
6.925841714022681
6.619178762892261
6.894118569558486
6.59401707071811
6.613329510204494
6.691123933298513
6.427093307953328
6.925045615527779
6.3508186435792595
6.753155658720061
6.896504630567506
6.599267921643332
6.739842432783917
6.982212773291394
6.828245481709018
6.8204866850283
7.399552603252232
6.6424528965726495
6.681231898954138
6.391031410545111
6.635497054783627
6.628488382091746
6.9388757853303105
7.2609434684272856
7.000083521474153
7.123618357349187
6.718591633951291
6.476887677796185
7.796048434218392
6.6782121390569955
6.991056198719889
6.881300932029262
6.730633100261912
6.94776190421544
6.546885375864804
7.156407024944201
7.019781432580203
7.024817844154313
6.833007592242211
6.706015176372603
7.152484772494063
6.772537507349625
6.836323408409953
7.011970032006502
6.4498495338484645
6.920582032063976
6.20024458039552
6.974942659959197
6.569305452750996
6.983122589532286
6.951955822296441
7.0965138166211545
6.713206600164995
7.020429245196283
6.8026088969781995
6.742032497189939
6.38035442517139
6.419194251066074
6.579184734029695
7.084286259254441
7.238362767500803
6.836309240432456
6.857901903567836
6.792167563224211
7.300494217546657
