0.05154029533787252
0.05202291582827456
0.05386835200806672
0.059936626108537894
0.06560490569972899
0.07408293112530373
0.0883391761672101
0.1023805256554624
0.12264508647785988
0.14849077156395651
0.18652580148773268
0.24796480621444061
0.3615529137896374
0.5456434914376587
0.5682775771711022
3.2846537875011563
0.4151286337291822
0.6145160999149084
0.5331773813813925
4.667169403284788
0.35399969085119665
0.4532462997594848
0.5759719859343022
0.07575729087693617
0.06868353061145172
0.2377191357081756
2.4556526597589254
0.47709629754535854
0.5889096376486123
0.3937361743301153
0.551108019426465
1.1101721758022904
0.526174918632023
0.21548378031002358
1.789941871073097
0.4311864528572187
0.3476562909781933
0.6162492560688406
0.44329655985347927
0.18455965083558112
0.32222263293806463
0.9148425627499819
0.4299732018262148
0.07780628729960881
0.558957138331607
0.433506072498858
0.26580109377391636
0.38741552305873483
0.8474714593030512
0.4241711552022025
0.07652907585725188
0.4934447209816426
0.4598438470857218
0.4356100510340184
0.42189767316449434
0.46076476178132
0.4161810346413404
0.39101204299367964
0.4330993910552934
0.5899059681687504
0.3664702055975795
0.11469779792241752
0.3492328205611557
1.5022340407595038
0.42543409613426775
0.2914044792414643
0.802059699781239
0.38543102610856295
0.0732582951313816
0.2052851509070024
0.3705417208839208
1.058967711403966
0.4244334703544155
0.15314916145871393
1.0051391520537436
0.4291704173665494
0.09205141678103246
0.67960245301947
0.420593845192343
0.12686641328036785
0.30002196598798037
1.0229919706471264
0.43921204982325435
0.10617313675174955
0.7347937114536762
0.4040280837798491
0.10594385385047644
0.2824921852443367
1.1525023030117154
0.42232270759996027
0.19342717286781408
0.9728785934858024
0.3833064999198541
0.08834917168132961
0.5618673861026764
0.3775589040014893
0.15686251292936504
0.28068024228559807
0.8605527598410845
0.41584073146805167
0.053698961390182376
0.056004220503382385
0.1887843564618379
0.392129048705101
1.122113407123834
0.47650774591602385
0.18226326126023196
1.2485556635074317
0.42143194878008217
0.24749435816193
1.0370225152000785
0.38335758075118065
0.07823670038487762
0.4177315835841
0.33707107917871326
0.2804628419689834
0.35520914860535413
0.6094708230812103
0.3725404144497588
0.13768952526152134
0.26973422279115766
0.8429048699326813
0.4510303040733561
0.0544850816950202
0.11126162203436252
1.0530809634365141
0.4899349150946364
0.10529671388212591
0.7897203271277249
0.3751935507170856
0.08230770420050249
0.6837539067491889
0.46355320781003684
0.16571703413501382
0.3134107851656154
0.8423138773068786
0.4344992015976459
0.05910512135596946
0.1795079711591825
0.3703302132198587
1.1563931819982827
0.44229323451872915
0.2050596053013578
1.0452379174530506
0.4192917658947408
0.126587479680893
0.8355992520228028
0.38110555114690214
0.06400456992560066
0.08260960172628984
0.24841191357700154
1.3657116149552166
0.45358156983274966
0.24878123652888462
0.9242287958040833
0.4049479675013572
0.06142819204251282
0.19299032841809094
0.2811203063465655
0.5788457160815597
0.3959360249573365
0.20600498805288225
0.34415771265048534
0.8037048345431685
0.40465060563292354
0.05549553612945601
0.22284315020078793
1.2867351230233908
0.40766003110911697
0.2310596965253353
0.8035862995311618
0.37961269658990204
0.05947921477491036
0.13944976055063307
0.8796565649099648
0.4022592129185796
0.10887237837596331
0.856483812443912
0.4442244217498228
0.05400566727621481
0.08226393267977983
0.716512814629823
0.4640146179590374
0.06209367560222745
0.2288714813767001
1.8127563707530499
0.44366649026051164
0.34527842816896737
0.5025993993040174
0.3580757570452988
0.22094554849900305
0.3799214301398024
0.9303095224313438
0.4188109041424468
0.06899759767111391
0.3977534098085016
0.36188523878809065
0.30340676777996123
0.3451269220095128
0.501375281251967
0.37684745399747044
0.27377484645694494
0.33007417526096106
0.4797051176428795
0.33451686426997185
0.17908672627527267
0.33333659532945603
0.9388749948702753
0.40816992020700127
0.07887566558201797
0.5781184330116957
0.3518892735010013
0.08839720475953072
0.26623126439517364
1.31611886061728
0.4383142339065671
0.1856950081710238
0.7083628759719431
0.36094396736007184
0.0626864613732323
0.14594843878876418
1.0371214020997286
0.4132384652039036
0.1308948952355422
0.7080377722159028
0.3905580644495785
0.09611913020489737
0.23306165059329942
0.8183501064777374
0.41069893236272037
0.0669773468398489
0.3269990715198219
0.4035319937393069
0.5912854627240449
0.4036797999870032
0.17067867249716073
0.31663838610984385
0.7884433879517019
0.39999138354323804
0.059645394067047164
0.1496310051297769
0.34635586594231427
1.1462668692693114
0.4512871673796326
0.18464736797614023
1.023366381879896
0.3801609940128401
0.15313012243132107
0.9173399535939097
0.36941907787695527
0.06337989820167422
0.27992592519149184
0.31595122546423227
0.456927445018664
0.3880207148613408
0.33146432926878333
0.3589627461042255
0.5227362785954028
0.35496646154206246
0.1461960901506245
0.2544531535822898
0.6960334442555904
0.40468853432685137
0.07326367555651814
0.22053189715370536
1.111087602097541
0.41588515089824796
0.17326295137172565
0.8539785915054381
0.3785866705002263
0.07803407002938911
0.48008382017724216
0.40949706721585244
0.30597644206136465
0.3303870934760198
0.44634683383628726
0.3483266909606755
0.27461706835310906
0.3435392591636628
0.5646237793844193
0.3815464375074953
0.15444527193903923
0.28296615893486887
0.7618908863514662
0.3876521054189652
0.052307012549135834
0.09186641144333407
0.8081879122182727
0.4401287604123354
0.06755647147656418
0.49277686909772456
0.41175434028264135
0.3167227525264025
0.36112113983836025
0.5043077191803604
0.4009542299900204
0.2756546159507707
0.3768931202357635
0.6440252840984613
0.4131086173001677
0.1453431707341224
0.3579049868276343
1.111950737889856
0.42119957774411887
0.1602870165661443
0.8575329510495067
0.3876452596159652
0.07513416805886663
0.4541052954737097
0.37412639369722456
0.30479161930270493
0.33132755337283015
0.45255850930698216
0.3917640392901376
0.30140189663507044
0.36139766476117074
0.5503748781047761
0.384035701979883
0.21595566591713578
0.3616838005837053
0.7718258751556277
0.36208680481649935
0.07019263849360868
0.364253704668954
0.3679949203506112
0.39305501873604953
0.3693972396431491
0.3978069999720901
0.3478210214525461
0.2952808622503653
0.31307002797257155
0.4108253966551274
0.365085797267966
0.40440137893892825
0.3746676679002121
0.3536982962395996
0.35161002026870847
0.37339886790141463
0.36701193545013666
0.40536112524569035
0.34922657418064773
0.279500768170692
0.3388580654282123
0.5488229880575091
0.372392482473515
0.13907170586753637
0.2564302574028261
0.8385288831777871
0.4205421132501215
0.07113540841965005
0.47621231502853334
0.3973581049358472
0.29399754910264164
0.37493299203924835
0.5728261535987258
0.3970948759233579
0.22432940953876823
0.3571977608371526
0.6881827220786363
0.3676193088758737
0.06476727442350239
0.2001445842324756
1.1412708316929638
0.44995788543019444
0.16215726331574842
0.8741335780359805
0.37079095817171037
0.09556628904829267
0.6692336751148105
0.41456231055781245
0.16100706055294722
0.2957005654461682
0.6777988499961793
0.3922499537002295
0.10307155759073794
0.2497509733075276
0.9800409381277859
0.3844596897251904
0.14274590983404778
0.8072715820744634
0.3757965308614075
0.0673473477945663
0.3592172439675778
0.3565587889170274
0.3698830478824675
0.37142020219471306
0.38241749722510576
0.3429067737888545
0.3528139933478087
0.33037091162987053
0.31407442199997604
0.3189852494979277
0.3870600527152419
0.3762577031739056
0.40899247233755887
0.3291267390595749
0.3122269061859697
0.36053675471339375
0.4573792885057628
0.3475492335855961
0.2251102189766243
0.35035544633865356
0.7853045985102654
0.3567983533721417
0.10144785390002653
0.7770129647105932
0.36307716951705515
0.07875175822118763
0.6020305338315666
0.38762972282711416
0.15121593535877764
0.3079927386716008
0.8882146198302507
0.3774389980826527
0.08427074286737479
0.5157723985612392
0.403089358122088
0.2404649502132088
0.2999908507335931
0.5074337658006698
0.3438339033164084
0.1423943133559078
0.28717081039212644
0.9137419732287526
0.3933774792822078
0.09451209810504224
0.6818197900429368
0.3858946296386421
0.05973489169264212
0.05436975311022252
0.2951485071098432
0.47811035974882543
0.9544555395841599
0.47237987571861595
0.08479595449171029
0.6610785785596818
0.40972671774215996
0.07727222057292238
0.237649102055002
1.2780999848619103
0.4131886775139719
0.21018738951534033
0.7192992414347827
0.3657040831167251
0.053853727178648114
0.048221985634882
0.09674298157915473
0.9580043209716678
0.442407114431262
0.18785999430110678
1.282401598058641
0.39845947560388595
0.23897185665555298
0.9444885640405118
0.3605329297715798
0.11016427031427156
0.6227235402911901
0.3046718400437385
0.06308838434051722
0.1248873951844871
0.31842711730860174
1.0453941533342004
0.4004412351641804
0.13988434901693836
0.7264985484071076
0.37821704847738147
0.07055406493600458
0.16143777724937536
0.9099441426806152
0.40578567143529654
0.08875102869933471
0.6406812916975468
0.39314046024810523
0.07406541093951091
0.2345169135951437
1.3108135713264346
0.44328555068932474
0.1864008821430616
0.717132625170052
0.3812242374988273
0.0671270644525066
0.05911033015581779
0.4383509906474501
0.40740271168760955
0.30350550008006394
0.33943147654645145
0.487274135928601
0.3862281668698415
0.242067868122831
0.32191569230053574
0.5912321049254388
0.40427257074043155
0.13524642516858876
0.2611221056431532
0.8097728928551078
0.41217421542387456
0.0532756288012024
0.08349692996125668
0.2768921678652987
1.4338414929807186
0.42892453423701227
0.26046320813475177
0.7061469061300159
0.3896955188829452
0.09470398543635383
0.22722366749076173
0.8730498878285289
0.4475911248009652
0.06046129728201777
0.05978358181891963
0.22978054138366133
1.4782849652692676
0.3878842924023047
0.31834182201419026
0.6871189665980637
0.33003014069981873
0.056559534394182265
0.07481235038721934
0.5631987282540649
0.4340271227993071
0.2079225026536733
0.3527497339528054
0.775273903273046
0.37683985952753574
0.051883670152164996
0.17420561891049147
0.3638887509005144
0.9504796294495463
0.41515998751856387
0.10599134213407524
0.7844414003193378
0.4100117274792865
0.05540643847780302
0.11626240538316779
0.950919789262116
0.45921953301876783
0.09195759911381174
0.7178079765290022
0.4436556858709082
0.08444660890381783
0.28761064365971833
1.2925462713465095
0.4034547850023955
0.2741286812815815
1.060465158894658
0.32089227333199233
0.1652718812401872
0.6739604684989899
0.346289083478041
0.06809550954494625
0.14169173405389301
0.7887590634636581
0.3666123355505988
0.05501386366086081
0.09949715563561767
0.2818592756520957
1.3222531699575484
0.39155450416728854
0.20404789433814585
0.5158553076907992
0.34604328346904367
0.16633095708675683
0.28035681939218193
0.7779866657219827
0.39942115487065166
0.06023935024859384
0.07800879108253866
0.626936306245625
0.3904377711005509
0.08123830321710557
0.279729601345025
1.2827771990559995
0.41922252636868507
0.2328186456579715
0.8453081902116537
0.36767570686060935
0.09942110828706063
0.6933095473796129
0.35495555482339114
0.0595689996262081
0.05192722802166827
0.2772369661834091
0.4006960967089981
0.6878127031959593
0.3971747951582074
0.08120256720576435
0.23144810687517747
1.0087102786637843
0.40623327426146716
0.15877692264621146
0.9666083515621722
0.3900279722874984
0.10182997296215035
0.6299419361166656
0.3640329382615164
0.066641497425735
0.11587905877968296
0.7364011649042368
0.42782895057462156
0.056612849701195955
0.15058056713314727
1.093567199073732
0.446502081817016
0.14699028499308042
0.7935833907686174
0.3646995995659381
0.06399249809328467
0.3389443408232182
0.3761810060823336
0.4794464106671512
0.33908025512937456
0.1194937713444233
0.2739881087327376
0.9591214964166284
0.39466536592226475
0.11298731149872765
0.7314469101838768
0.3783427121816203
0.05996521556517109
0.05332209897460416
0.23917754390276968
0.40904393629170954
0.8559630010277033
0.44293324765749276
0.07036538029205985
0.5245009905193001
0.411738348309882
0.2295369973871857
0.33746675751172006
0.6257509023416787
0.4325650237733498
0.19623958633746952
0.32405620557256043
0.7422612016089261
0.3772155966144055
0.06903976341709495
0.3504195320419967
0.3649298126110807
0.4026615966577083
0.3561766502680257
0.3181386685464531
0.33015881362371147
0.3743013783823699
0.34534564276691526
0.3316885407548398
0.34377209935337305
0.4267837619408965
0.34871308284346014
0.2578258201247081
0.3195555303245783
0.5247020737733692
0.3772224572021514
0.176915034186095
0.2735890548210591
0.6920497785322368
0.3460783234331757
0.05571961140958592
0.04299784608883783
0.0744299725338351
0.7818088182248175
0.457146909320727
0.07066745428892318
0.5653722805436701
0.44509520498104393
0.22227438597474247
0.35546543542295694
0.7202613307163119
0.4030572359915823
0.05637655808823183
0.2116435864008963
1.2197374305687845
0.42638784018345177
0.2033596340334043
0.8514762986451387
0.3864056373713538
0.06565196855808608
0.23706520709674805
0.40427589346654713
0.9040688178502023
0.38921026862226427
0.0749495048657991
0.4277214140165597
0.3767036247299984
0.3267022625077516
0.35531781904865056
0.4623824337031692
0.37710374291054904
0.2994519991334528
0.35780456743668765
0.4957078704610467
0.34374966216273606
0.18757608183659613
0.27726189978420734
0.5975268187467009
0.33267480065114796
0.06422345578903332
0.1298430262831971
1.057368322275579
0.4048507136758417
0.15757104323711246
0.7245060475543141
0.36658245197031647
0.058912612323183566
0.05214979240554385
0.14780556608457118
0.3558560073142871
1.0996282184496522
0.40316261793486774
0.2221909057116136
1.0491886865347624
0.3734501408180222
0.12114646429836284
0.570063351187855
0.334359347820282
0.0796651744749397
0.19090402632718906
0.8828622042201459
0.42363962018862367
0.06143055000575259
0.09162721573375165
0.27658688672818244
1.0487336060032248
0.38889745413325727
0.1420407658442855
0.6805921699851751
0.37542804912663996
0.0892093614093028
0.23908679251326248
0.8705999492667615
0.3789596412098035
0.09537472989177331
0.6077671581879258
0.37492312700487673
0.14059740002267063
0.2984212620649487
0.8029626980423927
0.37264007853809744
0.0630595640395768
0.05476566849392839
0.3683831347152591
0.3937900220043957
0.44111825129948556
0.4170454767299816
0.36263144249096513
0.3114323269110173
0.2880024256883189
0.35037737956736237
0.5010338549036533
0.41855569812469184
0.34168313443660736
0.34271256369538605
0.3304092208854854
0.3343724390724674
0.3837245220784098
0.34800540818832815
0.3409152808599174
0.3044930873438716
0.290624026209116
0.30314408196136355
0.3899676634464413
0.29939781164284796
0.20360338606406003
0.2881348255323246
0.5640956226270646
0.37728523928672075
0.18169031629804522
0.2509889849461615
0.4723412331659347
0.35033497505355626
0.1958516036393121
0.27120644168462604
0.52966059721075
0.33522928098682314
0.10900430381298065
0.21036176156485453
0.6594192839693278
0.3905740400077775
0.07232059421949089
0.15101130938273855
0.849847603123635
0.40722279460169375
0.0648584213340655
0.2497725220164284
0.3737251196289435
0.6152368339244276
0.393849152023904
0.1284028918016702
0.28715650213416666
0.8856012159958482
0.4035066463984549
0.09048608058947138
0.6194954621605575
0.4048095560865477
0.1644241145113483
0.29851236927788705
0.6993917431682348
0.36297209456097335
0.06992607400752604
0.1410042910138145
0.802379297092557
0.4166449182666838
0.06887828675098717
0.34710470400750637
0.36485191783867776
0.35637529264204204
0.35274791379924864
0.4321963875554502
0.37785857915878296
0.3054369813762605
0.3498310681898147
0.4567600677255541
0.33806121442466974
0.2191565913381055
0.3422904229955748
0.6330600273795426
0.4012017126660794
0.16788080427795649
0.3130443518748507
0.7510565272532403
0.39270612411201
0.08778270269976929
0.08490558131597936
0.16660237696487457
0.24848752690013498
0.3337613387266174
1.178987454622984
0.5575781487859786
0.10220924267196096
0.38614949956536293
0.38892574654892087
0.36882206960581243
0.34290739556308836
0.3192094585392624
0.3379384040599689
0.46376698510721326
0.35721801151521504
0.2380840074038133
0.3348089283099398
0.5428358404897153
0.32946476445067674
0.1307429529260844
0.2887850512051955
0.9052283703349531
0.4204671063926071
0.10003320971736684
0.19718819379340857
0.2538435092428699
0.5874734136741608
0.44340594462119043
0.39988526585511863
0.3207257577450946
0.5442663934081793
0.33305677270982414
0.20200619380921125
0.23231711646076292
0.6600103490054607
0.3887371518649161
0.2303699980257079
0.21230577724054456
0.4913779350463301
0.39289885200560093
0.40191749669611454
0.312396849389188
0.45335735310800374
0.32455140666570514
0.2316322432598099
0.2874366044998169
0.7169773294590414
0.39244566368870437
0.25183515436947346
0.23524089570855722
0.6390305142849684
0.35023425437975675
0.24193122913129628
0.22383105335757136
0.49770720675587654
0.3437490469077602
0.2992055984213948
0.27157136402092874
0.5498003931716084
0.3708654899382964
0.304013209650293
0.31567294558044523
0.6784869167022407
0.40019473782740533
0.22987755143549293
0.24551305291242898
0.5697182230651379
0.37748188921250403
0.2655283990316093
0.26561223092721775
0.532939093420282
0.3564070051070303
0.2885684890206903
0.31999336276203394
0.5763132972642779
0.36421537620481104
0.22612732171546668
0.22262906393734738
0.46624534483999014
0.33063701016362756
0.28354462538845837
0.3331104868557304
0.642850641394034
0.3642147808568552
0.2368999335449189
0.2665635561570525
0.611207275884226
0.37880461383610964
0.23572911857627332
0.2633585650473833
0.523552215192467
0.35258003405760974
0.3320695145521313
0.284257804392837
0.4802159289829433
0.3098683594726026
0.24936122400686145
0.24889635643921793
0.4823757994454354
0.33736412366852164
0.323248267872259
0.3233881809283048
0.38581166975200176
0.29682307003531605
0.3147333459928632
0.32119314710143954
0.4376160460524261
0.3226392323849723
0.3006827605422586
0.326465992256999
0.4648614290636033
0.2875705744372681
0.2221408651676029
0.2664387774420902
0.5482910533901304
0.3865899811498821
0.2759829389397055
0.29608793754596263
0.5546100914943963
0.35225618351250887
0.3981867472175509
0.2928402057150379
0.4484844340477139
0.3338365373201668
0.41789355990476906
0.3329851769376546
0.523481366224587
0.3084651344688609
0.26423049066215754
0.2953112735413015
0.5881426183041185
0.3632345583755523
0.253005898790434
0.2597447858424857
0.4500772734172642
0.3405402528587729
0.3142046914435923
0.32615025609266013
0.4499366753734648
0.3161671283887699
0.3151677662972361
0.2931880735559389
0.33523579267784953
0.2853748637717217
0.4206991435494274
0.3716795312939212
0.3702404093928635
0.29417143599130213
0.38118405546993017
0.36278744018636644
0.37024694844149053
0.3030868377536535
0.42797813029028475
0.30945589020848274
0.3838892742060125
0.29554358369205147
0.39623571606352925
0.3221804694039747
0.3842623794917017
0.29833478247746825
0.45876932702958584
0.32466694829054177
0.35875292494893074
0.28984835743904114
0.4171840939670801
0.3174445746699348
0.31068838806822896
0.2826756006106734
0.39755979320034385
0.3087334093870595
0.2811034119222313
0.28892938792705536
0.3811990225221962
0.33434309635777026
0.3221803039778024
0.2909327282104641
0.36974201491102576
0.3518782660830766
0.3337695978116244
0.3417668096954003
0.41246870695613325
0.30855006305500865
0.19608926901128143
0.26155730470782146
0.5534900694619864
0.3578148288652301
0.13863545516505837
0.2252987225074321
0.5670609034132212
0.39356896188110113
0.26886792620643973
0.25943986093625426
0.38358126557432115
0.3472195233916864
0.5040523987263441
0.34200685389805585
0.2974850279279053
0.2596530047012493
0.4396928153000772
0.3490254790522158
0.2551660090684891
0.27684382582083344
0.501116500236094
0.382632564753294
0.3184080773498863
0.2733708423329517
0.45164897316135466
0.3663088562898338
0.29709835653193295
0.26346535998163745
0.505983455805108
0.35425214923452586
0.3426466411910951
0.2827898517716676
0.5377674864139408
0.36409946833737195
0.35572683345526457
0.29674259724561125
0.5174976496491581
0.315520444069989
0.25271387898828834
0.2406959281070158
0.4367210636846721
0.3303862221073359
0.23028433707077056
0.27263124485034496
0.5328966910019517
0.3344209819333628
0.20148666761815548
0.22907578549347818
0.45753929344937205
0.3553535626269877
0.2269587869523093
0.28121258853934705
0.47670140326954424
0.33983790513593704
0.18738457723520696
0.2727629852015525
0.5967017456423491
0.3684755169088021
0.1906893189297989
0.2367004289990291
0.38584454893134534
0.33426973305176944
0.37592177162878215
0.3227305309846997
0.35283886222168803
0.28218059113714844
0.4233930285554379
0.33814668375998735
0.3011934645473957
0.26304756570607424
0.4764769752509892
0.3568693061824888
0.2730586406541988
0.2654536106274463
0.5853058777283877
0.379171492299065
0.2730312568601221
0.2168752989382483
0.3974837160203606
0.3311348604038358
0.28563132090494037
0.2700782116735354
0.5917440971825272
0.3831491565797478
0.23646225419361144
0.1931360195740126
0.33046913193538785
0.34911254153121263
0.41442809836007655
0.3241746722487733
0.29471321194432676
0.22828962153289467
0.3911154523957521
0.331818456761539
0.27120513713452965
0.2707841091323644
0.5574621818959713
0.32703968591522425
0.19360763428267092
0.1790512980078347
0.3774796586949378
0.3796853865496814
0.40273237344808877
0.3396373449359089
0.3055499990005046
0.2893545936094597
0.6056187669746578
0.32511365599930286
0.28860767744481564
0.2467550616711378
0.5028101117350161
0.3372249078238383
0.1940354035468772
0.21544572297716513
0.5315313364844769
0.34885163325816393
0.1705095178913325
0.201202672556974
0.5092059005983174
0.36912003764882684
0.1622301337774843
0.25917704682797194
0.7049039527773857
0.3638133916538209
0.16688633023295552
0.20770869439002126
0.4768882184289396
0.34681208117399365
0.2076354743912816
0.2916470426134765
0.5358856217935681
0.32703924202360213
0.269293105811812
0.2403192245401442
0.47565408796072006
0.36082552722655237
0.21683332114480436
0.2397879995405674
0.6864669951610267
0.371865242253989
0.16220925678499043
0.20655555283883587
0.4972884936723858
0.36203331395518035
0.2121664920123294
0.2540688901208341
0.44747140211984515
0.3282117006601766
0.20095897268038243
0.2762620283756405
0.6358292228542268
0.34556540788616985
0.19775049679446965
0.19214301835745573
0.24474188883323222
0.28813146986067295
0.784085595048964
0.3755226575303823
0.1725649650907144
0.16821063531097025
0.5039636536967009
0.33834553766064346
0.17433615936897695
0.275671093724668
0.6089751394465566
0.3224639792460948
0.17071482993196696
0.20067860221024603
0.41478510806337
0.36863383487798274
0.3777625719085336
0.3100212225690484
0.3150888637173921
0.29542796476744115
0.5736950701102614
0.3452435005456209
0.2600886565633118
0.2429234987939708
0.635551935993135
0.3671496382448822
0.15273332898505032
0.15099678345723078
0.3162468920927495
0.3358795064268634
0.45079431706108153
0.3081419508671388
0.19052207155618817
0.2044496681774035
0.6226618390064687
0.3779492692556232
0.14732336055021733
0.16907163191353902
0.4101116815581918
0.41295859101228416
0.4946985135320574
0.31030012003611773
0.19598413992207497
0.21795991621911526
0.6451462868135422
0.4006221874151379
0.18563572608400136
0.1839439125615172
0.4934236640110612
0.35403989208862185
0.17100281827151775
0.2553217422682792
0.6860536145977676
0.35643411811906844
0.20668455376289785
0.22140399453928694
0.5756714888848364
0.3637234440539032
0.1719783357111737
0.20266918587731197
0.6039709092583507
0.34845458320342004
0.12316596566233784
0.1346362876938656
0.2388107746373862
0.37831227690912783
1.0646365247666836
0.4307939277496189
0.19467706431169063
0.194368906901218
0.4920992013067007
0.3076086472719908
0.15031525236554444
0.24083050223998725
0.6816046489402652
0.3762311621103436
0.15736947779078037
0.1883785567479208
0.485610461095348
0.3199577007908374
0.13770265132188797
0.21901351283304393
0.6640864443033934
0.3898905050009489
0.15942696842830628
0.18331668217433617
0.26677597616799176
0.35511779342778027
1.0434474241919816
0.4164856525603682
0.18125488876830786
0.17883586656535044
0.5224957417231053
0.33353914704639465
0.15557637868914753
0.2492685078177601
0.6440068120136857
0.3580087013542652
0.11404292157385498
0.1590369376935996
0.5891285098623484
0.3644365291111171
0.109799713420216
0.1411877446807921
0.26213523314800113
0.34578177763614804
1.196544621605426
0.44563896721228957
0.19474638567771763
0.17662902356823906
0.43705318914726377
0.30164226656779647
0.1620983185712248
0.2890703888842836
0.7855539969168603
0.3494656967232004
0.10238833539187908
0.18843314109835774
0.24876632587984204
0.6747182086110115
0.3472421473124996
0.0989462782163173
0.17011589603498578
0.8448218684643507
0.3896050425246358
0.11835946451174095
0.14349209470674396
0.14691664592828602
0.5096437050960958
0.3934265512507409
0.1901265395572409
0.2818799074739218
0.7564538675360382
0.3700824724510312
0.12869189004413784
0.1425335956737399
0.13929827068932354
0.1515633388189599
0.651488428702578
0.4642189173027873
0.11688536126166582
0.23846794938435778
0.9847196065820754
0.3915742977987975
0.14810281456448138
0.2568922822829336
0.2664530328474939
0.522798576625064
0.32927010930143297
0.18230051721911877
0.25898387492634356
0.761649432592094
0.38820815458893776
0.08287160593317822
0.11967633561289404
0.7372374092228711
0.40097086364403367
0.09745815250789747
0.12819934060098603
0.3203905576374382
0.3691875231452286
0.8598522590473294
0.37104014004580677
0.1912615328328684
0.15455419971840456
0.5469031450338662
0.34258636145386845
0.10618176206480712
0.20128724543610588
1.0635351752862334
0.4301736615598202
0.13474242901429534
0.20692550344392657
0.24038005934562534
0.490990387275815
0.3190133844036609
0.1331236583646387
0.21287176228361204
0.8548874254338443
0.37281701643951237
0.1372052835067734
0.1409812846686691
0.11276408476987854
0.14611874450929463
0.6778744931798428
0.433814367512241
0.1042006789939478
0.2102342639118433
1.2020070697180927
0.45641279267147183
0.12923767778556794
0.13052572472952306
0.14806677890010178
0.18828837398905307
0.7794354283250868
0.3954365593381226
0.08184452587738633
0.11685379245318472
0.21077471040189266
0.8442419902421534
0.4139629225246608
0.08956779062282294
0.2655001876410097
0.3174759689718485
0.5055213663727045
0.3397697767941281
0.19810982083436102
0.27571243583224714
0.6663454615045339
0.3418845084961504
0.08582894195569679
0.08855349395889789
0.2582273251609877
0.9697636994533241
0.45188295375555754
0.10816853912547231
0.2190594922285527
0.2503576827002689
0.6809555324725807
0.3862446959828958
0.13644692627713084
0.2125508999451995
0.7687700428068638
0.37593091023154557
0.08553730952553451
0.1740111199906096
0.2156003899872303
0.5677205587271601
0.3879226965364069
0.1575803483137861
0.25128866545856
0.680459484225139
0.3447930160909891
0.08128143392968923
0.08148703430197202
0.4720288182143122
0.39402875397354364
0.1938022788381204
0.2772946640616283
0.5676761055365205
0.34613286540843546
0.16513965371996164
0.21462281577987596
0.5711490481626242
0.3729922602651641
0.12708548153750598
0.18158415314974263
0.7078569643199444
0.37332354742102325
0.10317374224541709
0.25316612783353776
0.29137059417553246
0.5410264048259705
0.34197632246650755
0.2159529741620645
0.2628123228205368
0.47912500123493373
0.3385763249825686
0.186490579508245
0.2583198759239167
0.532687203027308
0.35485066019464284
0.14773907896596938
0.2222863984061405
0.5865173323545605
0.3656792246038094
0.1849259085720405
0.22934720013290644
0.5972677555400878
0.3467773827724159
0.11311662290245295
0.17596396198496222
0.6220326346810907
0.4138493712525815
0.1399190282681957
0.2531740565318614
0.8247778047807515
0.36387171130627394
0.10603879496920854
0.13524871785193682
0.15121156629174948
0.5485826195217669
0.37858559051528573
0.17834185319952667
0.2607479492435232
0.7159379092045128
0.36510948929935694
0.08388398657552898
0.0966278953710571
0.4025362322572619
0.39924423466436565
0.5202463958412409
0.3422867633635178
0.266775535303168
0.2713916393695399
0.5839447632897645
0.3483539173612371
0.17486223811283708
0.21649196813814342
0.6034206103067845
0.3691410415340215
0.11259556259028614
0.20006701129022986
0.7598594091832638
0.38627413124777377
0.08375784353120252
0.11284719919785857
0.22322761954274029
0.728403034619987
0.3834816513117403
0.09851964033441618
0.29969340725801885
0.3408819434698671
0.4204447912052274
0.3175389838870615
0.19784088362939656
0.2866187997860834
0.5808926459867507
0.31951308716088533
0.10996084229554981
0.17688920331420377
0.6181838677730411
0.35632438911125064
0.08648515300592408
0.13061375613324344
0.714397884439677
0.4181642085313797
0.09861782827647403
0.1358421216136776
0.8032955974340439
0.39938948466442525
0.09393936302512884
0.1540239395108074
0.2672770902281627
0.7059707581065595
0.3752535351086408
0.07874567504040897
0.07805283478228375
0.228380560525693
1.1104695061221719
0.4732864950783551
0.1826292750192806
0.1283490287605673
0.15063185384497046
0.6565675402525812
0.35323497047647834
0.06311495305271819
0.13252166821621358
0.29920280107762665
0.8671225821599364
0.3799819105770439
0.11113235593074933
0.38160336413420737
0.3006507867248729
0.3847910624463111
0.29530174657702446
0.35680536087602377
0.29364065336994827
0.37239710497669876
0.2842472749762237
0.30838486179709435
0.2753345685778186
0.3272282632533461
0.29191568004898727
0.3307606072630733
0.2791966573568061
0.25995069125201553
0.25596348103135824
0.36127729853615165
0.31943585188128054
0.31029986031353474
0.33363041596021503
0.4550365242175758
0.2873321990482509
0.1635685102082789
0.21097015403211117
0.5079623784404248
0.3647812393028289
0.1854759167181328
0.23168436612468213
0.430633113021031
0.3059333225246519
0.16376908868551254
0.21604514651698992
0.4828302380628884
0.3472245526500046
0.15473035513423383
0.24506998423021287
0.7395256790332496
0.3531515197828412
0.10007136315107346
0.2886690413579345
0.32185340160503983
0.3922773718368262
0.2902657745871693
0.18535661965142936
0.22647415183018893
0.4368911471683532
0.2761566786793992
0.1298115657409653
0.17227522359462455
0.534053596900776
0.35787978302687407
0.13382736931089312
0.23569879250135273
0.7353963195346296
0.357910861261189
0.10725134186213836
0.1218460303498432
0.20104423200245947
0.7749121421948075
0.42944410955533385
0.07973651902284473
0.07512795276124962
0.595699102152139
0.3901847507804632
0.10779794730478898
0.16938432137249038
0.645348351681605
0.37334246397949755
0.12811031949240714
0.1830945293768309
0.6555115049704909
0.37442808086052537
0.11813317355699837
0.15545198711333796
0.4425578392110765
0.3459927039220929
0.2854597973637283
0.29654119559563696
0.4225010166410357
0.30439298367127776
0.25516186002641916
0.27606683247722685
0.39378794678486884
0.29996008588932455
0.223654514295049
0.2778007738525048
0.46464748587459326
0.28961031744256616
0.11129980406258255
0.18420510843861848
0.7457806817255914
0.39146519522182643
0.0939969596802257
0.10346237040357664
0.20306947163771838
0.926695347763598
0.3791721938177943
0.09690447960747406
0.10272472526412457
0.17550324159674346
0.7396133481524885
0.3682168102823198
0.07977764221141115
0.14528890058863908
0.2941847287584096
0.7259952076710761
0.373309951974079
0.11767816718202084
0.17021796014159918
0.13959283690201119
0.34836624655872583
0.3654955073725432
0.37728140130639076
0.3418760799104348
0.3193903248757124
0.287892434396781
0.33640566701069474
0.2746300286380574
0.3367189725395292
0.29467072477564216
0.3916954358574003
0.2924270135117695
0.22425357881002128
0.2560890024760738
0.40144113078713417
0.2971175459679216
0.18107534968294203
0.2655189245706424
0.5417156713083386
0.346825975459069
0.15713386971037835
0.2524072663509287
0.6811774717643857
0.36050076014362276
0.10581371351145208
0.12667276611318812
0.2608927689725533
0.3448866482358426
0.8827895629219711
0.36386896250769496
0.12690111517440528
0.1983168029692024
0.2990849455818534
0.5815845443867147
0.3161563550820574
0.09475089097395539
0.10768010781612247
0.7013020263984799
0.4004903114400804
0.0848105667391792
0.07316073920810595
0.19457141624297947
0.8707216195762157
0.40802515600807965
0.11079387547215447
0.22675678553059697
0.2723201238550246
0.7164362487383187
0.3312584429513663
0.15065130311995745
0.1077906887512654
0.10865672637009993
0.22311568120494485
0.3174773307982832
0.8333320659585297
0.38326420611701906
0.20073197921738029
0.19642415101407096
0.6182713273447007
0.3651182308094576
0.10236539063043892
0.13087833576719277
0.5327198791783303
0.34395162761211395
0.11949630093295127
0.17914914060384035
0.6902708848938346
0.36260566860437393
0.08794004778610542
0.11858310381649062
0.6525064390152693
0.3746132687665522
0.10457252472406253
0.17364910047035664
0.8123027505353093
0.3707308457233012
0.09887994022574276
0.21526393422391266
0.2932939938036725
0.5675513036549091
0.31204453913960606
0.14891654229722917
0.14034538611304015
0.44458487001247704
0.35471629537642
0.27083869627676904
0.28374387125950307
0.441122547024861
0.2988463854417205
0.19901204656343907
0.24950686399824917
0.48055465263314545
0.3199702405836433
0.14834845531731844
0.24539003579411656
0.6338305312674493
0.34509612852707505
0.1020072377868928
0.0992675868619699
0.547921329503879
0.38489024993032217
0.16620391514152288
0.2032039119512774
0.5362710459157825
0.33872627408709377
0.15077179844956845
0.2255617657210678
0.5928038996644318
0.30578145990148187
0.09392589889466763
0.10642574072699063
0.5969533314928412
0.40440064505673945
0.16325043537653983
0.19083103159209713
0.5118248553480953
0.343083489802666
0.15022880292963237
0.22967435338068753
0.522921328432858
0.30572749115526676
0.1293910974636674
0.23608787532430142
0.7685313518159091
0.3801649329252541
0.09291504882276058
0.1042537676403299
0.5456862023565918
0.3873292235657573
0.21703974634874612
0.23428126925136894
0.5285949711687863
0.3382104301126674
0.16637572168838233
0.20099117432255298
0.5114971732255071
0.30766346922609955
0.12600486597511917
0.2452463851077482
0.737297588493675
0.3257759317057207
0.09244280168786645
0.12556176295038313
0.2689935948001221
0.6835712478496134
0.3297919670585543
0.09355824178783223
0.09679914615117013
0.3874952089972794
0.3491270118393004
0.44937027990818024
0.30414939171168953
0.2781564883189276
0.2670587288448587
0.48209538613446057
0.3130808772984892
0.1743535086279735
0.25825755030382425
0.6262375011574477
0.33950580889359117
0.11062206566566601
0.13847459308453836
0.5004070238210261
0.37931482889689505
0.23723367997445166
0.24755547672975808
0.36152971419505775
0.2828904266934842
0.22919976734556258
0.2865308214677498
0.4284410609398037
0.3006256279768422
0.18440403859131038
0.2674840963445604
0.5157659861724824
0.34747162472922355
0.14355763734783977
0.18941631802590564
0.5195467094890773
0.3420300390571356
0.13137842121068388
0.18066148116486147
0.5252888896502554
0.34296705783344805
0.15356196684297174
0.24728780251462013
0.691306886728853
0.34382925438694656
0.09724151756381616
0.09094988527067471
0.5699068019166589
0.3448904938995838
0.10729327262379229
0.15271406882675365
0.6400616737082601
0.3555589357856661
0.10245105443755165
0.11397515091812238
0.41381372907198966
0.3313982607796788
0.2867014016956091
0.25335246266331524
0.38045348040759563
0.29485696996562183
0.23133055330254138
0.25659994408488274
0.40261629270389676
0.30949096265248954
0.23174568568356335
0.2752823238261044
0.4345278348773718
0.32105328456964344
0.1904939691303298
0.2225738022243604
0.4316776520572603
0.3396731442771852
0.20962438744027168
0.22697151091415435
0.3296055046375841
0.27774143894203007
0.19252130354288965
0.24017439119052142
0.4395188756752759
0.29518131318036467
0.13499147770926356
0.20835861621890217
0.6427092328667641
0.3481074639130384
0.09570474521024153
0.08230750943766907
0.1816892510978505
0.7042920542880893
0.40655393595807254
0.11403312731999904
0.1463400112115778
0.5380170077551156
0.35231876536272466
0.17530269047711045
0.2284158794209361
0.6094491414260119
0.33392626931890845
0.09480782365426421
0.09289060134324245
0.5605087883304805
0.40421589999459684
0.15715533902402967
0.22429883683798835
0.5896354352589697
0.3219017629744485
0.09257128275930882
0.1561719132005237
0.7305427207611501
0.39654062455520034
0.08562954311491922
0.06577316843322478
0.21437684958800673
0.2833952666260302
0.7029841574840248
0.35686594108119607
0.1927239241776988
0.20491816411959007
0.4680005107074976
0.32179559697397053
0.1676740765105933
0.23004748800303787
0.5040542494971305
0.3341254461556673
0.12345627404283732
0.15428343624807894
0.48270392534323037
0.31533457478508353
0.13957114529330283
0.22031270805746317
0.5876008756458759
0.31832335726357996
0.09061509103048593
0.11904805136146024
0.21330667205620557
0.700972659746185
0.3394688521511853
0.12134014972252771
0.10744120180606842
0.11542981368256733
0.36940216016955674
0.3748296906705946
0.43307245802134275
0.2795921580400318
0.22674511221703142
0.2205169026274234
0.3879283124115318
0.29326717578805983
0.22922716022003442
0.2494698059745133
0.3586652036756277
0.28557601489592344
0.22765932034235448
0.23674762342125177
0.4233296283055097
0.3268044798169285
0.19445349765010178
0.2482570355059579
0.5061238000635058
0.274694100022316
0.09877980448072776
0.12063536918140016
0.6621410988736898
0.36847479618154466
0.12034900550497696
0.09894674841780216
0.11622113647172228
0.5277291815727949
0.3648905926384032
0.14609858370386064
0.19497315090848133
0.5129107844550163
0.34964531287550926
0.1544908294454217
0.24043188791256398
0.6067651277408004
0.3409796094056219
0.1095680061262101
0.158549789164681
0.6624614635948092
0.34170832950621843
0.09880530327791348
0.0985891466261819
0.2612423305399716
0.30960173078347
0.513045233907178
0.31258985062595457
0.1829824949381873
0.24023986735846847
0.5177437239326537
0.33461516664829105
0.12591002753470093
0.1895823660888709
0.5099408286623657
0.3508821283467114
0.15560115373227745
0.23025558952940628
0.5715558510273695
0.3051662953803316
0.10052284074481577
0.1809133931528777
0.8085716404020786
0.37492077169008553
0.10465851175831631
0.15667226654477417
0.2427887530066073
0.3992611465509981
0.29807182389777154
0.20434137457050383
0.2546570695703849
0.4082385280635208
0.2937996471300721
0.17574849782977253
0.2231902319472283
0.37898812303319573
0.31980821187607944
0.24233113520313054
0.2525320325512439
0.3261049063876271
0.28538434230722487
0.25416859262622893
0.260074082412757
0.29962088470347226
0.25403084710706025
0.23906273557804525
0.2665343440603465
0.36028578504920006
0.28288001054897904
0.2047323656734079
0.25634829699993134
0.4406628324650228
0.28962793364189565
0.14747812354471534
0.21447686071041971
0.5608841783832759
0.3834451702423394
0.12953853944782168
0.1719461393659003
0.49609609809704125
0.3011905455496162
0.14434767537750304
0.18186400405829772
0.4088073547463864
0.36014282633550465
0.22263196017593145
0.2255708717275411
0.3971858627628535
0.30508150288369507
0.21677741198800504
0.22119826718699187
0.32703328458592296
0.2912491085007787
0.3141084429807961
0.27375257515814155
0.35133885592222214
0.26185851625632495
0.23649365024175495
0.26051339122932404
0.3342081159353256
0.2772822390543297
0.23178027477115393
0.2494866553461179
0.34000218845903873
0.30051224934868515
0.3004848728887737
0.2791007258929312
0.33227774128317833
0.26649695250671357
0.20780236856080592
0.23883381008636206
0.4056958453729749
0.3105063090333715
0.1890244911191985
0.23458515293896198
0.4876842943485826
0.3457790915854275
0.21081207040697336
0.23586129397153854
0.4505337073933333
0.31259093258995563
0.1647013946203515
0.21719605720136315
0.39018719317391515
0.2636897072661668
0.158110307645984
0.2174053731141612
0.5276248396839947
0.3256139853037894
0.11258542293217033
0.09152752690715715
0.4872276494279504
0.33940824563615024
0.12677274399902672
0.16397322341799736
0.4993797759525478
0.32190842542331666
0.10848851222544909
0.14796272956300527
0.5834954180754721
0.3313897780608386
0.10026869975263253
0.12714859866537154
0.24571174173615873
0.519470744766295
0.3352027896326035
0.14112440717872232
0.19325159263098612
0.5230709207244217
0.3170413188636303
0.11190041183726862
0.1096886885643471
0.4455767087638378
0.32129006762988865
0.17034577135927975
0.20027610583929345
0.4970052728895098
0.3191472792532295
0.12721506622619927
0.2194315064116381
0.6114056974183768
0.3565039914101362
0.1270184280583635
0.14045060117496178
0.4645209463778883
0.3648915442172438
0.1709032413782552
0.24982322205323726
0.5355332582257688
0.33442929619923234
0.17387358739506453
0.20479160133982077
0.4533816573675722
0.3043637884547934
0.163852896890603
0.20059582579415292
0.3934381522703916
0.3016776026925072
0.1998623013496399
0.19114283402450383
0.3254344316665083
0.27640749199781567
0.21054527792148292
0.19995951594319195
0.26112881815060973
0.27023889496922493
0.31655011395923793
0.2546825173776597
0.21276316361036152
0.2534491651458666
0.334871225990355
0.2688718057470396
0.21763055282644928
0.25096434564329684
0.36718949442729354
0.30613714281935245
0.23494104342535138
0.26550090522505343
0.38967893505468965
0.29219871503300965
0.1639937658328563
0.2331190857803449
0.48784105363301933
0.32443701522424817
0.1316920795943588
0.1958219208754599
0.6087638249155134
0.3153401797171682
0.10404256824404001
0.0658266072277911
0.2101676423335448
0.6870502070523798
0.4019848683383316
0.11362278886372223
0.05707430833717808
0.06498084717895836
0.45942069706507027
0.37056039017625153
0.2397991679608822
0.20589464553631842
0.3326515608932823
0.27978723775595427
0.300410523544997
0.2984799484256655
0.5241875164210796
0.28310867154505104
0.23110943345818669
0.2365839220583439
0.35770244942978024
0.29295513057149947
0.22384714125655591
0.2869463146198541
0.48796438705176115
0.32580381515435874
0.15159971499815583
0.17410999088315293
0.349917235551402
0.2778673388529569
0.1710546191316098
0.20784575014840811
0.42840424459427595
0.29378390160854906
0.1400727196596563
0.1897352266823873
0.6205681776627898
0.3822645414620638
0.11129349580733106
0.07562241627601907
0.0914960887748748
0.2495372035773471
0.2783557422226295
0.5379492253996432
0.30903934116940945
0.1346733074169606
0.1774241529055871
0.5817433767952025
0.34556815307587385
0.09502273378893733
0.047624063707189634
0.12981241755187511
0.2707558205584064
0.5326203554868698
0.32828235696069896
0.14187669346574694
0.2053110398701392
0.6053567139897496
0.340096894884482
0.11061321222223341
0.11924439077847637
0.5041434017475694
0.3452459308318794
0.11943094036541879
0.1695183774572797
0.6225291639566422
0.3084215206326917
0.09278369834646583
0.057442074990831316
0.23372231039684266
0.343619164545089
0.4648672982584685
0.2880053333938122
0.1662884410470724
0.2104855150100775
0.48043673811480403
0.3452754814643413
0.18066766019910574
0.20425528089981526
0.3934175712056458
0.3022797692101449
0.2016067641088739
0.2372971692821011
0.36222535860724747
0.2727268250891939
0.17279079870786518
0.22322619066108018
0.44232911244034767
0.32873198483139277
0.1899317951174453
0.19847950985422358
0.32850108738057315
0.26910394022706896
0.2237191383028403
0.24185660248622298
0.37747816322371364
0.26692122605163604
0.18077311175875366
0.2010493396082893
0.43475065962411463
0.30911605746950954
0.14004902995657176
0.15985011594602838
0.4802849960979074
0.3462086687795818
0.1620686538517475
0.19968700699973851
0.43730474589392543
0.31421727512497455
0.18163481377996504
0.2033917122753337
0.3585633453913033
0.3022621145937592
0.27181166084483266
0.2667915349593386
0.30394014017656446
0.21080577885732055
0.19605322810821235
0.2555935522541404
0.4546764378901571
0.33241309062577784
0.18298148026224226
0.21704265929292887
0.40789934783242643
0.31507389072794467
0.1813000834081322
0.21675175888231024
0.4295770418830216
0.31589839211665094
0.16185762907844037
0.17850191780598834
0.42524481611326337
0.2822452485561371
0.1317448120098561
0.17188057210296392
0.4216267350129783
0.32520396215841174
0.18562730739358813
0.20022784970933571
0.4237670125439763
0.2866191699868068
0.14973106782417744
0.21094321075361222
0.5412843741942197
0.40546083403751254
0.16467915347311646
0.15374499451718293
0.4927690497133881
0.32325165485963225
0.1452592374989763
0.20843301917193457
0.4554116344079375
0.32675442239269614
0.18131681613158435
0.18929356441367418
0.34491041069850326
0.29561980452854186
0.21649332623928785
0.21119016531156376
0.3339911596849561
0.27130303531885147
0.2025790107436478
0.23947750963270664
0.44910761155188084
0.33636384771671146
0.19411835831124336
0.22847247496247292
0.41886832960881293
0.26852588064502925
0.1549989429768175
0.16063294670311734
0.3561465193051845
0.3582887703087181
0.2964150516781956
0.23390376556199044
0.2694011311978102
0.24603797437157482
0.2882095002569258
0.28684926603455096
0.2968664749059826
0.26122614345513284
0.30186457745730877
0.2589909016387537
0.23429795494303107
0.20995577052235603
0.3125107476953417
0.2497938711894676
0.20416157715953887
0.23803839727770537
0.40058600855991244
0.256524522555992
0.12693438841961324
0.17928134283283725
0.5318437709938735
0.3609857400879264
0.24564746697433293
0.18835553980898112
0.14928070129826665
0.19948456797283143
0.3826627554371953
0.24713450344279408
0.1682165248785168
0.24486144096590579
0.44371097069233656
0.30645716236904263
0.22359663899987936
0.22002024529501796
0.3475927405524999
0.32213560747914016
0.3119909740053117
0.25262934633065015
0.3067930203396827
0.22608874714933336
0.22592805954627693
0.28791863948572427
0.4245020681992173
0.2481483252486214
0.17250297334976494
0.24194253678433597
0.4478905291762203
0.29891736386343837
0.17417702788952738
0.2172678699134849
0.4602977428585291
0.28341086162254214
0.1528670098632574
0.192983876215294
0.42086708289571106
0.3148546275915578
0.19055387121625245
0.19382678583497182
0.2810412106337026
0.2999080460285768
0.5861028933431953
0.3214441139716655
0.3912794168572873
0.22545233758864924
0.1580587241332978
0.18150231603067368
0.3715479492675513
0.3153383791213855
0.23611040168907493
0.24768592766486108
0.36854076897725463
0.25666235794778913
0.1879968490684405
0.23891190381255
0.45929222786799073
0.30885313265025616
0.17315141030121595
0.19637452997267246
0.4376275970134884
0.32932069920934737
0.30831462726928294
0.24937780655454844
0.2663893704302609
0.2181484061293304
0.3069734035525471
0.296378540690057
0.28947612131014466
0.25534982536919415
0.36359259206801653
0.27764010964892805
0.32270949496887624
0.23478661273838952
0.38669210067018867
0.297662534750998
0.236232380149886
0.2019208628917113
0.41266584512777627
0.32502231816761196
0.3077907715924084
0.23440770484739915
0.3357605584897101
0.29371878190431744
0.31550555606372654
0.2342702659079805
0.40025460021570325
0.2869781379122287
0.3289261106401682
0.21182267082622275
0.31873856810852885
0.2900963333668187
0.32051497185602784
0.24758569849655032
0.27213532757014036
0.24103125813417137
0.2677630422404036
0.23639550106599927
0.32662587240338326
0.2653527434449643
0.2568451876286417
0.2121431984123774
0.35523768491111696
0.2949183100135997
0.28854677686467767
0.21022080309921876
0.35861059953458607
0.2905339263379574
0.33234567497856915
0.22355267335660756
0.3468451756052673
0.295099692652002
0.2753404697868973
0.23678563861176372
0.435384108684957
0.28380813263356686
0.19889871322084218
0.1892975365044549
0.3404230533633381
0.30801121005788445
0.2487844213610515
0.23340053542051464
0.31626386079005897
0.26170378050301224
0.20680419134441763
0.20634512696415186
0.30783002777025104
0.2771771668922156
0.22238613513763994
0.2397255275864154
0.4769750228151679
0.3143038416747004
0.19625360798090696
0.1470759921357967
0.196427506278269
0.22301422723103315
0.48495689290575683
0.34172845003195107
0.3163121684920043
0.20108153199544176
0.25957371515687555
0.28002598334569484
0.34075365704484284
0.25782793178223073
0.2822949301917106
0.2169960276223719
0.2958806805545464
0.22889275278430432
0.39709746558219194
0.3046328881755471
0.2714543385664001
0.2268472594441846
0.42765769409015775
0.3050760669866577
0.19280127831734717
0.1948211121489294
0.4545676351990551
0.30093144683633
0.12547051534056664
0.15447746182326227
0.5542229758575559
0.318780449219048
0.13372104114387184
0.1516894779051654
0.5264342636801302
0.32212752755731344
0.12846226815599948
0.16954823909327388
0.5445407046936452
0.3202888546511531
0.17593194416258484
0.17817021114751697
0.28203634009696543
0.2556996986968443
0.2261744614224881
0.25131787930149585
0.42422205419279635
0.29389053757768124
0.21804311824962497
0.20426252257311717
0.29804309736937284
0.3039610116975382
0.25351351615972817
0.26033627009019256
0.3566892023663968
0.279738413519226
0.22204363369382918
0.2096143978415057
0.26107916550245136
0.27452003210783005
0.28508843353483826
0.2588663650676608
0.2835316682467237
0.2758381321327761
0.2919314296450466
0.2536614667624235
0.23838639387395233
0.25534184265416116
0.31767712882719934
0.2922063112491742
0.27217696071602404
0.25666702166199684
0.29709033691324294
0.2608672244241461
0.24729516974184662
0.25602308521047235
0.2849124615313485
0.2589955552248284
0.2640099109848961
0.25968171749264
0.2952303399797529
0.2518763270927593
0.20339127944316715
0.23160437331534922
0.37109074532054365
0.27906059625092894
0.1649871738627553
0.20232557883718982
0.4553685514256358
0.3119487655349076
0.191093759262003
0.19054295762907714
0.2886879069264978
0.23948082700371742
0.21495941409375519
0.23239980544894934
0.2985406396910548
0.2790182410972193
0.2708417500834912
0.25090167520102113
0.24065178853925318
0.23880728310905397
0.28055159002542496
0.2669014587299898
0.2518251903820783
0.2602499386994168
0.3305738912895322
0.2845089135225862
0.23572235216852278
0.25140753283631057
0.3975349338725209
0.2642057922203094
0.1757899479707703
0.1890628559049219
0.39485454745590687
0.2957705209264532
0.2361796711338684
0.24761880561709404
0.27986597595736384
0.267514604376629
0.3502250546589494
0.24082278937567025
0.18953279475681484
0.19056881393771619
0.3576545915566385
0.325049210106954
0.27183293574489653
0.2200614120811224
0.23478637170046568
0.26433958974666893
0.33542089723050594
0.2705401098355651
0.22920713620260358
0.22602851106785238
0.29254752211272717
0.27826697390992194
0.2709056807216257
0.2365492332028225
0.25281386519782245
0.2396629920694977
0.2912836489267647
0.2771213132655248
0.23921267699915916
0.23284643236547709
0.2917035410646349
0.25640096911229193
0.21633255167398602
0.23503379931207746
0.371790986508131
0.2729168009245768
0.16725536168087274
0.19682239298708737
0.45684851217083633
0.31283230637200177
0.1581229129806161
0.19699720665812492
0.47495965426787734
0.29795392928645015
0.2025070533854887
0.2100796973099932
0.27048534725327045
0.31572004908230156
0.5140508520416915
0.28420259268023074
0.21625860629137605
0.20437293755821884
0.22125265758950263
0.28759028227068484
0.6059599714353681
0.3137544395867735
0.24995431979186833
0.19352413289016113
0.3402996580116451
0.2953654283192009
0.20786960399709642
0.22144997818395495
0.31521135731600225
0.28197698888834566
0.2762167735490948
0.22058068518526852
0.18528890050947666
0.253144355956465
0.5019201822578907
0.31773531227372587
0.20708587032277137
0.15484878444112837
0.22275104722939432
0.26618715666700155
0.38491369411349297
0.27757325069978833
0.224989581736736
0.20665491512045264
0.3039838853292167
0.3067856814013794
0.25049393926747143
0.23666286852676421
0.3057550396770239
0.25347644987050444
0.19011704437434673
0.2518000996205956
0.5045466450974345
0.2889745051506907
0.1282684119651094
0.12383171453257091
0.4891409077681601
0.32776774442754686
0.1639994146535173
0.16268708824645728
0.396491568768397
0.26950580393895507
0.1985521406168118
0.21409050154034048
0.3040801698807627
0.28386373934336007
0.284167448990047
0.24733018851839006
0.24933484697248787
0.22637609217781574
0.2616983342450112
0.24666548520326614
0.23516539891716093
0.20336494909133762
0.192082162713632
0.2227724667172879
0.31923522683791816
0.27134243526961654
0.19327697402331978
0.21248868480324745
0.4013514327816665
0.2843780876137316
0.1583970485953614
0.19345618615625426
0.47025492135435343
0.295000065700151
0.12474818539340049
0.14964430453255773
0.394361614016816
0.30713897151872516
0.22654156130738556
0.25198133289813995
0.41160908178426325
0.28557751362677664
0.1785464226268232
0.20457366487244144
0.4111427920870483
0.300455124117434
0.2738209953531623
0.2600904518039897
0.3292171875946224
0.2641098570311442
0.18675585731398314
0.2265779913868755
0.4159175339154899
0.31122146965935826
0.18471362988930196
0.21654291928280145
0.4403861570172012
0.2888142861193046
0.16074516286607832
0.19810388697078452
0.4095486751757562
0.3031949484720826
0.2507078079506755
0.23650073201861233
0.29968359088525176
0.26754290936514735
0.24989277205895633
0.23086890287231654
0.20811117999255657
0.23779129178728908
0.3349392639938742
0.2755922885844484
0.24971937434747815
0.24306050105951726
0.4154651598073542
0.28407758323010057
0.1966470837360248
0.2028634320013225
0.3855733734089881
0.2727357535623014
0.16650237003341317
0.20913733926136047
0.42352581629529595
0.27854900481179357
0.15453418577089906
0.18782971595646814
0.4215594748966396
0.2755170601885766
0.17032362532336265
0.23129576013889164
0.5644894738215953
0.32644503260962665
0.155765269882977
0.15690845885546878
0.2404456315562129
0.24220141500700265
0.4881970421411097
0.32726607588119805
0.15417775337118655
0.1427409496391192
0.2556238289689645
0.26764365972485393
0.43231597589328885
0.2709749424830079
0.19106493308208883
0.2090601943200454
0.37441995181143284
0.3113925757352263
0.2263466614531353
0.21801691059954464
0.3354527384508401
0.2864956638077274
0.31477684644050896
0.2315765810199082
0.20879091077949852
0.2668960444862023
0.3611309207044542
0.2654088222188875
0.21115608280524611
0.22791678307112306
0.3244676946196705
0.2715270951157436
0.1901025491533801
0.23986981436610222
0.467837329255417
0.2961873896420002
0.1461917693959549
0.18743566051125526
0.4675626375246793
0.29762559675145894
0.1460326894884929
0.15639417484635487
0.36129436758346856
0.2739950646646321
0.1849676404381171
0.19000011082971469
0.2988177912775427
0.2734921535011381
0.23659433599095792
0.2701770964777097
0.4151403275318444
0.29281312180683017
0.1838130336254835
0.2137151716160588
0.42677787272259593
0.3141553495079279
0.17303850746247917
0.19261524983448908
0.3363272559363395
0.26601133740041405
0.19446617469657212
0.22765014762990177
0.31747835665009916
0.24451003840658814
0.21441692917142063
0.22613336716312915
0.3642529977951199
0.2845699969911948
0.2340413925703615
0.2332462250487879
0.31013444322161376
0.2598962251795456
0.1940387481590733
0.23710234451573342
0.4154032685328275
0.2706914176233113
0.15382800123188645
0.17324293294223025
0.35287710931152105
0.2587842515204102
0.18167537974659353
0.19434510509017855
0.3156239092350006
0.2670675776898861
0.2804092449368909
0.21885709301568568
0.17412871355190873
0.25837284279987216
0.3903354967478663
0.2651462524663657
0.16933902516029775
0.17957609210861847
0.3649490410462022
0.2884348506340757
0.19687294296454638
0.20918651833198965
0.3088299334049225
0.2464648107998073
0.18723431590478867
0.22714775195345283
0.38559483201242983
0.3036051031667739
0.22368042962625623
0.25252698292024434
0.43552554957568645
0.28619865339715034
0.15374296775553375
0.1636807504692115
0.38773531513288617
0.3010374881559983
0.18001119594555348
0.19762003957293928
0.369092051172629
0.2752958864439279
0.21074190293438733
0.22281809046398848
0.3121882814448327
0.2605095417238772
0.22129454102832824
0.21806041267700493
0.2287598435068503
0.28084040991961956
0.4266196198295802
0.26972534402739257
0.17659487191122025
0.19496521027758718
0.38112415093928576
0.3007407581899315
0.20801345142535865
0.21588700206484646
0.3613200196996331
0.2684107080567628
0.19406535371672362
0.23451854346785694
0.3946614540182054
0.2786080779042095
0.2108542660716921
0.24661570240277797
0.365597709082067
0.2752464610384777
0.2257445069262758
0.23335553822107613
0.35555334598757327
0.2938485846389085
0.2279245697427541
0.21659664460457861
0.26889981573913246
0.22683660394977778
0.22747440729290247
0.22721864725463092
0.2628024403238669
0.22552302991971374
0.2012450557667762
0.23496655863709748
0.30568048544228077
0.279730566078797
0.26234350132290274
0.2561639013001695
0.30999180395156145
0.24966590164694935
0.2073742221109569
0.19375227589625865
0.305423678830266
0.2733977970201522
0.26346662058494985
0.2328691246220842
0.25630415335763246
0.24972243723459542
0.28727515519130975
0.22752439021132886
0.1816427173325792
0.21624006156343967
0.3488581811543554
0.2668903722660616
0.17417301645036787
0.208649760694243
0.39012102992273867
0.2851308169774711
0.17061769880820066
0.17339407408144325
0.3145422681700438
0.2495582748670131
0.1842200787505135
0.18714458326576278
0.2575324025237933
0.23401125811506063
0.1930834490340203
0.2241898465435952
0.3758244891650975
0.25391382444649935
0.15975057298783213
0.18008076259866357
0.403730025049299
0.2747475482756272
0.1608143609482795
0.21047716576140374
0.4254134986549616
0.2944837164832279
0.18221500073559582
0.195963850710541
0.32764610671438277
0.2540475174318999
0.17329037049785256
0.19054623460397124
0.33426239830441773
0.2757559601450339
0.20769082428887486
0.2300222716294229
0.32134428387507796
0.2646680587204173
0.1984118049731478
0.21970104321371764
0.31612457311712205
0.2794899413129315
0.26971216418314725
0.20772265130653977
0.1645491608651355
0.22399716160725802
0.4122900562360883
0.2797188137192279
0.16457620088476688
0.2131217232090421
0.43998600845225155
0.29029098502360284
0.1641014787601307
0.19879207364283502
0.4454673985019326
0.28274917986709625
0.14625289815012366
0.18077729624928907
0.45071141654625535
0.2817489259177819
0.17394767818041146
0.20117633685003966
0.40519504249095917
0.2962716987822205
0.18631684954743832
0.20582328346790746
0.38430040376260877
0.25785130471922457
0.16269390261732042
0.19870771060232073
0.3599690939299762
0.2532237700652331
0.21220530581194907
0.2113558531855233
0.3219238037709147
0.2582992191892117
0.22717076411936432
0.23426676786039025
0.2759981283452362
0.24853748129680753
0.27144507342018187
0.2625427437014878
0.2896815368440002
0.24039060971699655
0.2111649246653542
0.2352381283417344
0.30541195860132575
0.2566327133681625
0.21743520954623818
0.23560368444304913
0.32677836203947663
0.26152771757915616
0.20806893752887845
0.21789582155179232
0.278567077126354
0.23057000141125172
0.18335840455256402
0.21448663831688464
0.395494747441262
0.2725917580537498
0.15743745502550155
0.20071506570093334
0.5144954859279096
0.3019270458025858
0.14174372632987797
0.15391378302592784
0.3916840124875307
0.2913442583521828
0.19737453281413764
0.18547869921894744
0.25389674433972687
0.25405050814151764
0.2748492849059403
0.23304216039832681
0.21282124298159033
0.22569946118164808
0.2716844296082854
0.2420734945917502
0.23160433676093817
0.2531041973270476
0.3391185242217034
0.28316009731497616
0.20957842248026282
0.20346202363725752
0.2688408715184778
0.2736015687696636
0.2862798315472901
0.23373335332144052
0.2061272469582036
0.22223479545209557
0.28659255523234606
0.2580269508762285
0.2505019592354074
0.26046863477677107
0.31867895764298737
0.285632052924484
0.2456517684040591
0.21888604981359094
0.22935581486672163
0.22266628337092698
0.23298370861448348
0.20796621462795883
0.19964615302160382
0.23250763188116252
0.33530115289613605
0.30255185265559703
0.2582326285773888
0.2435034946538508
0.2782609728164971
0.25110093876719475
0.21762574720196426
0.2122397725470364
0.24081788514740765
0.225959045230411
0.21967396861873567
0.2101542134769261
0.24888248404022306
0.2541100305970758
0.33610878768377006
0.2558407096657902
0.19428372918628156
0.19678702735109255
0.2764486342202872
0.2760114222764969
0.277189317625016
0.21049926581326872
0.20353891153354198
0.23434392944909632
0.2664378611370921
0.22433751088101417
0.22648159065283835
0.20755687227938324
0.20790422160644084
0.22191341465804726
0.26250831689685583
0.2405746552394703
0.2230335514759645
0.2134205779293552
0.23078672925475985
0.23810453910846263
0.2590281314915046
0.22110947547480464
0.210926988045685
0.2327330750413239
0.2850720224669203
0.24065217713359743
0.22623843851033598
0.24009176122490317
0.3193995160982013
0.2726333976024762
0.22816883120685816
0.20505384868010879
0.254838049528189
0.239449224434793
0.22299096710048616
0.22761803190223873
0.2726550806546584
0.22150129592046142
0.18571113527286798
0.1969101799186319
0.30640580132603645
0.2571016433648765
0.20489664387423545
0.19921637373045087
0.306018257047981
0.2524878204567358
0.21366226125974208
0.1919773374684155
0.2738906277809292
0.26366074790712446
0.209993259399198
0.1872327530873008
0.23866000515408814
0.2498900358332321
0.30478125950321555
0.2470984092215076
0.20525934442412108
0.20326539012603462
0.23427816503681242
0.25335931638255715
0.2968162114266306
0.267806000309065
0.2925152697134763
0.21574516559485346
0.19074351526796818
0.22103337827138603
0.2891233048867434
0.25103378505446017
0.2060281429439783
0.21024143614340574
0.3241066278424114
0.26692093233577907
0.18564397667068988
0.18938516301568598
0.3393532189074904
0.23552052665036172
0.16571643704082817
0.17987108998931944
0.39900521794334054
0.27451237849891186
0.15419411868788302
0.14862790203187615
0.3205410724040121
0.2758877492742613
0.225614809198305
0.2246079322649166
0.34571529855020344
0.28468747716397047
0.20104370813351125
0.1652931021526456
0.3229460595175624
0.283220742829144
0.20234541257377714
0.19780129886930808
0.3009583759121597
0.2604011873481795
0.25789325940422714
0.23502924828790128
0.22301576717291027
0.22112794709391892
0.25972854788415134
0.23032752436120063
0.22382422327063978
0.2177692906698212
0.22078451339621097
0.22413457103539258
0.24130526126828045
0.21553924516774714
0.22888866951689124
0.23876059765461832
0.29481513670179993
0.23010016838088632
0.20914140134118497
0.22902838478330523
0.3152271560393274
0.23247263708617538
0.1553603153442964
0.19212722725933418
0.4408712910953909
0.29442570405080914
0.19255082577001303
0.16271635773591697
0.28371262084692717
0.27229719958268106
0.225542435888201
0.20021864713635296
0.24279359343927354
0.23619538452476263
0.24419607303570956
0.21816037618555129
0.25809279701206833
0.21013689425308257
0.21183876553550363
0.22105895879212767
0.2826549734454602
0.26870877167675644
0.2593631958588958
0.23148141778074205
0.22835602995473891
0.22188497695606202
0.24121042690239847
0.2452224399894476
0.3038795387838036
0.23508124891668558
0.18521893699653447
0.20061777287628502
0.2791647529229522
0.2288425292354077
0.17637090547941625
0.237098018405959
0.4479799708351493
0.2737764451885596
0.15080707392189652
0.14065763517282903
0.40661444957368076
0.30082941765431315
0.16097077110316604
0.14289662870578468
0.38498124689795077
0.29091488337144256
0.20160657807718962
0.2043057510163635
0.2988504753448069
0.2813095930032432
0.3336032445076853
0.25165913125965744
0.18955647631082684
0.21198602416552603
0.3395498164463788
0.2530571329407394
0.16927784867584705
0.19649139151442796
0.3810104210861027
0.2532653199741617
0.15280703292228281
0.17287297028815374
0.39807865861803293
0.27148407394997776
0.1606434981804341
0.17565087106777355
0.42437046207487583
0.3020032087806612
0.16885643638670444
0.16770771163282916
0.3176749083213508
0.24613587732892483
0.19408190960530192
0.2012958973646164
0.40332872048020363
0.2522211936302483
0.17297868861351162
0.17212748259771615
0.2839031077455729
0.27188587316777557
0.25744261941872537
0.1846258732257411
0.1483047439251095
0.21861300780437887
0.3844935519155115
0.24435496714431792
0.1710724524455145
0.20683864667080343
0.36845159088261425
0.27829837205354124
0.19396109029185027
0.18554780835984275
0.31717357714660466
0.24500967876520008
0.16390361019875854
0.19182416051626205
0.30076387897133827
0.2610025987960398
0.21025610901415348
0.19422361499164253
0.22642436507157981
0.2455578783992678
0.28900538582820445
0.2426812460180372
0.20945181441493332
0.22443150985054672
0.3112640220206231
0.25359873834531754
0.18681814870797098
0.20477629185188562
0.3414800663013011
0.21527009387500584
0.14429908513557166
0.17737394222058356
0.36840014602057636
0.25322613620664924
0.1487284144386649
0.1590443763998337
0.32134338933974504
0.26574842643458396
0.20900886715389788
0.19266687659546733
0.22461301181465387
0.20946034812368453
0.2227968928636983
0.23415309004485607
0.2689751412253827
0.25364362134132534
0.26493355352431536
0.23294096626341343
0.2617130873259157
0.23190454219002277
0.19545185414608568
0.18490939284674823
0.21424076287075877
0.22398996446281672
0.28041609236970544
0.2232893214095384
0.16867744247429073
0.19950325100217015
0.3104080115444958
0.24460207181982696
0.17223484127316624
0.174368686566595
0.3012800448341295
0.24030243349261582
0.1823975519509986
0.2125586059410125
0.3553480317350477
0.25438700953964144
0.19077231886330992
0.20343658537603915
0.35961388098075986
0.26557548285927624
0.16472535126376897
0.17719472548924387
0.30194673081859946
0.24135267757810652
0.18525811308063567
0.19903121329843998
0.30613720836117864
0.26968118583317846
0.21262398036196828
0.17762308893725276
0.27089188573881984
0.22788458014838398
0.2570086099440232
0.19581751606892794
0.18726772186346352
0.23144613637123257
0.3052686604205519
0.24456089467275888
0.20438019814901054
0.23263049102388322
0.29555238503962755
0.23754087649285793
0.2059771161293611
0.18781284522265196
0.21233933768235147
0.255796650191769
0.29064341145567596
0.2209651361918077
0.1893830798799172
0.2031517723808065
0.26558190083596855
0.22697175084613264
0.19087334151845425
0.19928324385546148
0.2719274435658008
0.2309893056517467
0.17753449955489486
0.20066815370228142
0.3438661964610219
0.22470522311050445
0.1446266914717853
0.1560902670607902
0.4045567491557449
0.2923097498714924
0.15048048761673272
0.1726830769330263
0.35151713830418885
0.2416214895201847
0.15008644142653793
0.14686844154493883
0.35165070299990475
0.27472367777954787
0.16955355159007013
0.1786746424040757
0.36212165653705597
0.25552382273599505
0.1770003184210509
0.17660637124208733
0.2660274028312415
0.25019796181004494
0.2410961874993518
0.22372776630800217
0.23490312497597188
0.2188940841006115
0.2292238335357979
0.21962531504686922
0.2373182320734486
0.226023999042809
0.2045319558819756
0.19782492064405233
0.23807358474005014
0.21143661253154278
0.21625886438414454
0.2074086528737098
0.2704265536740422
0.23462010163348168
0.18891696049831808
0.18166275677504018
0.23638801940251142
0.23261613922659308
0.19759395252913237
0.20944312936626375
0.30896196817047894
0.2407818199135363
0.16652415844146162
0.20064639230258763
0.3916896814480424
0.2629576959880069
0.21285879972856492
0.2051816135062836
0.3519182822201401
0.268900687340647
0.20477629953529686
0.19028443627757952
0.297286419197917
0.24443623784463853
0.19305367034394294
0.1757644695462659
0.2304088498931378
0.25006065890192986
0.24565675959456712
0.2162099505076185
0.23260766931343824
0.24457509838975966
0.27593304379843175
0.24201036512386054
0.2371448331978172
0.21243089658673853
0.23941336234565824
0.24816941085737199
0.25237016077153385
0.22037328057922423
0.2756886496208608
0.21482000756077468
0.18094978609587997
0.1700977739528753
0.2455391630064696
0.23542221309617162
0.20741978043224663
0.21257621748372912
0.33183650742284954
0.26397602539509535
0.2519914994481951
0.20625822071451694
0.24250588775612414
0.21609201491810381
0.17571588419377804
0.17732659651665017
0.2440035593463108
0.23973605781793594
0.22871371125802398
0.21694283594843
0.25758172187488526
0.2534838616847992
0.2117087630322203
0.1995788908097893
0.26990791654679924
0.23217206832487136
0.19693294761236757
0.19595202361233532
0.23364393634255975
0.21901789330877364
0.2436025432543829
0.20613255561329424
0.21887992951087654
0.23271499562542886
0.24605892866384238
0.1977848232490942
0.18908340274356306
0.23067642108071595
0.29121162253431976
0.24182378314435482
0.230944580049254
0.21300811786204576
0.25751283939462155
0.21513610053807497
0.17175965651404113
0.19053936994168907
0.3081737302709371
0.21961004566401243
0.15101881185546517
0.1886661044554785
0.39188552438281476
0.248319459031336
0.19648789544589818
0.18308253528084606
0.3101290368940681
0.2547054934548214
0.15890722954645753
0.17553583288099617
0.3875584010966122
0.23730294418055564
0.14203170675318688
0.1513884806772694
0.3718758602626622
0.26788174954708666
0.16552806471008807
0.18661705078557134
0.4157661320641637
0.2621641888981685
0.20069084700662643
0.18756953888805583
0.28944913926534355
0.2338525493396446
0.16497357399202883
0.1805706674931571
0.3254940304905176
0.2690664050169289
0.2034437379334122
0.1918847382767126
0.30092107283417135
0.2263461962575093
0.19994290359318256
0.2013713651103899
0.2816224144771695
0.22176159487571567
0.2310193401062861
0.2169322242261842
0.23070257483050227
0.21142651501577348
0.23760602285619825
0.22544269356876612
0.2303189238300547
0.194807049469091
0.19678494904655963
0.24427857936825603
0.29122578212991357
0.21941901044920087
0.18377917213365436
0.20520972658414394
0.2877419695723802
0.2586215076735243
0.19097681262064725
0.1767509836354293
0.2605510884895921
0.20902403618674725
0.1766854814486578
0.20484846807084978
0.31868596631102264
0.22379582095891237
0.20828995271585882
0.21458135347347707
0.2954543203813955
0.23498898593243212
0.20897087431512773
0.20350217400118709
0.22967557702213526
0.21564324968494475
0.2732677593594417
0.2108230113517493
0.17454860894940794
0.21974808559753
0.3271399943623692
0.21789112454280257
0.16303444688674062
0.19709250307641923
0.29206881602294743
0.22727851360104978
0.14714589214418083
0.1798029643832706
0.4451033740770072
0.270829705405049
0.1521431322908029
0.1329165722709149
0.31748802377842367
0.27779799210838974
0.207724358770065
0.1819803040707484
0.2324009375879541
0.21949541778303683
0.2819441712927073
0.23742339899763465
0.2375837117433548
0.22009149740915745
0.3062926111742854
0.24822222697548568
0.20365765714086592
0.18462986056692898
0.24469688802491874
0.2207526242127642
0.19869355380069464
0.19842798076570034
0.25222148559987545
0.2577800112776458
0.21820092271082103
0.20046721096150577
0.2753815670730546
0.23709256073925644
0.1946029933169484
0.19835752714425325
0.2583163676317781
0.2054345654323697
0.17645401135087013
0.1975089937914163
0.2662393150385469
0.25615059840492904
0.24369614839088172
0.2224452345399186
0.26234196324367076
0.2096688294550404
0.20576224208343774
0.20929148269351572
0.2657336271367967
0.24540787318255752
0.20791058440227062
0.1873792225960642
0.21348597132600844
0.2434694515541196
0.2591499595437199
0.21708123991265893
0.234736108337529
0.23718425922561437
0.23008753929752856
0.2223892821930349
0.3077867857646197
0.22412372508551925
0.21252392826136202
0.21007690206170082
0.259875611984171
0.20933036936912686
0.2134947965387255
0.19168081309180707
0.19507454161066562
0.22022574755828828
0.2958863787353039
0.23882226878777146
0.16378874680958688
0.18002227984834462
0.34842693665996194
0.26105869945604354
0.1656658131396398
0.16534210834652185
0.2864977808203548
0.2559123543323949
0.2495316022541374
0.22045369062107056
0.2634769302094355
0.2577409272780642
0.19057596125639975
0.16958758555119857
0.22583768982440233
0.2296761634061113
0.21604275854770094
0.18739912251476198
0.20278428099118173
0.20208749372977763
0.2133350830990821
0.22459664370398968
0.24968633300159127
0.21669837785884738
0.21147994638886303
0.23949933552648872
0.31626882043201476
0.2033651404781267
0.15071604517288506
0.20448185235727578
0.31101792259141803
0.20735812955535948
0.171775859198533
0.22000300080981106
0.33780212607234716
0.24884765909519047
0.1745773854199797
0.1695950764697045
0.29343939188402146
0.22613412549253553
0.15629073639865965
0.17262300674337894
0.36111623723991215
0.2387160463258624
0.14250478020403534
0.13884372275788337
0.3517064554616809
0.267363179824315
0.1562152134720236
0.17361962946597487
0.4162933761253953
0.290365339955315
0.16980176768265665
0.19070947042200714
0.340460775885731
0.2211191898677498
0.16304769075941294
0.1735895605525002
0.28273013420403004
0.24486844765488058
0.22873909561894834
0.19115668546874076
0.21406081493478268
0.20699379069264978
0.23316346027422696
0.2099273616913706
0.22947995434515178
0.22267336305230856
0.21100468758959323
0.20239729236345738
0.2627430974971503
0.23453273077029735
0.2026092546293512
0.18910683575086296
0.25056285061873496
0.22484184824861586
0.2512369938194752
0.18767704733181745
0.20100524579174817
0.2099035894498229
0.23119616380427033
0.189901294070296
0.18404913553968072
0.21728473878465593
0.25289818516466767
0.18915563938207924
0.16777525562793016
0.20776711532380432
0.328346770722419
0.21460907300934196
0.16752627433743328
0.16047581227030605
0.24870351376011968
0.24062016583047807
0.23211295355577022
0.18697245651856065
0.2410405536647886
0.19585547759197652
0.15866291627753526
0.2107868678867817
0.3719334020279348
0.21684048662427813
0.13328289438504726
0.16342588630504906
0.3221034132875502
0.23215872491709888
0.19595783157274127
0.1942250357242301
0.3195224339142442
0.24437771504744887
0.15646594448480755
0.1766549994936213
0.40996405202895403
0.27635710313916206
0.1608374584466219
0.14949255349347368
0.2902939625782892
0.22883065999485552
0.19252559216693044
0.21014267427381128
0.28926593239884824
0.2609841716475785
0.20764914026949555
0.191158480476588
0.2905975946923718
0.21138880809303373
0.16163266927469522
0.20717534085270017
0.3226712520699948
0.20096615806687623
0.13721341011114419
0.18093828239943832
0.33042172342538834
0.24779495515394956
0.14849072927609086
0.1605195367592387
0.3217726203147322
0.24389227526262403
0.16967718035448343
0.1581738786189817
0.2832326425705105
0.23896338744089007
0.18228818255010992
0.20319313555955887
0.3119540619663894
0.22583361738361418
0.1460156977409497
0.14502482628449798
0.39217227045446634
0.2629459442105144
0.16282726440113038
0.13770580163691193
0.2873837106162682
0.23928967432584614
0.17183710809331387
0.18643162050284445
0.3132749304641038
0.21381802193354815
0.1354375776136294
0.13643199595389888
0.31524713267572224
0.27999967720825225
0.1902299887733534
0.1914138030842878
0.31617550598457456
0.25109518982935697
0.20759095123503357
0.19135577545966953
0.20887968235183507
0.20925561105832458
0.2787084933370352
0.2091973046772182
0.22427628794685006
0.202396088745445
0.1978319677291438
0.19413158192764968
0.23119050078094006
0.20397202111780643
0.2030498869717121
0.19518091960344464
0.2026893460424617
0.20662289846222848
0.20703589916229248
0.19228245469275862
0.23367815907113254
0.2142885058419779
0.1745796495815739
0.1770908631151542
0.2979701537406072
0.24410577374510467
0.22692675318103284
0.17682781082112342
0.1960724772652611
0.25440656626597047
0.30755855701863766
0.2017704350873828
0.1725805535679683
0.21333001123275608
0.30119949602521956
0.21382923773489892
0.1621130689745769
0.2068523878697306
0.32146828155964613
0.21981670369859785
0.15665073797572404
0.18083412473788485
0.3262856772635132
0.25419175683055073
0.21675305464304984
0.1825787768466398
0.26324320549611
0.24555680085904896
0.1946681085973978
0.17008987022563815
0.2228846182115376
0.24131276726257056
0.24431471806019545
0.16454019665252417
0.15715445601381361
0.23077735886909068
0.3550745639950037
0.1979904593899846
0.1527856270549819
0.16215707879746333
0.3563860529102385
0.24680184130556881
0.15584450110327452
0.15219189057825133
0.27834375167731196
0.26117449055891484
0.14850886701606214
0.14637523255078122
0.3132829510141164
0.23420910898130387
0.16796415124554187
0.21096662362106144
0.3783964184112847
0.22510739834979177
0.15847106918226928
0.1736880440148525
0.3001813299488276
0.29970491537824273
0.2239922502776608
0.174999276176095
0.20001007174141705
0.21571554464753717
0.25839554122649133
0.199538821936585
0.2426949890796095
0.22216951369773597
0.375220051035285
0.23620487679727376
0.20879375201184303
0.18366979830898345
0.25975940201897174
0.27754586725495756
0.22534228838048875
0.1802109299460426
0.22968932567164302
0.18791571620386094
0.1548010230762884
0.1841516924323514
0.23259161913301796
0.2034399613039568
0.1983222032431513
0.19948996987659484
0.29587649647146463
0.22911325807217509
0.1811182212550193
0.16982181166531518
0.30807284894399345
0.22256757481954992
0.15867341763805598
0.16564052121248096
0.29893357574474066
0.23844055202789605
0.21545197337400168
0.18970467732287943
0.220140854944475
0.22883260832168162
0.22762433090247214
0.20777259638998657
0.23703006585128605
0.2407762638758868
0.20753826189320534
0.1681517725228332
0.20990120468195528
0.2310792850330472
0.2684119421755895
0.2069135932251811
0.17284975573420525
0.20774382445961237
0.32949178689159453
0.21269945811945945
0.14831494761165231
0.18122559622861445
0.3583188334014267
0.24747072206810117
0.15444038761779666
0.13175673253135756
0.29494656913448125
0.28498081548605114
0.16857032745610923
0.1369873092044145
0.20936099637765437
0.2265348848886788
0.22163904330227524
0.20229002553969622
0.231003750115633
0.24524865997955203
0.2548280294286087
0.1881627341499552
0.2781237580347806
0.19307290925644338
0.20308379840571433
0.18948662898037583
0.20244723046198487
0.25672343326732516
0.22939691762439907
0.17344573501031846
0.1905589500674978
0.19356952549424022
0.18985108472406864
0.19642215280327946
0.2180474455235526
0.20833440916612744
0.2559507223777473
0.22310230357106775
0.16450785961933434
0.18703151069348678
0.4101642763707787
0.2501633893698454
0.14621387037914246
0.11148652632255107
0.3276200576219708
0.275428130524233
0.1508352216333151
0.1391267070430331
0.3537526379805058
0.253790145390667
0.15858398110140115
0.1693481119000353
0.30862740240991116
0.22831191075965762
0.16990539827384055
0.15751248568994924
0.28801081399433315
0.2597359969513491
0.21291004191152751
0.1960494834347628
0.29471918859053403
0.25707574863918126
0.23625325167085975
0.18198022030992433
0.24104115751106292
0.22670136613305658
0.20952920394483954
0.20642368157859892
0.248462101444602
0.16921143041690812
0.15465371310710907
0.1839847230585292
0.2503535379655659
0.19668795762117952
0.17681032326072454
0.18266634678002447
0.22762558341491967
0.22646984306629747
0.22373862587846816
0.18917112337658182
0.2079860511003062
0.20451050996780396
0.18962356820702553
0.17538184282602742
0.23633614124264568
0.21317578793969005
0.17140944045968354
0.18223422579467297
0.26235790562350303
0.2217346610268578
0.182538969675079
0.21080998366232961
0.31244581344071776
0.23281704750843346
0.16283869824837893
0.17209474800620228
0.34341217344626784
0.2611425663344562
0.1884129331447184
0.1575589023414068
0.21458062657620758
0.24210696667432785
0.22923197550699115
0.1696803227532655
0.17899279599078
0.2126454598037526
0.26107948226854205
0.20340073748957366
0.2226892216131091
0.22112316288985312
0.2578305753413588
0.23274111724458635
0.1842777063138783
0.18470073130447417
0.24557830020785332
0.23331661731936038
0.192413984448649
0.17851461883401498
0.23564633179921657
0.2293995025102049
0.1878458351129666
0.18909798294771463
0.29186517640482634
0.21895716548897326
0.16106743668206036
0.18707546195946634
0.29952418664470315
0.23060781916137785
0.17988197039812803
0.17360562802059576
0.3149611633270979
0.2566151865758002
0.18894514173734933
0.17127084825187922
0.3281350356992334
0.24811414489522576
0.17266509146429598
0.17121323163155466
0.32796127046458423
0.2365113152191043
0.1462136545451358
0.18766274012159556
0.32300303038209677
0.24423702235799283
0.15241901925764978
0.14987755683250725
0.30476080358494073
0.2739509182283655
0.1643212822964415
0.14379752590321004
0.2797318648081273
0.2369529556017369
0.19432962301652879
0.212422180804424
0.3086616083746776
0.21719511726405472
0.14652197528630495
0.1681740948697552
0.29432491795159876
0.20769238704815507
0.16371076798532158
0.18382963899057359
0.30769468774087727
0.2247503976104781
0.17835419531911612
0.17448319389950484
0.356216027867049
0.22657582606188953
0.18628171412274241
0.13263434619875625
0.16459706739988178
0.27095070003997535
0.27287230582442135
0.17840456630801782
0.16642799018882215
0.20363389374688268
0.24768295092508197
0.21651050972286612
0.20242965512443334
0.19788613670971245
0.24639361049048603
0.23219681123737246
0.1994604532374069
0.18276259931735694
0.24483741691801697
0.23391207738313824
0.231558125349693
0.1975855773780495
0.17157005961053073
0.20992658811155707
0.32806413108482957
0.21771415986586362
0.1291735436534509
0.15119779453380033
0.27473638637457043
0.2651827153749764
0.1788607694907114
0.1648544383351691
0.2511526265880093
0.22776871325913817
0.20646408037282526
0.1721430485486053
0.21033677831292152
0.20482042606454343
0.18466234614606947
0.17301726539153606
0.2594266519881785
0.21536326420027763
0.16917725291568786
0.20437924831639975
0.35944186244159937
0.20141737826634198
0.13328031008131802
0.1299455079715699
0.326991910347715
0.2638828658964485
0.19265837757848203
0.17959256866015494
0.2577185307163745
0.2388980417745188
0.2006879213731736
0.1696246589999646
0.19989685085602105
0.2449298514984548
0.3006440185708925
0.22601298976223916
0.18538002646528184
0.18877201154828072
0.22382127575110644
0.21809674717951566
0.24686705542262644
0.2384399442235008
0.23581877071410418
0.22070478915702552
0.23817497363779694
0.20902749197557569
0.22142405773047358
0.21659019496291876
0.22088926774449646
0.2500396204413846
0.23247390578035265
0.19869370490778238
0.27827352518215775
0.22998320497572422
0.1679778235265985
0.18573246651794761
0.3230952798621729
0.21809806488454342
0.14675881620496511
0.16016487131128088
0.3136220504529774
0.2484674365259707
0.160167018417269
0.13937675266060978
0.28095949918497354
0.24105919559951872
0.16981675871647894
0.165463121724315
0.31032334046904
0.24397967953700572
0.16971336805727333
0.1696711793774739
0.31681261374615133
0.23569532192777842
0.14209061826113611
0.15385563427116722
0.34014336485415697
0.2573512877570465
0.1765736035304144
0.14319869823521003
0.34529082546941936
0.27420668373815715
0.15982936543878168
0.1417298861197196
0.23567202931735665
0.26225377956870943
0.21324412850663066
0.18333301809616387
0.23284044209867716
0.20944700250402093
0.2049434055807069
0.20338162081316113
0.282005843706429
0.20295344793703407
0.16340874589513987
0.1773453715723008
0.3252471126616001
0.23438572138547897
0.15872558671981096
0.13599846902070567
0.3484704012516886
0.3039587065577507
0.20205096702557057
0.17276377062080428
0.3154186154715717
0.23761928488966078
0.21403014613315463
0.15622077003354207
0.1687225408386439
0.21776917553506792
0.23584909120108932
0.2149856296600774
0.22169132146518677
0.1953420650679618
0.22104610572569072
0.20272201404441148
0.2279316916828975
0.2076697894372046
0.24776799092069268
0.22406853910069913
0.2723088265629485
0.18619040970224887
0.22890679666306823
0.21886576421093196
0.19723300985060632
0.18563442293088883
0.20972083252854645
0.2355024180142209
0.23741111648268998
0.17263798462226987
0.16586851712781936
0.2388371896231547
0.2740089020226151
0.18672096985392272
0.14399081864394248
0.204079975374043
0.320447517093271
0.21725852531380951
0.19271951832342893
0.23056521778926253
0.2555446280166507
0.20509093767032027
0.27992660738527775
0.23056831781286746
0.214207882178016
0.17937445815186948
0.1770302039803937
0.21153875649906695
0.37976004066877067
0.20703116478398442
0.15910084708593786
0.1993582994909957
0.2925101617584005
0.22846168803516775
0.22747746075037867
0.21398526499979198
0.23366860067471862
0.18698173627490178
0.18441769492346793
0.23574068408925086
0.324035833356902
0.20604990830179304
0.16087415348738432
0.1944707833463326
0.2768066785065457
0.21239273669198155
0.18925570219289511
0.2680135822156444
0.30615977430716157
0.19720713642891496
0.16984263702761382
0.2212880343431607
0.32091899204533547
0.21679480327293277
0.1764404042623937
0.22533907659817487
0.33436578535474837
0.22292533365543932
0.16198098589666188
0.19829735183157027
0.3301020839717239
0.2516725581372157
0.201021657907404
0.21574779087677598
0.2939094720641151
0.21484915120527148
0.2356621288927272
0.21657256153412163
0.2478312902385369
0.20832474250346422
0.18561996496282518
0.20532661047764122
0.28527942835353315
0.2309772635344416
0.20325070735998452
0.18403039663098752
0.24087338091339916
0.22000875161029398
0.18920786888338625
0.18593002436682582
0.28244806779548526
0.24412281764671206
0.19300174666568637
0.20905819756444544
0.26507066329941154
0.24786980240605772
0.20550543267745525
0.17548281489871442
0.25781511468812823
0.21623918926343322
0.1774196862243116
0.21922376146540046
0.2774868168635294
0.22557189175859094
0.20362459437455982
0.22479870438110083
0.32544339750893414
0.21821232908405364
0.1379476523725316
0.2166836264077574
0.3176791265141219
0.22618871740996838
0.2000782216200605
0.19383660925086588
0.21699883812107146
0.23855568456929177
0.26615838857833296
0.2043179024476558
0.16751798102632165
0.17408317950321361
0.2439735969528556
0.2052269462728873
0.18238809995818883
0.21518267109058797
0.44257831550203264
0.18883526290301234
0.13971401064191014
0.2117717353394255
0.3825516733340919
0.20565712568350136
0.13783176708966494
0.18635183502919972
0.3134168710093945
0.24252268171403557
0.26351305982097983
0.2081487578107044
0.20972635399084538
0.2081687778700143
0.26449386321473867
0.2885071556083858
0.3014633448328823
0.21654779696837068
0.2666271146154031
0.19253226241562515
0.14065290428698063
0.19088041374925524
0.35416318173520267
0.32686502137221396
0.2627942619146779
0.13737552397651598
0.19777715962845832
0.1966419294476509
0.18073831824585795
0.2110834555933252
0.2852360241813585
0.20965041022282094
0.16516795870848
0.19204226392321289
0.28629756916780025
0.2167291883379221
0.1882766770431772
0.21986491046845913
0.2548201894387603
0.20973993965890259
0.20070855843368918
0.19168058061040938
0.22045590390916914
0.20562913350295275
0.20771599642466754
0.22526257648132741
0.23322028305847198
0.18032572348602116
0.18094002990983427
0.2185243092244491
0.3091482756426558
0.2455557833891362
0.21706098318099976
0.27086320088710636
0.27644824236631393
0.18646549590630457
0.19092815183103085
0.20103518659016117
0.2243554472224787
0.21140185638796538
0.2140499111264944
0.24421434057876468
0.31103268929291517
0.1952801353763789
0.18316192226484418
0.18808821198763326
0.2632422965252772
0.2116904053837061
0.19850728998426348
0.306131802033633
0.3433563355356455
0.20872595440596342
0.1586916607338935
0.18682509718928486
0.3122452743118629
0.22107693296857178
0.16305273887701333
0.22244714689441025
0.3236868381500244
0.21006678033154458
0.16467938048299402
0.1955968840047717
0.2952205101028085
0.22399594786111265
0.2173959941137582
0.23353729397058487
0.35414790851064026
0.2491273859050125
0.22460015502292663
0.20719578408170491
0.3200887601124123
0.2128430042648688
0.172802175860852
0.19037970167119056
0.2431802535429597
0.20823454984929413
0.20549312594812363
0.23490362463053316
0.3109139702282846
0.218559205182828
0.19745711656287313
0.19016415590886027
0.21402192313689739
0.21781091077718884
0.26243009604513645
0.2211566314799711
0.24690443463623524
0.20373683894285932
0.20907946687657386
0.2287236653501168
0.2643702969653532
0.2231805024202913
0.18608256173320115
0.19230238057207316
0.29603233898524195
0.20736430515535176
0.1700999061577022
0.18058237037621439
0.27927930443547666
0.2397032082080841
0.1927909761434421
0.19337378145428374
0.283473331714049
0.215073176426813
0.1790388684021309
0.17819332866929471
0.25678900454659015
0.22500166890677065
0.272394965053536
0.20221022341866046
0.16061009233817458
0.20120644965209067
0.3285239414544776
0.25598710705526173
0.2293284962652251
0.20855293585918844
0.2726414139615372
0.22657861525658518
0.22135137079749256
0.24305632896721363
0.24328320287168026
0.21653799002524465
0.24099854554515332
0.22405013092793524
0.21146227919962257
0.19963297888170928
0.2724629918811843
0.23145133210346103
0.2215496946591884
0.19784969207830727
0.21281389519572258
0.20893128321040422
0.22472591139376163
0.21122807718347758
0.20762062550056726
0.2637844703858718
0.31955058220773935
0.2050180792575702
0.2072291725780815
0.22258834273088723
0.257515135104768
0.23435893026180565
0.2522526092361659
0.23729662143159658
0.20103259244933724
0.1839659729739651
0.274359097587876
0.20178221561945975
0.16955787176266313
0.18980182940140367
0.2616119001759216
0.26160202908795327
0.22571001283358783
0.18357126729097217
0.19115298555698246
0.19981470925267786
0.21555269428063184
0.2093877299921587
0.23853848048020154
0.19451484794262797
0.21117603732272983
0.23758313758298755
0.2839226711075753
0.22034734988119453
0.21863099141046405
0.1990205793408677
0.28442608565092087
0.21880813443567604
0.17934102972503752
0.18709944863803685
0.24822604237124324
0.20993541122879833
0.19644389557652175
0.21308179234620184
0.24952659476548433
0.19683433161117136
0.1902290778234601
0.21614265791140497
0.26279616018291563
0.2070449381135404
0.2018000999232754
0.24991973559372127
0.32183553534559906
0.2310231541050598
0.1710668409941718
0.20479721087031066
0.29977762163616717
0.2267026148037985
0.18011148227378726
0.1857831428060308
0.2847064540255815
0.23372537549585104
0.19368704163935035
0.19283499650191516
0.270472246222198
0.20560643263161182
0.1929387717973441
0.18985568708740175
0.21557518828194588
0.20127092790789902
0.26789637620095164
0.28091041883453727
0.23932944668922573
0.18780731689184904
0.19626823428552598
0.21350434026680887
0.28296139871235937
0.20930462959222496
0.1547240810468793
0.16845603327965364
0.27148363122250885
0.23139498534146696
0.20457097713369876
0.19415085937362164
0.21116235270164907
0.2163232013117522
0.2738641978939995
0.20554263272788376
0.1676708353916183
0.18701204028911889
0.3032006612047553
0.2198001592187211
0.25285541301127523
0.2672495134174824
0.2599333469988778
0.21103339712135494
0.21400114253629
0.2217034064233303
0.24985637224745005
0.2224436963442713
0.21977277961559594
0.18556210701353848
0.22609759692568332
0.21810443978756666
0.21527069550938904
0.21797381446231157
0.2954803538741544
0.20549620816018432
0.16670261218678206
0.19792642851825804
0.28174549201503396
0.23765276873018593
0.2070193396648392
0.18924884032458067
0.20927123236469924
0.21628180122934282
0.2705937867285684
0.23494924081023782
0.2561017646221444
0.2159374481998384
0.23117116023786366
0.2166020650183782
0.2047318872064352
0.19986609753686935
0.24554677365813404
0.20752026909030974
0.19963630917482078
0.22516516014002264
0.3330796487862244
0.22826927085407078
0.1940420907922089
0.1954610338434577
0.2584481263766065
0.21907637745607644
0.2090740433195606
0.20520572154782712
0.2994049144908786
0.21433517278637737
0.19631420518271625
0.24873681087046862
0.36328687355853617
0.2264431775547564
0.17994141904637218
0.1893258862546645
0.24947912513744086
0.23242815292906016
0.2157979611074552
0.21717169519979507
0.26132585934828967
0.18890979315619916
0.15996096562594175
0.18231475562788546
0.26714502612594515
0.21623122016899288
0.20133790536783636
0.21493616898078471
0.27035858132876456
0.20239102945197374
0.1925742586608976
0.18847483303397894
0.2801107830600813
0.20669911766890436
0.17774783028289676
0.18142110214103013
0.24912398506421596
0.25462168897502124
0.2720085720065981
0.23628083057701588
0.19165188109036535
0.17717266432009637
0.24707833281718194
0.20254430978093296
0.18373304640408605
0.21073788113426417
0.2809214456938207
0.2181155545404181
0.21204099443275481
0.20207505451980978
0.26588188123423606
0.216237208340317
0.22786120779346675
0.19583711761515588
0.15319979027844965
0.17617703275755048
0.28531260835006833
0.21948621480260044
0.20471026608720422
0.22279212053399533
0.24901334720198065
0.23252740548923612
0.23156201047822833
0.188608682830818
0.18465991539414972
0.2141934612300247
0.2653053217800334
0.22827193466946483
0.18802758282981813
0.20078865007963032
0.2423135134158656
0.225485468050465
0.2369869528338313
0.20174286398105323
0.20642822550144047
0.21629396139178425
0.21795613772701472
0.2102395894471556
0.24734471342526376
0.2358650309033692
0.20347623736597598
0.19452607654966414
0.25203404296189547
0.20148082508239895
0.1785590803483501
0.20695999241434038
0.2434602240100503
0.2256664491724223
0.2561494812835008
0.17615733883576468
0.14322225644718856
0.18350320239551365
0.3022700019646436
0.23536938906181604
0.16966574627440423
0.1572019680752419
0.2772450987249613
0.21990958892274648
0.1786148565588519
0.2244032493326813
0.3019039807841182
0.22953296056948602
0.20489951502531767
0.1953132402850315
0.24476234102621675
0.23313739709556103
0.22554449760355055
0.1897861477918923
0.21989316074177623
0.1986840737517923
0.21671622665598989
0.22015755670145154
0.23743723332881927
0.20077271619811654
0.18499404971953481
0.1922449873527512
0.23227998474612832
0.1888401691103354
0.20624402142129838
0.18778608739376068
0.2345782337943092
0.23291987355332822
0.22508476919028908
0.20177694526501
0.24583971942774951
0.21313638426363468
0.185541708371602
0.1831071862252429
0.1987569248303771
0.20657156268134713
0.23396559106186032
0.18960858916398138
0.16185213706921786
0.19549055583775043
0.324817624874413
0.20085702068172395
0.15956844517495483
0.1805044735665433
0.30861441616434604
0.259402071358636
0.24095278116874397
0.1995967311086133
0.21046160242985934
0.197392224567011
0.18695447826758027
0.18819375371094793
0.24307219067122787
0.2101421959232539
0.20530764560680836
0.21174169483128935
0.21726344584021717
0.17372617509681731
0.17344741767738014
0.17540472059044987
0.19654116791207343
0.20851653756108135
0.26006680470891297
0.22594069852493703
0.23696446244139224
0.18814870982896537
0.2055339382495731
0.2099622207460925
0.20522366662044078
0.20479687047190964
0.234221096849069
0.2035724757006392
0.1995637093205005
0.18633816740475595
0.19503496342804283
0.22920501907356083
0.31098638381808996
0.2209816228132695
0.16253871517255902
0.20441393449436873
0.25944465189240873
0.22247465094551444
0.2271130671724677
0.1874123090528883
0.1918704267591238
0.25324701971840113
0.2531772896181792
0.17174952023196965
0.14303183287847787
0.15918065374717116
0.2165617240825668
0.1959285029442981
0.1983871575212106
0.19094412412960082
0.24631986499298364
0.1914775688201189
0.19894861208740622
0.20048507815226912
0.28030878910794854
0.19739326951093972
0.16278364358004183
0.16466631280491129
0.2508005161071196
0.1972166505875066
0.16722532943822443
0.19129994593095034
0.27249098487664014
0.23797654698137194
0.26082851318642497
0.19569328636862338
0.14891858666669577
0.18797654181253165
0.29931658785790205
0.2194258967647329
0.1806974174687639
0.2089381405385211
0.31375014956574887
0.21233217685949057
0.15609867742750794
0.19396091834641993
0.3532811952754855
0.21444045042153448
0.14541926130186766
0.15626078669447452
0.2722093629417941
0.23509931785520166
0.20890368660911918
0.20448669081088156
0.3208430032245815
0.20452198502607644
0.19321134756319225
0.1878052173415199
0.2850500625791028
0.21929539449047297
0.17908897995948792
0.1997366074938327
0.28423175122588873
0.2305345890345052
0.1946012624539435
0.18260482139885426
0.25135491299442947
0.22034404100850224
0.239790920750238
0.18341005756519735
0.2362724826671183
0.2645375372376293
0.24358360783662647
0.1793939532362856
0.1677945009432733
0.18174861720763147
0.18530538270715624
0.17868258897215128
0.23258843820076436
0.21910070616286248
0.21956890122964978
0.21912407386116683
0.22746456670574844
0.18640212074387819
0.20645574305672199
0.1859946905169636
0.18560951249673963
0.20514703472144902
0.2504018851323053
0.1997194834984839
0.16466505581047386
0.18771872099023312
0.31546486588194966
0.23822983796708286
0.18668946460820735
0.18941990518942475
0.23807726020459086
0.23810594459064305
0.297302441787906
0.20498103729914874
0.1743213094305247
0.19900727190542966
0.2617592781316489
0.2207975386409089
0.20047096710186452
0.19115984439849854
0.20860597444698215
0.21249217458534986
0.2574977391632274
0.24387387663591653
0.21459463168866932
0.16682218451751396
0.18145861581433564
0.20893788861576468
0.24310850526671857
0.19432223064359277
0.17313121794722974
0.18990085367113352
0.23272998887114227
0.21298793505411595
0.22681772452779114
0.1976351086050272
0.17329540534410626
0.18249328678939492
0.2166600781492889
0.21957535028923303
0.230456238030456
0.21332235808949918
0.20955395000055432
0.19983718334697187
0.2038167588179931
0.21262861008290201
0.25433965353295207
0.20058467669878155
0.18275918008293957
0.18968745088204741
0.23009738547261804
0.19131456478498876
0.18439859186764807
0.21165540639776736
0.27288035897072405
0.21493229712359607
0.2125166020123288
0.20445669733453542
0.20543445239309222
0.2419402210507542
0.26208655966911465
0.17653705494012684
0.1465706251328811
0.19413895125035197
0.28046214394271374
0.20451690116897225
0.17596011597197503
0.19310670788399875
0.2273891702061519
0.20376508706249297
0.19703162577934563
0.1788393437745981
0.1803847928531468
0.20983368158340454
0.2741417131619528
0.22160883131437004
0.19875597662758082
0.19662608637008816
0.22461340634617954
0.22163288726005703
0.2175623995717615
0.17815217276802287
0.19180600927211344
0.20897823420818895
0.2458654590882361
0.19230438594240695
0.1598176338011399
0.20997761189937592
0.3043711504433304
0.21670523413922638
0.16555859602522105
0.17105758818797767
0.22218707879073918
0.2136882949853316
0.2694726060144603
0.1918743090936914
0.1418746932176873
0.18504486070014536
0.2776788119226694
0.22173530457075685
0.2053685268620029
0.1817148863337934
0.21802593336906284
0.19314279418904334
0.2167014665901661
0.21428442699834704
0.19196388486307114
0.19904445973224938
