0.054021586083763395
0.0502391432364675
0.04701276621835859
0.042476311432892544
0.040640420538565536
0.037628510617651045
0.03623624821193516
0.03492593322880566
0.0329351001419127
0.0306718360807281
0.028891746303997934
0.026630806853063405
0.02456970622006338
0.021763372627901845
0.02058794275217224
0.018118729814887047
0.01847328059375286
0.01834448054432869
0.018325671553611755
0.01848001219332218
0.018481681123375893
0.018849629908800125
0.01854887790977955
0.018615450710058212
0.0190130602568388
0.018634160980582237
0.01916135661303997
0.01894018054008484
0.019302666187286377
0.019009830430150032
0.019162099808454514
0.019244210794568062
0.01937364600598812
0.019654247909784317
0.019507581368088722
0.019712889567017555
0.019414862617850304
0.019290491938591003
0.01958192139863968
0.019171876832842827
0.020296458154916763
0.019739584997296333
0.019859833642840385
0.019669048488140106
0.01991831511259079
0.020156197249889374
0.020339209586381912
0.02057398483157158
0.020202411338686943
0.020837722346186638
0.020337795838713646
0.020762968808412552
0.020231228321790695
0.020502427592873573
0.02066839672625065
0.02084704302251339
0.020906727761030197
0.020977355539798737
0.02078402042388916
0.02099996618926525
0.02103368751704693
0.021213805302977562
0.021091897040605545
0.021087324246764183
0.021402250975370407
0.021071670576930046
0.02121041715145111
0.02164805494248867
0.021239114925265312
0.02181118354201317
0.021648326888680458
0.021726083010435104
0.021534722298383713
0.021843183785676956
0.02182823419570923
0.021967587992548943
0.022047480568289757
0.02177661657333374
0.021754151210188866
0.022333720698952675
0.022253379225730896
0.022639237344264984
0.022287840023636818
0.02243710868060589
0.02220786362886429
0.022779949009418488
0.022558290511369705
0.022755559533834457
0.022663399577140808
0.022504836320877075
0.023186899721622467
0.023332182317972183
0.023016251623630524
0.02318158559501171
0.023103101179003716
0.02318909391760826
0.023469308391213417
0.02353794313967228
0.022962912917137146
0.023653915151953697
0.023698894307017326
0.023507190868258476
0.023410862311720848
0.02374170534312725
0.023825302720069885
0.023873530328273773
0.023799972608685493
0.023906860500574112
0.023582616820931435
0.023683033883571625
0.024161536246538162
0.023974504321813583
0.02446906641125679
0.024057036265730858
0.024056335911154747
0.02463463880121708
0.02462628483772278
0.024756290018558502
0.024245906621217728
0.024659886956214905
0.02447589486837387
0.024589167907834053
0.02495727315545082
0.024732686579227448
0.024866459891200066
0.025327542796730995
0.024877196177840233
0.02454165741801262
0.02486676350235939
0.02518637478351593
0.02522430568933487
0.02551889419555664
0.0249145720154047
0.02526208385825157
0.02557220496237278
0.025951219722628593
0.025365911424160004
0.025852084159851074
0.025628335773944855
0.0259584691375494
0.026011109352111816
0.025731222704052925
0.0259444247931242
0.02619349956512451
0.0263248011469841
0.02585989236831665
0.026380250230431557
0.026136118918657303
0.026260172948241234
0.02606935054063797
0.026888618245720863
0.026204053312540054
0.026336506009101868
0.02622225321829319
0.026223447173833847
0.02646687626838684
0.026499919593334198
0.027178851887583733
0.02671486884355545
0.02668450027704239
0.026921015232801437
0.026986701413989067
0.027293076738715172
0.02729424647986889
0.027326341718435287
0.027228033170104027
0.02740485407412052
0.027395401149988174
0.02765611559152603
0.02734619751572609
0.027694404125213623
0.027357492595911026
0.02769455686211586
0.02799210697412491
0.027685614302754402
0.027693144977092743
0.027897758409380913
0.028230389580130577
0.027834700420498848
0.028254400938749313
0.02818221040070057
0.02885013073682785
0.028125908225774765
0.028497304767370224
0.0282420851290226
0.028420286253094673
0.028409019112586975
0.028576793149113655
0.028462519869208336
0.02843308262526989
0.0282050222158432
0.02881968766450882
0.028961267322301865
0.02953888475894928
0.02862253412604332
0.02933349274098873
0.029198365285992622
0.029228879138827324
0.02981695532798767
0.02912960574030876
0.029309285804629326
0.029442908242344856
0.029466774314641953
0.029139289632439613
0.02955155447125435
0.029571468010544777
0.029604673385620117
0.030094025656580925
0.02966991253197193
0.029935762286186218
0.029888944700360298
0.030421756207942963
0.029552055522799492
0.030011888593435287
0.03017336130142212
0.030212223529815674
0.03029979206621647
0.030561545863747597
0.030601872131228447
0.03111506626009941
0.030713940039277077
0.03016839362680912
0.03063979372382164
0.030345475301146507
0.03072923608124256
0.030641183257102966
0.03105410560965538
0.03029295802116394
0.030894378200173378
0.03114774078130722
0.031112758442759514
0.030972883105278015
0.031332023441791534
0.031156152486801147
0.03118649311363697
0.03150545805692673
0.03177633881568909
0.03167020529508591
0.0315401591360569
0.031785037368535995
0.03145936131477356
0.03187913820147514
0.032216738909482956
0.03150971606373787
0.03206145763397217
0.03158020228147507
0.031524837017059326
0.03228039667010307
0.03223675861954689
0.0322282500565052
0.03232048824429512
0.03223389387130737
0.03234044089913368
0.03274993225932121
0.032289665192365646
0.032199494540691376
0.032195862382650375
0.032354891300201416
0.033055976033210754
0.03255435824394226
0.033046551048755646
0.03288188576698303
0.03285559266805649
0.032971516251564026
0.03314889967441559
0.0333150215446949
0.03274470567703247
0.03290450572967529
0.03345794975757599
0.03299102932214737
0.033921193331480026
0.0332983061671257
0.032911498099565506
0.03406771272420883
0.03381544351577759
0.03335408866405487
0.0337730273604393
0.033903419971466064
0.0338255912065506
0.034010618925094604
0.03404310345649719
0.034088049083948135
0.03395237773656845
0.034377966076135635
0.034505654126405716
0.03406579792499542
0.034093279391527176
0.0341833122074604
0.034523945301771164
0.034612223505973816
0.03435700386762619
0.034817591309547424
0.03509961813688278
0.03479961305856705
0.034786514937877655
0.03466034308075905
0.034388698637485504
0.03512386605143547
0.03466419130563736
0.03458886593580246
0.03501589596271515
0.03506147861480713
0.03511270508170128
0.03507307171821594
0.035537585616111755
0.03499722480773926
0.03557918593287468
0.035737745463848114
0.03561436012387276
0.0350956916809082
0.03585953637957573
0.0356004424393177
0.03589380905032158
0.03593028336763382
0.03581732138991356
0.035706643015146255
0.036269061267375946
0.03597404435276985
0.03615625575184822
0.03644685074687004
0.035880450159311295
0.036490608006715775
0.036197129637002945
0.03658808767795563
0.03615574166178703
0.03632882609963417
0.03652314469218254
0.036216918379068375
0.03613164275884628
0.03678416460752487
0.036748532205820084
0.03656192868947983
0.03712662309408188
0.03690866753458977
0.037179041653871536
0.03691771999001503
0.036939240992069244
0.03719857707619667
0.037550829350948334
0.037171125411987305
0.03695951774716377
0.037311065942049026
0.037538591772317886
0.03791922703385353
0.03751641511917114
0.03742397576570511
0.03785873204469681
0.03777178004384041
0.03787921369075775
0.03809792548418045
0.03806895390152931
0.037878986448049545
0.03801615536212921
0.03819196671247482
0.03818009793758392
0.03857772424817085
0.03819867596030235
0.03853313997387886
0.038319122046232224
0.03840998187661171
0.038486458361148834
0.038762181997299194
0.038939110934734344
0.03868471458554268
0.03860585391521454
0.03816011920571327
0.03884170576930046
0.03868528828024864
0.03903425484895706
0.03898606076836586
0.03930923715233803
0.03860180452466011
0.039655353873968124
0.039155829697847366
0.039490707218647
0.03883076086640358
0.039570678025484085
0.03959131985902786
0.03941205516457558
0.03920246288180351
0.04020613059401512
0.03971495106816292
0.03955092653632164
0.03967617452144623
0.03930409625172615
0.03991750255227089
0.03967411443591118
0.04031464830040932
0.040081512182950974
0.04007131606340408
0.039927173405885696
0.03981110081076622
0.04024514555931091
0.040189869701862335
0.040112681686878204
0.0402468740940094
0.040188711136579514
0.04024159535765648
0.040471725165843964
0.04026912525296211
0.04063890501856804
0.040455255657434464
0.04074355587363243
0.04116453230381012
0.04044417664408684
0.04111187905073166
0.04121062904596329
0.04112119972705841
0.041189223527908325
0.04150376096367836
0.04163546487689018
0.04131736233830452
0.041067589074373245
0.04124436154961586
0.04148925840854645
0.04117501154541969
0.04140269756317139
0.041586581617593765
0.0413387194275856
0.04205949977040291
0.041484285145998
0.041788648813962936
0.041694276034832
0.041809648275375366
0.04186343401670456
0.0421668142080307
0.042351994663476944
0.04209259897470474
0.042106516659259796
0.04254135489463806
0.042768388986587524
0.042297303676605225
0.04188944026827812
0.04217439889907837
0.04256263002753258
0.042714811861515045
0.042744532227516174
0.04290012642741203
0.04276277869939804
0.04297768324613571
0.04303084686398506
0.04291164502501488
0.043054018169641495
0.04326124116778374
0.04283934459090233
0.04341268539428711
0.04365371912717819
0.043128956109285355
0.043056268244981766
0.04346897453069687
0.04370375722646713
0.04362039268016815
0.043164707720279694
0.04357951134443283
0.04309076815843582
0.043585848063230515
0.04373661428689957
0.04398837685585022
0.04378056898713112
0.043873902410268784
0.04360169544816017
0.044414080679416656
0.04415776953101158
0.043743107467889786
0.044156819581985474
0.04412481561303139
0.043903645128011703
0.04411362111568451
0.04423569515347481
0.04442852735519409
0.04404356703162193
0.04422837495803833
0.04497768357396126
0.04452953487634659
0.0444657988846302
0.04440895467996597
0.044965170323848724
0.04480305314064026
0.04475916922092438
0.04512827470898628
0.04438922926783562
0.04502695053815842
0.04496392607688904
0.04531344398856163
0.04486658424139023
0.045227158814668655
0.0453241802752018
0.04548094421625137
0.04511946439743042
0.04527850076556206
0.04551372677087784
0.045782703906297684
0.04538377746939659
0.04605961963534355
0.04567714035511017
0.04562888666987419
0.045877665281295776
0.04600660875439644
0.04572528600692749
0.046142175793647766
0.04617075249552727
0.04597379267215729
0.04619567096233368
0.0464465469121933
0.04623129963874817
0.04649154096841812
0.046408042311668396
0.04622410237789154
0.04662252590060234
0.04700310155749321
0.04643196240067482
0.046142350882291794
0.04674973338842392
0.04664473235607147
0.04674764350056648
0.04661867395043373
0.04735569655895233
0.046766068786382675
0.047369878739118576
0.04720238223671913
0.04696069657802582
0.047205258160829544
0.04728907719254494
0.04724955931305885
0.047478556632995605
0.04758093133568764
0.0473472885787487
0.0472886823117733
0.04719717428088188
0.04746588319540024
0.04784511402249336
0.04767478629946709
0.04758724197745323
0.047782041132450104
0.04774750769138336
0.04763822630047798
0.04773971438407898
0.0488094836473465
0.04821982979774475
0.04785788431763649
0.048027440905570984
0.04825523495674133
0.04780399799346924
0.04804953560233116
0.04825625941157341
0.048241034150123596
0.04824220761656761
0.048529766499996185
0.04846658557653427
0.04903342202305794
0.04894763231277466
0.04831123724579811
0.04921099171042442
0.04893726855516434
0.04877694696187973
0.04885014519095421
0.04911816865205765
0.049481287598609924
0.04947371035814285
0.04891466721892357
0.04913739860057831
0.04913311451673508
0.04943617805838585
0.04944227635860443
0.04941459745168686
0.04938565567135811
0.049742843955755234
0.04994700103998184
0.04970477521419525
0.04961862415075302
0.049466822296381
0.04974857717752457
0.04973622411489487
0.050087254494428635
0.050166644155979156
0.05017136037349701
0.05025118589401245
0.04995954409241676
0.05014735087752342
0.04995648190379143
0.050460513681173325
0.05035697668790817
0.05055559054017067
0.0501212552189827
0.050108958035707474
0.05092661827802658
0.05046750605106354
0.05029376968741417
0.0505983829498291
0.05087410658597946
0.05054831877350807
0.05037384852766991
0.05087967589497566
0.05133991688489914
0.050867486745119095
0.05086968466639519
0.05118487775325775
0.051223840564489365
0.0507400818169117
0.05153276398777962
0.05118069052696228
0.05164440721273422
0.051520638167858124
0.05166558548808098
0.05162884294986725
0.05165491998195648
0.051396261900663376
0.051717955619096756
0.05166458338499069
0.05183962360024452
0.05163225159049034
0.051275353878736496
0.051546186208724976
0.05240422114729881
0.05204698070883751
0.05200159549713135
0.052449777722358704
0.05194484442472458
0.05207080394029617
0.05271407961845398
0.052459485828876495
0.05231780931353569
0.05240095034241676
0.052825767546892166
0.05225292220711708
0.05285317078232765
0.052797723561525345
0.05307551100850105
0.05229639261960983
0.05270463600754738
0.05251597985625267
0.052360884845256805
0.052604783326387405
0.05334216356277466
0.05277317762374878
0.05285286158323288
0.05311022326350212
0.05309402942657471
0.05338394641876221
0.05314043164253235
0.053387727588415146
0.05306634679436684
0.053695663809776306
0.053438302129507065
0.053535204380750656
0.053302422165870667
0.05328686907887459
0.05331740900874138
0.053481005132198334
0.0539996363222599
0.0542973093688488
0.05351629480719566
0.054770536720752716
0.054105084389448166
0.054188426584005356
0.05422159656882286
0.05432068556547165
0.05399547517299652
0.054128434509038925
0.05424146726727486
0.05438142642378807
0.05432138219475746
0.05462666600942612
0.0547129288315773
0.05413667485117912
0.054925404489040375
0.05456697195768356
0.05481596663594246
0.05509371683001518
0.05440506711602211
0.055071767419576645
0.0547095350921154
0.054830778390169144
0.055146653205156326
0.05530199781060219
0.05521456524729729
0.05507183074951172
0.05484715476632118
0.05499208718538284
0.055588312447071075
0.05522884428501129
0.05543588846921921
0.05545373633503914
0.056146290153265
0.05617354065179825
0.05565860494971275
0.05524282529950142
0.05571763217449188
0.056091029196977615
0.055882371962070465
0.05578463152050972
0.05564991384744644
0.05603465437889099
0.05583299323916435
0.0559660904109478
0.056229881942272186
0.05611021816730499
0.05591481924057007
0.05649304389953613
0.05653441324830055
0.056375276297330856
0.056047070771455765
0.056440867483615875
0.05656640604138374
0.05659729987382889
0.0565519817173481
0.05648171901702881
0.05719359219074249
0.05647773668169975
0.05647272989153862
0.05711422488093376
0.057213518768548965
0.05697086453437805
0.057173144072294235
0.05697427690029144
0.05677863955497742
0.057319000363349915
0.05732155963778496
0.05741992965340614
0.057224176824092865
0.05682283267378807
0.057115498930215836
0.0575210377573967
0.05748182162642479
0.057564686983823776
0.05745423585176468
0.0576322041451931
0.057685691863298416
0.057996492832899094
0.05778652802109718
0.05805472284555435
0.05780577287077904
0.05766085535287857
0.058374565094709396
0.05793467536568642
0.05809610337018967
0.05781501531600952
0.05832657963037491
0.05832766741514206
0.05866489186882973
0.05850126966834068
0.05830245465040207
0.05808545649051666
0.058676209300756454
0.058700937777757645
0.05877956748008728
0.058608461171388626
0.05856850743293762
0.05852856859564781
0.059143293648958206
0.058989495038986206
0.05906537547707558
0.05877113342285156
0.05914628133177757
0.058940399438142776
0.058824289590120316
0.05907877907156944
0.05942768231034279
0.05887435004115105
0.05927997827529907
0.059325143694877625
0.05959425866603851
0.05954824388027191
0.05987183377146721
0.05946827679872513
0.05967725068330765
0.06011051684617996
0.05968547984957695
0.06015567481517792
0.05941647291183472
0.05986067280173302
0.05987966060638428
0.05990532413125038
0.06009543687105179
0.059890422970056534
0.06010587513446808
0.06024480611085892
0.06027640402317047
0.06017030403017998
0.05998994782567024
0.060644909739494324
0.06058092042803764
0.0606735460460186
0.060650091618299484
0.06072799116373062
0.060516357421875
0.06061045452952385
0.06020422279834747
0.06061737611889839
0.06054126098752022
0.06112908571958542
0.060588207095861435
0.06113734468817711
0.06079989671707153
0.06087798625230789
0.06121554598212242
0.061048176139593124
0.06126084178686142
0.060938481241464615
0.061306182295084
0.06129971519112587
0.06195096671581268
0.06158432736992836
0.061370138078927994
0.061453547328710556
0.06134742870926857
0.061733175069093704
0.06206351891160011
0.06179143860936165
0.06184130534529686
0.06185896322131157
0.06180145964026451
0.061870649456977844
0.06189412623643875
0.06184565648436546
0.06219663470983505
0.06210403889417648
0.061726611107587814
0.062175579369068146
0.06174251437187195
0.0623152032494545
0.06219889223575592
0.06233856827020645
0.06213708221912384
0.06255175173282623
0.06229973956942558
0.06260605901479721
0.06241938844323158
0.06250451505184174
0.06271830946207047
0.06277783960103989
0.06262356787919998
0.06326059252023697
0.06269874423742294
0.06282515823841095
0.0631176233291626
0.0628824383020401
0.06321648508310318
0.06350365281105042
0.06300338357686996
0.06337336450815201
0.06351279467344284
0.0635705292224884
0.06350445002317429
0.06335867941379547
0.06314803659915924
0.0637964978814125
0.06367947161197662
0.06377939879894257
0.06372342258691788
0.06391987949609756
0.06327204406261444
0.06341832131147385
0.06341684609651566
0.06390397250652313
0.06390923261642456
0.06410448253154755
0.06389930844306946
0.0644310861825943
0.06399533152580261
0.06451519578695297
0.06420589983463287
0.064506396651268
0.06442821770906448
0.06430882960557938
0.06438610702753067
0.06471835821866989
0.06443523615598679
0.06372696906328201
0.06449394673109055
0.06506318598985672
0.06495161354541779
0.06482218205928802
0.06453829258680344
0.06484208256006241
0.06455523520708084
0.0650969073176384
0.06485658138990402
0.06536062061786652
0.06503228098154068
0.06525178253650665
0.06519649922847748
0.06494568288326263
0.06545513868331909
0.06509613245725632
0.06544531136751175
0.06541471928358078
0.06590013951063156
0.06592462956905365
0.06539639830589294
0.06574591249227524
0.06532159447669983
0.06581941246986389
0.06601497530937195
0.06555082648992538
0.06536783277988434
0.06559161096811295
0.06610635668039322
0.06624419242143631
0.06592769920825958
0.06608885526657104
0.06657922267913818
0.06659259647130966
0.06610585749149323
0.06631779670715332
0.06623555719852448
0.06652650982141495
0.06633417308330536
0.06632541120052338
0.06601811200380325
0.06615235656499863
0.06720743328332901
0.06663350015878677
0.06658453494310379
0.06660333275794983
0.06701202690601349
0.0667845755815506
0.06651116162538528
0.06688324362039566
0.06737197935581207
0.0668899342417717
0.06734038889408112
0.06738416105508804
0.06701376289129257
0.06704269349575043
0.0671854168176651
0.06729595363140106
0.06746494024991989
0.0673239529132843
0.0672784373164177
0.06726832687854767
0.0673164501786232
0.0678413137793541
0.06742268055677414
0.0679055005311966
0.0675770565867424
0.06792492419481277
0.06757311522960663
0.06794517487287521
0.06798706948757172
0.06808308511972427
0.06785503029823303
0.06832753866910934
0.06814584136009216
0.06814216822385788
0.0680563822388649
0.067556232213974
0.06836581230163574
0.06840755045413971
0.06831687688827515
0.0682031661272049
0.06855513900518417
0.06828873604536057
0.06901267915964127
0.06862635165452957
0.06852509826421738
0.06843192130327225
0.06880877912044525
0.06853461265563965
0.06866937130689621
0.06869441270828247
0.06915189325809479
0.06921930611133575
0.06872452795505524
0.06945288926362991
0.0692637488245964
0.06898289918899536
0.0692397728562355
0.06969612091779709
0.06923273205757141
0.06912914663553238
0.06996100395917892
0.06937739253044128
0.0697193518280983
0.0694332867860794
0.06952959299087524
0.06970016658306122
0.07001986354589462
0.07013928890228271
0.06960031390190125
0.06948676705360413
0.06994688510894775
0.07009723782539368
0.07003898173570633
0.06978236883878708
0.07030133157968521
0.06964132189750671
0.07011622190475464
0.07019743323326111
0.07021786272525787
0.07014477252960205
0.0699930340051651
0.07014995813369751
0.07078675925731659
0.07013636827468872
0.07028086483478546
0.07021453976631165
0.07058341801166534
0.07081974297761917
0.07065413147211075
0.07036952674388885
0.07086815685033798
0.07092533260583878
0.07056081295013428
0.07102884352207184
0.07082223147153854
0.0710490420460701
0.07105813920497894
0.07147333770990372
0.07132554054260254
0.07152700424194336
0.07098149508237839
0.07158147543668747
0.07107443362474442
0.07167785614728928
0.07171916961669922
0.07150549441576004
0.071446493268013
0.0712103471159935
0.07190582901239395
0.07187101989984512
0.07211939245462418
0.07162008434534073
0.07169387489557266
0.0717521607875824
0.07180213928222656
0.0720025897026062
0.07214178889989853
0.07183405011892319
0.07222984731197357
0.07201168686151505
0.07191186398267746
0.07215375453233719
0.07227395474910736
0.07221229374408722
0.07221774756908417
0.07204269617795944
0.07244882732629776
0.07294133305549622
0.07216658443212509
0.0722455233335495
0.07271279394626617
0.07225509732961655
0.07229773700237274
0.07302679866552353
0.0730067566037178
0.07257294654846191
0.07253601402044296
0.07328788936138153
0.07309573143720627
0.0727202445268631
0.07301284372806549
0.07317695766687393
0.07277900725603104
0.07299865037202835
0.0733715295791626
0.07319776713848114
0.07353973388671875
0.07337972521781921
0.0737772136926651
0.07357770204544067
0.07325384020805359
0.07350084185600281
0.07353097200393677
0.07330305129289627
0.07366085797548294
0.07368218898773193
0.07381762564182281
0.07354959100484848
0.07435052841901779
0.07412625104188919
0.07379234582185745
0.07406415790319443
0.07452027499675751
0.07373171299695969
0.07413389533758163
0.07422959804534912
0.07418712973594666
0.07438746839761734
0.07451630383729935
0.07401785254478455
0.07448700070381165
0.07408284395933151
0.07430810481309891
0.07458291202783585
0.07453272491693497
0.07433760166168213
0.0742984190583229
0.0746384784579277
0.07473021000623703
0.07414331287145615
0.0745992511510849
0.07495418190956116
0.07491636276245117
0.07507046312093735
0.07500720024108887
0.0744958445429802
0.07491862773895264
0.07483957707881927
0.07558637112379074
0.07514464855194092
0.07520132511854172
0.07533196359872818
0.07545386254787445
0.07535751909017563
0.07506441324949265
0.0752716064453125
0.0752824917435646
0.07590533792972565
0.07613268494606018
0.07560534030199051
0.07588741183280945
0.07571982592344284
0.07574077695608139
0.07580702751874924
0.07548175752162933
0.0758308693766594
0.07569105923175812
0.07623893022537231
0.0760217159986496
0.07614368200302124
0.07621492445468903
0.0764024406671524
0.07629968225955963
0.07627516239881516
0.076250821352005
0.0767136663198471
0.07607053965330124
0.07625581324100494
0.07616230845451355
0.07650982588529587
0.07617121934890747
0.07648186385631561
0.07671897858381271
0.07662387192249298
0.07687100023031235
0.0769481211900711
0.07697422057390213
0.07700234651565552
0.07693249732255936
0.07700448483228683
0.07698602229356766
0.07684911042451859
0.07693534344434738
0.07716953754425049
0.07731083780527115
0.07743913680315018
0.0773935317993164
0.07745805382728577
0.07749269157648087
0.07732044160366058
0.07770583778619766
0.07741431891918182
0.07759453356266022
0.07767357677221298
0.07806014269590378
0.07774344086647034
0.07762838900089264
0.07760174572467804
0.07784650474786758
0.07769592851400375
0.0776963084936142
0.07799956947565079
0.07793384045362473
0.07817018777132034
0.07826647907495499
0.07801353931427002
0.07816118001937866
0.07825227081775665
0.07777275890111923
0.07811296731233597
0.07829969376325607
0.07854013890028
0.07826248556375504
0.07878427952528
0.07840172946453094
0.07904206961393356
0.07840587198734283
0.07886743545532227
0.07874590158462524
0.07881922274827957
0.07869849354028702
0.07853323966264725
0.07875209301710129
0.07901176810264587
0.07849680632352829
0.0789782851934433
0.07918255031108856
0.07903347909450531
0.07906518876552582
0.07889124751091003
0.07922416180372238
0.07944139093160629
0.07875501364469528
0.0792173519730568
0.07936041057109833
0.07936430722475052
0.07988132536411285
0.07913654297590256
0.07948296517133713
0.07945869863033295
0.07941950112581253
0.07940150797367096
0.07953043282032013
0.07964620739221573
0.07982032001018524
0.0795983299612999
0.07972799241542816
0.07951512187719345
0.07985842972993851
0.07963431626558304
0.07981441915035248
0.08004496991634369
0.08005020767450333
0.08003617078065872
0.08049041777849197
0.08029485493898392
0.08073386549949646
0.08006703853607178
0.08072636276483536
0.08018577098846436
0.08107166737318039
0.08057700097560883
0.08076653629541397
0.08063027262687683
0.08015529811382294
0.08046876639127731
0.08074383437633514
0.08063960820436478
0.08115547895431519
0.08131028711795807
0.0807301253080368
0.08072587847709656
0.0809561237692833
0.08112336695194244
0.08108240365982056
0.081174336373806
0.08111178874969482
0.08125321567058563
0.08146631717681885
0.08105479925870895
0.08109254390001297
0.08134046941995621
0.08151894807815552
0.08120186626911163
0.08156146109104156
0.08176083117723465
0.08180923759937286
0.08131580799818039
0.08179739862680435
0.0818302109837532
0.08185037225484848
0.08179304748773575
0.08205465227365494
0.08172177523374557
0.08215425908565521
0.08200012147426605
0.08203376829624176
0.08182671666145325
0.08227790147066116
0.08225046843290329
0.08226193487644196
0.08151911199092865
0.08234675228595734
0.08233442157506943
0.08228042721748352
0.08257683366537094
0.08250755816698074
0.08279851824045181
0.08259370177984238
0.08213045448064804
0.08208681643009186
0.08233858644962311
0.0825788825750351
0.08275600522756577
0.08267003297805786
0.08274699747562408
0.08300419896841049
0.08302024006843567
0.08260754495859146
0.08346101641654968
0.08292833715677261
0.0829458236694336
0.08284410089254379
0.08354561775922775
0.08324572443962097
0.08296091854572296
0.08303876221179962
0.08359573781490326
0.0833929106593132
0.08358398079872131
0.08353293687105179
0.08375638723373413
0.08322097361087799
0.08352724462747574
0.08358193933963776
0.08385610580444336
0.08383020013570786
0.08383054286241531
0.08335400372743607
0.0831390768289566
0.08359923213720322
0.0839361846446991
0.0836491584777832
0.08410000056028366
0.08395066857337952
0.08370848745107651
0.08389175683259964
0.08416914939880371
0.0840861052274704
0.08457745611667633
0.08460213243961334
0.08419623225927353
0.08407530188560486
0.08454111963510513
0.08462649583816528
0.08469582349061966
0.08437253534793854
0.08436872065067291
0.08469293266534805
0.08494238555431366
0.08490458130836487
0.08524033427238464
0.08524872362613678
0.08463630080223083
0.08525526523590088
0.08493785560131073
0.08510120958089828
0.08451377600431442
0.08487917482852936
0.08517861366271973
0.0846647098660469
0.08466721326112747
0.0849657729268074
0.08507382869720459
0.08514738082885742
0.08525355160236359
0.08513420075178146
0.08517996966838837
0.08557134121656418
0.08549386262893677
0.08564875274896622
0.08534035831689835
0.08542364835739136
0.08611391484737396
0.08557257801294327
0.08534761518239975
0.08526431024074554
0.08604184538125992
0.08570031821727753
0.08583579957485199
0.08555783331394196
0.08604665845632553
0.08577083051204681
0.08641204237937927
0.08599929511547089
0.08624763041734695
0.0861428752541542
0.08602079749107361
0.08622191846370697
0.08587206155061722
0.08638973534107208
0.08651494979858398
0.08629599213600159
0.08628546446561813
0.08658294379711151
0.08613502979278564
0.08649076521396637
0.0862666666507721
0.08655895292758942
0.08721940964460373
0.08641635626554489
0.08689744770526886
0.08671455085277557
0.08673702925443649
0.08736919611692429
0.0871177464723587
0.08706999570131302
0.086976058781147
0.08677399903535843
0.08675475418567657
0.08700202405452728
0.08730116486549377
0.08717912435531616
0.08741030097007751
0.0871887281537056
0.08738088607788086
0.0874224603176117
0.08737079799175262
0.0875261127948761
0.08790141344070435
0.08721456676721573
0.08751862496137619
0.08777336031198502
0.08792050927877426
0.08806153386831284
0.08801065385341644
0.08797410875558853
0.08775363117456436
0.08749105781316757
0.0879349634051323
0.08831660449504852
0.08791784942150116
0.08786411583423615
0.08836478739976883
0.08780118823051453
0.08838623017072678
0.08849161863327026
0.08834376186132431
0.08827772736549377
0.08826151490211487
0.08809471130371094
0.08857275545597076
0.08867271989583969
0.08818332850933075
0.08820194005966187
0.08875041455030441
0.08855482190847397
0.08845780789852142
0.08862876147031784
0.08874155580997467
0.08844906836748123
0.08882071822881699
0.08876368403434753
0.08888057619333267
0.08830999583005905
0.08926398307085037
0.08882536739110947
0.08918052166700363
0.08931989222764969
0.08876551687717438
0.0892450362443924
0.08931223303079605
0.08941800892353058
0.08922238647937775
0.08943617343902588
0.08947261422872543
0.08902795612812042
0.0892743244767189
0.08959519863128662
0.08936791121959686
0.08974139392375946
0.0894605815410614
0.08939175307750702
0.08961179852485657
0.08946307748556137
0.08928246796131134
0.08941550552845001
0.09005171805620193
0.0904143899679184
0.08990903943777084
0.09004364162683487
0.08993058651685715
0.09033624827861786
0.08989929407835007
0.09009387344121933
0.09012330323457718
0.08980420231819153
0.0902688056230545
0.09053277969360352
0.09057282656431198
0.09046246856451035
0.0904284119606018
0.09015681594610214
0.09072626382112503
0.09022654592990875
0.09025316685438156
0.09087106585502625
0.09080789238214493
0.09088412672281265
0.09083028137683868
0.09032443910837173
0.09082843363285065
0.09053543210029602
0.09037919342517853
0.09101957827806473
0.09094366431236267
0.09099344909191132
0.09038572013378143
0.09107506275177002
0.09116014838218689
0.090836301445961
0.09121044725179672
0.09106623381376266
0.09117703884840012
0.09150097519159317
0.09121857583522797
0.09121402353048325
0.09176205843687057
0.09134536981582642
0.09119775146245956
0.09138409048318863
0.09107852727174759
0.09203538298606873
0.0916043221950531
0.09139329195022583
0.09156482666730881
0.09176626056432724
0.09217514842748642
0.09167779982089996
0.09191153943538666
0.09185823798179626
0.09189647436141968
0.09172702580690384
0.09186293184757233
0.09203281998634338
0.09242106974124908
0.09209480881690979
0.09245071560144424
0.09214702993631363
0.09224043786525726
0.09214713424444199
0.09196565300226212
0.09245913475751877
0.09216688573360443
0.09247658401727676
0.09244202822446823
0.09270823746919632
0.09217289090156555
0.09227898716926575
0.09262556582689285
0.09259996563196182
0.09269051998853683
0.09276881814002991
0.09257549792528152
0.09300781786441803
0.09297876805067062
0.09296838194131851
0.0926436260342598
0.09291164577007294
0.0932186022400856
0.09329328685998917
0.0935027152299881
0.09300994873046875
0.09345942735671997
0.09333106130361557
0.09338967502117157
0.09275562316179276
0.09319541603326797
0.09325799345970154
0.09356573224067688
0.0936191976070404
0.0934031531214714
0.09362910687923431
0.09387943893671036
0.0940646231174469
0.09348589181900024
0.09342706948518753
0.09369798749685287
0.09415846318006516
0.09389740228652954
0.09340854734182358
0.09373282641172409
0.09352816641330719
0.09361293166875839
0.09353127330541611
0.09406627714633942
0.09370351582765579
0.09384072571992874
0.09398826211690903
0.0945705696940422
0.09443765878677368
0.09436585009098053
0.09430444985628128
0.09410349279642105
0.094289131462574
0.09442618489265442
0.09487326443195343
0.09460809826850891
0.09455787390470505
0.09456756711006165
0.09495381265878677
0.09432658553123474
0.09481554478406906
0.0946609303355217
0.0945366621017456
0.09409217536449432
0.09470514953136444
0.09500087052583694
0.09470506757497787
0.09522179514169693
0.095084048807621
0.09474659711122513
0.09518272429704666
0.0948496162891388
0.09491059184074402
0.09532298892736435
0.09527313709259033
0.09576594829559326
0.09513352811336517
0.09521704167127609
0.09538809955120087
0.09547343850135803
0.09552744030952454
0.0962170884013176
0.09579349309206009
0.09560473263263702
0.09542118012905121
0.09574887901544571
0.09576687216758728
0.09560083597898483
0.09576095640659332
0.09588421881198883
0.09568513929843903
0.095734141767025
0.09542889893054962
0.09592849761247635
0.0960540771484375
0.09609011560678482
0.09579990059137344
0.09593883156776428
0.09610335528850555
0.09609394520521164
0.09617336839437485
0.09617771208286285
0.09622272104024887
0.0964546799659729
0.09679396450519562
0.09604236483573914
0.09646256268024445
0.09642235189676285
0.0965471938252449
0.0966300368309021
0.09662844240665436
0.09647063910961151
0.096781887114048
0.09666489064693451
0.09699148684740067
0.09653566777706146
0.09748786687850952
0.09663494676351547
0.09713488817214966
0.09689126908779144
0.09718086570501328
0.09671160578727722
0.0966537818312645
0.09695621579885483
0.0970175638794899
0.09713343530893326
0.09764203429222107
0.09741866588592529
0.09739251434803009
0.09742400050163269
0.09696744382381439
0.09726538509130478
0.09726366400718689
0.09761160612106323
0.09744596481323242
0.09749322384595871
0.09815199673175812
0.09726745635271072
0.09749765694141388
0.09734389185905457
0.09772445261478424
0.09737589955329895
0.09794347733259201
0.09797073900699615
0.09760043770074844
0.09828359633684158
0.09759612381458282
0.09816987812519073
0.09788446128368378
0.09802739322185516
0.09823080152273178
0.09762055426836014
0.09801775962114334
0.09789863973855972
0.09850022196769714
0.09856216609477997
0.09807051718235016
0.09838434308767319
0.0985070988535881
0.0983060747385025
0.09859973937273026
0.09870659559965134
0.09841828793287277
0.09833334386348724
0.09858128428459167
0.09828615188598633
0.09829622507095337
0.09862782806158066
0.098613440990448
0.09881188720464706
0.09846452623605728
0.09909258037805557
0.09932366758584976
0.09871965646743774
0.09917224943637848
0.09899908304214478
0.09906839579343796
0.09915429353713989
0.0993635281920433
0.09902910143136978
0.09884727746248245
0.09903163462877274
0.09962950646877289
0.09906374663114548
0.09946976602077484
0.09923253953456879
0.09954642504453659
0.09946233034133911
0.09962540864944458
0.09920024871826172
0.10001034289598465
0.09942039847373962
0.09947486221790314
0.09952476620674133
0.09995938092470169
0.0997055172920227
0.09927497059106827
0.10019519180059433
0.09986363351345062
0.10013014078140259
0.0995524525642395
0.09946680814027786
0.10004271566867828
0.09934394061565399
0.10030487179756165
0.1001836359500885
0.10023584216833115
0.09982214123010635
0.1001199260354042
0.1003364622592926
0.10011129081249237
0.1002696305513382
0.10014031827449799
0.10094483196735382
0.10050123929977417
0.10013288259506226
0.10000229626893997
0.10019862651824951
0.10044454783201218
0.10048782080411911
0.10037992149591446
0.10088000446557999
0.10015150904655457
0.10051899403333664
0.10132431238889694
0.10067153722047806
0.10088225454092026
0.10081161558628082
0.10102418065071106
0.100900799036026
0.1009659543633461
0.10151434689760208
0.10087431222200394
0.10102549195289612
0.10119657218456268
0.10136941075325012
0.10157139599323273
0.10140660405158997
0.1012343093752861
0.10178355127573013
0.10126019269227982
0.10133064538240433
0.10119437426328659
0.1017298623919487
0.1011052280664444
0.10194443166255951
0.10142330825328827
0.10153751820325851
0.1015755906701088
0.10200802981853485
0.10156966745853424
0.10138002038002014
0.10148975998163223
0.10198744386434555
0.10215145349502563
0.10185848921537399
0.10239645093679428
0.1018524318933487
0.10245224088430405
0.10203636437654495
0.10159444808959961
0.10210887342691422
0.1022864580154419
0.10209671407938004
0.10270991176366806
0.10268610715866089
0.10233122855424881
0.10227801650762558
0.10263888537883759
0.10261448472738266
0.10267108678817749
0.1029655784368515
0.10264421999454498
0.10242649167776108
0.10222890228033066
0.1024956926703453
0.10243166238069534
0.1026761531829834
0.10264778882265091
0.1028737872838974
0.10294760018587112
0.10268651694059372
0.10277874767780304
0.10230447351932526
0.10314469039440155
0.102985680103302
0.10296377539634705
0.10294438898563385
0.10331375151872635
0.10246996581554413
0.1034109815955162
0.10309657454490662
0.10303302854299545
0.10329631716012955
0.10341020673513412
0.10360641032457352
0.10345418006181717
0.10332296043634415
0.10353007167577744
0.1031859889626503
0.10366696119308472
0.1035565510392189
0.10393762588500977
0.10340820252895355
0.10376517474651337
0.1039738655090332
0.10367085039615631
0.10376124083995819
0.10366053879261017
0.10365509241819382
0.10401614010334015
0.10384134948253632
0.10404772311449051
0.10435842722654343
0.1038404256105423
0.10411711037158966
0.10418543219566345
0.10427138209342957
0.10410114377737045
0.10450132936239243
0.10420414060354233
0.10418219119310379
0.10432614386081696
0.10422073304653168
0.10429872572422028
0.10422607511281967
0.10433953255414963
0.1046271026134491
0.10405713319778442
0.10437074303627014
0.10483068972826004
0.10440929979085922
0.10450582951307297
0.10487445443868637
0.10472428798675537
0.10478530079126358
0.1045493558049202
0.1051047220826149
0.10513710230588913
0.10501724481582642
0.10464892536401749
0.10533119738101959
0.10490039736032486
0.10485592484474182
0.10512380301952362
0.10526654869318008
0.10483118146657944
0.10476207733154297
0.10489396005868912
0.10540242493152618
0.10508061200380325
0.10514127463102341
0.10520543903112411
0.10552952438592911
0.10530485212802887
0.10527193546295166
0.10550961643457413
0.10538316518068314
0.10595305263996124
0.10568486899137497
0.10533532500267029
0.10577710717916489
0.10589826852083206
0.10548485070466995
0.10583309829235077
0.10520954430103302
0.10626200586557388
0.10565584897994995
0.105718694627285
0.10617910325527191
0.10599154978990555
0.10557248443365097
0.10576952993869781
0.10595662891864777
0.10642121732234955
0.10606136918067932
0.10612013190984726
0.1063205674290657
0.10621267557144165
0.10624266415834427
0.1061353087425232
0.1064685583114624
0.1070113405585289
0.106239914894104
0.10634647309780121
0.10605014860630035
0.10681206732988358
0.10678251087665558
0.1067507341504097
0.1064981073141098
0.10635338723659515
0.10646740347146988
0.10694278031587601
0.10652326047420502
0.10669458657503128
0.10733828693628311
0.10676047205924988
0.10724466294050217
0.10682133585214615
0.10718545317649841
0.10697866976261139
0.10704614222049713
0.1069117933511734
0.1071634441614151
0.10724741220474243
0.10677626729011536
0.10741722583770752
0.10725071281194687
0.1073443666100502
0.10732592642307281
0.10759643465280533
0.10746682435274124
0.10717561841011047
0.10709217935800552
0.10750868171453476
0.10772456973791122
0.10766386240720749
0.10777595639228821
0.10741449892520905
0.10782225430011749
0.10792328417301178
0.10756006836891174
0.10818837583065033
0.10737628489732742
0.1079268828034401
0.10763649642467499
0.10845056921243668
0.1079203337430954
0.10827139765024185
0.10792624950408936
0.10793205350637436
0.10836806893348694
0.10799991339445114
0.10791611671447754
0.10826566070318222
0.10834161937236786
0.108241006731987
0.10822389274835587
0.1081719771027565
0.10815545916557312
0.10824451595544815
0.10838666558265686
0.10841498523950577
0.10811803489923477
0.10808578133583069
0.10842728614807129
0.10867097228765488
0.10839017480611801
0.10860005766153336
0.10898476094007492
0.10817795246839523
0.10934155434370041
0.1089593768119812
0.10879436135292053
0.10888855904340744
0.10867031663656235
0.10886609554290771
0.10865780711174011
0.10876243561506271
0.10855596512556076
0.1087835282087326
0.10914796590805054
0.10939551889896393
0.10903864353895187
0.10935797542333603
0.10883347690105438
0.1090942844748497
0.10897884517908096
0.10991436243057251
0.10928454250097275
0.10927871614694595
0.10917782783508301
0.10941025614738464
0.10921040177345276
0.10935309529304504
0.10965916514396667
0.10949911177158356
0.11027880758047104
0.10982836037874222
0.11006855219602585
0.10988292843103409
0.10934969782829285
0.10971096158027649
0.10947053879499435
0.1098654717206955
0.10989637672901154
0.10968982428312302
0.11023106426000595
0.11000261455774307
0.11005348712205887
0.10969337075948715
0.11007345467805862
0.11015933007001877
0.10992003977298737
0.11039023846387863
0.11054174602031708
0.11003707349300385
0.11003842949867249
0.11005870252847672
0.10982837527990341
0.11041750013828278
0.1103317141532898
0.11035996675491333
0.11005672812461853
0.11053242534399033
0.11010584235191345
0.11020351946353912
0.1106841042637825
0.11080612242221832
0.11122677475214005
0.11081960052251816
0.11123019456863403
0.1104499101638794
0.1109611988067627
0.11077868193387985
0.11096120625734329
0.11100037395954132
0.1110612004995346
0.11086144298315048
0.11082204431295395
0.11101783812046051
0.11130926758050919
0.11120138317346573
0.11123278737068176
0.11128278076648712
0.11145470291376114
0.11111324280500412
0.11106050759553909
0.11156036704778671
0.111544668674469
0.11145458370447159
0.11130256205797195
0.11167920380830765
0.11157440394163132
0.11130478978157043
0.11203745752573013
0.11146004498004913
0.11145107448101044
0.11209442466497421
0.11154148727655411
0.11138969659805298
0.11195338517427444
0.11169847100973129
0.11152733117341995
0.11153639853000641
0.11183424293994904
0.11177653819322586
0.11183594167232513
0.11183661967515945
0.11144990473985672
0.11195407807826996
0.11240682750940323
0.11196234077215195
0.11198621243238449
0.11234985291957855
0.11249643564224243
0.11205989122390747
0.1124962717294693
0.11180872470140457
0.11171282827854156
0.11190657317638397
0.11271662265062332
0.11265885829925537
0.11204193532466888
0.11248576641082764
0.11246103048324585
0.11228034645318985
0.11300895363092422
0.11253571510314941
0.1130976676940918
0.11260270327329636
0.11296433210372925
0.11267533153295517
0.1126929372549057
0.11296574771404266
0.11291590332984924
0.11281342059373856
0.11296801269054413
0.11329414695501328
0.11318927258253098
0.1133083924651146
0.11314468830823898
0.11277316510677338
0.11367344111204147
0.11282701790332794
0.11315950751304626
0.11303269863128662
0.11366500705480576
0.11281082779169083
0.11320582032203674
0.11303168535232544
0.11359359323978424
0.1136736050248146
0.11365599930286407
0.11355014145374298
0.1133372038602829
0.11331779509782791
0.11344030499458313
0.11365009844303131
0.11365879327058792
0.11356037110090256
0.11367251724004745
0.11387841403484344
0.11352544277906418
0.11408855766057968
0.11383011937141418
0.11429812014102936
0.11372449994087219
0.11392395198345184
0.11421538889408112
0.11377748847007751
0.11410927772521973
0.11369163542985916
0.1138782873749733
0.11393008381128311
0.11376011371612549
0.11430252343416214
0.11408978700637817
0.1143420860171318
0.11414787173271179
0.1145978793501854
0.11389525979757309
0.1141885295510292
0.11436086148023605
0.11444912105798721
0.11450318247079849
0.1150951161980629
0.11459130793809891
0.11442385613918304
0.11462116241455078
0.1146511361002922
0.11509234458208084
0.114624984562397
0.11501006036996841
0.11505308002233505
0.114698126912117
0.11528003960847855
0.11495041847229004
0.1144089475274086
0.1151294857263565
0.11466706544160843
0.11513195186853409
0.11493360996246338
0.1147390827536583
0.1151805967092514
0.11500436067581177
0.11500466614961624
0.11536972224712372
0.11539774388074875
0.11548234522342682
0.11539028584957123
0.11461158096790314
0.11522173136472702
0.11542173475027084
0.11564536392688751
0.11543092876672745
0.11507318168878555
0.11558052897453308
0.11561518907546997
0.11577373743057251
0.11552844941616058
0.11570015549659729
0.115445576608181
0.11572017520666122
0.11564850062131882
0.1158132553100586
0.11562685668468475
0.11618254333734512
0.1152818500995636
0.11547858268022537
0.11594365537166595
0.11607149988412857
0.11623755097389221
0.11529102921485901
0.11612741649150848
0.11598751693964005
0.11606456339359283
0.11566463112831116
0.11579436808824539
0.11598727107048035
0.1163705438375473
0.11659897863864899
0.11651555448770523
0.11600380390882492
0.11643388122320175
0.11588311195373535
0.11656790226697922
0.1160845011472702
0.11629784852266312
0.11669902503490448
0.11705412715673447
0.11680538207292557
0.11670040339231491
0.11621037870645523
0.11657156050205231
0.1169695109128952
0.11639434844255447
0.11658821254968643
0.11658388376235962
0.11718807369470596
0.11702731996774673
0.11682135611772537
0.11673054844141006
0.11691613495349884
0.11688372492790222
0.11675606667995453
0.11716504395008087
0.11729546636343002
0.11694412678480148
0.1171884834766388
0.1169896274805069
0.11711090058088303
0.11697119474411011
0.11719102412462234
0.11763182282447815
0.11735363304615021
0.11753225326538086
0.11684902757406235
0.11780557036399841
0.11748471856117249
0.11722663789987564
0.11765916645526886
0.11732898652553558
0.117474265396595
0.11746039241552353
0.11741124838590622
0.1176028624176979
0.11746697127819061
0.1176665723323822
0.11784672737121582
0.1182105541229248
0.11798440665006638
0.11815185099840164
0.1174405887722969
0.1180439293384552
0.11814884096384048
0.11789022386074066
0.11772868782281876
0.11789843440055847
0.11827057600021362
0.11793239414691925
0.1176568865776062
0.11807720363140106
0.11838643252849579
0.11826096475124359
0.11835792660713196
0.11838535219430923
0.11818834394216537
0.11813656240701675
0.11812557280063629
0.11874140799045563
0.11841180175542831
0.11845298856496811
0.11833347380161285
0.1184716522693634
0.11839425563812256
0.1187799870967865
0.11852138489484787
0.11867715418338776
0.11871088296175003
0.1188218891620636
0.11896535009145737
0.11860822141170502
0.11905863136053085
0.11879996210336685
0.1186608150601387
0.11864176392555237
0.11895941197872162
0.11900395900011063
0.11861862987279892
0.1190890297293663
0.11890202015638351
0.11883540451526642
0.11927858740091324
0.11914017051458359
0.11891337484121323
0.11929741501808167
0.11918714642524719
0.11902308464050293
0.11959458142518997
0.11934490501880646
0.1191229596734047
0.11931584030389786
0.11904402077198029
0.11921859532594681
0.11991722136735916
0.11953526735305786
0.11928623914718628
0.11966969817876816
0.119852714240551
0.11961840838193893
0.11980698257684708
0.1198362186551094
0.11976338922977448
0.11935205012559891
0.11950831115245819
0.11965399980545044
0.12003111839294434
0.11949217319488525
0.11982295662164688
0.1197102889418602
0.12015347182750702
0.12035033106803894
0.12021815776824951
0.12030772119760513
0.12018787115812302
0.11990062892436981
0.12011740356683731
0.12054634839296341
0.11959552019834518
0.12042113393545151
0.12005624175071716
0.12024524062871933
0.12032526731491089
0.12041652947664261
0.12063566595315933
0.12030395120382309
0.1206706315279007
0.12045017629861832
0.12068367749452591
0.12027182430028915
0.12061965465545654
0.12037002295255661
0.12049887329339981
0.12084461003541946
0.12064331769943237
0.12070440500974655
0.12059440463781357
0.12091997265815735
0.12064273655414581
0.1208186224102974
0.1205977201461792
0.12098341435194016
0.12104532122612
0.12085390090942383
0.12080088257789612
0.12119599431753159
0.12075246125459671
0.12131085991859436
0.1214662492275238
0.12103316932916641
0.12129291892051697
0.12109087407588959
0.12128526717424393
0.12100597470998764
0.12107884138822556
0.1212984025478363
0.12154228240251541
0.12140944600105286
0.12141049653291702
0.12159283459186554
0.12122169882059097
0.12201902270317078
0.12143288552761078
0.12132884562015533
0.12163402885198593
0.12162234634160995
0.12126677483320236
0.12157101929187775
0.12199372053146362
0.12189176678657532
0.12161426991224289
0.12168373167514801
0.12188709527254105
0.12188316136598587
0.12158125638961792
0.12177993357181549
0.12191171199083328
0.12200760096311569
0.12188540399074554
0.12202150374650955
0.12219087779521942
0.1221228688955307
0.1221792995929718
0.12191852182149887
0.12211176753044128
0.12152432650327682
0.12225165963172913
0.12246602028608322
0.12218304723501205
0.12212897092103958
0.1220494955778122
0.1222822442650795
0.12242588400840759
0.122068852186203
0.12251035124063492
0.12216945737600327
0.12240508943796158
0.12243102490901947
0.12195814400911331
0.12267053127288818
0.12248674780130386
0.12272282689809799
0.12251954525709152
0.12294042855501175
0.12262871861457825
0.12294331938028336
0.12264607846736908
0.12266422063112259
0.12337066233158112
0.1230347603559494
0.12254590541124344
0.12319502234458923
0.12329640239477158
0.12338130921125412
0.12271515280008316
0.12310081720352173
0.12307977676391602
0.12314906716346741
0.1231025755405426
0.12308117747306824
0.12311484664678574
0.12320384383201599
0.12332896888256073
0.12321029603481293
0.12361454963684082
0.12342177331447601
0.12325182557106018
0.1235370859503746
0.12338440120220184
0.1235983744263649
0.12380743771791458
0.12320311367511749
0.12338549643754959
0.12354988604784012
0.12380613386631012
0.12330318987369537
0.1234317496418953
0.12376505136489868
0.1236996129155159
0.12417367100715637
0.1236739531159401
0.12338423728942871
0.12379234284162521
0.12384877353906631
0.12341351807117462
0.12388420850038528
0.1240708976984024
0.12381548434495926
0.12374009191989899
0.12406022101640701
0.124134860932827
0.12394049763679504
0.12392441183328629
0.12479116022586823
0.1242239847779274
0.1241217628121376
0.12497695535421371
0.12378352880477905
0.12416832149028778
0.12435103207826614
0.12419045716524124
0.12448160350322723
0.12452669441699982
0.12410435080528259
0.124729685485363
0.12466555833816528
0.1248060017824173
0.12490732967853546
0.1247071623802185
0.12458421289920807
0.12490791827440262
0.12497817724943161
0.12436241656541824
0.12499654293060303
0.12478161603212357
0.12487868219614029
0.12497547268867493
0.12442266196012497
0.12509547173976898
0.12487707287073135
0.124754898250103
0.12505778670310974
0.12487775087356567
0.12572278082370758
0.12471425533294678
0.12462149560451508
0.1251382678747177
0.12513670325279236
0.12515537440776825
0.1250847578048706
0.1253296285867691
0.12526433169841766
0.12548460066318512
0.12572844326496124
0.1253402978181839
0.12523235380649567
0.12517766654491425
0.1255476176738739
0.12555427849292755
0.1257350891828537
0.12545046210289001
0.12538157403469086
0.12526355683803558
0.12588167190551758
0.12565264105796814
0.12612995505332947
0.12529174983501434
0.12559688091278076
0.12623515725135803
0.1260214000940323
0.12600082159042358
0.1259232610464096
0.12620460987091064
0.1255413144826889
0.12582652270793915
0.12623660266399384
0.1257617473602295
0.12607106566429138
0.12593677639961243
0.12579350173473358
0.12592138350009918
0.12639105319976807
0.12622696161270142
0.12596888840198517
0.12595920264720917
0.12637107074260712
0.1259675770998001
0.12589380145072937
0.12674258649349213
0.12673120200634003
0.12620998919010162
0.12617094814777374
0.12610402703285217
0.12683390080928802
0.1263623833656311
0.12695805728435516
0.1262802630662918
0.1269179731607437
0.1268438994884491
0.12660273909568787
0.12649355828762054
0.12702114880084991
0.12666070461273193
0.12683799862861633
0.1266176849603653
0.12721037864685059
0.12676192820072174
0.12671326100826263
0.12683463096618652
0.12676189839839935
0.1265016496181488
0.12668216228485107
0.12728555500507355
0.1274772435426712
0.1269761174917221
0.12691442668437958
0.1272030621767044
0.1266939789056778
0.12731949985027313
0.12738953530788422
0.12729747593402863
0.1275341957807541
0.1268937885761261
0.12710608541965485
0.1273333877325058
0.12734967470169067
0.12726742029190063
0.12734799087047577
0.12750667333602905
0.12747907638549805
0.12742210924625397
0.12753158807754517
0.1273530125617981
0.12749481201171875
0.12772364914417267
0.1277044266462326
0.1274421364068985
0.1279914379119873
0.12761473655700684
0.1283564269542694
0.12772232294082642
0.12780794501304626
0.1276114135980606
0.12790529429912567
0.1278197318315506
0.1275956779718399
0.12769994139671326
0.12775687873363495
0.12797655165195465
0.1281639188528061
0.12771502137184143
0.12811046838760376
0.12848937511444092
0.12785007059574127
0.12793898582458496
0.12831518054008484
0.1281231790781021
0.1281176507472992
0.12818758189678192
0.12855274975299835
0.12837986648082733
0.12786422669887543
0.12836861610412598
0.12815247476100922
0.12851881980895996
0.1278623342514038
0.12866371870040894
0.1282849907875061
0.12878306210041046
0.12843412160873413
0.12870989739894867
0.12888652086257935
0.12886308133602142
0.12902113795280457
0.12887725234031677
0.12845636904239655
0.12861064076423645
0.12898105382919312
0.12885473668575287
0.12905742228031158
0.12873055040836334
0.12899981439113617
0.12850230932235718
0.12880472838878632
0.1292950063943863
0.12883299589157104
0.1288928985595703
0.12935970723628998
0.1286589354276657
0.12903301417827606
0.12925098836421967
0.1287325918674469
0.12942630052566528
0.129141166806221
0.12915661931037903
0.12935611605644226
0.12943729758262634
0.12896518409252167
0.1293831616640091
0.12873496115207672
0.12930022180080414
0.12936532497406006
0.12914088368415833
0.12958936393260956
0.1294163018465042
0.12976261973381042
0.12934036552906036
0.1298445463180542
0.1297728419303894
0.1299782544374466
0.12971891462802887
0.13008905947208405
0.12937287986278534
0.1301654726266861
0.12990158796310425
0.13011504709720612
0.12995560467243195
0.12964452803134918
0.13035161793231964
0.12978827953338623
0.1297776997089386
0.13022971153259277
0.12987226247787476
0.1303737461566925
0.1300954669713974
0.13022342324256897
0.13042742013931274
0.13007423281669617
0.13045339286327362
0.13048915565013885
0.13038593530654907
0.13028252124786377
0.13001905381679535
0.12999767065048218
0.13041038811206818
0.1305646300315857
0.1303139328956604
0.13031286001205444
0.1307535320520401
0.13051992654800415
0.13024334609508514
0.1305137425661087
0.13045817613601685
0.13048091530799866
0.13066749274730682
0.13060158491134644
0.130700945854187
0.13110855221748352
0.13088755309581757
0.13077881932258606
0.13095369935035706
0.1311977207660675
0.13068996369838715
0.13066819310188293
0.13087686896324158
0.13077513873577118
0.13088493049144745
0.1312352865934372
0.13074913620948792
0.13110899925231934
0.13107290863990784
0.13099676370620728
0.131254643201828
0.13097228109836578
0.13147486746311188
0.1311366856098175
0.13137884438037872
0.1311902552843094
0.1313171088695526
0.13109372556209564
0.13115914165973663
0.13129137456417084
0.13112597167491913
0.1314740926027298
0.13129162788391113
0.13174660503864288
0.13166317343711853
0.1311081349849701
0.13091355562210083
0.13132235407829285
0.1318761706352234
0.13151055574417114
0.13139207661151886
0.13196046650409698
0.13146252930164337
0.13170255720615387
0.13187646865844727
0.13181939721107483
0.13143694400787354
0.13155099749565125
0.13156411051750183
0.1315370500087738
0.13189822435379028
0.1316334754228592
0.132137268781662
0.13177451491355896
0.13210704922676086
0.13168126344680786
0.13197609782218933
0.13164296746253967
0.13212381303310394
0.13205468654632568
0.1321929544210434
0.1326371282339096
0.13186240196228027
0.1322150081396103
0.13191457092761993
0.1322138011455536
0.132643923163414
0.13200651109218597
0.13241535425186157
0.13228574395179749
0.13195040822029114
0.13249202072620392
0.13270962238311768
0.1327686756849289
0.1326158344745636
0.13244691491127014
0.132629856467247
0.13311396539211273
0.13264112174510956
0.13292273879051208
0.13263963162899017
0.13324564695358276
0.13263194262981415
0.13272763788700104
0.13287736475467682
0.13241709768772125
0.13311144709587097
0.13288232684135437
0.13301528990268707
0.13303802907466888
0.13337357342243195
0.13283048570156097
0.13302935659885406
0.13331957161426544
0.13332392275333405
0.13291887938976288
0.13344234228134155
0.13333871960639954
0.13297699391841888
0.13319548964500427
0.13317056000232697
0.13333748281002045
0.13331645727157593
0.1335618942975998
0.13311247527599335
0.13364577293395996
0.1338268667459488
0.13342523574829102
0.13356931507587433
0.13356171548366547
0.13399143517017365
0.1332365870475769
0.13325431942939758
0.13357669115066528
0.13323429226875305
0.13328981399536133
0.13356460630893707
0.13379406929016113
0.1332499235868454
0.133930504322052
0.1338462382555008
0.13346196711063385
0.13364799320697784
0.13392457365989685
0.13386064767837524
0.1337556391954422
0.13411928713321686
0.1338019222021103
0.13368000090122223
0.13399527966976166
0.13424839079380035
0.13436685502529144
0.1338222622871399
0.1337476372718811
0.13421428203582764
0.13399642705917358
0.1341676115989685
0.133965864777565
0.13407312333583832
0.1342831403017044
0.13387995958328247
0.1345839500427246
0.13429686427116394
0.1344783455133438
0.1342436522245407
0.13458538055419922
0.13473565876483917
0.1343410462141037
0.13472561538219452
0.13442550599575043
0.13421259820461273
0.1351826936006546
0.13414640724658966
0.13475003838539124
0.13475853204727173
0.1349412053823471
0.1346307098865509
0.1347493976354599
0.134587362408638
0.13476192951202393
0.1347912698984146
0.13496658205986023
0.13479287922382355
0.13442090153694153
0.134773850440979
0.13494578003883362
0.13503345847129822
0.13516990840435028
0.1346196085214615
0.13517974317073822
0.13522963225841522
0.13501711189746857
0.13516615331172943
0.135138601064682
0.13566364347934723
0.13492296636104584
0.13525830209255219
0.13518063724040985
0.13498555123806
0.13510069251060486
0.1355101615190506
0.1354564130306244
0.13520711660385132
0.13537564873695374
0.13485513627529144
0.13515038788318634
0.13524073362350464
0.13565367460250854
0.1354573369026184
0.13568168878555298
0.1355711966753006
0.13541047275066376
0.13591240346431732
0.13567082583904266
0.13573871552944183
0.13589271903038025
0.13523323833942413
0.13553068041801453
0.13535542786121368
0.13561518490314484
0.13551731407642365
0.13576506078243256
0.13579969108104706
0.1357220858335495
0.13623270392417908
0.1359339952468872
0.1363309919834137
0.136062890291214
0.136254221200943
0.13645103573799133
0.13597515225410461
0.13630829751491547
0.1355869621038437
0.13614824414253235
0.13589926064014435
0.13598434627056122
0.13681943714618683
0.13609641790390015
0.1362612396478653
0.13657061755657196
0.1364251673221588
0.1362684965133667
0.1359081119298935
0.13647529482841492
0.1367412507534027
0.13673773407936096
0.13642947375774384
0.13648048043251038
0.13652311265468597
0.13630664348602295
0.1368085741996765
0.13628731667995453
0.13663361966609955
0.1367611587047577
0.13626304268836975
0.13631385564804077
0.1367993801832199
0.13675719499588013
0.13689984381198883
0.136711984872818
0.13695013523101807
0.13713288307189941
0.13674044609069824
0.1367184817790985
0.13718514144420624
0.13694879412651062
0.13713040947914124
0.137130007147789
0.13683055341243744
0.13661997020244598
0.13686728477478027
0.13718833029270172
0.13721732795238495
0.13706684112548828
0.13698703050613403
0.1369480937719345
0.13670937716960907
0.1374109387397766
0.13697214424610138
0.13766860961914062
0.13731014728546143
0.1371835470199585
0.13699671626091003
0.1374661922454834
0.1374431699514389
0.1372014433145523
0.13745179772377014
0.1373579353094101
0.13748839497566223
0.13775554299354553
0.13768558204174042
0.13764211535453796
0.13814407587051392
0.13768145442008972
0.13747918605804443
0.13792814314365387
0.1377200335264206
0.13764245808124542
0.13817563652992249
0.13735295832157135
0.13791503012180328
0.13765962421894073
0.13757935166358948
0.1375783532857895
0.13751201331615448
0.13767145574092865
0.13834547996520996
0.13755714893341064
0.13806405663490295
0.13787111639976501
0.1380915641784668
0.13790138065814972
0.1382995992898941
0.13838475942611694
0.13789553940296173
0.13800400495529175
0.1382705569267273
0.13877074420452118
0.1378127485513687
0.13822661340236664
0.13877320289611816
0.1384277194738388
0.13806675374507904
0.13829970359802246
0.13865238428115845
0.13800400495529175
0.13821618258953094
0.1385616958141327
0.13808105885982513
0.13858842849731445
0.1385297030210495
0.13845187425613403
0.13851511478424072
0.1384485810995102
0.1385928839445114
0.13847868144512177
0.13878998160362244
0.1390201300382614
0.13887223601341248
0.13849879801273346
0.13878686726093292
0.13886074721813202
0.13910317420959473
0.13875949382781982
0.13929110765457153
0.13863031566143036
0.13901378214359283
0.1390479952096939
0.1387150138616562
0.13900639116764069
0.13875466585159302
0.1388462632894516
0.13914066553115845
0.13910959661006927
0.13919053971767426
0.1388973891735077
0.13941742479801178
0.13929805159568787
0.13926254212856293
0.13912564516067505
0.13900546729564667
0.13936588168144226
0.13936437666416168
0.13926030695438385
0.13965554535388947
0.13947473466396332
0.13977964222431183
0.13919633626937866
0.1392320692539215
0.13929350674152374
0.13956712186336517
0.1395052820444107
0.1396576464176178
0.13957765698432922
0.13961832225322723
0.1393347531557083
0.1391092985868454
0.13951504230499268
0.13985688984394073
0.13964608311653137
0.14007587730884552
0.13987213373184204
0.13970066606998444
0.14029423892498016
0.1398538500070572
0.13941849768161774
0.13998156785964966
0.14023983478546143
0.13983367383480072
0.13975760340690613
0.13952530920505524
0.1398322880268097
0.13998635113239288
0.140100359916687
0.14040599763393402
0.14010383188724518
0.14032040536403656
0.14022670686244965
0.14015832543373108
0.1400965452194214
0.14054721593856812
0.14028537273406982
0.1403706967830658
0.1402394324541092
0.14058712124824524
0.14008940756320953
0.14038226008415222
0.13975079357624054
0.14050661027431488
0.14048713445663452
0.14019590616226196
0.1401507407426834
0.1406887024641037
0.14053986966609955
0.14036452770233154
0.14057046175003052
0.14107854664325714
0.14037904143333435
0.14122837781906128
0.14012537896633148
0.14086292684078217
0.14056581258773804
0.14065764844417572
0.14046017825603485
0.14100779592990875
0.1407841444015503
0.14125344157218933
0.14047512412071228
0.14081865549087524
0.1405026912689209
0.14039240777492523
0.1411789357662201
0.14081692695617676
0.14104142785072327
0.1406608521938324
0.14102675020694733
0.14079920947551727
0.14110328257083893
0.14100010693073273
0.14107191562652588
0.1412057876586914
0.14100390672683716
0.14077924191951752
0.14161309599876404
0.1413794308900833
0.14196597039699554
0.14141584932804108
0.14093056321144104
0.1412968933582306
0.1415490359067917
0.1409490406513214
0.1414017677307129
0.14130155742168427
0.14164945483207703
0.1414799690246582
0.14115755259990692
0.14169837534427643
0.1415901929140091
0.14156219363212585
0.14186987280845642
0.1414186805486679
0.14132572710514069
0.14190024137496948
0.141891747713089
0.1416746973991394
0.1421002745628357
0.14162954688072205
0.14225716888904572
0.14199358224868774
0.14208900928497314
0.14181753993034363
0.14171983301639557
0.14211592078208923
0.1421820968389511
0.14196322858333588
0.14193081855773926
0.141720712184906
0.1422009915113449
0.1422417312860489
0.14189645648002625
0.14204369485378265
0.14220091700553894
0.1425396054983139
0.14202170073986053
0.14220166206359863
0.14208488166332245
0.1425805687904358
0.14199043810367584
0.14208558201789856
0.1422843635082245
0.14243783056735992
0.14237171411514282
0.14245456457138062
0.1421177238225937
0.14225956797599792
0.14237679541110992
0.142781600356102
0.14237864315509796
0.14262628555297852
0.14263798296451569
0.1430981457233429
0.14289234578609467
0.14287056028842926
0.14252203702926636
0.14210350811481476
0.1428953856229782
0.14254091680049896
0.14269722998142242
0.14232124388217926
0.14296597242355347
0.14289866387844086
0.1427522599697113
0.142892986536026
0.14313919842243195
0.14300405979156494
0.14268040657043457
0.1428554207086563
0.1429365873336792
0.14319169521331787
0.14265869557857513
0.1432265043258667
0.1430932879447937
0.14312368631362915
0.14318832755088806
0.14295226335525513
0.143166184425354
0.14273019134998322
0.14256085455417633
0.14326082170009613
0.1430836170911789
0.1430635005235672
0.14341223239898682
0.1433500200510025
0.14292913675308228
0.1437331587076187
0.14349550008773804
0.1435336321592331
0.14333032071590424
0.14380823075771332
0.14313547313213348
0.14367356896400452
0.1431867927312851
0.14322273433208466
0.14325416088104248
0.14338801801204681
0.14361459016799927
0.14381149411201477
0.1437685787677765
0.1435239315032959
0.14337880909442902
0.14341391623020172
0.14369440078735352
0.14405597746372223
0.1437303125858307
0.14372152090072632
0.143721342086792
0.14398381114006042
0.14405572414398193
0.1440063714981079
0.14376121759414673
0.14407427608966827
0.14396028220653534
0.14392007887363434
0.14387410879135132
0.14405189454555511
0.14398109912872314
0.14352139830589294
0.14435766637325287
0.14400875568389893
0.1441747099161148
0.14430493116378784
0.14400845766067505
0.14431534707546234
0.1439945548772812
0.14442186057567596
0.14410273730754852
0.1445099264383316
0.1444251835346222
0.1444631665945053
0.1446586400270462
0.14407499134540558
0.14406362175941467
0.14433026313781738
0.14446070790290833
0.14448195695877075
0.14425447583198547
0.14423136413097382
0.14465835690498352
0.14421968162059784
0.14449462294578552
0.14501751959323883
0.1444549411535263
0.1444748342037201
0.14455845952033997
0.1451703906059265
0.14482088387012482
0.14482253789901733
0.1447531282901764
0.14471378922462463
0.14421667158603668
0.14473724365234375
0.14455603063106537
0.14461101591587067
0.14481544494628906
0.1447506695985794
0.1453428864479065
0.1450207233428955
0.14493484795093536
0.1450127512216568
0.1450497955083847
0.14508163928985596
0.14498575031757355
0.14503397047519684
0.14516787230968475
0.14571654796600342
0.14551082253456116
0.14517754316329956
0.14514411985874176
0.14542324841022491
0.1454675942659378
0.14556463062763214
0.14537155628204346
0.14576467871665955
0.14523866772651672
0.14575433731079102
0.1455545872449875
0.14559277892112732
0.1457052379846573
0.1453993320465088
0.14495007693767548
0.14564001560211182
0.1453075110912323
0.14548945426940918
0.14582549035549164
0.1455400288105011
0.14563137292861938
0.145753413438797
0.14535602927207947
0.14548642933368683
0.14531834423542023
0.1453949511051178
0.14598724246025085
0.14567439258098602
0.14597204327583313
0.14605437219142914
0.14578388631343842
0.146138533949852
0.1460687816143036
0.14614543318748474
0.1455511450767517
0.1459948718547821
0.14549751579761505
0.14608950912952423
0.1463497281074524
0.1461733877658844
0.14606653153896332
0.14654575288295746
0.14531902968883514
0.14624086022377014
0.14597058296203613
0.1464361995458603
0.14638300240039825
0.1461494117975235
0.14674457907676697
0.14616157114505768
0.14648820459842682
0.1461309939622879
0.14680680632591248
0.1465613842010498
0.14640970528125763
0.14655569195747375
0.14630243182182312
0.14659568667411804
0.1465984731912613
0.14655907452106476
0.14655832946300507
0.14651717245578766
0.14657387137413025
0.14667989313602448
0.14659088850021362
0.14624688029289246
0.1467169225215912
0.14651483297348022
0.14664916694164276
0.14676620066165924
0.14675310254096985
0.1468426138162613
0.14645132422447205
0.14683040976524353
0.14683640003204346
0.1466398686170578
0.1466950923204422
0.14675474166870117
0.14664284884929657
0.14726249873638153
0.14689607918262482
0.14701233804225922
0.14698576927185059
0.1467263102531433
0.1471477597951889
0.14670602977275848
0.14738069474697113
0.14688870310783386
0.14706562459468842
0.1473161280155182
0.14688250422477722
0.14691029489040375
0.14738060534000397
0.147462397813797
0.14727190136909485
0.14749503135681152
0.14710310101509094
0.1473183035850525
0.14687655866146088
0.14750079810619354
0.1473107784986496
0.14712412655353546
0.14756730198860168
0.1477288156747818
0.1473846733570099
0.14745426177978516
0.14741526544094086
0.14733725786209106
0.1478337049484253
0.14791083335876465
0.14733187854290009
0.14740359783172607
0.14760823547840118
0.14798229932785034
0.14739392697811127
0.14775176346302032
0.14759205281734467
0.14747650921344757
0.1473926305770874
0.14742890000343323
0.1477300077676773
0.1474997103214264
0.1481752246618271
0.14783208072185516
0.1477905809879303
0.14848755300045013
0.148288756608963
0.14744991064071655
0.1480712890625
0.1483142226934433
0.14778268337249756
0.14813067018985748
0.14810864627361298
0.14801840484142303
0.1477750688791275
0.1480724960565567
0.14789441227912903
0.14810144901275635
0.1481628268957138
0.1481465846300125
0.14832738041877747
0.14844346046447754
0.14803028106689453
0.148387148976326
0.14843234419822693
0.14839006960391998
0.14811909198760986
0.14826631546020508
0.14866064488887787
0.14857368171215057
0.1484091877937317
0.14847144484519958
0.14840984344482422
0.14883843064308167
0.14899925887584686
0.14830738306045532
0.14855481684207916
0.14813409745693207
0.1487969011068344
0.1490149348974228
0.1484844833612442
0.14836865663528442
0.148728609085083
0.1488434374332428
0.148426815867424
0.1486191600561142
0.14832042157649994
0.1486791968345642
0.14872600138187408
0.14898738265037537
0.14894722402095795
0.14942196011543274
0.14870083332061768
0.14875048398971558
0.1489483118057251
0.1485714614391327
0.14920902252197266
0.1488666534423828
0.14894777536392212
0.14899960160255432
0.1490909904241562
0.14890000224113464
0.1490473747253418
0.14912867546081543
0.14889346063137054
0.14930489659309387
0.14885331690311432
0.14909201860427856
0.14932793378829956
0.14953695237636566
0.14940118789672852
0.14940331876277924
0.14925214648246765
0.14888544380664825
0.14971661567687988
0.14958950877189636
0.14966505765914917
0.14940115809440613
0.14952249825000763
0.1498027890920639
0.15001454949378967
0.14931803941726685
0.14945200085639954
0.1495506465435028
0.1492290496826172
0.14972980320453644
0.1498895138502121
0.14971894025802612
0.14952632784843445
0.14997214078903198
0.14997568726539612
0.14933821558952332
0.14984241127967834
0.14958292245864868
0.14929427206516266
0.1498805582523346
0.15007033944129944
0.14997468888759613
0.15011613070964813
0.14974865317344666
0.14974547922611237
0.14982463419437408
0.150027334690094
0.14975547790527344
0.14986714720726013
0.15051335096359253
0.15035933256149292
0.1499517410993576
0.15067622065544128
0.15053297579288483
0.1500227153301239
0.14977893233299255
0.14990234375
0.1502469778060913
0.1503554880619049
0.15012213587760925
0.15063364803791046
0.14987874031066895
0.14974519610404968
0.15018093585968018
0.1502518653869629
0.15009360015392303
0.1507028192281723
0.15025819838047028
0.15034763514995575
0.150175541639328
0.15081042051315308
0.15064062178134918
0.15038862824440002
0.15039364993572235
0.15051241219043732
0.15060487389564514
0.15050633251667023
0.15084592998027802
0.15035542845726013
0.15085066854953766
0.15081948041915894
0.1506556123495102
0.15061265230178833
0.15099145472049713
0.15055248141288757
0.15159477293491364
0.1506425142288208
0.15096013247966766
0.1509084552526474
0.15110833942890167
0.15068481862545013
0.15036387741565704
0.1508089154958725
0.15116968750953674
0.1506059467792511
0.15115121006965637
0.15085503458976746
0.1512269377708435
0.1509043127298355
0.15078534185886383
0.15112356841564178
0.15108947455883026
0.15124058723449707
0.15133553743362427
0.15076647698879242
0.15109023451805115
0.15124528110027313
0.15115807950496674
0.1513916701078415
0.15078942477703094
0.15118582546710968
0.15171325206756592
0.15135887265205383
0.1509244590997696
0.1509397178888321
0.15134547650814056
0.15125805139541626
0.15150639414787292
0.15120719373226166
0.15133444964885712
0.15123100578784943
0.1512560099363327
0.15180233120918274
0.1515115648508072
0.15132153034210205
0.1516273468732834
0.15152539312839508
0.15197381377220154
0.15209674835205078
0.1511431634426117
0.15158358216285706
0.15150046348571777
0.15185411274433136
0.1517793834209442
0.15206167101860046
0.15179802477359772
0.15104840695858002
0.1522206962108612
0.15213122963905334
0.15194351971149445
0.15201972424983978
0.15234138071537018
0.15196679532527924
0.1520000398159027
0.15211355686187744
0.15156036615371704
0.1519562304019928
0.15193791687488556
0.1522955745458603
0.1516534835100174
0.15229582786560059
0.1516873836517334
0.15191876888275146
0.15223358571529388
0.15253563225269318
0.15223200619220734
0.15211130678653717
0.15192128717899323
0.15228630602359772
0.15242666006088257
0.15176309645175934
0.15214689075946808
0.15263596177101135
0.15223358571529388
0.1524827927350998
0.152475968003273
0.15265990793704987
0.15223920345306396
0.15259583294391632
0.15261736512184143
0.15240325033664703
0.15246224403381348
0.1525939553976059
0.15252315998077393
0.15258276462554932
0.15242910385131836
0.15266145765781403
0.1525389850139618
0.15228982269763947
0.1523974984884262
0.15257909893989563
0.1527678668498993
0.15296973288059235
0.15312904119491577
0.153193861246109
0.15237607061862946
0.15297868847846985
0.1528109908103943
0.15266652405261993
0.15305304527282715
0.15323783457279205
0.1530081033706665
0.1527765393257141
0.1531071811914444
0.15309153497219086
0.15281951427459717
0.15279030799865723
0.15300077199935913
0.1529240757226944
0.15294602513313293
0.15297049283981323
0.15303291380405426
0.15304002165794373
0.15339817106723785
0.15315181016921997
0.15296775102615356
0.15327247977256775
0.15321864187717438
0.15322043001651764
0.1535746455192566
0.15353523194789886
0.15272760391235352
0.15341073274612427
0.15385158360004425
0.15338288247585297
0.15340664982795715
0.15366911888122559
0.15360963344573975
0.15302684903144836
0.15356770157814026
0.15394707024097443
0.15384571254253387
0.15350644290447235
0.15348289906978607
0.15338943898677826
0.15335538983345032
0.15372885763645172
0.1536339521408081
0.15371114015579224
0.15364666283130646
0.15353523194789886
0.1532626897096634
0.1534358710050583
0.15394262969493866
0.15394137799739838
0.15362811088562012
0.15350796282291412
0.15381041169166565
0.15390624105930328
0.15379831194877625
0.15358133614063263
0.15383560955524445
0.15379570424556732
0.1541813462972641
0.15380017459392548
0.15402165055274963
0.15407204627990723
0.1541806310415268
0.15372571349143982
0.1541280299425125
0.15396320819854736
0.15438556671142578
0.15441633760929108
0.15421225130558014
0.15430320799350739
0.1542322337627411
0.15413948893547058
0.154056116938591
0.15453079342842102
0.15431566536426544
0.15481314063072205
0.15410630404949188
0.15433208644390106
0.15418431162834167
0.15425407886505127
0.15446773171424866
0.1543228030204773
0.15454018115997314
0.1549367606639862
0.15446510910987854
0.15409287810325623
0.1548788994550705
0.1541130542755127
0.15463295578956604
0.15518955886363983
0.15453965961933136
0.1544082760810852
0.15450438857078552
0.15427343547344208
0.1549432873725891
0.15475991368293762
0.15480050444602966
0.15472088754177094
0.15412172675132751
0.1544673889875412
0.1545819491147995
0.15462975203990936
0.15484419465065002
0.1545724868774414
0.1551297903060913
0.15433591604232788
0.15473197400569916
0.1544577032327652
0.1550828069448471
0.1553577333688736
0.15496420860290527
0.15506014227867126
0.15510107576847076
0.15545062720775604
0.15460748970508575
0.15488283336162567
0.15545952320098877
0.15472204983234406
0.15541793406009674
0.15490752458572388
0.15493962168693542
0.15495671331882477
0.15534956753253937
0.15519164502620697
0.1551060974597931
0.15525339543819427
0.15553952753543854
0.15524646639823914
0.15496312081813812
0.1552441418170929
0.1557166874408722
0.155561164021492
0.1548616588115692
0.1550755798816681
0.1554608792066574
0.15555021166801453
0.15499600768089294
0.1553066223859787
0.15572360157966614
0.15547767281532288
0.15556085109710693
0.15535496175289154
0.15614058077335358
0.15514978766441345
0.15513116121292114
0.15556137263774872
0.15560434758663177
0.1555989682674408
0.15563227236270905
0.15565429627895355
0.1555252969264984
0.1553013175725937
0.15554304420948029
0.15561115741729736
0.1556801050901413
0.15595902502536774
0.1558116376399994
0.15548023581504822
0.15582099556922913
0.15585649013519287
0.15593279898166656
0.15593908727169037
0.15618054568767548
0.1560317724943161
0.15621833503246307
0.1558801680803299
0.155774787068367
0.156174898147583
0.15558503568172455
0.15555863082408905
0.15626050531864166
0.1558663696050644
0.15636445581912994
0.15619206428527832
0.15586291253566742
0.15616491436958313
0.1563737392425537
0.15682493150234222
0.15652279555797577
0.15620818734169006
0.15629124641418457
0.1559315323829651
0.15643295645713806
0.15667393803596497
0.1565352827310562
0.15601828694343567
0.15612612664699554
0.15646448731422424
0.15657150745391846
0.15663044154644012
0.15668432414531708
0.1565302312374115
0.15615542232990265
0.15690013766288757
0.15629199147224426
0.15651775896549225
0.15611602365970612
0.15677005052566528
0.15660366415977478
0.15674006938934326
0.15712180733680725
0.1563797891139984
0.15731948614120483
0.15688815712928772
0.156986266374588
0.15685920417308807
0.15660105645656586
0.15684857964515686
0.15642958879470825
0.15692849457263947
0.15692013502120972
0.156668558716774
0.1569402515888214
0.15708737075328827
0.15693455934524536
0.15658986568450928
0.15684139728546143
0.15648894011974335
0.1569942981004715
0.15666739642620087
0.15742069482803345
0.15691587328910828
0.15702834725379944
0.15707649290561676
0.15681754052639008
0.15669795870780945
0.15673251450061798
0.15731258690357208
0.1574612557888031
0.15695270895957947
0.156968355178833
0.1572592854499817
0.15734800696372986
0.15707038342952728
0.15735946595668793
0.15738245844841003
0.1577528417110443
0.15742692351341248
0.15725721418857574
0.1570391207933426
0.1574147790670395
0.15731854736804962
0.15714479982852936
0.15692047774791718
0.15719148516654968
0.15731023252010345
0.15747256577014923
0.15736442804336548
0.15748006105422974
0.15747474133968353
0.1579582393169403
0.1577541083097458
0.15764327347278595
0.1577185094356537
0.15759386122226715
0.15727263689041138
0.15778514742851257
0.15767160058021545
0.15751990675926208
0.15765151381492615
0.15772825479507446
0.15829774737358093
0.15758606791496277
0.1576986014842987
0.15759077668190002
0.15768393874168396
0.1579573154449463
0.15822583436965942
0.1574171930551529
0.15829676389694214
0.1577795445919037
0.15801940858364105
0.15769721567630768
0.15814296901226044
0.1579733043909073
0.15773442387580872
0.15802620351314545
0.15830466151237488
0.1582927256822586
0.15802274644374847
0.15788885951042175
0.157913938164711
0.15780149400234222
0.15819361805915833
0.15800385177135468
0.15793298184871674
0.15794502198696136
0.15853480994701385
0.1582050323486328
0.15819226205348969
0.1581169068813324
0.15826760232448578
0.15830250084400177
0.15825848281383514
0.15806980431079865
0.15815512835979462
0.15855048596858978
0.1585032343864441
0.15862689912319183
0.15847721695899963
0.15875592827796936
0.1587565690279007
0.15813645720481873
0.1586928516626358
0.15864451229572296
0.15827733278274536
0.15868552029132843
0.1585402637720108
0.15867283940315247
0.15861600637435913
0.1586979776620865
0.15871359407901764
0.15855452418327332
0.15874294936656952
0.15863530337810516
0.15898922085762024
0.15888044238090515
0.15899880230426788
0.1589476764202118
0.15892817080020905
0.15901361405849457
0.15881197154521942
0.15812674164772034
0.15947499871253967
0.15872988104820251
0.15850123763084412
0.1589086651802063
0.15917997062206268
0.15905031561851501
0.1591220200061798
0.15919829905033112
0.15857316553592682
0.15897603332996368
0.15905152261257172
0.15930123627185822
0.15906557440757751
0.15923720598220825
0.15906541049480438
0.15928728878498077
0.15922309458255768
0.15936487913131714
0.15997563302516937
0.15922249853610992
0.15924164652824402
0.1592056155204773
0.1591603308916092
0.159598246216774
0.1595216989517212
0.15915313363075256
0.15929828584194183
0.1589333564043045
0.15969885885715485
0.15894992649555206
0.15954595804214478
0.15971283614635468
0.15961110591888428
0.15937650203704834
0.15921054780483246
0.15971322357654572
0.15951460599899292
0.1595587134361267
0.15953904390335083
0.15995649993419647
0.15987947583198547
0.15941235423088074
0.1594887375831604
0.1594405621290207
0.15946124494075775
0.159282848238945
0.15968826413154602
0.15974150598049164
0.1596374362707138
0.1598055362701416
0.15936966240406036
0.1596386879682541
0.15948845446109772
0.1599452793598175
0.1598329395055771
0.15981534123420715
0.15952837467193604
0.15949082374572754
0.15954343974590302
0.16013473272323608
0.159673273563385
0.15995603799819946
0.1599719524383545
0.15993362665176392
0.16019564867019653
0.16026616096496582
0.15999667346477509
0.15985269844532013
0.1598099023103714
0.16044671833515167
0.1608574241399765
0.16028498113155365
0.15969592332839966
0.16029848158359528
0.16045883297920227
0.16017644107341766
0.1603429764509201
0.16072829067707062
0.16027364134788513
0.1601497083902359
0.16027754545211792
0.1602141559123993
0.1604175716638565
0.16035984456539154
0.16053475439548492
0.16035544872283936
0.1609012335538864
0.15989500284194946
0.1603090763092041
0.16018791496753693
0.1602937877178192
0.16059963405132294
0.1608113795518875
0.16071759164333344
0.16078495979309082
0.16021104156970978
0.16050192713737488
0.16074205935001373
0.160611093044281
0.16091172397136688
0.1606782227754593
0.1608314961194992
0.1610328108072281
0.1610994040966034
0.16038653254508972
0.16064347326755524
0.16083186864852905
0.16124632954597473
0.16065353155136108
0.1606968343257904
0.1607501208782196
0.16109944880008698
0.1608281284570694
0.1608395278453827
0.16121605038642883
0.16049166023731232
0.16098231077194214
0.16102157533168793
0.16060657799243927
0.16112227737903595
0.1609622687101364
0.16069552302360535
0.1609283685684204
0.1611882895231247
0.16102449595928192
0.16110026836395264
0.1609061062335968
0.16118651628494263
0.16078011691570282
0.16132918000221252
0.16128557920455933
0.16135849058628082
0.16162361204624176
0.1609872281551361
0.16132481396198273
0.1610642820596695
0.16087093949317932
0.16133898496627808
0.16160471737384796
0.16162963211536407
0.1614696979522705
0.16116094589233398
0.16190610826015472
0.16119728982448578
0.16105389595031738
0.16130982339382172
0.16115018725395203
0.1613016128540039
0.16178227961063385
0.16131466627120972
0.1613912135362625
0.1614457070827484
0.16135534644126892
0.1613275408744812
0.16130638122558594
0.16151165962219238
0.16170527040958405
0.1614544838666916
0.16158989071846008
0.1615157425403595
0.1617000699043274
0.1613776683807373
0.16155792772769928
0.16129256784915924
0.16158926486968994
0.16178835928440094
0.16142438352108002
0.16176994144916534
0.16183733940124512
0.16195660829544067
0.16157490015029907
0.16200581192970276
0.16186857223510742
0.16242462396621704
0.16178050637245178
0.1622067540884018
0.16209669411182404
0.16177646815776825
0.16224080324172974
0.16199001669883728
0.1619560718536377
0.16179408133029938
0.16243383288383484
0.16237790882587433
0.1618240922689438
0.16232378780841827
0.16152618825435638
0.16190291941165924
0.16255982220172882
0.1619866043329239
0.1627161055803299
0.16236311197280884
0.16239424049854279
0.16258898377418518
0.1620931774377823
0.16246852278709412
0.16202780604362488
0.16260696947574615
0.16210119426250458
0.1620320826768875
0.16225096583366394
0.16213928163051605
0.16281528770923615
0.16219733655452728
0.16265948116779327
0.16241894662380219
0.1622840166091919
0.16259023547172546
0.162762850522995
0.16308380663394928
0.16235579550266266
0.16281774640083313
0.16289637982845306
0.1624378114938736
0.1623251587152481
0.16240479052066803
0.16280294954776764
0.16310910880565643
0.16297116875648499
0.16265347599983215
0.16276220977306366
0.16230134665966034
0.1628328561782837
0.16280022263526917
0.16258375346660614
0.16325286030769348
0.16313490271568298
0.16282117366790771
0.16277924180030823
0.1627088189125061
0.1629668027162552
0.1630655825138092
0.1627088040113449
0.16258741915225983
0.16322486102581024
0.1631958782672882
0.16268926858901978
0.16314144432544708
0.16270534694194794
0.16352711617946625
0.163028746843338
0.16309349238872528
0.1629464328289032
0.1630372852087021
0.16311055421829224
0.16302622854709625
0.1625811606645584
0.16276966035366058
0.1634816825389862
0.16336841881275177
0.16352160274982452
0.1630420684814453
0.16358134150505066
0.16347049176692963
0.16335871815681458
0.1627834439277649
0.16325831413269043
0.16324463486671448
0.16303624212741852
0.1638757288455963
0.16325047612190247
0.16314704716205597
0.1634000837802887
0.16352926194667816
0.16363121569156647
0.16324150562286377
0.1636316329240799
0.16325990855693817
0.16365133225917816
0.16362793743610382
0.16372835636138916
0.16348300874233246
0.16389606893062592
0.1637958586215973
0.163273423910141
0.163669615983963
0.16326485574245453
0.16354656219482422
0.16339263319969177
0.16367696225643158
0.16283094882965088
0.16351281106472015
0.1641126424074173
0.16406846046447754
0.16342633962631226
0.16369235515594482
0.1638113111257553
0.1639072448015213
0.16371503472328186
0.16382445394992828
0.1638619303703308
0.164091557264328
0.1640494465827942
0.16363532841205597
0.16375569999217987
0.16377195715904236
0.16442608833312988
0.16378186643123627
0.16387556493282318
0.1641998440027237
0.16388367116451263
0.16398835182189941
0.16396567225456238
0.16413834691047668
0.16439636051654816
0.16395972669124603
0.16383664309978485
0.16420066356658936
0.1642393171787262
0.16407723724842072
0.16370725631713867
0.16452376544475555
0.16464510560035706
0.16415637731552124
0.164151132106781
0.16457560658454895
0.16429832577705383
0.16457217931747437
0.1645309329032898
0.16384556889533997
0.16431087255477905
0.16464030742645264
0.16457326710224152
0.16417625546455383
0.16493329405784607
0.16446639597415924
0.1642782986164093
0.1644543707370758
0.1642962247133255
0.1643170714378357
0.16474303603172302
0.16421513259410858
0.1646287590265274
0.1644669771194458
0.1646268665790558
0.16412553191184998
0.16479578614234924
0.164711132645607
0.16469551622867584
0.16460411250591278
0.1650063395500183
0.16495183110237122
0.16474536061286926
0.16450880467891693
0.16479097306728363
0.16422942280769348
0.1649056077003479
0.16452069580554962
0.16470752656459808
0.16512936353683472
0.16477981209754944
0.16442538797855377
0.16504469513893127
0.16454626619815826
0.1649893820285797
0.16512234508991241
0.16498924791812897
0.16497521102428436
0.16479647159576416
0.1649550348520279
0.1651323288679123
0.16530747711658478
0.16482558846473694
0.16505269706249237
0.16478946805000305
0.1647571623325348
0.16488443315029144
0.1652860939502716
0.1651308685541153
0.164927139878273
0.1651768535375595
0.16552945971488953
0.16562622785568237
0.16526201367378235
0.16523313522338867
0.16535751521587372
0.1649446338415146
0.16548694670200348
0.16490788757801056
0.16574057936668396
0.1651919186115265
0.16509419679641724
0.16527293622493744
0.16537727415561676
0.16556301712989807
0.1657070368528366
0.16542668640613556
0.165278360247612
0.16533109545707703
0.16561515629291534
0.1655394583940506
0.16570042073726654
0.1650761365890503
0.1654248833656311
0.165443554520607
0.16560649871826172
0.16508719325065613
0.16561104357242584
0.1658126413822174
0.16544058918952942
0.16525165736675262
0.16557461023330688
0.16553014516830444
0.16613389551639557
0.16583885252475739
0.16508732736110687
0.16618409752845764
0.1655181348323822
0.16568470001220703
0.16572284698486328
0.1661575436592102
0.16528081893920898
0.1656024008989334
0.16576887667179108
0.165754035115242
0.16598272323608398
0.16587240993976593
0.1660708487033844
0.1661616563796997
0.1662711799144745
0.16606992483139038
0.16566354036331177
0.1658201366662979
0.1662057638168335
0.16637161374092102
0.16609270870685577
0.1663687825202942
0.16575142741203308
0.16624219715595245
0.16583795845508575
0.16633306443691254
0.16643254458904266
0.16563309729099274
0.16620738804340363
0.16604025661945343
0.16620656847953796
0.16616840660572052
0.1662587672472
0.16654349863529205
0.16639389097690582
0.16605842113494873
0.16607047617435455
0.1664302945137024
0.16635309159755707
0.1661147028207779
0.1661541759967804
0.16625358164310455
0.1664595603942871
0.16645444929599762
0.16654549539089203
0.16657674312591553
0.16641661524772644
0.16649824380874634
0.1664818823337555
0.16634416580200195
0.1666203886270523
0.1662842482328415
0.16708774864673615
0.16681337356567383
0.16629613935947418
0.1666155457496643
0.16683483123779297
0.16639819741249084
0.1667742133140564
0.16655290126800537
0.16640585660934448
0.16695992648601532
0.16665545105934143
0.16621002554893494
0.16655969619750977
0.16649462282657623
0.16751860082149506
0.16694435477256775
0.1665152907371521
0.1667119860649109
0.16716048121452332
0.1665412187576294
0.16677434742450714
0.16715742647647858
0.1671048104763031
0.166475310921669
0.16676943004131317
0.16725373268127441
0.16656562685966492
0.1670544594526291
0.16692373156547546
0.16683688759803772
0.16692091524600983
0.1668170839548111
0.16734564304351807
0.1672336310148239
0.16736909747123718
0.1671556830406189
0.1668272614479065
0.16671879589557648
0.16724203526973724
0.16708822548389435
0.16721807420253754
0.16748392581939697
0.1668984293937683
0.16699635982513428
0.16730256378650665
0.16755209863185883
0.16706666350364685
0.1667812466621399
0.16740499436855316
0.16738510131835938
0.16690225899219513
0.16734279692173004
0.1673956662416458
0.16700369119644165
0.16765862703323364
0.16737869381904602
0.16701585054397583
0.16747237741947174
0.16706833243370056
0.16735318303108215
0.16736488044261932
0.1674579232931137
0.16742652654647827
0.167708620429039
0.1671374887228012
0.16726167500019073
0.16763266921043396
0.167514830827713
0.16775313019752502
0.16770265996456146
0.16727721691131592
0.16769564151763916
0.16773776710033417
0.16734790802001953
0.16770312190055847
0.16723866760730743
0.16827839612960815
0.1674446314573288
0.16776174306869507
0.1674203723669052
0.1682703197002411
0.1676005870103836
0.16783398389816284
0.16782359778881073
0.16807527840137482
0.1676989644765854
0.16781163215637207
0.16760237514972687
0.16786283254623413
0.16804541647434235
0.16790176928043365
0.16801311075687408
0.16771920025348663
0.16806429624557495
0.1678306609392166
0.1683097779750824
0.16831715404987335
0.16761451959609985
0.1681036353111267
0.1677113175392151
0.16769623756408691
0.16783612966537476
0.16802889108657837
0.16776911914348602
0.1678103804588318
0.16847369074821472
0.16796697676181793
0.16816601157188416
0.16832366585731506
0.16808073222637177
0.16817794740200043
0.16800689697265625
0.1680065542459488
0.16831393539905548
0.16794611513614655
0.1680443435907364
0.1680934876203537
0.16815505921840668
0.16819238662719727
0.16828933358192444
0.16818854212760925
0.16883744299411774
0.16868460178375244
0.16862604022026062
0.16881690919399261
0.16880394518375397
0.16823618113994598
0.16850081086158752
0.16870413720607758
0.16823454201221466
0.16838574409484863
0.16847679018974304
0.16830949485301971
0.16878198087215424
0.16832102835178375
0.16839556396007538
0.16839194297790527
0.16877788305282593
0.16877900063991547
0.16871756315231323
0.1687852442264557
0.16853518784046173
0.1686302274465561
0.16898760199546814
0.16869740188121796
0.16898077726364136
0.1685079038143158
0.16821955144405365
0.16889406740665436
0.16871002316474915
0.16909505426883698
0.16917365789413452
0.16860239207744598
0.16895632445812225
0.1689046025276184
0.16888593137264252
0.16865748167037964
0.16895852982997894
0.16874003410339355
0.16903875768184662
0.16928385198116302
0.16882896423339844
0.1690375953912735
0.1693114936351776
0.1685047149658203
0.16893722116947174
0.16851021349430084
0.16897200047969818
0.1693217158317566
0.16902709007263184
0.1690872460603714
0.16950193047523499
0.16870132088661194
0.16917552053928375
0.16902697086334229
0.16965003311634064
0.16944415867328644
0.16912639141082764
0.16942983865737915
0.16952571272850037
0.1687573939561844
0.16958919167518616
0.16970106959342957
0.16922861337661743
0.16919013857841492
0.16926360130310059
0.16955260932445526
0.16925613582134247
0.169406458735466
0.16876235604286194
0.16940024495124817
0.16937601566314697
0.16935603320598602
0.16939395666122437
0.16890572011470795
0.16939599812030792
0.16942255198955536
0.16973477602005005
0.16951540112495422
0.16946597397327423
0.16943992674350739
0.17003121972084045
0.16940189898014069
0.16936326026916504
0.16961602866649628
0.16987600922584534
0.1696520298719406
0.16957686841487885
0.16950906813144684
0.16952665150165558
0.17006690800189972
0.16953322291374207
0.16953504085540771
0.1700170785188675
0.16965387761592865
0.16979661583900452
0.16945244371891022
0.1698339283466339
0.16977053880691528
0.16972966492176056
0.16996049880981445
0.17000547051429749
0.1700429469347
0.17007151246070862
0.1697605401277542
0.16973407566547394
0.16986729204654694
0.1695147305727005
0.16989552974700928
0.16981062293052673
0.17023983597755432
0.17018695175647736
0.1698121428489685
0.1700376272201538
0.17014692723751068
0.16999050974845886
0.17000620067119598
0.16987255215644836
0.17037461698055267
0.16962434351444244
0.16996410489082336
0.1700616329908371
0.1701001226902008
0.17076055705547333
0.16981887817382812
0.17021246254444122
0.17006251215934753
0.17042221128940582
0.17023620009422302
0.17010879516601562
0.17060671746730804
0.1700609028339386
0.17031703889369965
0.17008548974990845
0.1703338623046875
0.17062917351722717
0.17028282582759857
0.1702345609664917
0.1702885776758194
0.17022284865379333
0.17051278054714203
0.17049206793308258
0.17030413448810577
0.17035211622714996
0.1706601083278656
0.17052435874938965
0.17079764604568481
0.16998539865016937
0.17062696814537048
0.17056909203529358
0.1704276204109192
0.17066319286823273
0.17038153111934662
0.17082607746124268
0.17103658616542816
0.1701323539018631
0.17038977146148682
0.17030419409275055
0.17074614763259888
0.1705649495124817
0.17074300348758698
0.17068351805210114
0.17108315229415894
0.1705877035856247
0.17053815722465515
0.17117264866828918
0.1705116629600525
0.17081309854984283
0.1708967685699463
0.17115658521652222
0.17099201679229736
0.17077483236789703
0.17071844637393951
0.1706712394952774
0.170707568526268
0.17048104107379913
0.1710023581981659
0.1707138866186142
0.17048095166683197
0.170959934592247
0.1712067872285843
0.17078644037246704
0.17107762396335602
0.17103515565395355
0.17100250720977783
0.17101235687732697
0.17138448357582092
0.17057423293590546
0.17071273922920227
0.17096637189388275
0.17078642547130585
0.17108897864818573
0.17092376947402954
0.17134849727153778
0.17127247154712677
0.1716664582490921
0.17110873758792877
0.17122270166873932
0.171366348862648
0.171503484249115
0.17117738723754883
0.17147071659564972
0.1711260974407196
0.17153668403625488
0.17140276730060577
0.17092232406139374
0.17153054475784302
0.1714586615562439
0.17154692113399506
0.17109085619449615
0.17107141017913818
0.17170493304729462
0.1712626963853836
0.17131780087947845
0.17161211371421814
0.1714477241039276
0.17146846652030945
0.17193883657455444
0.17183072865009308
0.17150114476680756
0.17129698395729065
0.17140430212020874
0.17134754359722137
0.17115382850170135
0.17160727083683014
0.17160308361053467
0.1716880202293396
0.17174683511257172
0.1713167130947113
0.17142260074615479
0.17149291932582855
0.17168483138084412
0.1715908944606781
0.17164470255374908
0.1718038022518158
0.17180135846138
0.17141953110694885
0.17212580144405365
0.17158323526382446
0.1719346046447754
0.1717226356267929
0.171739399433136
0.17181876301765442
0.1718214601278305
0.17212609946727753
0.17198576033115387
0.17172670364379883
0.1714469939470291
0.17189595103263855
0.17210620641708374
0.17186765372753143
0.1722269207239151
0.17193976044654846
0.1717752069234848
0.17210547626018524
0.17232316732406616
0.17195667326450348
0.17206032574176788
0.1724403202533722
0.17224536836147308
0.17214810848236084
0.17248864471912384
0.17218859493732452
0.17178869247436523
0.1717260628938675
0.17219780385494232
0.17204220592975616
0.17218942940235138
0.17194263637065887
0.17244069278240204
0.17272427678108215
0.17222382128238678
0.1720229983329773
0.1726604402065277
0.17220726609230042
0.172199085354805
0.1718166172504425
0.17190510034561157
0.1723603904247284
0.1721179336309433
0.17227071523666382
0.17203108966350555
0.17231199145317078
0.17230696976184845
0.17250031232833862
0.17247244715690613
0.17212927341461182
0.17259791493415833
0.17259709537029266
0.17241282761096954
0.17247776687145233
0.17267480492591858
0.17234660685062408
0.17227023839950562
0.17279917001724243
0.1726265251636505
0.1725679337978363
0.17316928505897522
0.17240193486213684
0.17250795662403107
0.1727798730134964
0.17278847098350525
0.172371968626976
0.1726507693529129
0.1722334325313568
0.17262448370456696
0.17264415323734283
0.1729189157485962
0.17257648706436157
0.17271554470062256
0.17242446541786194
0.17326946556568146
0.17329320311546326
0.1729886829853058
0.1727815717458725
0.1733057200908661
0.1729901283979416
0.17289280891418457
0.17283010482788086
0.17297780513763428
0.172745943069458
0.17306038737297058
0.1727115958929062
0.17316725850105286
0.17319239675998688
0.17279990017414093
0.1728018969297409
0.17259696125984192
0.17329885065555573
0.17289967834949493
0.17333266139030457
0.17311710119247437
0.1728731244802475
0.17306597530841827
0.17255690693855286
0.17294520139694214
0.17257480323314667
0.17308355867862701
0.17309871315956116
0.17286673188209534
0.1732797473669052
0.1732480674982071
0.17356273531913757
0.17326103150844574
0.17323622107505798
0.17302413284778595
0.1733126938343048
0.17318741977214813
0.17299549281597137
0.17312686145305634
0.17353717982769012
0.17292174696922302
0.17346477508544922
0.1732824593782425
0.17355528473854065
0.17321284115314484
0.1731393188238144
0.17348353564739227
0.1735680252313614
0.17343921959400177
0.17383883893489838
0.17331916093826294
0.1737290322780609
0.17342379689216614
0.17361390590667725
0.1733074188232422
0.17392663657665253
0.17340929806232452
0.17349155247211456
0.17361462116241455
0.1733858287334442
0.17377455532550812
0.17342185974121094
0.17347940802574158
0.17382505536079407
0.1737331748008728
0.17354336380958557
0.17368672788143158
0.17386242747306824
0.17391017079353333
0.17362427711486816
0.17376989126205444
0.17358744144439697
0.17347557842731476
0.17354094982147217
0.17355497181415558
0.17391932010650635
0.1735367327928543
0.17410512268543243
0.17401231825351715
0.1737692952156067
0.1736542284488678
0.17361976206302643
0.1742984801530838
0.17367079854011536
0.17446278035640717
0.17376340925693512
0.17371447384357452
0.17388887703418732
0.17443978786468506
0.17409902811050415
0.17394711077213287
0.17391128838062286
0.17420634627342224
0.17395910620689392
0.1744062304496765
0.1739356517791748
0.17388856410980225
0.17445360124111176
0.17415471374988556
0.1739039272069931
0.17411914467811584
0.1740483194589615
0.17396289110183716
0.17424510419368744
0.17409776151180267
0.17395247519016266
0.17415553331375122
0.1740545928478241
0.17440417408943176
0.17397955060005188
0.1741732954978943
0.17414365708827972
0.1737787127494812
0.17398867011070251
0.17437700927257538
0.17455054819583893
0.17396396398544312
0.17441648244857788
0.1742033213376999
0.17468908429145813
0.1742871254682541
0.17451052367687225
0.1741449534893036
0.17477574944496155
0.17421703040599823
0.17406661808490753
0.17409206926822662
0.1741943359375
0.17414027452468872
0.17436476051807404
0.17507627606391907
0.1747957319021225
0.17419876158237457
0.17433182895183563
0.1744987815618515
0.17466618120670319
0.17431242763996124
0.17460393905639648
0.17447873950004578
0.1744701862335205
0.17431160807609558
0.1749853491783142
0.17415620386600494
0.17459356784820557
0.17491783201694489
0.1744924783706665
0.1747962087392807
