0.05478959050560661
0.047670544512584456
0.044120548536511706
0.04056585195939988
0.03695762960705906
0.03514284617267549
0.0320336312870495
0.03050830791471526
0.02771582262357697
0.024752697121584788
0.021067864217911847
0.019418241114181
0.018257582560181618
0.018356796354055405
0.018585875630378723
0.018812447786331177
0.018667072057724
0.018815957009792328
0.01940433494746685
0.019030937924981117
0.019358184188604355
0.019338879734277725
0.019493142142891884
0.01955077424645424
0.01929486356675625
0.01951182261109352
0.019603721797466278
0.019641824066638947
0.019421473145484924
0.020151665434241295
0.019858932122588158
0.02020682394504547
0.02016046643257141
0.01999506913125515
0.02058340050280094
0.020319368690252304
0.020186638459563255
0.02055719681084156
0.020595241338014603
0.020474189892411232
0.02087683416903019
0.020733291283249855
0.021370120346546173
0.021147824823856354
0.02098105289041996
0.021109791472554207
0.020816607400774956
0.02144657075405121
0.020968876779079437
0.020955726504325867
0.021888907998800278
0.021775107830762863
0.021723471581935883
0.021484658122062683
0.021807502955198288
0.02211080491542816
0.02216155454516411
0.02181343361735344
0.021913569420576096
0.021848592907190323
0.02234688587486744
0.022620199248194695
0.02253151312470436
0.022823384031653404
0.022875169292092323
0.022996818646788597
0.023014210164546967
0.02289651148021221
0.022729571908712387
0.023076694458723068
0.02293773554265499
0.02325030416250229
0.0229895431548357
0.0234467051923275
0.023520590737462044
0.02343689650297165
0.023137282580137253
0.02371564880013466
0.02387819066643715
0.02390935644507408
0.02422698400914669
0.023913327604532242
0.023863758891820908
0.024288946762681007
0.02429058589041233
0.02415633760392666
0.024308744817972183
0.02424631267786026
0.02464514598250389
0.02466660365462303
0.024484185501933098
0.024956198409199715
0.024809056892991066
0.025068700313568115
0.02507210336625576
0.025090530514717102
0.02519185096025467
0.02554459311068058
0.025451282039284706
0.0257980115711689
0.025763409212231636
0.025921758264303207
0.025916414335370064
0.026025554165244102
0.025627173483371735
0.025943834334611893
0.026036059483885765
0.02592265047132969
0.02652961015701294
0.026782728731632233
0.026489248499274254
0.02668224461376667
0.026444556191563606
0.026380497962236404
0.026436014100909233
0.026867464184761047
0.027002928778529167
0.026538487523794174
0.027428098022937775
0.02767985314130783
0.026997799053788185
0.027345983311533928
0.027667492628097534
0.02767191268503666
0.027376797050237656
0.027389083057641983
0.02725818380713463
0.02788570523262024
0.027940405532717705
0.027398603036999702
0.02799050323665142
0.028146499767899513
0.028539098799228668
0.028164854273200035
0.02879481390118599
0.028467783704400063
0.02841644547879696
0.028833279386162758
0.02905571460723877
0.028736378997564316
0.02887195162475109
0.028812143951654434
0.029127757996320724
0.028679100796580315
0.028859637677669525
0.029413864016532898
0.029090356081724167
0.02964726649224758
0.029480647295713425
0.030019335448741913
0.029564006254076958
0.02953915484249592
0.030058111995458603
0.029789229854941368
0.030169818550348282
0.02970730885863304
0.030125407502055168
0.029969843104481697
0.030105536803603172
0.030460825189948082
0.030478226020932198
0.031023569405078888
0.03096565045416355
0.030705168843269348
0.030988670885562897
0.030726207420229912
0.030997367575764656
0.031001491472125053
0.031373925507068634
0.03153340891003609
0.031628821045160294
0.03120993822813034
0.03148441016674042
0.03162923827767372
0.031511224806308746
0.03197341784834862
0.03156255558133125
0.03227236866950989
0.03213940188288689
0.03171750530600548
0.032181039452552795
0.032547030597925186
0.03240636736154556
0.03176027908921242
0.03235553577542305
0.03223041445016861
0.03259950876235962
0.03310314938426018
0.03278570622205734
0.03315212205052376
0.03303735330700874
0.03293817490339279
0.033351097255945206
0.03336092084646225
0.03322622552514076
0.033171094954013824
0.03313443064689636
0.033492427319288254
0.03340773656964302
0.03321141004562378
0.033608242869377136
0.03366011008620262
0.03436411917209625
0.03411589190363884
0.034427449107170105
0.03428550064563751
0.034035824239254
0.034288253635168076
0.03412467613816261
0.03444143757224083
0.03453739359974861
0.035112716257572174
0.03502075374126434
0.03468456491827965
0.03471099212765694
0.034945882856845856
0.0351778045296669
0.03521173819899559
0.03510424122214317
0.03501247242093086
0.035151347517967224
0.035356998443603516
0.0355907566845417
0.035381097346544266
0.0359521321952343
0.03524809330701828
0.03587770462036133
0.035991739481687546
0.03629855066537857
0.035375554114580154
0.036485686898231506
0.03577228635549545
0.03645441681146622
0.0361640527844429
0.036617644131183624
0.03648647293448448
0.0365513414144516
0.03655146434903145
0.037036240100860596
0.03667909651994705
0.036666389554739
0.03703620657324791
0.03715457022190094
0.037349820137023926
0.03692946955561638
0.0375300757586956
0.037425559014081955
0.03760001063346863
0.037338171154260635
0.03751932457089424
0.03766089677810669
0.03781338036060333
0.037753619253635406
0.037467148154973984
0.037938330322504044
0.03810793161392212
0.03777139261364937
0.03802584111690521
0.03810771554708481
0.03822077065706253
0.0383506640791893
0.03899650275707245
0.03819764405488968
0.03867034614086151
0.03899572044610977
0.03846460208296776
0.03862561285495758
0.03908790275454521
0.038851626217365265
0.0389241948723793
0.03976261243224144
0.038674723356962204
0.03931524232029915
0.039363570511341095
0.039685528725385666
0.03996400535106659
0.040075015276670456
0.03995605930685997
0.03992723673582077
0.03957158699631691
0.040045078843832016
0.03984304144978523
0.04029705375432968
0.04012882709503174
0.04046251252293587
0.04043081775307655
0.04102536663413048
0.040338318794965744
0.04071337357163429
0.04049920290708542
0.04098120704293251
0.041115902364254
0.04097513481974602
0.04068753495812416
0.041020236909389496
0.0413433313369751
0.04090197756886482
0.04121474176645279
0.0413532555103302
0.04200812801718712
0.04179703816771507
0.04153625667095184
0.04158846288919449
0.041687123477458954
0.04198211431503296
0.041850630193948746
0.04204513132572174
0.04194682464003563
0.04201406240463257
0.04195858910679817
0.04236374795436859
0.042538806796073914
0.04239444434642792
0.042537622153759
0.04238228127360344
0.042661551386117935
0.04265327751636505
0.04274216666817665
0.042939443141222
0.04299880564212799
0.04298558458685875
0.04294012859463692
0.04335193708539009
0.04318523034453392
0.04349823668599129
0.04373522847890854
0.04398040100932121
0.04372566565871239
0.043902840465307236
0.04417086020112038
0.043990880250930786
0.04402177408337593
0.0439501628279686
0.044232532382011414
0.0445125550031662
0.04398665204644203
0.044279586523771286
0.04440029338002205
0.044511791318655014
0.044501494616270065
0.04489026218652725
0.04473072662949562
0.045016247779130936
0.044871240854263306
0.04547401890158653
0.044605858623981476
0.04536624625325203
0.04506270959973335
0.04554006829857826
0.04549640417098999
0.04517850652337074
0.04572117701172829
0.04534313455224037
0.04551343619823456
0.045700136572122574
0.04588579013943672
0.046187423169612885
0.04607124999165535
0.045864351093769073
0.04642742499709129
0.04608580842614174
0.04599926248192787
0.04649044945836067
0.0464947335422039
0.04652713984251022
0.046297430992126465
0.04647568240761757
0.04638087749481201
0.046842385083436966
0.046956077218055725
0.04710015282034874
0.047561731189489365
0.047127075493335724
0.04732157662510872
0.04718799144029617
0.04735058546066284
0.04742898419499397
0.04722440987825394
0.04778929054737091
0.04747360944747925
0.04796167463064194
0.047645147889852524
0.04815206304192543
0.04782847687602043
0.0478799007833004
0.04844006523489952
0.04836896061897278
0.048214592039585114
0.04809131845831871
0.04874566197395325
0.048104122281074524
0.04865504428744316
0.048593491315841675
0.04922972992062569
0.04857820272445679
0.048847541213035583
0.04881253466010094
0.04918753355741501
0.049025796353816986
0.04917275160551071
0.04915843904018402
0.049467138946056366
0.049369607120752335
0.04932445287704468
0.049919456243515015
0.049697741866111755
0.0499090813100338
0.04996052756905556
0.04942861944437027
0.0499519519507885
0.050396136939525604
0.04985171929001808
0.050643954426050186
0.05033519119024277
0.05072111636400223
0.0508774071931839
0.05075235292315483
0.05025337263941765
0.05048040673136711
0.05056324228644371
0.05077877640724182
0.050788622349500656
0.051203664392232895
0.050831377506256104
0.051135238260030746
0.051172953099012375
0.051058851182460785
0.05146849527955055
0.051298268139362335
0.05171668529510498
0.05131573975086212
0.051394350826740265
0.05193617194890976
0.05158219486474991
0.05147292837500572
0.05192060023546219
0.052197713404893875
0.05172993615269661
0.05242578685283661
0.05193133279681206
0.05212635546922684
0.05242396146059036
0.05223966762423515
0.05236632749438286
0.052577391266822815
0.05290942266583443
0.0527433380484581
0.05307880789041519
0.05268865078687668
0.052858125418424606
0.053332824259996414
0.052984558045864105
0.05340384319424629
0.0529337152838707
0.053060486912727356
0.05297175422310829
0.05358642712235451
0.05393638461828232
0.05349748954176903
0.05340592563152313
0.053521353751420975
0.053888771682977676
0.05404219403862953
0.053447723388671875
0.05424942076206207
0.05393463373184204
0.054168179631233215
0.054447028785943985
0.05422645062208176
0.05408506467938423
0.05444837734103203
0.05425921455025673
0.054596710950136185
0.05525835603475571
0.05487656593322754
0.05474768206477165
0.05476147308945656
0.05503404140472412
0.05459995195269585
0.055298078805208206
0.05509987473487854
0.05510222911834717
0.05551846697926521
0.05519644543528557
0.055702097713947296
0.055412694811820984
0.05577947571873665
0.05613895505666733
0.05555236339569092
0.05584045872092247
0.05549582093954086
0.05624900385737419
0.055486615747213364
0.05611671134829521
0.05670413374900818
0.056746285408735275
0.056116897612810135
0.056339044123888016
0.05635157600045204
0.056739818304777145
0.056841958314180374
0.05688587203621864
0.057196203619241714
0.05681178346276283
0.05675522983074188
0.05698014795780182
0.05703562870621681
0.05712777003645897
0.05711197853088379
0.057390954345464706
0.05766450986266136
0.05762965604662895
0.05787573382258415
0.05796169117093086
0.05762295797467232
0.05761056765913963
0.05765001103281975
0.058186836540699005
0.05765432491898537
0.05823420733213425
0.05794813111424446
0.05782191827893257
0.058684930205345154
0.058693572878837585
0.05863821506500244
0.058594897389411926
0.05876997858285904
0.0586550198495388
0.05875881761312485
0.05858921259641647
0.05904863029718399
0.058900415897369385
0.058765582740306854
0.059197600930929184
0.05921029672026634
0.05904003232717514
0.05912170559167862
0.06007911637425423
0.05912100523710251
0.05947323888540268
0.05955459177494049
0.05951046943664551
0.05959109961986542
0.060341302305459976
0.06060100346803665
0.05991659685969353
0.05967768281698227
0.06007282808423042
0.06038147583603859
0.06054667755961418
0.060523372143507004
0.06039837747812271
0.060538969933986664
0.06065502017736435
0.060400329530239105
0.06092795729637146
0.06019070744514465
0.06082164868712425
0.06088525801897049
0.06118312105536461
0.0611332431435585
0.06118825823068619
0.060938142240047455
0.061489224433898926
0.06138315051794052
0.06137065589427948
0.061214834451675415
0.06157022342085838
0.06163785234093666
0.06187199801206589
0.06167450547218323
0.06168922409415245
0.06191109120845795
0.062006235122680664
0.06222520023584366
0.06202074885368347
0.06278017163276672
0.06229747086763382
0.06255639344453812
0.062329985201358795
0.06290696561336517
0.06273562461137772
0.0628565326333046
0.06257589906454086
0.06262800842523575
0.06276512891054153
0.06290435791015625
0.06242585927248001
0.06344188749790192
0.06318959593772888
0.06294995546340942
0.0631127804517746
0.06306301057338715
0.06354749202728271
0.06341566890478134
0.06361617147922516
0.0636897161602974
0.06371906399726868
0.0638338103890419
0.06424558162689209
0.06392564624547958
0.06430069357156754
0.0638747438788414
0.06427903473377228
0.0638992190361023
0.0644397959113121
0.0639803484082222
0.06437788158655167
0.06449075788259506
0.06449568271636963
0.06472954154014587
0.06469283252954483
0.06437058001756668
0.06495534628629684
0.06492428481578827
0.06498386710882187
0.0649757981300354
0.06510340422391891
0.06538635492324829
0.06524458527565002
0.06579505652189255
0.06538858264684677
0.06544727832078934
0.06543996185064316
0.06598380208015442
0.06577394902706146
0.06579995155334473
0.0660412460565567
0.06615657359361649
0.06578303128480911
0.06658919900655746
0.0662456527352333
0.06646282970905304
0.06666630506515503
0.06642721593379974
0.06640077382326126
0.06695683300495148
0.06632045656442642
0.0669817253947258
0.06640780717134476
0.06686979532241821
0.06748292595148087
0.0670541375875473
0.0673680305480957
0.06709662824869156
0.06720352172851562
0.06706316024065018
0.06698320806026459
0.06744691729545593
0.06733541935682297
0.06750836223363876
0.06763610988855362
0.06747199594974518
0.06766186654567719
0.06821702420711517
0.06774366647005081
0.06788229942321777
0.06829682737588882
0.0679924339056015
0.06804055720567703
0.06817469000816345
0.06834691017866135
0.0680810809135437
0.06781469285488129
0.0687449723482132
0.06868381798267365
0.06871111690998077
0.06891434639692307
0.06871107220649719
0.06888098269701004
0.06908000260591507
0.06937942653894424
0.06911803036928177
0.06922826915979385
0.06881032884120941
0.0689060389995575
0.06915254890918732
0.0693865567445755
0.06944923847913742
0.06982412189245224
0.06932386755943298
0.06985893100500107
0.06972041726112366
0.06951878219842911
0.06970885396003723
0.06964652985334396
0.07013041526079178
0.0697915256023407
0.0699663907289505
0.07040037214756012
0.07010806351900101
0.07049563527107239
0.06993059068918228
0.07022342830896378
0.07054891437292099
0.07074932008981705
0.07122473418712616
0.07091720402240753
0.0711052343249321
0.071174755692482
0.07103870809078217
0.07098127901554108
0.070924311876297
0.0711444541811943
0.07130269706249237
0.07120331376791
0.07119806855916977
0.07171188294887543
0.07151851058006287
0.07165352255105972
0.07142673432826996
0.07143516838550568
0.07212163507938385
0.07202346622943878
0.07176114618778229
0.07195857167243958
0.0725199282169342
0.07187334448099136
0.07245416194200516
0.07270577549934387
0.07226124405860901
0.07224081456661224
0.07224816083908081
0.07228938490152359
0.07272018492221832
0.07250351458787918
0.07296933978796005
0.07296860218048096
0.07295053452253342
0.07313335686922073
0.07276588678359985
0.07316648960113525
0.07321104407310486
0.07364184409379959
0.07321517169475555
0.0738217681646347
0.07316752523183823
0.07329950481653214
0.07414980232715607
0.07372099906206131
0.07399222999811172
0.07360629737377167
0.07377931475639343
0.07424139231443405
0.07399755716323853
0.07410860806703568
0.0737641230225563
0.07449480146169662
0.07478471845388412
0.07451336830854416
0.07441188395023346
0.07510926574468613
0.07477518171072006
0.07472386956214905
0.07474207878112793
0.07458534836769104
0.07496289163827896
0.07487620413303375
0.075165294110775
0.07514852285385132
0.07549342513084412
0.07524695992469788
0.07531651109457016
0.0752975195646286
0.07533013075590134
0.07527132332324982
0.07592254877090454
0.0759643167257309
0.07562339305877686
0.0760669857263565
0.07581070065498352
0.07615398615598679
0.07630138844251633
0.07606185972690582
0.07601726800203323
0.07591361552476883
0.07639054954051971
0.07626619189977646
0.07611967623233795
0.07615913450717926
0.07673121243715286
0.07661253213882446
0.07657276839017868
0.07683788985013962
0.07686564326286316
0.07632693648338318
0.07739784568548203
0.07706514745950699
0.07707750052213669
0.07700556516647339
0.07701633125543594
0.07694751024246216
0.07747726887464523
0.07737568765878677
0.0777394026517868
0.0777345523238182
0.0774635523557663
0.07777226716279984
0.07754998654127121
0.07761973142623901
0.07829396426677704
0.0780334323644638
0.07794986665248871
0.07820358872413635
0.07801967859268188
0.07809310406446457
0.0784219279885292
0.07842057198286057
0.07830659300088882
0.07812555134296417
0.0786132961511612
0.0789414569735527
0.07878340780735016
0.07861024141311646
0.07902942597866058
0.0791734904050827
0.07863861322402954
0.07883980870246887
0.07936021685600281
0.0794432982802391
0.0791892409324646
0.0794319286942482
0.07909351587295532
0.07940442860126495
0.07884131371974945
0.08006075769662857
0.07933136820793152
0.07976862788200378
0.07985267043113708
0.08003215491771698
0.07992658019065857
0.08007771521806717
0.08008506149053574
0.08044993132352829
0.08002165704965591
0.08022461086511612
0.08019845932722092
0.08039866387844086
0.08032369613647461
0.08059220761060715
0.08104531466960907
0.08072555065155029
0.0803675428032875
0.08056429028511047
0.08062687516212463
0.08107388764619827
0.081031434237957
0.08106100559234619
0.08095578104257584
0.08102715015411377
0.08140608668327332
0.08113831281661987
0.08091144263744354
0.08145429193973541
0.08132072538137436
0.08173448592424393
0.08157198131084442
0.08178987354040146
0.08187082409858704
0.08198164403438568
0.08204403519630432
0.0822896882891655
0.08256690204143524
0.082157202064991
0.08216490596532822
0.08212953060865402
0.08189831674098969
0.08241324871778488
0.08229945600032806
0.08267708867788315
0.08241646736860275
0.08228467404842377
0.08243674784898758
0.08254349231719971
0.08260997384786606
0.08281982690095901
0.08293639868497849
0.08287406712770462
0.08277048170566559
0.08328297734260559
0.08324268460273743
0.08356369286775589
0.08365380018949509
0.08339838683605194
0.08333124220371246
0.08385594189167023
0.08348704129457474
0.08349696546792984
0.08363597840070724
0.08379998803138733
0.08366534858942032
0.08422571420669556
0.08412033319473267
0.08434437215328217
0.08432318270206451
0.08439067006111145
0.08500531315803528
0.08432108908891678
0.08414866775274277
0.08438339084386826
0.08474357426166534
0.08437911421060562
0.08466027677059174
0.08478492498397827
0.08446310460567474
0.08508554846048355
0.08468957245349884
0.08510485291481018
0.0855901837348938
0.0851815938949585
0.08509735763072968
0.0852857232093811
0.0855298787355423
0.085505910217762
0.08545641601085663
0.08559711277484894
0.08542833477258682
0.08568718284368515
0.08551957458257675
0.08584508299827576
0.08579391986131668
0.08589088916778564
0.08603602647781372
0.08587562292814255
0.08633437752723694
0.08624687045812607
0.08656340092420578
0.08668860048055649
0.08623611927032471
0.0864846408367157
0.08622892946004868
0.08628138154745102
0.08653608709573746
0.08681413531303406
0.08671563863754272
0.08697610348463058
0.08720724284648895
0.08691228926181793
0.08703308552503586
0.08702044934034348
0.08705105632543564
0.08673542737960815
0.08700080215930939
0.08792911469936371
0.0870257094502449
0.08791986107826233
0.08771787583827972
0.08767420053482056
0.0875486209988594
0.08791038393974304
0.08827121555805206
0.08826728910207748
0.08752548694610596
0.08826197683811188
0.0885150358080864
0.08840618282556534
0.08810655027627945
0.08849947899580002
0.08815489709377289
0.08866140991449356
0.08878704160451889
0.08849173784255981
0.08847606182098389
0.08871996402740479
0.08864699304103851
0.0888829156756401
0.08871815353631973
0.08869834989309311
0.08925848454236984
0.08854785561561584
0.08918432891368866
0.08894380182027817
0.08967335522174835
0.08891022950410843
0.08912432938814163
0.08942077308893204
0.0899626612663269
0.08942186832427979
0.0895925834774971
0.0895528569817543
0.09002085775136948
0.08940048515796661
0.08991588652133942
0.08985064178705215
0.08981002867221832
0.09033273160457611
0.09047020226716995
0.0899987518787384
0.09071200340986252
0.09014010429382324
0.0902414619922638
0.0903770923614502
0.09021387249231339
0.09061212837696075
0.09080027788877487
0.09074100106954575
0.09083829820156097
0.09055411070585251
0.09137319773435593
0.09066715091466904
0.09088148176670074
0.09086420387029648
0.09147706627845764
0.09096647799015045
0.09158196300268173
0.09132083505392075
0.09189113974571228
0.09174049645662308
0.09175415337085724
0.09194612503051758
0.09198063611984253
0.09189236164093018
0.0918256863951683
0.09207341074943542
0.09241385012865067
0.0918097272515297
0.0920790508389473
0.09237086772918701
0.09221147000789642
0.09229476749897003
0.09241802245378494
0.0927213728427887
0.0919666439294815
0.09251638501882553
0.09197521209716797
0.09262120723724365
0.09252453595399857
0.09224098175764084
0.09248420596122742
0.09304025024175644
0.09270985424518585
0.09296144545078278
0.09293073415756226
0.09296471625566483
0.09323667734861374
0.09295127540826797
0.09299598634243011
0.09338823705911636
0.09379914402961731
0.09380004554986954
0.09346579015254974
0.09342551976442337
0.09356850385665894
0.09398430585861206
0.09373645484447479
0.0941668450832367
0.09406333416700363
0.09414638578891754
0.09393336623907089
0.09405652433633804
0.0938442200422287
0.0943223387002945
0.09422323852777481
0.09431184083223343
0.0941668301820755
0.0945134088397026
0.09431570768356323
0.09425637125968933
0.09476089477539062
0.09482476115226746
0.09477069228887558
0.09499487280845642
0.09484326839447021
0.09537721425294876
0.09513536840677261
0.09506304562091827
0.09510474652051926
0.09578853100538254
0.09524434804916382
0.09580565243959427
0.095333032310009
0.09571018815040588
0.09580869227647781
0.09573226422071457
0.09615842252969742
0.09575008600950241
0.09626323729753494
0.09606622159481049
0.09613549709320068
0.09603758901357651
0.09636325389146805
0.0963565930724144
0.09616604447364807
0.09607121348381042
0.09666620939970016
0.09665336459875107
0.09628450870513916
0.09653778374195099
0.09657998383045197
0.09625186771154404
0.09648903459310532
0.09678962826728821
0.09712447971105576
0.09683094918727875
0.09697622805833817
0.09681857377290726
0.09701715409755707
0.09716710448265076
0.09747159481048584
0.09764352440834045
0.0975034311413765
0.09789036959409714
0.09773052483797073
0.09763875603675842
0.09745989739894867
0.09780427813529968
0.09776134788990021
0.09766832739114761
0.09765256196260452
0.09783899039030075
0.09846331924200058
0.09810692071914673
0.09787800163030624
0.09837629646062851
0.09824948012828827
0.09826605767011642
0.09794305264949799
0.09844264388084412
0.09851236641407013
0.0984024703502655
0.09880543500185013
0.09878726303577423
0.0985112339258194
0.09881780296564102
0.09882044792175293
0.09922454506158829
0.09893114119768143
0.09930447489023209
0.09932264685630798
0.09883410483598709
0.09919670969247818
0.09957246482372284
0.09927289932966232
0.09917730838060379
0.09949281811714172
0.09960651397705078
0.09958097338676453
0.09950664639472961
0.0997624322772026
0.09960704296827316
0.10014304518699646
0.09950768947601318
0.1000368669629097
0.09928647428750992
0.09988149255514145
0.10014446824789047
0.09922788292169571
0.09988528490066528
0.09996184706687927
0.09982948005199432
0.09982117265462875
0.0998314842581749
0.09990512579679489
0.0997646152973175
0.10050573945045471
0.10032445192337036
0.10000278055667877
0.10020912438631058
0.09945324063301086
0.10012314468622208
0.09996198117733002
0.09961933642625809
0.10003185272216797
0.09957675635814667
0.09978163242340088
0.10007202625274658
0.10017243027687073
0.09968560934066772
0.0999506264925003
0.0999162420630455
0.09980161488056183
0.10029006004333496
0.10003407299518585
0.10052523016929626
0.10005603730678558
0.09955602884292603
0.09961418062448502
0.09986850619316101
0.10013335198163986
0.1003161072731018
0.09957636147737503
0.1001531183719635
0.0996180921792984
0.09935907274484634
0.09958753734827042
0.09970566630363464
0.09996496886014938
0.0998319685459137
0.09960702061653137
0.10011491179466248
0.09951966255903244
0.09992493689060211
0.10040552914142609
0.10019378364086151
0.09965681284666061
0.09991993755102158
0.10014230757951736
0.10023138672113419
0.09971106052398682
0.09972448647022247
0.0998668447136879
0.10006681084632874
0.09978104382753372
0.09946570545434952
0.09939783811569214
0.10050390660762787
0.10003294050693512
0.10004260390996933
0.09990549832582474
0.10008775442838669
0.09971855580806732
0.10009366273880005
0.09925485402345657
0.09976252913475037
0.10014034807682037
0.09970522671937943
0.09974633157253265
0.09950238466262817
0.09977873414754868
0.10003916919231415
0.09990312904119492
0.10008404403924942
0.10044440627098083
0.0998833179473877
0.09994444996118546
0.10012078285217285
0.09987949579954147
0.10015179961919785
0.09969285130500793
0.09976252913475037
0.10024774074554443
0.10020799189805984
0.0991712287068367
0.10056545585393906
0.09930471330881119
0.09991662204265594
0.09946820884943008
0.1000295951962471
0.10000276565551758
0.0997423455119133
0.09959845244884491
0.09975171089172363
0.10020303726196289
0.09995174407958984
0.1001841127872467
0.09968873113393784
0.10017400234937668
0.09974899888038635
0.10035820305347443
0.09963921457529068
0.09995509684085846
0.09985628724098206
0.10000986605882645
0.099776990711689
0.10015314817428589
0.10030979663133621
0.09978440403938293
0.09983758628368378
0.09985614567995071
0.10006532073020935
0.10004075616598129
0.10003101825714111
0.09968981146812439
0.09979188442230225
0.10030430555343628
0.09960780292749405
0.09984439611434937
0.09989246726036072
0.10001711547374725
0.10034207254648209
0.09967906028032303
0.09996530413627625
0.09982047230005264
0.09984691441059113
0.09976544231176376
0.10000284016132355
0.09986933320760727
0.09969469159841537
0.10002974420785904
0.1001613587141037
0.10005681961774826
0.09954880177974701
0.09942111372947693
0.09983833134174347
0.09971706569194794
0.10023336112499237
0.09976360946893692
0.09974316507577896
0.10048645734786987
0.10004317760467529
0.09965553134679794
0.09961554408073425
0.09974881261587143
0.10037373751401901
0.10018739104270935
0.09983134269714355
0.09983672201633453
0.10002563148736954
0.09968098253011703
0.0998532623052597
0.10012055188417435
0.09952161461114883
0.09963564574718475
0.10021296888589859
0.0999106764793396
0.10001850873231888
0.09993620961904526
0.09943998605012894
0.09971654415130615
0.10026200860738754
0.10017132759094238
0.09964392334222794
0.09975817054510117
0.10030070692300797
0.10011009871959686
0.09993331134319305
0.10009169578552246
0.09976020455360413
0.09985824674367905
0.09984131902456284
0.0995531901717186
0.10019567608833313
0.09991572052240372
0.10034772753715515
0.10001101344823837
0.0996580719947815
0.09968303143978119
0.100058913230896
0.10014499723911285
0.09953462332487106
0.09972772747278214
0.10020701587200165
0.10008621960878372
0.09988880902528763
0.09943336248397827
0.09961472451686859
0.09985964000225067
0.10007157921791077
0.09985845535993576
0.09964661300182343
0.10007217526435852
0.0997699424624443
0.09967982023954391
0.10046114027500153
0.10009793192148209
0.0998397246003151
0.1001722440123558
0.10029298067092896
0.09935660660266876
0.09981202334165573
0.0997951477766037
0.09952274709939957
0.1003132313489914
0.10008153319358826
0.09986208379268646
0.10030622780323029
0.09962385892868042
0.09953900426626205
0.09970753639936447
0.09991101175546646
0.1001652255654335
0.09945902973413467
0.10036485642194748
0.10019750148057938
0.10005654394626617
0.10001478344202042
0.09930219501256943
0.09972421079874039
0.09969670325517654
0.10009926557540894
0.09966713935136795
0.09982520341873169
0.09983497858047485
0.09954249113798141
0.1005336195230484
0.10016623884439468
0.09981591254472733
0.09919828176498413
0.09989570826292038
0.09940876811742783
0.10001193732023239
0.10011199116706848
0.10003136843442917
0.09969719499349594
0.1000823974609375
0.09997831284999847
0.09957296401262283
0.09965180605649948
0.10023005306720734
0.09991522878408432
0.09974725544452667
0.09986373037099838
0.10006370395421982
0.10006050020456314
0.09947211295366287
0.09997577965259552
0.09987635165452957
0.09996867179870605
0.10001874715089798
0.10011665523052216
0.10024667531251907
0.09934908151626587
0.09972606599330902
0.09999683499336243
0.09990572929382324
0.10014263540506363
0.09958092123270035
0.0996524915099144
0.10041620582342148
0.09979814291000366
0.10011178255081177
0.09950599819421768
0.10028751194477081
0.09951679408550262
0.10041933506727219
0.09976720809936523
0.09985758364200592
0.10032126307487488
0.09987728297710419
0.09942487627267838
0.09973685443401337
0.10008233040571213
0.09983573853969574
0.10020210593938828
0.09997057169675827
0.09980282187461853
0.10022610425949097
0.10006533563137054
0.10014417767524719
0.099891297519207
0.10009463131427765
0.09971874207258224
0.09977306425571442
0.10000184178352356
0.09972738474607468
0.09992264956235886
0.09985341876745224
0.09999920427799225
0.10014041513204575
0.10006915032863617
0.10012760013341904
0.09982315450906754
0.0997336208820343
0.09958434849977493
0.10043136775493622
0.10016677528619766
0.1001104936003685
0.09976789355278015
0.09990650415420532
0.09948734194040298
0.10001771152019501
0.09952366352081299
0.09994961321353912
0.09982641786336899
0.09992612898349762
0.1000451147556305
0.0998838022351265
0.10012318938970566
0.09953826665878296
0.10005407780408859
0.09991082549095154
0.09959235042333603
0.09989925473928452
0.09984362125396729
0.09990386664867401
0.09997224062681198
0.10000140219926834
0.10055071860551834
0.10013063997030258
0.1000906303524971
0.10022524744272232
0.09980987757444382
0.0998678058385849
0.10003276914358139
0.09953276813030243
0.0997365191578865
0.09998570382595062
0.10032548755407333
0.09968321770429611
0.1001376360654831
0.09999808669090271
0.10011462867259979
0.09968914091587067
0.09972860664129257
0.100013867020607
0.09991303086280823
0.0995757058262825
0.10001887381076813
0.09963694959878922
0.09986459463834763
0.09999307245016098
0.10026901960372925
0.10013381391763687
0.09967152029275894
0.09996356815099716
0.10018274188041687
0.09975121170282364
0.1001293882727623
0.10010852664709091
0.09990812838077545
0.09959858655929565
0.10006066411733627
0.09976259618997574
0.10008691996335983
0.09999502450227737
0.0994153544306755
0.10016389936208725
0.0997011736035347
0.10031085461378098
0.09957391768693924
0.09991826862096786
0.10021516680717468
0.10000451654195786
0.09976606070995331
0.09963314980268478
0.0999642014503479
0.09994355589151382
0.09971091151237488
0.10084795206785202
0.09991804510354996
0.1000991016626358
0.0999894067645073
0.09996313601732254
0.09984414279460907
0.10014944523572922
0.09985963255167007
0.10020937025547028
0.09972118586301804
0.10019950568675995
0.10015219449996948
0.09990154951810837
0.10013990104198456
0.0996621623635292
0.09986238181591034
0.09960443526506424
0.10014529526233673
0.10040632635354996
0.0997186079621315
0.09990178048610687
0.100092813372612
0.09992337971925735
0.10012736916542053
0.09991961717605591
0.09993987530469894
0.09989387542009354
0.10013190656900406
0.10016068071126938
0.09949889034032822
0.10011055320501328
0.09980344772338867
0.0997764989733696
0.10018839687108994
0.09958788007497787
0.10009149461984634
0.10000700503587723
0.09951462596654892
0.09974852204322815
0.10016055405139923
0.09976482391357422
0.09977542608976364
0.09964689612388611
0.09939614683389664
0.0996411144733429
0.10017653554677963
0.10004567354917526
0.09997951984405518
0.09987766295671463
0.09973924607038498
0.09979286044836044
0.10015640407800674
0.09949478507041931
0.10037675499916077
0.09989030659198761
0.10040721297264099
0.1001061424612999
0.09979764372110367
0.09985215961933136
0.09998313337564468
0.10041854530572891
0.09980458766222
0.10007549077272415
0.09972089529037476
0.10019766539335251
0.10004475712776184
0.09955944120883942
0.10057807713747025
0.09951889514923096
0.09987685084342957
0.10030598193407059
0.0995134711265564
0.0995120257139206
0.10015632957220078
0.10009921342134476
0.09963322430849075
0.09920834749937057
0.10007340461015701
0.09959031641483307
0.09981810301542282
0.09982366859912872
0.09988094121217728
0.10024143010377884
0.10018953680992126
0.10011152178049088
0.09964483976364136
0.10006345063447952
0.10023996233940125
0.0994989201426506
0.09936319291591644
0.099651999771595
0.10004913061857224
0.09979920834302902
0.09949211031198502
0.10010086745023727
0.09970378875732422
0.09977194666862488
0.10008242726325989
0.09981421381235123
0.10012661665678024
0.10002836585044861
0.09959544986486435
0.09994439035654068
0.09968778491020203
0.09981989115476608
0.09987730532884598
0.09994080662727356
0.1003294587135315
0.10012646019458771
0.10000700503587723
0.09947459399700165
0.09977151453495026
0.09974778443574905
0.09984800964593887
0.0999395027756691
0.09966401755809784
0.09992600232362747
0.09960313886404037
0.10050928592681885
0.10006366670131683
0.10022641718387604
0.10015890747308731
0.09955700486898422
0.09965004026889801
0.10015129297971725
0.10020003467798233
0.09929464012384415
0.09994962811470032
0.10047731548547745
0.09964226186275482
0.09981673210859299
0.09999307990074158
0.09979286044836044
0.10018137842416763
0.09967558085918427
0.09986893087625504
0.09995387494564056
0.10054139047861099
0.10014905035495758
0.10027770698070526
0.10014944523572922
0.10001768171787262
0.09942126274108887
0.099761962890625
0.09956298768520355
0.09982141852378845
0.09971021115779877
0.09994114935398102
0.10041099041700363
0.10035498440265656
0.1002882719039917
0.09986957162618637
0.09946203231811523
0.10005111992359161
0.10008300095796585
0.09990119934082031
0.09996026754379272
0.09974084049463272
0.09953387826681137
0.10006444156169891
0.09991022199392319
0.10008589178323746
0.09990407526493073
0.10002488642930984
0.09962715208530426
0.09982357919216156
0.09995196014642715
0.10025279968976974
0.0997118204832077
0.10029663890600204
0.09991486370563507
0.09998083114624023
0.09994375705718994
0.10000500082969666
0.0999821349978447
0.10030943900346756
0.09985789656639099
0.09975044429302216
0.10014258325099945
0.09981714189052582
0.1000208780169487
0.10020353645086288
0.09992580860853195
0.09965425729751587
0.09946636855602264
0.10042480379343033
0.1000882014632225
0.10010100901126862
0.09948299080133438
0.10004867613315582
0.10015059262514114
0.09963440150022507
0.09992001950740814
0.09951958805322647
0.09954699873924255
0.09965259581804276
0.09972120821475983
0.10015332698822021
0.09993866831064224
0.09971854835748672
0.10014753043651581
0.09965357184410095
0.10001454502344131
0.09974469244480133
0.10015597939491272
0.09977098554372787
0.10001205652952194
0.10031990706920624
0.09973732382059097
0.1000499427318573
0.09933173656463623
0.09977895766496658
0.09999430924654007
0.10019734501838684
0.0993131473660469
0.1005578562617302
0.09996229410171509
0.09951011836528778
0.09974106401205063
0.1002289280295372
0.10028939694166183
0.09951693564653397
0.09995037317276001
0.09949478507041931
0.09991498291492462
0.1007269024848938
0.09989386051893234
0.10030584037303925
0.09994105994701385
0.10024198889732361
0.09998289495706558
0.09942921251058578
0.1000383272767067
0.10025249421596527
0.10010157525539398
0.1000143438577652
0.09961988031864166
0.09998360276222229
0.09932451695203781
0.09972156584262848
0.10000927746295929
0.09989108890295029
0.10003992915153503
0.10009852051734924
0.09965880215167999
0.09975121170282364
0.09995470941066742
0.1001390591263771
0.09990158677101135
0.10018293559551239
0.09992308914661407
0.09967021644115448
0.09973720461130142
0.10007418692111969
0.09989146143198013
0.09983351081609726
0.10015251487493515
0.09947207570075989
0.09990555047988892
0.09946832060813904
0.09982085973024368
0.09972584247589111
0.0997883528470993
0.1003241166472435
0.10036570578813553
0.10015609860420227
0.10005246847867966
0.10026084631681442
0.09929093718528748
0.10040994733572006
0.09997416287660599
0.09949903935194016
0.09986612200737
0.10015448927879333
0.10008641332387924
0.09998665004968643
0.10030174255371094
0.09955686330795288
0.10002333670854568
0.09948533773422241
0.09981603175401688
0.09998608380556107
0.10009424388408661
0.09937704354524612
0.09999071061611176
0.10023494809865952
0.09945406764745712
0.10000939667224884
0.0999864712357521
0.09993494302034378
0.09981805086135864
0.10010192543268204
0.10006625205278397
0.09996578842401505
0.0996151715517044
0.10038048774003983
0.09953779727220535
0.10006002336740494
0.10007941722869873
0.10033093392848969
0.09964795410633087
0.10002415627241135
0.09946738183498383
0.09957842528820038
0.09984254091978073
0.0996372252702713
0.09974092245101929
0.0998552218079567
0.0998459905385971
0.10009244829416275
0.100081667304039
0.09976226091384888
0.09960991144180298
0.09971943497657776
0.09983813017606735
0.10009687393903732
0.09987563639879227
0.0999942272901535
0.10007118433713913
0.09986777603626251
0.10025337338447571
0.10034181922674179
0.09998659789562225
0.10012689232826233
0.09963197261095047
0.0997375026345253
0.0997796282172203
0.1002119854092598
0.09988100826740265
0.09963323920965195
0.09997767955064774
0.0999869629740715
0.10005053877830505
0.10026203095912933
0.0999678522348404
0.1002068817615509
0.0997748151421547
0.10001612454652786
0.09990189224481583
0.09982925653457642
0.10020281374454498
0.10050641000270844
0.09975605458021164
0.10042601078748703
0.09972170740365982
0.09949859231710434
0.09947769343852997
0.10012045502662659
0.09999274462461472
0.10037551820278168
0.09987300634384155
0.09971687942743301
0.10010571032762527
0.09979522228240967
0.09963564574718475
0.10011543333530426
0.10018695145845413
0.10018732398748398
0.09940940886735916
0.09984754770994186
0.10020061582326889
0.10036196559667587
0.09957551956176758
0.0997983068227768
0.09982442855834961
0.10043502599000931
0.09989438205957413
0.0998060405254364
0.10001794248819351
0.09951888024806976
0.09989026933908463
0.10018754750490189
0.0997275859117508
0.1001039445400238
0.10005860030651093
0.09985575079917908
0.09985009580850601
0.10001201927661896
0.09999720007181168
0.09969034045934677
0.09964761137962341
0.10033132135868073
0.10001785308122635
0.09941910952329636
0.09988131374120712
0.09987686574459076
0.0999808982014656
0.10019562393426895
0.10003360360860825
0.0996730774641037
0.10020799189805984
0.10004712641239166
0.09961685538291931
0.09958752989768982
0.0998464971780777
0.1004679948091507
0.09991312772035599
0.10028067976236343
0.09996355324983597
0.0998924970626831
0.10010119527578354
0.09997338801622391
0.09999506920576096
0.10019955784082413
0.09984295070171356
0.09975476562976837
0.10004834830760956
0.10016319155693054
0.09957736730575562
0.10014824569225311
0.09972918033599854
0.10011657327413559
0.10013831406831741
0.09974410384893417
0.09979158639907837
0.09973850846290588
0.10015595704317093
0.09985432028770447
0.09999895840883255
0.10001607984304428
0.09938869625329971
0.09987484663724899
0.09951446950435638
0.09986436367034912
0.10022927820682526
0.1000838577747345
0.09988845139741898
0.10010989755392075
0.09953110665082932
0.0998387411236763
0.09948298335075378
0.09964849799871445
0.10025401413440704
0.1002252846956253
0.09951367974281311
0.10000839829444885
0.10008265823125839
0.0997379794716835
0.09990960359573364
0.09961073100566864
0.09961330890655518
0.09996293485164642
0.099968321621418
0.10011275857686996
0.10013777762651443
0.10016655176877975
0.09968797862529755
0.09980744123458862
0.09987573325634003
0.09997532516717911
0.10018647462129593
0.09998880326747894
0.10022290796041489
0.09958294779062271
0.10015305131673813
0.09996592253446579
0.09951790422201157
0.0998966172337532
0.09976477175951004
0.10044285655021667
0.10017731785774231
0.09999169409275055
0.09997911006212234
0.09994860738515854
0.10051066428422928
0.10007592290639877
0.09995133429765701
0.10018008947372437
0.09999766945838928
0.10025154054164886
0.09990440309047699
0.09995576739311218
0.10042832791805267
0.10000738501548767
0.10024789720773697
0.09944332391023636
0.0998048484325409
0.09981581568717957
0.09968157857656479
0.09965971112251282
0.10015019029378891
0.09987788647413254
0.09986115992069244
0.10007874667644501
0.09981115907430649
0.10019033402204514
0.1002676859498024
0.1001414954662323
0.09975962340831757
0.09990214556455612
0.09971988201141357
0.10020683705806732
0.10008582472801208
0.09953783452510834
0.10009164363145828
0.09981495887041092
0.10014812648296356
0.0999373272061348
0.10012806951999664
0.09990346431732178
0.09971603751182556
0.10011713206768036
0.09986445307731628
0.0999801903963089
0.09970535337924957
0.0995868667960167
0.10010838508605957
0.09980936348438263
0.09991981834173203
0.10036719590425491
0.09992963820695877
0.09978803992271423
0.10022077709436417
0.10026860982179642
0.10012642294168472
0.0997033342719078
0.09981010854244232
0.10026048868894577
0.09974910318851471
0.10019225627183914
0.09969703108072281
0.09959320724010468
0.09994125366210938
0.10002166032791138
0.09983359277248383
0.09981897473335266
0.09999397397041321
0.10008201748132706
0.09999674558639526
0.10039083659648895
0.09987423568964005
0.09969990700483322
0.09988401085138321
0.09968529641628265
0.10058972984552383
0.10047712177038193
0.10016828030347824
0.09982213377952576
0.09993011504411697
0.10030841082334518
0.09991560876369476
0.10011801868677139
0.09983053058385849
0.09956071525812149
0.09975894540548325
0.09995865076780319
0.09969804435968399
0.10031299293041229
0.10031618922948837
0.09977424889802933
0.10016940534114838
0.09996533393859863
0.10013130307197571
0.09979461133480072
0.09997908025979996
0.10022398829460144
0.10019650310277939
0.09969843924045563
0.10026847571134567
0.10025816410779953
0.09958643466234207
0.09971398115158081
0.1004430502653122
0.09968280047178268
0.09970469772815704
0.09988599270582199
0.10002903640270233
0.09998267143964767
0.10013113170862198
0.10015646368265152
0.10001493245363235
0.09973994642496109
0.09971966594457626
0.09940970689058304
0.09980989247560501
0.09991138428449631
0.09988190233707428
0.10019629448652267
0.1000673770904541
0.09985941648483276
0.09973392635583878
0.09921933710575104
0.09976158291101456
0.09966176003217697
0.10036161541938782
0.10072832554578781
0.1000429168343544
0.09986922889947891
0.10018565505743027
0.09995096921920776
0.10007984936237335
0.09971784055233002
0.10007574409246445
0.09982509911060333
0.10031015425920486
0.09971059858798981
0.10008683800697327
0.09984773397445679
0.10005228221416473
0.10000237077474594
0.0999830961227417
0.09972398728132248
0.09932758659124374
0.099732406437397
0.09935947507619858
0.09969574958086014
0.09976129233837128
0.1001238077878952
0.09986425936222076
0.0998474508523941
0.10019418597221375
0.09966012835502625
0.10004386305809021
0.10020343214273453
0.10021641105413437
0.0994497761130333
0.09993529319763184
0.10008082538843155
0.09981977194547653
0.10005296766757965
0.09960558265447617
0.10002989321947098
0.0998065322637558
0.09942609816789627
0.09966904670000076
0.099761962890625
0.10029347985982895
0.09951524436473846
0.10019537806510925
0.09975103288888931
0.09954201430082321
0.10015224665403366
0.10011079162359238
0.1000455766916275
0.09948450326919556
0.09972894936800003
0.09987125545740128
0.09969376027584076
0.1001899465918541
0.09973492473363876
0.10001670569181442
0.09983909875154495
0.10005225986242294
0.09999048709869385
0.09995921701192856
0.1000051274895668
0.10021230578422546
0.09950006008148193
0.09953892976045609
0.09982147812843323
0.09965626150369644
0.10039891302585602
0.09962617605924606
0.09999076277017593
0.10025416314601898
0.10034110397100449
0.10014965385198593
0.09942741692066193
0.09964678436517715
0.09978500008583069
0.10009805113077164
0.09991858899593353
0.10024458169937134
0.10020913183689117
0.09966613352298737
0.09952978789806366
0.09949571639299393
0.10019385814666748
0.09983500838279724
0.09976068139076233
0.09999939054250717
0.09988678991794586
0.0998358279466629
0.10024166852235794
0.10063853114843369
0.10000836849212646
0.10000302642583847
0.09989140927791595
0.10017143934965134
0.09993300586938858
0.09990423172712326
0.09966063499450684
0.10015280544757843
0.09989915788173676
0.09992289543151855
0.09980364888906479
0.09974192827939987
0.10001147538423538
0.09991981089115143
0.09992732107639313
0.1002025231719017
0.09974004328250885
0.09999925643205643
0.10007713735103607
0.10031288862228394
0.09994702786207199
0.10034779459238052
0.09961549192667007
0.10033929347991943
0.09986433386802673
0.10002660006284714
0.09979411959648132
0.09956389665603638
0.1001940369606018
0.09954668581485748
0.10006057471036911
0.0999872162938118
0.09985000640153885
0.10014662891626358
0.09973926097154617
0.10030404478311539
0.1000327542424202
0.09978992491960526
0.10051344335079193
0.09975055605173111
0.10016780346632004
0.0997610092163086
0.10007915645837784
0.09976405650377274
0.10015489161014557
0.09946337342262268
0.0994756743311882
0.09994181245565414
0.09996021538972855
0.0996328741312027
0.10005927830934525
0.0998578816652298
0.10008344799280167
0.09977466613054276
0.09983091801404953
0.0998876616358757
0.1001272201538086
0.10014167428016663
0.09979413449764252
0.10035412758588791
0.0995476245880127
0.10004573315382004
0.09981470555067062
0.09973893314599991
0.09976816922426224
0.10018157213926315
0.09985380619764328
0.0999695360660553
0.09982457011938095
0.10031387209892273
0.09953640401363373
0.10019922256469727
0.10005229711532593
0.09953827410936356
0.09993899613618851
0.09970673173666
0.09996013343334198
0.09974581003189087
0.10008176416158676
0.10028533637523651
0.09990053623914719
0.09950224310159683
0.0999964028596878
0.10019896179437637
0.10016726702451706
0.09965897351503372
0.10003435611724854
0.09974253922700882
0.09969931840896606
0.1002916470170021
0.10021714121103287
0.09966560453176498
0.10012076795101166
0.10004609823226929
0.09997773170471191
0.10014534741640091
0.10000872611999512
0.09980820119380951
0.09982480108737946
0.09946048259735107
0.09961974620819092
0.09950975328683853
0.09985663741827011
0.09962739050388336
0.09992482513189316
0.100019171833992
0.10042397677898407
0.09967007488012314
0.09992766380310059
0.10002484917640686
0.09981917589902878
0.0999135747551918
0.0999361127614975
0.10019464790821075
0.10024403035640717
0.09981343150138855
0.09982132911682129
0.09949693083763123
0.1007271558046341
0.09975115954875946
0.10039429366588593
0.10000539571046829
0.09956716746091843
0.1002296507358551
0.0998416543006897
0.09973999112844467
0.09984460473060608
0.10007895529270172
0.10009654611349106
0.0993560403585434
0.1001087948679924
0.10014542192220688
0.09937552362680435
0.0998823419213295
0.1001705676317215
0.10038917511701584
0.10007214546203613
0.09951390326023102
0.09990570694208145
0.10024934262037277
0.09968563914299011
0.0994141548871994
0.10003505647182465
0.10049159079790115
0.09959302842617035
0.10000725090503693
0.09988507628440857
0.09992899745702744
0.09987044334411621
0.10026871412992477
0.09979662299156189
0.09975200891494751
0.09987736493349075
0.09971518814563751
0.09967656433582306
0.10004858672618866
0.09976174682378769
0.10007502883672714
0.09967981278896332
0.10009963810443878
0.09947974979877472
0.09992887824773788
0.09981903433799744
0.09985829889774323
0.10020564496517181
0.09984272718429565
0.09989898651838303
0.10018374770879745
0.10012298077344894
0.0997198298573494
0.09973561763763428
0.09983348846435547
0.10020327568054199
0.09958304464817047
0.10026566684246063
0.09975569695234299
0.10015944391489029
0.09997834265232086
0.09984984993934631
0.10014568269252777
0.09995085000991821
0.10014840960502625
0.10011597722768784
0.09988047927618027
0.09964065998792648
0.09990734606981277
0.09988465905189514
0.09980737417936325
0.10009615868330002
0.10020850598812103
0.10009295493364334
0.09981350600719452
0.10006850957870483
0.09965313971042633
0.09998223930597305
0.09995336830615997
0.10075821727514267
0.1000504270195961
0.09988205134868622
0.09953407198190689
0.09978318959474564
0.10031171888113022
0.09982341527938843
0.09993398189544678
0.09992665797472
0.10031955689191818
0.09997232258319855
0.09972313046455383
0.10025741904973984
0.10008366405963898
0.09995821118354797
0.10030107945203781
0.09979955106973648
0.10002488642930984
0.09950804710388184
0.09981710463762283
0.10004105418920517
0.09982112050056458
0.09970290958881378
0.10032385587692261
0.10011755675077438
0.09955351799726486
0.09970073401927948
0.10009169578552246
0.09976740181446075
0.10040481388568878
0.09956854581832886
0.10027849674224854
0.09998000413179398
0.09971790015697479
0.10009972006082535
0.09991327673196793
0.09975968301296234
0.10006353259086609
0.10000178962945938
0.09998642653226852
0.09976641088724136
0.09981820732355118
0.10001958161592484
0.09982748329639435
0.09980449080467224
0.09982506185770035
0.10009010881185532
0.10013817995786667
0.10004615038633347
0.09979444742202759
0.10009972006082535
0.09990783780813217
0.09994061291217804
0.10010410100221634
0.10001707822084427
0.0997965857386589
0.09957227110862732
0.10002441704273224
0.09993681311607361
0.09981431812047958
0.09959101676940918
0.10001468658447266
0.10006862133741379
0.0996328741312027
0.09979173541069031
0.09962884336709976
0.10015278309583664
0.09973964840173721
0.10006705671548843
0.09997823089361191
0.09998172521591187
0.09979215264320374
0.09995516389608383
0.10010473430156708
0.09981126338243484
0.09980470687150955
0.10014069080352783
0.10039616376161575
0.09998968988656998
0.09991031140089035
0.10002774745225906
0.09964558482170105
0.10039268434047699
0.10049402713775635
0.10023526102304459
0.09974892437458038
0.0993710532784462
0.0999026820063591
0.09975031763315201
0.0998237282037735
0.09994032233953476
0.10050342977046967
0.10015299916267395
0.10005150735378265
0.09996519982814789
0.09909568727016449
0.09979566931724548
0.10018934309482574
0.10012307018041611
0.09976501017808914
0.10008437931537628
0.09952019900083542
0.10020767897367477
0.09963729232549667
0.09978491067886353
0.09999217838048935
0.10001567751169205
0.10027052462100983
0.09970907121896744
0.0998087152838707
0.10014108568429947
0.09994341433048248
0.09990794211626053
0.09947412461042404
0.09986811131238937
0.099801205098629
0.10010209679603577
0.10005147755146027
0.09968873113393784
0.09992413222789764
0.10001719743013382
0.09997428208589554
0.10013626515865326
0.09963362663984299
0.10008631646633148
0.0998414158821106
0.09992770105600357
0.09980477392673492
0.10032934695482254
0.09971857815980911
0.09969563782215118
0.10036993771791458
0.10059065371751785
0.10019393265247345
0.10019508749246597
0.09976209700107574
0.10017428547143936
0.09963388741016388
0.09948179125785828
0.09978066384792328
0.09986042231321335
0.10055899620056152
0.09963028132915497
0.0997185930609703
0.100199393928051
0.1002272516489029
0.09976974129676819
0.09974485635757446
0.1000530794262886
0.09987080842256546
0.09972364455461502
0.09991610050201416
0.09984813630580902
0.10053566843271255
0.09994848072528839
0.09984450787305832
0.10061361640691757
0.1003475934267044
0.0997028574347496
0.0994359627366066
0.09971354156732559
0.10003271698951721
0.10024897754192352
0.0996406078338623
0.10010764002799988
0.09980511665344238
0.09983415901660919
0.1004912480711937
0.09992746263742447
0.09983944147825241
0.10017574578523636
0.0998275950551033
0.0999503955245018
0.10014049708843231
0.09988825023174286
0.09974426031112671
0.09961284697055817
0.1004486232995987
0.10003136098384857
0.09993680566549301
0.10024506598711014
0.09965959936380386
0.09999703615903854
0.10031905770301819
0.09977298229932785
0.10015366226434708
0.09971156716346741
0.10008284449577332
0.09991608560085297
0.10018889605998993
0.0998799130320549
0.10010512918233871
0.09969687461853027
0.1000089943408966
0.09991056472063065
0.10005928575992584
0.09983649104833603
0.0998307317495346
0.09983959794044495
0.10037438571453094
0.10002128034830093
0.10022904723882675
0.09968842566013336
0.0996461808681488
0.09992210566997528
0.09998440742492676
0.10006505250930786
0.09982448816299438
0.09989247471094131
0.10017324239015579
0.10004639625549316
0.09957631677389145
0.09999425709247589
0.100288026034832
0.09994703531265259
0.09959467500448227
0.09988760203123093
0.09977072477340698
0.09982354193925858
0.10060462355613708
0.10007931292057037
0.1000080555677414
0.09985621273517609
0.10042199492454529
0.09997601807117462
0.10006839781999588
0.09992411732673645
0.10011573135852814
0.0995088517665863
0.10002288967370987
0.09953512996435165
0.09984207898378372
0.09972384572029114
0.09973779320716858
0.10017966479063034
0.10005144029855728
0.10032528638839722
0.09952816367149353
0.09940160065889359
0.10006076097488403
0.09966165572404861
0.10005028545856476
0.09989030659198761
0.09953367710113525
0.09954678267240524
0.09981125593185425
0.10013992339372635
0.09977622330188751
0.09977652132511139
0.09993153065443039
0.10026988387107849
0.10008201748132706
0.09993196278810501
0.1004563421010971
0.09992518275976181
0.09990033507347107
0.10014145076274872
0.09982150048017502
0.10035059601068497
0.09953238070011139
0.10016366839408875
0.10001058131456375
0.09966885298490524
0.10024597495794296
0.09934675693511963
0.10012464970350266
0.09938447177410126
0.09943284839391708
0.10020961612462997
0.09997831284999847
0.09967680275440216
0.09980405867099762
0.10015278309583664
0.09987710416316986
0.09974759072065353
0.09989329427480698
0.10015321522951126
0.09957330673933029
0.09950738400220871
0.09997349977493286
0.10010640323162079
0.0998920202255249
0.0998118668794632
0.09977997839450836
0.10013310611248016
0.09980034083127975
0.10056428611278534
0.10012362152338028
0.10016314685344696
0.09972525388002396
0.09954820573329926
0.09976815432310104
0.09986045956611633
0.1000199168920517
0.10009394586086273
0.09960684180259705
0.09962122142314911
0.09991727024316788
0.10017860680818558
0.09999746829271317
0.0997740775346756
0.0999026820063591
0.10021615028381348
0.10002592951059341
0.0998462662100792
0.10008185356855392
0.10038453340530396
0.10024208575487137
0.09958595782518387
0.09986504912376404
0.10001041740179062
0.10001231729984283
0.09931499511003494
0.09988194704055786
0.09989231079816818
0.10000766068696976
0.09934267401695251
0.09998852759599686
0.09950598329305649
0.09996858239173889
0.10020384192466736
0.10005220770835876
0.09963619709014893
0.10016795992851257
0.10003877431154251
0.0999087542295456
0.09996256977319717
0.09944972395896912
0.10001175105571747
0.10006460547447205
0.0998331606388092
0.09972313046455383
0.10033266991376877
0.10009099543094635
0.10019582509994507
0.10005061328411102
0.09986993670463562
0.09967562556266785
0.09944236278533936
0.09972140938043594
0.09998590499162674
0.09975671768188477
0.10007568448781967
0.09957412630319595
0.0997467190027237
0.0998699739575386
0.10057825595140457
0.09977491199970245
0.099855437874794
0.10028629004955292
0.1001613587141037
0.09962603449821472
0.09974149614572525
0.0997479110956192
0.09988436847925186
0.10001637786626816
0.09983526915311813
0.09996059536933899
0.10016236454248428
0.09977620095014572
0.09994184225797653
0.10029654204845428
0.09986284375190735
0.09999927878379822
0.10019318014383316
0.09993977099657059
0.10007737576961517
0.10000824183225632
0.09989041835069656
0.10014043003320694
0.09990831464529037
0.09986446797847748
0.09998489916324615
0.10013111680746078
0.10006912797689438
0.10011468827724457
0.10014621168375015
0.09975840896368027
0.09988786280155182
0.09996215999126434
0.09978998452425003
0.10013417899608612
0.10023146867752075
0.10013235360383987
0.09986729174852371
0.0999106913805008
0.09951856732368469
0.09974855184555054
0.09978529810905457
0.10013837367296219
0.099879689514637
0.09984719753265381
0.09982940554618835
0.10004652291536331
0.09996458142995834
0.10011124610900879
0.09955255687236786
0.09976005554199219
0.09974107146263123
0.10015815496444702
0.0997316762804985
0.10035309940576553
0.09979623556137085
0.10009513050317764
0.10035083442926407
0.0998087003827095
0.10005846619606018
0.09979814291000366
0.10004877299070358
0.09973223507404327
0.10005515068769455
0.09967243671417236
0.10004191100597382
0.0998121127486229
0.09961995482444763
0.0997488796710968
0.09984437376260757
0.1000974178314209
0.10001014173030853
0.099451944231987
0.10002654790878296
0.09959419816732407
0.0997554361820221
0.09981431812047958
0.09957213699817657
0.10046877712011337
0.09983289241790771
0.0996975377202034
0.10032809525728226
0.09978078305721283
0.10007890313863754
0.09996376186609268
0.10049732029438019
0.09950192272663116
0.10003180801868439
0.09987704455852509
0.10006264597177505
0.09966010600328445
0.09977331012487411
0.10047118365764618
0.09977361559867859
0.10010894387960434
0.10000202804803848
0.10004863142967224
0.10007411241531372
0.09955422580242157
0.09974394738674164
0.10009662806987762
0.10045549273490906
0.09960383921861649
0.09933165460824966
0.09973911941051483
0.0998004898428917
0.09960988163948059
0.0998135358095169
0.10003689676523209
0.10021287202835083
0.09970738738775253
0.10004747658967972
0.09966978430747986
0.09953686594963074
0.09954757988452911
0.09982889890670776
0.10044830292463303
0.09976545721292496
0.09990357607603073
0.09989283978939056
0.10032050311565399
0.10010137408971786
0.09992945939302444
0.09997507929801941
0.10022252053022385
0.10008280724287033
0.09941955655813217
0.10005535185337067
0.09986254572868347
0.09961521625518799
0.09991149604320526
0.10019200295209885
0.10002756863832474
0.10031051188707352
0.10001921653747559
0.09950526058673859
0.09966231882572174
0.09932229667901993
0.09987642616033554
0.10041408240795135
0.09992091357707977
0.09988631308078766
0.09978824108839035
0.09982681274414062
0.09997014701366425
0.10030420124530792
0.09999788552522659
0.0997575893998146
0.09981055557727814
0.10035593807697296
0.10015442967414856
0.0996561199426651
0.10049230605363846
0.09954416751861572
0.09990432858467102
0.09991852194070816
0.09951543062925339
0.1001618355512619
0.0998811274766922
0.10005450993776321
0.09982284903526306
0.10020976513624191
0.09982500225305557
0.10002663731575012
0.10054393112659454
0.09992187470197678
0.09997855126857758
0.10011771321296692
0.09985645860433578
0.10013949126005173
0.1001577079296112
0.09934535622596741
0.09984582662582397
0.1000177264213562
0.09956470876932144
0.1001661866903305
0.09983909875154495
0.10005173087120056
0.09967038780450821
0.09974350035190582
0.0998883992433548
0.09996669739484787
0.10006572306156158
0.09969721734523773
0.10017509013414383
0.09986677765846252
0.10023482888936996
0.09971872717142105
0.10007049143314362
0.09984128922224045
0.10007908940315247
0.09990152716636658
0.09938570857048035
0.10000865161418915
0.09939314424991608
0.09953417629003525
0.09999396651983261
0.10008860379457474
0.0998440757393837
0.09981337189674377
0.0997772142291069
0.10011808574199677
0.10035738348960876
0.0995861068367958
0.10010381788015366
0.0999910831451416
0.0999046340584755
0.10003997385501862
0.10032665729522705
0.09984717518091202
0.09979057312011719
0.10003387182950974
0.09984085708856583
0.09992977231740952
0.09983174502849579
0.10003696382045746
0.1001175120472908
0.09979954361915588
0.09977484494447708
0.1001264676451683
0.09991346299648285
0.09972233325242996
0.09995745122432709
0.10064313560724258
0.10040070116519928
0.09964986890554428
0.09976010769605637
0.10007227212190628
0.0998988226056099
0.09973937273025513
0.09962981939315796
0.10029937326908112
0.09978493303060532
0.10034705698490143
0.09994342178106308
0.10020361840724945
0.09974515438079834
0.10009312629699707
0.1001589223742485
0.09981488436460495
0.10037369281053543
0.1000315472483635
0.09972263872623444
0.10018756240606308
0.09999454021453857
0.09978736937046051
0.0997360497713089
0.1001439094543457
0.09933764487504959
0.09954189509153366
0.09987438470125198
0.10022607445716858
0.09972384572029114
0.10000337660312653
0.09975863248109818
0.1003233790397644
0.09963306039571762
0.09925755858421326
0.10010787099599838
0.099761962890625
0.09990997612476349
0.1000707820057869
0.10022599250078201
0.09979719668626785
0.09997628629207611
0.09960754960775375
0.10002859681844711
0.09992264956235886
0.09999663382768631
0.10028768330812454
0.09993115812540054
0.09971517324447632
0.10031662881374359
0.10001569241285324
0.09957153350114822
0.09947094321250916
0.10015963762998581
0.10008689761161804
0.09935496002435684
0.0995129719376564
0.09960456937551498
0.10009461641311646
0.10001854598522186
0.09993720054626465
0.09973906725645065
0.09971228241920471
0.09992925077676773
0.10061176866292953
0.10015793889760971
0.10004494339227676
0.10000281780958176
0.09926024079322815
0.0997786894440651
0.09985113143920898
0.09960819780826569
0.09990965574979782
0.10014504194259644
0.10018941015005112
0.10008630901575089
0.0999542623758316
0.09951756149530411
0.09986936300992966
0.09994138032197952
0.09999307990074158
0.09999939054250717
0.10010938346385956
0.10025908052921295
0.10032158344984055
0.09960909932851791
0.09999748319387436
0.09949544817209244
0.1000637635588646
0.10015503317117691
0.09980699419975281
0.09977839142084122
0.099981889128685
0.09996391087770462
0.0997575968503952
0.09996965527534485
0.10013005882501602
0.09983614832162857
0.10021767765283585
0.10031291842460632
0.09988141804933548
0.10030660778284073
0.09997287392616272
0.0996115431189537
0.10017311573028564
0.09940797090530396
0.09990545362234116
0.09988857805728912
0.10046535730361938
0.1002139151096344
0.09995052218437195
0.09965035319328308
0.1004096046090126
0.09941790252923965
0.10003682225942612
0.09953753650188446
0.10046917200088501
0.09995262324810028
0.09997313469648361
0.09961725026369095
0.09993727505207062
0.0999310091137886
0.10030274838209152
0.0998765230178833
0.09994705021381378
0.10066170245409012
0.10034516453742981
0.1003812924027443
0.09972283244132996
0.10019790381193161
0.09977354854345322
0.10020855814218521
0.1000673770904541
0.09997542947530746
0.09959060698747635
0.10023139417171478
0.10007643699645996
0.09950695186853409
0.0998600423336029
0.10013482719659805
0.09985093772411346
0.09998754411935806
0.09991929680109024
0.10006280988454819
0.1000259518623352
0.10010290145874023
0.10022260993719101
0.09991347044706345
0.09990709275007248
0.10009144991636276
0.09949129074811935
0.09984565526247025
0.09942629933357239
0.09995688498020172
0.09978170692920685
0.09981409460306168
0.10012783855199814
0.1000765711069107
0.0997740849852562
0.10001543164253235
0.1000426784157753
0.0995958149433136
0.09967651963233948
0.0994969829916954
0.10021814703941345
0.09955396503210068
0.10000186413526535
0.09970793128013611
0.09955660253763199
0.099879190325737
0.09982375055551529
0.09983490407466888
0.10002760589122772
0.09975607693195343
0.09995609521865845
0.10005297511816025
0.09980421513319016
0.09992629289627075
0.10044662654399872
0.10015078634023666
0.09983545541763306
0.09980157762765884
0.09975694864988327
0.09990368038415909
0.1001209169626236
0.10048817098140717
0.09980098903179169
0.10008669644594193
0.09988758713006973
0.10030485689640045
0.10013182461261749
0.10018862038850784
0.09983370453119278
0.09989907592535019
0.09985551238059998
0.09974529594182968
0.09979496151208878
0.09995213896036148
0.10011478513479233
0.10007931292057037
0.0998900905251503
0.09996345639228821
0.09990564733743668
0.10079433768987656
0.10010665655136108
0.10009516030550003
0.09953078627586365
0.09950385987758636
0.09993065893650055
0.10019756853580475
0.09969928115606308
0.10029497742652893
0.10001257807016373
0.0997193306684494
0.0998244434595108
0.09981157630681992
0.10037239640951157
0.09963420033454895
0.10004431754350662
0.10019538551568985
0.09989355504512787
0.10028626024723053
0.09975220263004303
0.10011935979127884
0.09942948073148727
0.0998537614941597
0.09981591999530792
0.10010645538568497
0.0997142642736435
0.09985464066267014
0.10002700984477997
0.09983621537685394
0.0998917892575264
0.09948919713497162
0.09992764890193939
0.0999244973063469
0.10050329566001892
0.10015884786844254
0.09969977289438248
0.10016709566116333
0.09999135881662369
0.10009530931711197
0.09970857948064804
0.09986625611782074
0.09965373575687408
0.09996144473552704
0.09993808716535568
0.10023480653762817
0.1004023477435112
0.09980438649654388
0.09962978959083557
0.1003674864768982
0.10024330765008926
0.09991868585348129
0.1004558578133583
0.10017409175634384
0.09993055462837219
0.10004106163978577
0.09994810074567795
0.10006950050592422
0.09991183131933212
0.09985359758138657
0.09992124885320663
0.0998397096991539
0.0998280718922615
0.1006278470158577
0.09979649633169174
0.09990327805280685
0.10031486302614212
0.10008333623409271
0.09993983805179596
0.09959551692008972
0.09997819364070892
0.09985411167144775
0.1001240462064743
0.09972275048494339
0.10016194730997086
0.10022564977407455
0.09992280602455139
0.10003633797168732
0.09983237087726593
0.09999360144138336
0.10069060325622559
0.09962734580039978
0.1002926379442215
0.09994269907474518
0.10043737292289734
0.10016652941703796
0.1001601442694664
0.09965476393699646
0.10009901225566864
0.09983103722333908
0.09999721497297287
0.09975375980138779
0.10004319250583649
0.09950926899909973
0.10011491924524307
0.09930909425020218
0.09978139400482178
0.09962086379528046
0.0998026505112648
0.10007400065660477
0.09972268342971802
0.10024919360876083
0.09977708756923676
0.10002206265926361
0.10001454502344131
0.0997965857386589
0.09951140731573105
0.09991364926099777
0.10022851079702377
0.09982961416244507
0.0997546911239624
0.09993565082550049
0.10021160542964935
0.10022542625665665
0.09989036619663239
0.10001026839017868
0.09967078268527985
0.09979470819234848
0.1000189408659935
0.09996640682220459
0.10023116320371628
0.09974744915962219
0.09904546290636063
0.10038720071315765
0.09969943016767502
0.10011719912290573
0.09984604269266129
0.0998903438448906
0.0997890830039978
0.10012976825237274
0.09984222054481506
0.10026088356971741
0.10007721930742264
0.099918894469738
0.10023603588342667
0.09984356164932251
0.10025104135274887
0.09946868568658829
0.09974828362464905
0.09950286149978638
0.09999263286590576
0.10007455945014954
0.09989841282367706
0.1001247763633728
0.09975094348192215
0.09980020672082901
0.09975699335336685
0.0996195450425148
0.09978260099887848
0.10037842392921448
0.10021169483661652
0.09984008222818375
0.09972934424877167
0.10034698247909546
0.10030132532119751
0.09994261711835861
0.10025772452354431
0.09987930953502655
0.10004148632287979
0.09971840679645538
0.09969861060380936
0.0998258888721466
0.10002849996089935
0.10002852976322174
0.09984706342220306
0.09991750866174698
0.09996532648801804
0.09997980296611786
0.10022380948066711
0.1001032143831253
0.09983091056346893
0.10013861954212189
0.1000175029039383
0.10011173039674759
0.09934917092323303
0.09988035261631012
0.10003162920475006
0.09957696497440338
0.09955902397632599
0.0998387262225151
0.09973222017288208
0.09987124800682068
0.10006824880838394
0.10023348033428192
0.10029501467943192
0.09984355419874191
0.10017147660255432
0.09998593479394913
0.10008912533521652
0.10027293860912323
0.0994960218667984
0.09955345839262009
0.09951741248369217
0.09960919618606567
0.09976328164339066
0.09998805075883865
0.09976110607385635
0.10024590790271759
0.10042215883731842
0.09980758279561996
0.09987831860780716
0.09971009194850922
0.10026126354932785
0.0999419167637825
0.100094735622406
0.10003465414047241
0.0998832955956459
0.09993736445903778
0.09967523068189621
0.10013121366500854
0.10067907720804214
0.09951668232679367
0.10003618150949478
0.09974511712789536
0.09982716292142868
0.10018189996480942
0.09983871132135391
0.10012709349393845
0.0994822308421135
0.0998702421784401
0.09977424889802933
0.09972701221704483
0.10013538599014282
0.09964318573474884
0.0998416543006897
0.10037090629339218
0.10012714564800262
0.09970476478338242
0.10027032345533371
0.09998748451471329
0.10000717639923096
0.10014834254980087
0.09959156066179276
0.10036920011043549
0.09946329891681671
0.09991227835416794
0.09990327805280685
0.09983383119106293
0.09980488568544388
0.0999486893415451
0.09989270567893982
0.10066618770360947
0.10050810128450394
0.09979474544525146
0.10030286759138107
0.09991493076086044
0.09965353459119797
0.0999741405248642
0.10024925321340561
0.10001038014888763
0.10006178915500641
0.09985369443893433
0.09989575296640396
0.09982160478830338
0.09970761090517044
0.10026399046182632
0.09947913140058517
0.10031058639287949
0.0995490774512291
0.10021961480379105
0.10018840432167053
0.09993231296539307
0.09973391890525818
0.09999754279851913
0.10005858540534973
0.10019797831773758
0.10004233568906784
0.09958155453205109
0.09952577948570251
0.1002565249800682
0.0996820256114006
0.09995605796575546
0.0999993309378624
0.09993010759353638
0.09979115426540375
0.0999961793422699
0.09969168901443481
0.09979234635829926
0.10011313110589981
0.10065728425979614
0.10024739801883698
0.09976251423358917
0.10049399733543396
0.0999176949262619
0.10045506805181503
0.0998649001121521
0.10020797699689865
0.09981595724821091
0.09994141757488251
0.10002482682466507
0.10007213056087494
0.10026171803474426
0.10002422332763672
0.09977972507476807
0.09986185282468796
0.09943200647830963
0.09994305670261383
0.09998548030853271
0.09962274134159088
0.09967449307441711
0.09993001073598862
0.0997629314661026
0.09994561225175858
0.10013868659734726
0.10011875629425049
0.0999995768070221
0.10047873854637146
0.09998448193073273
0.10031300038099289
0.10013840347528458
0.09968553483486176
0.10033515095710754
0.09989197552204132
0.10004735738039017
0.10006352514028549
0.09995724260807037
0.09994545578956604
0.09972880780696869
0.10039474815130234
0.10012216120958328
0.099769726395607
0.0996023565530777
0.09976614266633987
0.09996587038040161
0.10041210055351257
0.10010737180709839
0.10006382316350937
0.09931755065917969
0.09953992068767548
0.10021750628948212
0.09989944100379944
0.099874347448349
0.0997278019785881
0.10007656365633011
0.10016757249832153
0.0999017208814621
0.09972885996103287
0.10005099326372147
0.09962446242570877
0.0994773879647255
0.10023637861013412
0.09982705116271973
0.09988725185394287
0.10000400990247726
0.09920866787433624
0.10035859793424606
0.09984556585550308
0.09980020672082901
0.10022461414337158
0.09997566789388657
0.10011212527751923
0.10011883825063705
0.09977878630161285
0.09977509826421738
0.0997452661395073
0.10007712244987488
0.09988468885421753
0.1000635027885437
0.09997919946908951
0.09948612004518509
0.100104421377182
0.09930639714002609
0.09980671852827072
0.09986847639083862
0.09983061999082565
0.10045573860406876
0.10017722845077515
0.10011592507362366
0.10000421106815338
0.09981001168489456
0.0997597724199295
0.09977675974369049
0.10020638257265091
0.09958136826753616
0.09925756603479385
0.0997399315237999
0.10026928782463074
0.09991669654846191
0.10030185431241989
0.10007510334253311
0.09988026320934296
0.09996775537729263
0.10036609321832657
0.09989634156227112
0.0998508408665657
0.09953766316175461
0.10028038918972015
0.10009536892175674
0.1000073030591011
0.09968917816877365
0.0995553582906723
0.10047715157270432
0.09993576258420944
0.09993419051170349
0.10020354390144348
0.09967690706253052
0.10004743933677673
0.09979123622179031
0.09950482845306396
0.10008815675973892
0.09997810423374176
0.09980423003435135
0.10004519671201706
0.09994708001613617
0.0998690277338028
0.09995760768651962
0.10004877299070358
0.09998930990695953
0.09974981844425201
0.10021669417619705
0.0997685119509697
0.09997103363275528
0.09975523501634598
0.10018789768218994
0.09978878498077393
0.0999414473772049
0.10071419179439545
0.10058354586362839
0.09974205493927002
0.10006863623857498
0.09981746971607208
0.09983708709478378
0.10007968544960022
0.0999838188290596
0.09993407130241394
0.10019393265247345
0.09965702146291733
0.09988226741552353
0.10025238245725632
0.10022818297147751
0.09950337558984756
0.10005566477775574
0.09942781180143356
0.09929651767015457
0.10044486820697784
0.09977275878190994
0.10017818212509155
0.1003393679857254
0.09993214905261993
0.09960896521806717
0.10001979768276215
0.09963467717170715
0.09973520040512085
0.09993790090084076
0.09970412403345108
0.10030246526002884
0.09946638345718384
0.1001950204372406
0.10009399801492691
0.09983595460653305
0.09981056302785873
0.09998051077127457
0.10009271651506424
0.09986097365617752
0.10000411421060562
0.1001274585723877
0.10013926774263382
0.09935194998979568
0.09951166063547134
0.10026808828115463
0.09970171004533768
0.09972888231277466
0.09991451352834702
0.09992809593677521
0.09992372244596481
0.09965957701206207
0.0999869629740715
0.09983579814434052
0.10065379738807678
0.10007867962121964
0.10039013624191284
0.1000666692852974
0.10034459829330444
0.09967081993818283
0.09969815611839294
0.10019194334745407
0.10003814101219177
0.09929166734218597
0.10031510889530182
0.09958149492740631
0.0999104380607605
0.09952821582555771
0.1000799760222435
0.09961122274398804
0.09973597526550293
0.0999390184879303
0.09987421333789825
0.10006876289844513
0.1001657098531723
0.09987615793943405
0.09993644058704376
0.09987170994281769
0.10040456801652908
0.09990216791629791
0.09990236163139343
0.09978841990232468
0.0997588187456131
0.10021062195301056
0.10009308904409409
0.10016090422868729
0.0997190922498703
0.10029371082782745
0.09995585680007935
0.10007923096418381
0.10008912533521652
0.09982115775346756
0.09951242059469223
0.09993186593055725
0.10029488056898117
0.09981302917003632
0.09972190856933594
0.1000884473323822
0.09951362013816833
0.1006149873137474
0.09985120594501495
0.09994478523731232
0.10043205320835114
0.10019558668136597
0.09949254244565964
0.09997042268514633
0.10035285353660583
0.0997573658823967
0.10001695901155472
0.09988664835691452
0.10036332905292511
0.10011925548315048
0.09968505054712296
0.09966441243886948
0.1002679169178009
0.10021702945232391
0.09958949685096741
0.09987396001815796
0.0998891294002533
0.10055124759674072
0.09980017691850662
0.09973162412643433
0.1001105010509491
0.09982089698314667
0.10041170567274094
0.09980219602584839
0.10023183375597
0.09999214857816696
0.09980696439743042
0.10002080351114273
0.09930096566677094
0.09959840029478073
0.10020893812179565
0.0994897410273552
0.09992273151874542
0.1005115956068039
0.09962870925664902
0.09958381950855255
0.09951853007078171
0.0998605489730835
0.09997081011533737
0.09993231296539307
0.10028060525655746
0.100270576775074
0.0999940037727356
0.09970130771398544
0.10004810243844986
0.10007691383361816
0.10025421530008316
0.0998309850692749
0.10008283704519272
0.0999433770775795
0.09979141503572464
0.1002415344119072
0.10005136579275131
0.0996864065527916
0.09995222091674805
0.099809430539608
0.10002696514129639
0.10008875280618668
0.09956314414739609
0.10007742047309875
0.09992145001888275
0.10007189959287643
0.10005958378314972
0.09972517937421799
0.09926162660121918
0.09999620914459229
0.09981521219015121
0.09990641474723816
0.10030170530080795
0.09996754676103592
0.09975287318229675
0.099594347178936
0.10017319768667221
0.10012544691562653
0.09969628602266312
0.09982975572347641
0.09978128969669342
0.09999335557222366
0.10045378655195236
0.09973925352096558
0.09971883893013
0.10006262362003326
0.10007493197917938
0.09989087283611298
0.09982786327600479
0.10040847212076187
0.09967079013586044
0.09951592981815338
0.09983915090560913
0.0999370887875557
0.10026008635759354
0.09967551380395889
0.1000199243426323
0.10026117414236069
0.09967748075723648
0.09967760741710663
0.0994580015540123
0.1002868264913559
0.0998552143573761
0.10023707151412964
0.10031692683696747
0.0999787375330925
0.10046451538801193
0.09977907687425613
0.09992188960313797
0.10009313374757767
0.09972760826349258
0.10024186968803406
0.09996055066585541
0.09980586171150208
0.10034087300300598
0.09985281527042389
0.10009853541851044
0.10010183602571487
0.10002993047237396
0.09983409196138382
0.09931457787752151
0.10007889568805695
0.09975225478410721
0.09984873980283737
0.10000282526016235
0.09951071441173553
0.09999324381351471
0.09983041137456894
0.09996272623538971
0.10020709782838821
0.09992791712284088
0.10024062544107437
0.09956716746091843
0.09997871518135071
0.09994231164455414
0.09982135891914368
0.10026436299085617
0.1003105565905571
0.09961388260126114
0.09955984354019165
0.10006874054670334
0.10020339488983154
0.10013126581907272
0.10010004788637161
0.09943941235542297
0.09982140362262726
0.1003674790263176
0.09977860748767853
0.09961263090372086
0.09999170899391174
0.10016468912363052
0.10042382776737213
0.09942033886909485
0.10036011040210724
0.09977304190397263
0.09939590841531754
0.0996168851852417
0.0999259278178215
0.09995759278535843
0.10019814223051071
0.09948296844959259
0.10017040371894836
0.10000462085008621
0.09979762881994247
0.099998340010643
0.09991153329610825
0.0996868833899498
0.10051309317350388
0.09999179095029831
0.10017481446266174
0.09992349147796631
0.0997081995010376
0.10050655901432037
0.10015120357275009
0.09980131685733795
0.1001659408211708
0.09985008090734482
0.10012666881084442
0.09960490465164185
0.09988637268543243
0.10016237199306488
0.099966861307621
0.09985177218914032
0.09987980127334595
0.09986980259418488
0.10037021338939667
0.09995222091674805
0.1002611294388771
0.09987834095954895
0.10029355436563492
0.09982586652040482
0.10003433376550674
0.09976226836442947
0.10014234483242035
0.09945521503686905
0.09998001158237457
0.09982770681381226
0.09990035742521286
0.10022688657045364
0.10042845457792282
0.09985969215631485
0.10011487454175949
0.10010465979576111
0.09969213604927063
0.0997338742017746
0.0999475046992302
0.09980466216802597
0.09992807358503342
0.09997444599866867
0.09990578144788742
0.10055455565452576
0.10001606494188309
0.0996890515089035
0.10032141953706741
0.09978778660297394
0.10000426322221756
0.0997689813375473
0.10054803639650345
0.099944569170475
0.10022163391113281
0.10000529140233994
0.10005762428045273
0.09953861683607101
0.0993199497461319
0.10002496093511581
0.10036318749189377
0.09991315007209778
0.10026540607213974
0.09991138428449631
0.09989572316408157
0.09925314784049988
0.09997200220823288
0.0999709963798523
0.10030391067266464
0.09950628131628036
0.0996621623635292
0.09981375932693481
0.09983889013528824
0.09985906630754471
0.10038319230079651
0.09987778961658478
0.10018596053123474
0.0999717190861702
0.10054238140583038
0.09995843470096588
0.09994084388017654
0.09936386346817017
0.10095439851284027
0.10015930980443954
0.09975901991128922
0.09968805313110352
0.10026073455810547
0.09980008751153946
0.10049444437026978
0.10012665390968323
0.09983965754508972
0.09996400028467178
0.10008314251899719
0.1001630499958992
0.09990351647138596
0.10019944608211517
0.10043466836214066
0.10007543861865997
0.09968135505914688
0.0997391864657402
0.09978292137384415
0.1001323014497757
0.09942493587732315
0.0998842716217041
0.10006800293922424
0.09983954578638077
0.10008454322814941
0.09963623434305191
0.09985135495662689
0.10007090121507645
0.09934290498495102
0.09972640126943588
0.0995703637599945
0.10022368282079697
0.09983429312705994
0.09981183707714081
0.10004797577857971
0.10000880062580109
0.09987093508243561
0.0997462272644043
0.10012029856443405
0.09989746659994125
0.10007832199335098
0.09974919259548187
0.1000136137008667
0.09963613003492355
0.09966527670621872
0.09989478439092636
0.10025427490472794
0.10037272423505783
0.0998813807964325
0.09972351044416428
0.09980931133031845
0.09984415769577026
0.09991862624883652
0.10005219280719757
0.10028664767742157
0.10024592280387878
0.0997113287448883
0.09973379969596863
0.09990396350622177
0.09974122792482376
0.10060547292232513
0.09999091923236847
0.10062718391418457
0.09966174513101578
0.10013499855995178
0.10009892284870148
0.1002032458782196
0.09955619275569916
0.09929325431585312
0.099581778049469
0.09972284734249115
0.09993620216846466
0.10027956962585449
0.09999051690101624
0.10018439590930939
0.09974542260169983
0.10051039606332779
0.09979724884033203
0.09999877214431763
0.09987948089838028
0.10031692683696747
0.0999358668923378
0.10016721487045288
0.09994170069694519
0.10019032657146454
0.0996231809258461
0.09995103627443314
0.10012322664260864
0.10003945231437683
0.09999477863311768
0.10007338225841522
0.09978394210338593
0.10038246959447861
0.09939336031675339
0.09997556358575821
0.10001369565725327
0.09967539459466934
0.09986091405153275
0.09995634108781815
0.10017381608486176
0.0999719649553299
0.10020226240158081
0.09992188960313797
0.10013232380151749
0.09974823147058487
0.10027110576629639
0.09983699023723602
0.10045664012432098
0.09989186376333237
0.09976400434970856
0.0999605804681778
0.0998566746711731
0.10043743997812271
0.10010507702827454
0.09974288195371628
0.0996527224779129
0.10019414126873016
0.09955235570669174
0.10003268718719482
0.09974723309278488
0.09970688074827194
0.0997127816081047
0.10007050633430481
0.1000128760933876
0.099718376994133
0.0995580330491066
0.09983216226100922
0.1003168448805809
0.10025402158498764
0.09969612956047058
0.10022995620965958
0.10005508363246918
0.09938107430934906
0.09960991889238358
0.10036186128854752
0.09970518946647644
0.0997476726770401
0.10006146878004074
0.09996449202299118
0.10008441656827927
0.10005084425210953
0.09965209662914276
0.0998895913362503
0.10043123364448547
0.09972946345806122
0.09973777830600739
0.0997682511806488
0.10019662231206894
0.09975985437631607
0.09994776546955109
0.09934265166521072
0.09986834228038788
0.09992393851280212
0.10012798011302948
0.0998244360089302
0.10065020620822906
0.09973616898059845
0.09968291223049164
0.0999266505241394
0.09996256977319717
0.10011639446020126
0.10012564808130264
0.10006245970726013
0.1002773568034172
0.100242018699646
0.09982892870903015
0.09979794174432755
0.0999007374048233
0.09978963434696198
0.10002391785383224
0.09950678050518036
0.09988877177238464
0.09996137768030167
0.10008984059095383
0.10012663155794144
0.09996458142995834
0.0995006188750267
0.09973861277103424
0.1002105250954628
0.10018711537122726
0.0998542532324791
0.10032729059457779
0.100145623087883
0.09994351118803024
0.09947000443935394
0.09971743077039719
0.10016374289989471
0.099973663687706
0.10015986859798431
0.10015106946229935
0.09974157810211182
0.09943494200706482
0.10022909939289093
0.09986702352762222
0.0999666079878807
0.09979814291000366
0.10019178688526154
0.10005522519350052
0.09920573979616165
0.09990273416042328
0.09981954097747803
0.10047174990177155
0.09989750385284424
0.10053414106369019
0.09996163100004196
0.09988527745008469
0.0999307781457901
0.10023415088653564
0.09972433745861053
0.09967789798974991
0.10010389983654022
0.09961283206939697
0.09964840859174728
0.10055013746023178
0.09974762052297592
0.10007620602846146
0.10029390454292297
0.09993794560432434
0.09995954483747482
0.10010967403650284
0.10024410486221313
0.09988442063331604
0.09961064159870148
0.09997621178627014
0.10014595091342926
0.09974470734596252
0.10020356625318527
0.09992754459381104
0.09984835982322693
0.10028517246246338
0.09999579191207886
0.09970524162054062
0.10005247592926025
0.09994789958000183
0.10016146302223206
0.10022327303886414
0.09970780462026596
0.0998343825340271
0.09977439790964127
0.10014400631189346
0.09985793381929398
0.09969020634889603
0.09961601346731186
0.10038789361715317
0.10021983832120895
0.09997840225696564
0.10020272433757782
0.10022317618131638
0.10016833990812302
0.10014448314905167
0.0994383692741394
0.09970059245824814
0.09972137957811356
0.09964978694915771
0.09963174909353256
0.09954899549484253
0.0999392420053482
0.09984110295772552
0.09994710236787796
0.10020323842763901
0.09993951767683029
0.10039515793323517
0.10030455142259598
0.10008794814348221
0.09973017871379852
0.10024061799049377
0.0999244749546051
0.09993157535791397
0.09977281093597412
0.10024535655975342
0.10031406581401825
0.09996727108955383
0.09975606948137283
0.10017474740743637
0.09974882006645203
0.0994098111987114
0.10015624761581421
0.09981976449489594
0.10024282336235046
0.0996968150138855
0.10003621131181717
0.09999480098485947
0.10020125657320023
0.09986834228038788
0.09969127178192139
0.10019820928573608
0.09986142069101334
0.10021037608385086
0.09949218481779099
0.09968746453523636
0.09978152811527252
0.1000320091843605
0.10002603381872177
0.09999421238899231
0.09989288449287415
0.09974924474954605
0.10003109276294708
0.09973833709955215
0.09976019710302353
0.09993326663970947
0.10060705244541168
0.09962062537670135
0.10018014907836914
0.10003301501274109
0.09998270124197006
0.09981899708509445
0.1000528410077095
0.09989097714424133
0.10024730116128922
0.10001616179943085
0.099954754114151
0.0995044931769371
0.10000980645418167
0.09983479231595993
0.09967746585607529
0.10002341121435165
0.0997004583477974
0.10018182545900345
0.09989290684461594
0.09985975176095963
0.09996803104877472
0.09977616369724274
0.10021186619997025
0.09976579248905182
0.10015055537223816
0.09993728250265121
0.09994456171989441
0.1001051589846611
0.100123830139637
0.10003560781478882
0.0999673455953598
0.09972187876701355
0.09993920475244522
0.09994594752788544
0.0998133197426796
0.09971585869789124
0.09997152537107468
0.10035368800163269
0.10010895878076553
0.09991585463285446
0.10000897943973541
0.09989162534475327
0.0998394712805748
0.10011909157037735
0.09982429444789886
0.10004797577857971
0.10010241717100143
0.09982956945896149
0.10038423538208008
0.09983229637145996
0.09998912364244461
0.10059303790330887
0.09982605278491974
0.10002958029508591
0.0996565893292427
0.09990984201431274
0.1000143513083458
0.09969904273748398
0.09994073957204819
0.09993471205234528
0.1002829372882843
0.09988360106945038
0.10021885484457016
0.09990110248327255
0.10012682527303696
0.10011786222457886
0.1000785157084465
0.100145623087883
0.09953320026397705
0.09998781979084015
0.09978761523962021
0.09988390654325485
0.09957265108823776
0.1001809611916542
0.09965609759092331
0.10009416937828064
0.09975343197584152
0.1003916785120964
0.10002165287733078
0.0998142883181572
0.09921938180923462
0.09971988201141357
0.10014504939317703
0.09984453022480011
0.0999261811375618
0.09979912638664246
0.100367970764637
0.0998125970363617
0.099735327064991
0.10026764869689941
0.10031144320964813
0.09994567185640335
0.10002461820840836
0.10011494904756546
0.09977482259273529
0.09958045184612274
0.09973173588514328
0.09997399151325226
0.0999508947134018
0.10009365528821945
0.09997646510601044
0.1004234030842781
0.09941308945417404
0.09971868246793747
0.10004304349422455
0.10040708631277084
0.09959374368190765
0.10003126412630081
0.10008027404546738
0.099750816822052
0.09990012645721436
0.10031145811080933
0.09961234033107758
0.0997621938586235
0.09992555528879166
0.09996814280748367
0.10044653713703156
0.09961872547864914
0.1000199168920517
0.09955492615699768
0.0999283567070961
0.10019320249557495
0.09973976761102676
0.10008648782968521
0.09995706379413605
0.0998503640294075
0.0997249111533165
0.10016533732414246
0.10027022659778595
0.10008849948644638
0.09977537393569946
0.09999807178974152
0.09961921721696854
0.09943682700395584
0.1000773012638092
0.10005863010883331
0.09977103024721146
0.09991827607154846
0.10010860115289688
0.09997262060642242
0.10024687647819519
0.09996043145656586
0.09990842640399933
0.10017281770706177
0.09995602071285248
0.0999896451830864
0.10043042153120041
0.09955614805221558
0.09946885704994202
0.10023085027933121
0.09994301944971085
0.0993892252445221
0.09961851686239243
0.10012819617986679
0.10023249685764313
0.10018471628427505
0.0999889150261879
0.09975308924913406
0.10028992593288422
0.09974128007888794
0.09985316544771194
0.10043990612030029
0.0998694896697998
0.0998426154255867
0.10015956312417984
0.0996909886598587
0.10012036561965942
0.10013310611248016
0.09958869218826294
0.09992050379514694
0.09980050474405289
0.10030686855316162
0.09983333200216293
0.10005571693181992
0.10006338357925415
0.09987073391675949
0.09998676180839539
0.09995422512292862
0.10019680112600327
0.10001900792121887
0.09974760562181473
0.0998641774058342
0.10010084509849548
0.099496029317379
0.09977252781391144
0.09987006336450577
0.10005547106266022
0.09971293061971664
0.0997525081038475
0.10014152526855469
0.1000378355383873
0.1000933051109314
0.09967804700136185
0.10005247592926025
0.09968485683202744
0.10004663467407227
0.0998477041721344
0.1001729667186737
0.09970805794000626
0.10040032118558884
0.09923245757818222
0.0991654098033905
0.10001072287559509
0.09942568093538284
0.10020318627357483
0.09922841936349869
0.10025360435247421
0.09973952919244766
0.09994769841432571
0.09935546666383743
0.09941348433494568
0.09989243745803833
0.09974433481693268
0.09966319054365158
0.10040067881345749
0.09972907602787018
0.09987377375364304
0.1000439003109932
0.10002011060714722
0.10013441741466522
0.09985511749982834
0.09957758337259293
0.09960256516933441
0.09980529546737671
0.10017096251249313
0.0999615341424942
0.10006877779960632
0.10056139528751373
0.10011950135231018
0.0999276340007782
0.0996997058391571
0.09976156800985336
0.09997213631868362
0.09998741745948792
0.09988313168287277
0.09996844828128815
0.10016267001628876
0.10009016841650009
0.10010530054569244
0.09994963556528091
0.09985978901386261
0.09993767738342285
0.09954024851322174
0.0997677817940712
0.10010503977537155
0.10025706887245178
0.10001111775636673
0.10009772330522537
0.10019241273403168
0.09984681755304337
0.09984350204467773
0.09977542608976364
0.09991409629583359
0.10021353513002396
0.09982924163341522
0.09980960190296173
0.10021062940359116
0.09977410733699799
0.0999114066362381
0.10012906789779663
0.10013556480407715
0.09997507184743881
0.10026095807552338
0.0997055396437645
0.0997348353266716
0.10040802508592606
0.10008444637060165
0.09955089539289474
0.09964176267385483
0.09977134317159653
0.10021109879016876
0.10038189589977264
0.09949599951505661
0.10009273886680603
0.09991511702537537
0.09977452456951141
0.10016916692256927
0.0999058187007904
0.09986630827188492
0.10000446438789368
0.09964635223150253
0.10004474222660065
0.10000745952129364
0.09968291968107224
0.09978903084993362
0.09961653500795364
0.09985295683145523
0.10003551095724106
0.09991269558668137
0.09988661110401154
0.09982720017433167
0.09966976195573807
0.10031873732805252
0.0998564139008522
0.10010001063346863
0.09991158545017242
0.09990938007831573
0.10006532073020935
0.10054448246955872
0.10002605617046356
0.10000988095998764
0.10005664080381393
0.09999952465295792
0.09995918720960617
0.0998033732175827
0.09985458105802536
0.09997271746397018
0.09980577230453491
0.10024560987949371
0.09943114221096039
0.10003509372472763
0.09940239042043686
0.10022734850645065
0.09991420805454254
0.09986309707164764
0.10008770227432251
0.09968838840723038
0.09960027039051056
0.09986506402492523
0.09977007657289505
0.10013610124588013
0.09999164193868637
0.09966837614774704
0.1001780778169632
0.10042974352836609
0.10016251355409622
0.09967406094074249
0.10004901140928268
0.09994857758283615
0.10008616745471954
0.09958166629076004
0.0999877080321312
0.09980957210063934
0.09999978542327881
0.10019494593143463
0.10015124082565308
0.09975457191467285
0.10002521425485611
0.09967358410358429
0.10021406412124634
0.09968695044517517
0.09956872463226318
0.10009270906448364
0.09974367916584015
0.09995303303003311
0.09977307915687561
0.10015647113323212
0.1001288890838623
0.10028156638145447
0.09987432509660721
0.09981387108564377
0.09981813281774521
0.09939246624708176
0.1002425029873848
0.10036508738994598
0.09989025443792343
0.0998096913099289
0.09974616765975952
0.09992317855358124
0.10051128268241882
0.09991095215082169
0.10039534419775009
0.09998075664043427
0.10031548142433167
0.10005589574575424
0.09965656697750092
0.09994630515575409
0.09998279064893723
0.09983368963003159
0.09985246509313583
0.09967038780450821
0.10035421699285507
0.09989313781261444
0.10003434866666794
0.100040502846241
0.1001010537147522
0.10005783289670944
0.09979511797428131
0.09981300681829453
0.09996340423822403
0.09988965839147568
0.09987623244524002
0.09989386796951294
0.10007455199956894
0.10037411004304886
0.10024894028902054
0.09992267191410065
0.09991886466741562
0.09952820837497711
0.10049029439687729
0.10021323710680008
0.09992900490760803
0.09984587877988815
0.10029641538858414
0.09975071996450424
0.10005876421928406
0.09951543062925339
0.1001645103096962
0.09992044419050217
0.10013088583946228
0.0998554453253746
0.09983603656291962
0.09993898123502731
0.09990540891885757
0.09975410997867584
0.10018344223499298
0.1003246083855629
0.09997602552175522
0.0999746173620224
0.10013016313314438
0.09978604316711426
0.10046790540218353
0.09963077306747437
0.09977787733078003
0.10015321522951126
0.09985246509313583
0.09993589669466019
0.09999414533376694
0.09993986040353775
0.10010875761508942
0.10040193051099777
0.09994427859783173
0.0996234118938446
0.10018206387758255
0.10008217394351959
0.10035539418458939
0.0995405986905098
0.10010505467653275
0.10000405460596085
0.0996343120932579
0.10014182329177856
0.09987735003232956
0.09998082369565964
0.10027746111154556
0.09925255924463272
0.09965108335018158
0.10005363821983337
0.09997212886810303
0.09980458766222
0.09950090199708939
0.09957841038703918
0.10032664239406586
0.09970088303089142
0.09998052567243576
0.10020329803228378
0.09992104768753052
0.10005081444978714
0.09999832510948181
0.09995044022798538
0.10055063664913177
0.10010305047035217
0.09998972713947296
0.09988359361886978
0.09967640787363052
0.10022438317537308
0.10049021989107132
0.09995278716087341
0.10007267445325851
0.09998293966054916
0.10005288571119308
0.09985680133104324
0.1002412661910057
0.09991525113582611
0.09976645559072495
0.0998087003827095
0.09985484182834625
0.0999380499124527
0.10000601410865784
0.10005662590265274
0.09996636211872101
0.099782794713974
0.09985704720020294
0.09999673813581467
0.10026286542415619
0.09985014796257019
0.10033119469881058
0.100165955722332
0.10043427348136902
0.10003571957349777
0.09981973469257355
0.10021807253360748
0.09993339329957962
0.10001620650291443
0.10001876950263977
0.0996139645576477
0.09966782480478287
0.0997132956981659
0.09997797757387161
0.09932740777730942
0.10002710670232773
0.09970218688249588
0.09987742453813553
0.09993810206651688
0.09959889948368073
0.09992426633834839
0.10009294003248215
0.10029695928096771
0.09989102929830551
0.10016727447509766
0.0999843031167984
0.09911531209945679
0.1001836284995079
0.09996891766786575
0.09954017400741577
0.10006068646907806
0.09978309273719788
0.09980513900518417
0.10035838186740875
0.09997060149908066
0.09998595714569092
0.10042834281921387
0.09988554567098618
0.10016140341758728
0.10000988841056824
0.09997111558914185
0.10005361586809158
0.09963495284318924
0.09995792806148529
0.09990035742521286
0.10034456104040146
0.10000678151845932
0.09981916844844818
0.09980500489473343
0.10027521103620529
0.0999961867928505
0.09987655282020569
0.09997837245464325
0.10002488642930984
0.10005612671375275
0.09958905726671219
0.09979037940502167
0.10028118640184402
0.09977947175502777
0.09977593272924423
0.10014636814594269
0.10034101456403732
0.09995139390230179
0.10000920295715332
0.0995388999581337
0.10007194429636002
0.10012108832597733
0.09936057776212692
0.09974008053541183
0.10012612491846085
0.10017339140176773
0.0998258963227272
0.09985794872045517
0.09984400868415833
0.0999082624912262
0.10032788664102554
0.10051454603672028
0.09998980909585953
0.09962660819292068
0.0993606224656105
0.0995977446436882
0.10015255957841873
0.1001271903514862
0.09950970858335495
0.09988871961832047
0.09979795664548874
0.10002124309539795
0.09981589019298553
0.09974806010723114
0.09996423125267029
0.10047353804111481
0.1000487357378006
0.10017111152410507
0.09984368830919266
0.09990664571523666
0.09976335614919662
0.09972914308309555
0.10020401328802109
0.10016181319952011
0.09983539581298828
0.10017834603786469
0.09979332238435745
0.09989503026008606
0.10029137134552002
0.10025383532047272
0.10006847232580185
0.09977740794420242
0.09955674409866333
0.09980005770921707
0.09997031837701797
0.10020226240158081
0.09956836700439453
0.0999542698264122
0.10001731663942337
0.10054999589920044
0.09974254667758942
0.09980745613574982
0.10028821229934692
0.09967858344316483
0.10015649348497391
0.09965092688798904
0.10022121667861938
0.09978284686803818
0.0999615341424942
0.09951212257146835
0.09998111426830292
0.10002778470516205
0.10001910477876663
0.09982210397720337
0.09928911179304123
0.10022655874490738
0.09986314177513123
0.10008811950683594
0.09966485947370529
0.10002046078443527
0.0994572713971138
0.09990791976451874
0.09941059350967407
0.10035940259695053
0.09968192875385284
0.10018619894981384
0.09966155141592026
0.0998690277338028
0.09966425597667694
0.10031314194202423
0.0998849868774414
0.10017333924770355
0.09987790882587433
0.09984548389911652
0.0997902974486351
0.10045700520277023
0.10056252032518387
0.09983336180448532
0.09992431104183197
0.09999427944421768
0.10017301887273788
0.09966176748275757
0.10032090544700623
0.09996914118528366
0.10007019340991974
0.09986432641744614
0.100383460521698
0.09957814961671829
0.09994523972272873
0.1001780778169632
0.09991154819726944
0.10008921474218369
0.10002852976322174
0.0995670035481453
0.09989310801029205
0.09995069354772568
0.10045590251684189
0.09967035055160522
0.10033723711967468
0.09988803416490555
0.10019432008266449
0.09988456964492798
0.10016801953315735
0.10003511607646942
0.09996012598276138
0.09991961717605591
0.09976912289857864
0.10005205869674683
0.09970608353614807
0.09978856891393661
0.09985174238681793
0.09955407679080963
0.09965464472770691
0.09993229061365128
0.09997442364692688
0.10019814968109131
0.10021097958087921
0.09999112039804459
0.10041113942861557
0.09972736239433289
0.09993616491556168
0.1003178283572197
0.1001623123884201
0.09999357908964157
0.10001007467508316
0.0998723953962326
0.099631167948246
0.10019990056753159
0.09966518729925156
0.09986834228038788
0.10018191486597061
0.10014976561069489
0.09989926218986511
0.09947078675031662
0.09985604137182236
0.09982897341251373
0.1000446155667305
0.1001061499118805
0.10015701502561569
0.10060391575098038
0.09950213134288788
0.09991230070590973
0.09951575845479965
0.10009278357028961
0.09980369359254837
0.0993150845170021
0.1002369374036789
0.10001004487276077
0.09982416778802872
0.09988341480493546
0.09960423409938812
0.09982753545045853
0.10013539344072342
0.09992558509111404
0.1001255214214325
0.1002262607216835
0.09991476684808731
0.10017512738704681
0.09971358627080917
0.10004013031721115
0.09971539676189423
0.1000353991985321
0.09938374161720276
0.09981429576873779
0.09961824119091034
0.10001010447740555
0.09948855638504028
0.0998196080327034
0.09956632554531097
0.10012299567461014
0.10016322135925293
0.09980273991823196
0.1003279983997345
0.09981029480695724
0.09948250651359558
0.10000588744878769
0.09973189979791641
0.09941796958446503
0.10006789118051529
0.09944722801446915
0.09985359758138657
0.10037631541490555
0.10022816061973572
0.09997821599245071
0.09972025454044342
0.10007942467927933
0.10002145916223526
0.09975935518741608
0.09943938255310059
0.09996762871742249
0.09995733201503754
0.10016771405935287
0.10015448927879333
0.1001676544547081
0.0999760627746582
0.09969770908355713
0.09975562989711761
0.09999426454305649
0.09971865266561508
0.099697045981884
0.10030139237642288
0.10003355890512466
0.10001382231712341
0.0998065173625946
0.09999530762434006
0.10018910467624664
0.09978917986154556
0.09991112351417542
0.1000162810087204
0.0998445600271225
0.1001238077878952
0.10027749091386795
0.10009955614805222
0.09970458596944809
0.10003145784139633
0.10000425577163696
0.0998297855257988
0.09958567470312119
0.0995061993598938
0.0998331680893898
0.10027559101581573
0.09984614700078964
0.09934895485639572
0.09999554604291916
0.09973563998937607
0.10022759437561035
0.10014327615499496
0.0995711162686348
0.09979405254125595
0.09977512806653976
0.09998631477355957
