8.168603801634163
8.243620485533029
8.416671928483993
8.31163311144337
8.437979984097183
8.568619881756604
8.592916098888963
8.674520303029567
8.548134643118829
8.44423576258123
8.597069514915347
8.290862012188882
8.415846430696547
8.63323740568012
8.459845600649714
8.587980093434453
8.631865235976875
8.56631476059556
8.612338745500892
8.438183113466948
8.620162859093398
8.584657042752951
8.435790930408984
8.28973963484168
8.799383119214326
8.542362423148006
8.66676429240033
8.45881221210584
8.657534440048039
8.482729896903038
9.232038006186485
8.532831267919391
8.644970454275608
8.944183433428407
8.860139156226069
9.071026685647666
8.672979081980884
8.822660984005779
8.777713269926608
9.044860461726785
8.827776937745512
8.775904304347932
8.853465915191919
8.60955089982599
8.832762164995074
9.128331216983497
8.998680842574686
8.94863577047363
9.021255471277982
8.731342987157404
9.032034474425018
8.90645713172853
9.075914192013443
8.604282627813518
9.13788430718705
8.972002496477216
9.016418533865362
9.300326449796557
8.950357073452324
9.527401560451835
9.121414233464748
8.911489913705736
8.918940299656242
9.097768225241452
8.84652352379635
8.751974099315703
8.694566195365041
9.027406718581915
8.928446228150278
8.904701370745897
9.030229337513447
8.79682403523475
8.91786985611543
9.273147601168603
9.109508914407343
9.182349695824087
8.862001582048833
8.963729783892632
8.862275860272348
8.777453931048512
9.040345520246774
8.94639672106132
8.711250490974635
8.734018515329808
8.623033683747053
8.659958349075168
9.02685778355226
8.776628755033016
8.776932306587696
8.889565003104508
8.60553394863382
9.029131121002138
8.620086007285863
8.696229703258723
8.997819801792502
8.959091329015791
8.86871992982924
8.81805524835363
9.042965377215296
8.99733749218285
8.845479580108076
8.706479114014655
8.869149045553058
9.031127496622503
8.824987713247538
8.622060018125921
8.732778954319656
8.814464764669538
8.860072725918144
8.484608535189182
8.836006709374487
8.981989322695881
9.169961168430746
9.01323404116556
8.68135148147121
8.877947750035673
8.834485451690853
8.626300177536905
8.822022657375783
8.715263416524976
8.986900913529098
8.86725461250171
8.721665126038715
9.049827900249511
8.867700315546244
8.91292763268575
8.92824323894456
8.860727829393
8.991458410397172
9.012418357189745
8.864854083396494
9.058810914400965
9.085422984324396
8.999498311895877
9.331330579705536
8.826702707912773
9.273559727240354
9.034851460251957
9.159320255275816
8.877446034923196
9.029622201342136
9.130024695303291
8.883575067389756
8.804431119468063
9.04312817985192
9.317539968527853
8.79179620463401
9.11560173984617
8.981752715539187
8.86865266598761
9.312780275475234
8.797248218208551
8.758353405166417
8.978166507091373
8.953356542624533
9.326816069893539
8.803135459311306
9.262458901386708
9.098352514207363
9.348393653519452
9.139523358549923
8.988739891909063
9.198951636441052
8.85010628355667
8.783912260551006
8.736626885831356
8.808271536137909
8.590685443487018
9.064573185984045
8.865103596821427
8.955896202474833
8.92901680804789
9.144166226033121
8.61508523998782
9.208534759934992
9.089560556225479
9.165248482953757
9.37181227793917
9.091429883148521
9.065423084888607
9.262624776922166
9.037978623528033
9.298661457374692
9.168588855303824
8.886565479915589
8.77250994136557
8.97018546005711
8.97413612343371
8.938619730994105
9.010275270789862
9.157737715169787
9.138289677444845
8.786159145645797
8.891984559595585
8.887326990254223
8.960123104974627
8.785781960003078
9.243172445334494
8.654399309307337
8.7265554824844
9.235300899483263
8.83763825101778
9.30870019737631
8.96528102364391
9.031832752283663
9.026410012040287
8.596760497894138
8.87495843321085
8.586848970036954
8.7807224127464
9.132688059471548
8.691302286926657
8.808984269853681
9.158171405084431
8.723824408371001
8.76564400177449
8.847321222536266
8.734409506432712
8.853558028582484
8.903995974455029
8.676421962678432
9.005835948511958
9.151964579708874
8.869565728586167
8.749402307905257
8.941479599568993
8.840233107097447
8.968398325145245
9.017591058742255
8.703602311667055
9.131396480835974
8.70579927507788
8.598072501830757
9.4162648585625
8.990206672810018
8.679008066188544
9.060601151082665
9.072794491425157
9.351312211249024
8.933179105166346
8.622750018723309
9.00843290798366
9.021479784976691
8.78718321910128
9.023141313809901
8.986417069099844
9.158649204298854
8.91032381542027
9.028645044192672
8.676103008911014
8.721382656600326
9.288833502214402
9.109146449249238
8.687489235773683
8.555354258511215
8.558702935930341
8.521585036534816
8.58903961488977
8.919930619653314
8.627920094877481
8.433111428748816
9.069465233478695
8.791110577527434
8.572814318817109
8.712387776002288
8.803233332931995
8.613389496691525
8.487330991774797
8.518755654338747
8.85855160234496
8.793770354241133
8.706322307698429
8.91079902369529
9.008504591416568
8.567255650181323
8.518598737660795
8.841633532661945
8.711777171585709
9.157972152810544
8.546276246197522
8.880202496424317
9.28879203600809
8.698050542268902
8.67974754748866
8.635273193474859
8.470761256758124
9.114884840324521
8.720974617637694
8.927540434524417
8.921565656550229
8.876677970867604
8.717426031362265
8.708820059895515
8.640021497849375
9.050039127469063
8.992674745619297
9.127614714670926
8.639784360770136
8.902524779550731
8.829039857722819
8.973969281185418
8.978870741091669
9.09693365264684
8.770452675409615
8.672995718661696
8.902239837683737
8.849356472492218
8.996869716793299
8.806214946322143
8.98507144767791
8.764343289658427
8.647563721053302
8.896465135738254
8.567883305251598
8.799663708079606
8.575673173647374
8.913853145670146
8.904511064989492
8.680745192803442
8.761010518530384
8.978424881119281
8.644704937469214
8.860671130940318
8.502038552891463
8.817981398431584
8.861070966348052
8.8120086081326
8.790255051106215
8.474875680636615
8.607999039348215
8.605653775390238
8.621766656637192
8.775500949472189
9.04806431895122
8.799003863707185
8.32900836225599
8.967195553239435
8.713724167551845
8.540172106586397
8.346425944939256
8.840457006823272
8.76220573624596
8.934276482788846
8.657190886326134
8.701521476265043
8.576276341453195
8.672026641201228
8.339219812769443
8.564083648845553
8.422085034660995
8.522159923566505
8.939840799896047
8.90953680779785
8.556383983697742
8.767222260124981
8.956135073676705
8.786649007350206
8.73929788498208
9.21588314883411
9.211284193675965
8.901051694527268
8.98675789986737
8.742528376169503
9.068856514059007
8.8521923343651
8.987361140083522
8.518817784264684
8.876406408380717
8.829754640813917
8.855547132901847
9.023687707725912
8.315939215943217
8.56911033578217
8.399623518344015
8.498501337133348
8.20825620740652
8.894596777390689
8.649247507564723
8.347660943400115
8.506351194344461
8.570261892396957
8.344882769975811
8.89609494805336
8.50920260231942
8.923048772849143
8.797916430514306
8.68962583411485
8.59202603297308
8.505550286266953
8.26679118280299
9.06187052000314
8.770535286981612
8.630112990736961
8.490013119764626
8.333959502633661
8.915276122745126
8.814092771615833
8.648000370245427
8.381381844170392
8.466069297399372
8.392713266657665
8.505050642881542
8.480676792794839
8.299811156466603
8.274600252043456
8.455464935395867
8.777424443513155
8.776555557968095
8.46998243429698
8.492428664583713
8.764155882177874
8.50016383221373
8.83142549265176
8.981506609357893
8.88275999436155
9.417755538132042
9.664658955298364
9.313496228773147
9.243344768881798
9.03313126321882
8.759010060690343
9.062559816986322
9.222056531114504
8.841471481136978
8.887152892071754
8.677326598903164
8.810414331033826
8.84515530592762
9.225055845454335
8.808939225971699
8.660355617757887
8.785870356019586
9.055831861682236
8.690683029824868
8.670689321588725
8.590890788473189
8.321096495725214
8.608852370176464
8.449789537582546
8.615569989662617
8.65597744192928
8.352855302859098
8.553484961856157
8.172854563454166
8.80626659328118
8.578802726231515
8.687647191341966
8.758756858296692
8.483955490635708
8.585745431249961
8.79465760756284
9.228333414997905
8.371270797215402
8.383730927482247
8.775442951126024
8.277681957930326
8.41341351531446
8.50057248910889
8.593383661936969
8.61470611859113
8.606899642851204
8.544062828179449
8.627556123305112
8.685400939546525
8.779857114888728
8.964126051869243
8.579275981057435
8.776694966014475
8.492791382595897
9.095749048981816
8.824747493956238
8.71598885487765
8.588278578128666
8.765617958270013
9.013962195254862
8.543980197049677
8.670964322518557
8.533778933342546
8.503624455770478
8.587181341368705
8.662984198890626
8.671477573458105
8.519432989647612
8.85637341439724
8.849855686537921
8.588942769449204
8.332964216824621
8.416928080376238
8.67292094649747
8.676387486979365
8.59216412412934
8.515798532869667
8.434631550684571
8.697972793597728
8.58700640220195
8.607944020535797
8.939866594038904
8.6077999251429
8.487141974503174
8.783044213429093
8.400650856085122
8.498058473225683
8.462569300783798
8.588754096068442
8.146567784482613
8.182394051691517
8.242281732149422
8.474707681685686
8.025966786313802
8.528757608029991
8.312739219982177
8.660522636258975
8.69310418725945
8.19615462818183
8.793503178982064
8.495462836464867
8.55348333902657
8.703717555385083
8.509945339756086
8.502600094303489
8.495264422846958
8.316078478936106
8.51797864655964
8.444659598870203
8.973090161569417
8.22920968849212
8.584672827739269
8.865972772007808
8.588014360750094
8.68392057903111
8.415355209028348
8.66232456616126
8.64058367908001
8.66500302636996
8.398009233409539
8.431264898972586
8.21449907287024
8.125634119147435
8.153905753046274
8.383600079920143
8.769526844844222
8.315414172131568
9.004133248701692
8.578954311087728
8.387780638411641
8.808846882544458
8.346908007748425
8.242889954010025
8.630637639435008
8.384078521979973
8.636536702048033
8.653305458603427
8.467983935726807
8.500543013447896
8.584653940284625
8.384168649092317
8.210364080034196
8.483527542324737
8.022807815112174
8.537573722656816
8.116453075082973
8.37373681506142
8.473081649048254
8.580732035217807
8.450728474417701
8.433194866403937
8.510461980942637
8.216477921465412
8.448888264130801
8.69812946789898
8.944117582868785
8.372969376388937
8.37614265899174
8.941977615468204
8.395082839531824
8.761515706544742
8.888967943843454
8.362416297895834
8.781949462834746
8.350630320841447
8.721051418222487
8.479907416505739
8.818913364084437
8.725641452241689
8.310477938735858
8.114244061289355
8.310577996540815
8.062753664562479
8.125355470459908
8.763225940754637
8.291564490646124
8.488366089062765
7.961077984189615
7.8678960900288075
8.455048056552187
8.447167962323874
8.199778288602829
8.161716992035508
8.483382538892329
8.505487620597705
8.136726070428267
8.480218072421849
8.33053071051836
8.607534009264782
8.315297415480018
8.468206423800439
8.539623651420698
8.422506241127849
8.186995268100873
8.476473697461188
8.252977430587634
8.467443278757855
8.21039957483299
7.978764354716986
8.380968302953988
8.375665453728288
8.596303093247116
8.03423146251589
8.239854175131768
8.212151642190292
8.139277366455644
8.000265890965238
8.36922528478317
7.884928584098816
8.253680776106194
7.975260550621897
8.664586612954736
8.404707144014537
8.452978960005566
8.344066611491144
8.10344809293747
8.106386515544727
8.756976472213864
8.322542611975223
8.641066269250587
8.26413025544025
8.003555886214599
8.334749525878578
8.958945435239002
8.036056003067642
8.442959745181724
7.939511212985963
8.378830870846286
8.24641690030694
8.2080662434455
8.841764734126627
8.497636694693938
8.247797323390841
8.187637499300763
8.369099824223667
8.407312684692442
7.876464057480916
8.287536576855928
8.191543505061418
8.20701571716927
8.199827437056229
8.351750943576917
8.464207846205682
8.526569592999294
8.02608715603128
8.250381280202419
8.110073768068105
8.453047128859907
8.353628639597446
8.187773086130619
8.450862420257181
8.460254445904866
8.549846562091261
8.070020246785134
8.779478129697964
8.787106399890035
8.853418404934928
8.675204475410283
8.691972153959796
8.637736656703055
8.754608523566276
8.699775062734261
8.849374291487038
8.752180131385103
8.449689436005428
8.529014355968684
8.382690972881392
8.369257529266179
8.54282265366055
8.458866761764511
8.414803977357224
8.442530810832977
8.243487228639424
8.352400479605421
8.176183701492846
8.062350004911423
7.839874538592994
8.286017903126776
7.786318572238088
7.957360659027472
8.16564097860828
8.331930902088061
8.483465612167493
8.120871676830575
8.136312767863274
8.193335578078404
8.302200800040737
8.22679752111435
8.339681387413293
7.807472373591736
7.899950179737061
8.270463364431635
8.171190422028303
7.979897578945383
8.245367409195751
8.183814984047785
7.957896911073476
8.115044994745404
8.326018313411623
8.414974842686206
8.63950209482573
8.828112218296155
8.032756699249148
7.978404730325565
8.423732027644292
7.67966025788337
8.153206226415932
7.8351084750611335
8.203024978749454
7.934346026973799
8.235939401900396
7.748584172222763
7.772211560513824
8.379192873602733
8.341791714541614
8.141615469474345
8.097857418237254
8.749214144423604
8.067310634069145
8.205059148836881
8.088130296440795
8.103187342640013
7.938465080456808
7.887916615232825
8.081526992842555
8.41690805903636
8.215314107947052
8.563524236902595
8.015747474040836
8.4571019471623
7.948180005187169
8.472195592941716
7.900524636963382
7.872306227684021
8.296961214160547
8.393523856531829
8.031354021281004
7.882794598350301
7.744511565193534
8.08022270957008
8.104674474801868
8.174864405067638
8.121109591098502
7.963960753753781
7.785700020380318
7.879122185753658
7.9341810282785445
8.236458393046632
8.142371728550643
7.706999799469486
7.616702403174713
8.312316637253389
8.340955254621804
8.33595396275632
7.911985340993851
8.20449667610228
8.407341671176255
8.594815662130713
8.669741929275915
7.865490974392742
8.113705815281719
8.609022520016879
8.343886091606691
7.921079649357125
8.260577593697235
8.040246502496302
7.803614336997271
8.477418267400935
8.301853782963008
8.678515141829848
7.7850393548142165
8.085986238904297
7.82872148649767
7.696152861928567
8.438774187350646
8.067679168190807
8.101967602502555
8.45265590120107
8.189419230213389
8.06547411158681
8.352884614141658
8.224235410336405
8.20060729701072
7.630371311912313
8.233676232630387
7.919530971674249
8.141753213480115
8.50768582476303
8.33562178723514
7.877626124536619
8.137379274237901
8.29388555767946
8.272988721495494
8.156646283343434
8.361867919098586
8.374477674486116
8.495342386187986
8.408032356994227
8.858108652289957
8.148748512379825
8.488741139415652
8.35323374136351
8.485518027562648
8.28357621608302
8.462021570652723
8.6932890471071
8.630361101590097
8.511490942444652
8.873619119171053
8.981834109406918
8.787962136324495
8.454778130864725
8.115043146302924
7.917645039502531
8.521068841451779
7.889616021886468
8.286842750152573
8.0506427353248
8.67116140644066
8.286884477129206
8.057492459658533
8.227862520609051
8.137092478573322
7.991029369179159
8.535316597903147
7.837582073407248
8.371594122378156
8.390554112847894
8.342457482824102
8.148410541936755
8.31798815401271
7.949125465238467
8.157601224258542
8.231640289071947
8.393053476698697
8.389644376002252
8.029315010178834
7.879016947001219
7.8621322782710195
8.48202857770957
8.006094535347074
8.356165546691045
8.222466011764482
8.12858281773515
8.3209338914603
8.471830373164266
7.844638434704393
7.916795794852078
8.364951529540122
7.923446779837832
7.6331760049797595
8.097203820711002
8.116957715945318
8.453540645772591
7.3641856433823705
8.176212733378634
7.995416950667277
8.021785067860037
8.221929464489222
8.056356502696872
7.836317312903702
8.046473060268909
7.93773630564101
7.999505159212276
7.401481962529942
8.094028593506664
7.745588214602321
8.232473503332585
7.7808783440850675
8.038203509291634
7.806483301566914
7.953111732611433
7.87888955255039
7.7283282075077295
7.918683932628483
7.660203599371016
7.866509338608012
7.810131246922538
8.146759409224615
8.050077207852155
7.967708849115297
8.390317001612857
8.053978909505531
8.320418249350041
7.986207182519138
8.769703283440322
7.564696048386395
8.181707764742896
7.913973324233666
7.812907440355048
8.065743518760428
8.079059993382543
8.715115671046078
9.107969018630683
7.903098505688831
8.054615546949208
8.665210857521743
7.850090744672343
8.075292012421414
8.160472804214805
8.478610349586233
8.592434382531792
8.099098258884624
8.5913140848279
8.666340660536662
7.978965383255854
8.23254758818075
8.755509147653356
8.312305649043992
8.375254895305261
8.253246792592108
8.12707694992423
8.791737062390894
8.549318852834404
8.505435704486445
8.67494198330678
8.074088842142373
7.981158810900524
7.959659389453009
8.244995787506923
7.703838404035196
8.179827347863466
8.271014677593485
8.007244358537719
8.234945358941332
8.061942124273628
8.338080168701708
7.60750034940429
8.214852357283235
8.315851208986714
8.395143627654761
7.951497240457684
8.4736816030927
7.665552238933742
7.804554286878556
8.06085567176342
8.167918652528897
7.997612069360912
8.144753372296691
8.065134598175064
8.02937203948386
7.641322129173204
8.239125905558467
8.029162934049964
8.121967131271958
8.053369474597275
7.926734696840867
8.113150557503104
8.074729210231453
7.986052681226283
7.94656598684378
8.335283756488934
7.989124059211463
8.044451255584136
8.041929490398616
7.850352695211768
8.004894129233435
8.211696231039241
8.682181135751307
8.010051344288513
7.9192872603889555
7.907354060094804
8.448131457902491
8.260007487377152
7.720395056298003
8.18411680846475
7.901238101068884
8.088455864228308
8.047055346425623
8.500650916947052
8.961117754457518
8.949632595293224
8.293523999629542
7.90023086941801
8.289709614822641
8.10809532715939
7.772986666997895
8.37834028643556
8.107632244937122
8.77302439045161
7.962373932823539
8.19134095008485
8.293612876906991
8.031868431484327
8.256828848272562
